0.005 2.5935088477510795e-14
0.02535714285714286 1.2431233027816221e-06
0.045714285714285714 0.001042623671020366
0.06607142857142857 0.02900706105614548
0.08642857142857144 0.1861497726781004
0.10678571428571429 0.5972081243956434
0.12714285714285714 1.3297640745419903
0.14750000000000002 2.3751197965346207
0.16785714285714287 3.6512282970400003
0.18821428571428572 5.028370271162775
0.20857142857142857 6.370744336691608
0.22892857142857145 7.570699225676967
0.2492857142857143 8.563229379806657
0.2696428571428572 9.323620463742117
0.29000000000000004 9.856741449012997
0.3103571428571429 10.184948107811222
0.33071428571428574 10.338872755448763
0.3510714285714286 10.35073592211777
0.37142857142857144 10.250906302398256
0.3917857142857143 10.06596644040335
0.41214285714285714 9.818313713457686
0.43250000000000005 9.526227325892634
0.4528571428571429 9.204243831269222
0.47321428571428575 8.863778861515536
0.4935714285714286 8.524277933104804
0.5139285714285715 8.182791323205752
0.5342857142857144 7.842668902439065
0.5546428571428572 7.507552301270605
0.5750000000000001 7.179887462011642
0.5953571428571429 6.861669897845576
0.6157142857142858 6.554036223993808
0.6360714285714286 6.257894410038597
0.6564285714285715 5.973544461091906
0.6767857142857143 5.701246872007384
0.6971428571428572 5.440955784402423
0.7175 5.192456267348505
0.7378571428571429 4.955767184405895
0.7582142857142857 4.7301031024462095
0.7785714285714286 4.515412587281752
0.7989285714285714 4.311149896473291
0.8192857142857143 4.1169219438696825
0.8396428571428572 3.9322257283620443
0.8600000000000001 3.756656978406166
0.880357142857143 3.5898229332325235
0.9007142857142858 3.435540477998636
0.9210714285714287 3.290751245850187
0.9414285714285715 3.1527131643092723
0.9617857142857144 3.021089725830689
0.9821428571428572 2.8955721477120075
1.0025 2.7758640767116862
1.022857142857143 2.661681574702874
1.0432142857142856 2.5527529162550278
1.0635714285714286 2.4488184674308298
1.0839285714285714 2.349629097492748
1.1042857142857143 2.254951496908819
1.124642857142857 2.164558062161597
1.145 2.078237042900531
1.1653571428571428 1.9957862287917454
1.1857142857142857 1.9170133946231682
1.2060714285714285 1.8417370178872943
1.2264285714285714 1.7697844725629084
1.2467857142857142 1.7016635415113859
1.2671428571428571 1.6380598459508697
1.2874999999999999 1.5770813897074971
1.3078571428571428 1.5186103057522913
1.3282142857142858 1.4625341363704647
1.3485714285714285 1.4087456977595239
1.3689285714285715 1.3571429275569182
1.3892857142857142 1.3076286338568446
1.4096428571428572 1.2601102065082692
1.43 1.2144994428840135
1.450357142857143 1.1707123649690412
1.4707142857142856 1.1286689695133896
1.4910714285714286 1.0882930509028954
1.5114285714285713 1.049512060825073
1.5317857142857143 1.012256834640156
1.552142857142857 0.9764616311775383
1.5725 0.9420632288802345
1.5928571428571427 0.9090024391427048
1.6132142857142857 0.8772219108512367
1.6335714285714285 0.8466672290892165
1.6539285714285714 0.8172867548014925
1.6742857142857144 0.7890308844313133
1.6946428571428571 0.7618525125985136
1.715 0.7357067890212495
1.7353571428571428 0.7109189745157302
1.7557142857142858 0.6872115617012469
1.7760714285714285 0.6643653839459213
1.7964285714285715 0.6423468857316513
1.8167857142857142 0.6211238676621258
1.8371428571428572 0.6006655080114951
1.8575 0.5809422205559149
1.877857142857143 0.5619256480053096
1.8982142857142856 0.5435886241370469
1.9185714285714286 0.525905059230785
1.9389285714285713 0.5088499710479594
1.9592857142857143 0.4923993709994623
1.9796428571428573 0.4765289168694972
2.0 0.46122186020840134
