0.005 1.73987074013374e-17
0.02535714285714286 8.339363074866988e-10
0.045714285714285714 6.989133019945434e-07
0.06607142857142857 1.934852887275057e-05
0.08642857142857144 0.000125129545851692
0.10678571428571429 0.00043208267861501496
0.12714285714285714 0.0011992832705416535
0.14750000000000002 0.00264851200777751
0.16785714285714287 0.00542933785010263
0.18821428571428572 0.009218647671009429
0.20857142857142857 0.013544853231628575
0.22892857142857145 0.017832943977101147
0.2492857142857143 0.021475664618860146
0.2696428571428572 0.024149307113953414
0.29000000000000004 0.02576584200626674
0.3103571428571429 0.02640629248355152
0.33071428571428574 0.026248804526276735
0.3510714285714286 0.02549840547404693
0.37142857142857144 0.024347363846270093
0.3917857142857143 0.02300166197545264
0.41214285714285714 0.021569349167789156
0.43250000000000005 0.02009718541447399
0.4528571428571429 0.018645771092959187
0.47321428571428575 0.01725329631210909
0.4935714285714286 0.01594196743061381
0.5139285714285715 0.014723271432841863
0.5342857142857144 0.01359958969150624
0.5546428571428572 0.012587325024170867
0.5750000000000001 0.011687909021770035
0.5953571428571429 0.010864338370029071
0.6157142857142858 0.010111722677868381
0.6360714285714286 0.00942368667688131
0.6564285714285715 0.008794395608264713
0.6767857142857143 0.008217952638746157
0.6971428571428572 0.007690416831393727
0.7175 0.007205496367669673
0.7378571428571429 0.006761476044840757
0.7582142857142857 0.006367258035880152
0.7785714285714286 0.0060021242629938664
0.7989285714285714 0.0056632014681759135
0.8192857142857143 0.005348340505002025
0.8396428571428572 0.005055844939888384
0.8600000000000001 0.004782786473174807
0.880357142857143 0.00452855641036423
0.9007142857142858 0.004290603419564394
0.9210714285714287 0.004068515664961078
0.9414285714285715 0.003860163858389434
0.9617857142857144 0.0036651540963865597
0.9821428571428572 0.003482101511385857
1.0025 0.003310184633141336
1.022857142857143 0.0031485831122608833
1.0432142857142856 0.0029982348661321376
1.0635714285714286 0.0028587985128259046
1.0839285714285714 0.002727006108105852
1.1042857142857143 0.0026025231000641044
1.124642857142857 0.0024848074121642293
1.145 0.002373456553429817
1.1653571428571428 0.0022680569462062905
1.1857142857142857 0.00216823393833316
1.2060714285714285 0.0020736560869294147
1.2264285714285714 0.0019839892021888783
1.2467857142857142 0.0018989521531023066
1.2671428571428571 0.0018182485113293965
1.2874999999999999 0.0017416602641739695
1.3078571428571428 0.00166889957669341
1.3282142857142858 0.0015997763825465515
1.3485714285714285 0.001534067201901113
1.3689285714285715 0.0014715807344414472
1.3892857142857142 0.0014121059703665283
1.4096428571428572 0.0013555785221580805
1.43 0.0013016899870445643
1.450357142857143 0.0012503793563655979
1.4707142857142856 0.001201479115447682
1.4910714285714286 0.001154932367413436
1.5114285714285713 0.001110442264641534
1.5317857142857143 0.0010680661627088
1.552142857142857 0.0010276344081957833
1.5725 0.000988938708637586
1.5928571428571427 0.0009521501358000685
1.6132142857142857 0.0009168720618029209
1.6335714285714285 0.0008832351675498737
1.6539285714285714 0.0008511665518459373
1.6742857142857144 0.0008208455058449682
1.6946428571428571 0.0007917796415615854
1.715 0.0007639514825719775
1.7353571428571428 0.0007372445331574844
1.7557142857142858 0.0007118202968784146
1.7760714285714285 0.000687213110881265
1.7964285714285715 0.0006638463150219231
1.8167857142857142 0.0006412642484441534
1.8371428571428572 0.0006197223272285151
1.8575 0.0005989254908573034
1.877857142857143 0.0005790354694364393
1.8982142857142856 0.0005599342417359341
1.9185714285714286 0.0005415842689823548
1.9389285714285713 0.000523878795470455
1.9592857142857143 0.0005070332386024263
1.9796428571428573 0.0004906721738826459
2.0 0.0004750405188802384
