0.005 4.6074404941857295e-17
0.02535714285714286 2.213519794911537e-09
0.045714285714285714 1.9859348724959384e-06
0.06607142857142857 7.900276301141035e-05
0.08642857142857144 0.0010691106832352044
0.10678571428571429 0.017615380658199207
0.12714285714285714 0.11166458403861669
0.14750000000000002 0.3676081205237729
0.16785714285714287 0.7896697185415911
0.18821428571428572 1.2855653399308145
0.20857142857142857 1.7525522783287006
0.22892857142857145 2.131984783358401
0.2492857142857143 2.4075441272556057
0.2696428571428572 2.586615575689484
0.29000000000000004 2.6855581206241093
0.3103571428571429 2.7219952206219937
0.33071428571428574 2.711591323123476
0.3510714285714286 2.6671511857993786
0.37142857142857144 2.5986389477950165
0.3917857142857143 2.5137375998160856
0.41214285714285714 2.418149469445325
0.43250000000000005 2.316149260684003
0.4528571428571429 2.2108844046654808
0.47321428571428575 2.1046552957598004
0.4935714285714286 1.9991497898329083
0.5139285714285715 1.895573566671199
0.5342857142857144 1.7947753348927953
0.5546428571428572 1.697335944865452
0.5750000000000001 1.603658640541269
0.5953571428571429 1.5139477358505669
0.6157142857142858 1.4283512881010358
0.6360714285714286 1.346903087525118
0.6564285714285715 1.2695827431466193
0.6767857142857143 1.1963210880879522
0.6971428571428572 1.1270107379291021
0.7175 1.0615306140057945
0.7378571428571429 0.9997336210774168
0.7582142857142857 0.9414926454540309
0.7785714285714286 0.8866093523100353
0.7989285714285714 0.8349555354103642
0.8192857142857143 0.7863507621700394
0.8396428571428572 0.7406525055583668
0.8600000000000001 0.6976985394766112
0.880357142857143 0.6573270296919289
0.9007142857142858 0.6194044436113979
0.9210714285714287 0.5837856248325494
0.9414285714285715 0.5503375912865041
0.9617857142857144 0.5189282144261466
0.9821428571428572 0.48943794825819636
1.0025 0.4617492869852235
1.022857142857143 0.4357522375304555
1.0432142857142856 0.4113425918026739
1.0635714285714286 0.38842208088885893
1.0839285714285714 0.36689802083522516
1.1042857142857143 0.34668257658018753
1.124642857142857 0.32769434652998874
1.145 0.30985560672230095
1.1653571428571428 0.2930939764778294
1.1857142857142857 0.27734142444492865
1.2060714285714285 0.2625341170294356
1.2264285714285714 0.2486122291926565
1.2467857142857142 0.23551981088559942
1.2671428571428571 0.22320422994447608
1.2874999999999999 0.2116163992132366
1.3078571428571428 0.20071029069242338
1.3282142857142858 0.19044368971644537
1.3485714285714285 0.1807746077100241
1.3689285714285715 0.17166722751552252
1.3892857142857142 0.16308524151755044
1.4096428571428572 0.15499650381461932
1.43 0.14736894002235174
1.450357142857143 0.14017530478683238
1.4707142857142856 0.13338821558480746
1.4910714285714286 0.1269806814661165
1.5114285714285713 0.12093208448607103
1.5317857142857143 0.11522078981808029
1.552142857142857 0.10982493722714731
1.5725 0.10472269803848827
1.5928571428571427 0.09989720887280944
1.6132142857142857 0.09533711587677443
1.6335714285714285 0.09101909680668106
1.6539285714285714 0.08693304496974116
1.6742857142857144 0.08306375348241199
1.6946428571428571 0.07939871279872146
1.715 0.07592245310274467
1.7353571428571428 0.07263288980723455
1.7557142857142858 0.06951265651160003
1.7760714285714285 0.06654928766285725
1.7964285714285715 0.06373531601430571
1.8167857142857142 0.06107162689291298
1.8371428571428572 0.058533219660784716
1.8575 0.05612605975016539
1.877857142857143 0.05383652103514773
1.8982142857142856 0.05165977110528179
1.9185714285714286 0.049588730719132126
1.9389285714285713 0.04762066710008646
1.9592857142857143 0.04574488225357534
1.9796428571428573 0.04395862973606817
2.0 0.04225562644757182
