0.005 4.2585793069114235
0.006 4.11580141832001
0.007 3.981402549895803
0.008 3.8550635815455445
0.009000000000000001 3.7360502416700565
0.01 3.623743189174143
0.011 3.5175912141198133
0.012 3.4171019043358886
0.013000000000000001 3.3218340090897436
0.014000000000000002 3.23140814450972
0.015 3.1454834573641985
0.016 3.0637121318933036
0.017 2.985800504064287
0.018000000000000002 2.9114822949126475
0.019 2.840515168623456
0.02 2.7726781005571204
0.021 2.7077690849935143
0.022000000000000002 2.6456031325148652
0.023000000000000003 2.5860105152103947
0.024 2.528835224647702
0.025 2.4739336131093532
0.026000000000000002 2.4211730005442096
0.027 2.370430530721655
0.028 2.321593492443319
0.029 2.274557012092192
0.030000000000000002 2.229223735138511
0.031000000000000003 2.1855032011527964
0.032 2.14331124416781
0.033 2.1025694545580187
0.034 2.0632046951954828
0.034999999999999996 2.025148665602255
0.036 1.9883375086347777
0.037 1.9527114549341353
0.038 1.918214378499763
0.039 1.8847930290289214
0.04 1.8523986682548688
0.041 1.8209850869791246
0.041999999999999996 1.7905086850444518
0.043 1.7609284087627914
0.044 1.7322055676812573
0.045 1.7043036669454694
0.046 1.6771882537331204
0.047 1.6508267763982418
0.048 1.6251884551165887
0.048999999999999995 1.6002441629504807
0.049999999999999996 1.5759663163665159
0.051 1.5523287743429246
0.052 1.529306745287584
0.053 1.5068767010733173
0.054 1.4850162975616183
0.055 1.4637043010501785
0.056 1.4429205201378383
0.057 1.4226457425442127
0.057999999999999996 1.4028616764708246
0.059 1.383550896125985
0.06 1.3646967910732317
0.061 1.346283519094297
0.062 1.3282959622839186
0.063 1.3107196861221948
0.064 1.293540901291143
0.065 1.2767464211811632
0.066 1.2603224957802088
0.067 1.244257319602365
0.068 1.2285401678910777
0.069 1.2131599899375498
0.07 1.1981061979268437
0.07100000000000001 1.1833686429509653
0.07200000000000001 1.1689375924985332
0.07300000000000001 1.1548037093161039
0.07400000000000001 1.1409580315437018
0.07500000000000001 1.1273919540369643
0.07600000000000001 1.1140972107933533
0.07700000000000001 1.1010658584069006
0.078 1.0882902604825546
0.079 1.0757630729450725
0.08 1.0634772301841928
0.081 1.0514259319794659
0.082 1.0396026311558562
0.083 1.0280010219214415
0.084 1.0166150288444233
0.085 1.0054387964286908
0.08600000000000001 0.9944666792504343
0.08700000000000001 0.983693232620815
0.08800000000000001 0.9731132037422259
0.08900000000000001 0.9627215233280678
0.09000000000000001 0.952513297658039
0.09100000000000001 0.9424838010421365
0.09200000000000001 0.9326284686703668
0.093 0.9229425967175016
0.094 0.9134212783907592
0.095 0.9040611620054237
0.096 0.8948583190253477
0.097 0.885808892358442
0.098 0.8769091498544025
0.099 0.8681554792859194
0.1 0.8595443835708501
0.101 0.8510724762200538
0.10200000000000001 0.8427364770001159
0.10300000000000001 0.8345332077984902
0.10400000000000001 0.8264595886798148
0.10500000000000001 0.8185126341246278
0.10600000000000001 0.8106894494381255
0.10700000000000001 0.8029872273231623
0.10800000000000001 0.7954032446060557
0.10900000000000001 0.7879348591095864
0.11 0.7805795066633427
0.111 0.7733346982460657
0.112 0.7661980172531285
0.113 0.7591671168815374
0.114 0.7522397176279348
0.115 0.7454136048933292
0.116 0.7386866266895692
0.117 0.7320566914420927
0.11800000000000001 0.725521765884712
0.11900000000000001 0.7190798730420469
0.12000000000000001 0.7127290902947783
0.12100000000000001 0.7064675475242159
0.12200000000000001 0.7002934253327441
0.12300000000000001 0.6942049533355229
0.12400000000000001 0.6882004085214313
0.125 0.682278113679153
0.126 0.6764364358846416
0.127 0.6706737850504302
0.128 0.6649886125285427
0.129 0.6593794097705673
0.13 0.6538447070375525
0.131 0.6483830721601688
0.132 0.6429931093457834
0.133 0.6376734580308865
0.134 0.6324227917770552
0.135 0.6272398172069494
0.136 0.6221232729811845
0.137 0.6170719288129766
0.138 0.6120845845170123
0.139 0.6071600690960525
0.14 0.602297239857946
0.14100000000000001 0.5974949815661084
0.14200000000000002 0.5927522056195722
0.14300000000000002 0.5880678492626671
0.14400000000000002 0.5834408748229323
0.14500000000000002 0.5788702692626829
0.14600000000000002 0.5743551322732776
0.14700000000000002 0.5698944838323386
0.14800000000000002 0.5654873107286438
0.14900000000000002 0.5611326902237546
0.15 0.556829720612503
0.151 0.5525775206270278
0.152 0.548375228861281
0.153 0.5442220032142668
0.154 0.5401170203526227
0.155 0.5360594751903988
0.156 0.532048580386575
0.157 0.5280835658590372
0.158 0.5241636783135899
0.159 0.5202881807898896
0.16 0.516456352220374
0.161 0.5126674870047443
0.162 0.5089208945971467
0.163 0.5052158991068066
0.164 0.5015518389117777
0.165 0.49792806628367337
0.166 0.49434394702573065
0.167 0.4907988601205832
0.168 0.48729219739028373
0.169 0.48382336316577035
0.17 0.48039177396723737
0.171 0.4769968581938646
0.17200000000000001 0.47363805582301255
0.17300000000000001 0.47031481811880876
0.17400000000000002 0.4670266073487675
0.17500000000000002 0.46377289651007975
0.17600000000000002 0.4605531690626074
0.17700000000000002 0.4573669186712528
0.17800000000000002 0.4542136489546635
0.17900000000000002 0.45109287324210645
0.18000000000000002 0.44800411433725956
0.181 0.44494690428856754
0.182 0.4419207841666561
0.183 0.4389253038479911
0.184 0.4359600218044362
0.185 0.43302450489968464
0.186 0.43011832818987716
0.187 0.4272410747320393
0.188 0.4243923353956659
0.189 0.42157170868124616
0.19 0.4187788005428843
0.191 0.41601322421636294
0.192 0.41327460005161365
0.193 0.4105625553500675
0.194 0.4078767242059583
0.195 0.40521674735280566
0.196 0.4025822720131841
0.197 0.3999729517529023
0.198 0.39738845662514377
0.199 0.3948285254891583
0.2 0.39229276901734744
0.201 0.38978084749128383
0.202 0.38729244416959385
0.203 0.3848272478565603
0.20400000000000001 0.38238495278123924
0.20500000000000002 0.3799652584799737
0.20600000000000002 0.3775678696813724
0.20700000000000002 0.3751924961952682
0.20800000000000002 0.37283885280328805
0.20900000000000002 0.37050665915325104
0.21000000000000002 0.36819563965576907
0.21100000000000002 0.3659055233833829
0.21200000000000002 0.3636360439727149
0.21300000000000002 0.3613869395284749
0.214 0.3591579525306356
0.215 0.3569488297426207
0.216 0.35475932212389066
0.217 0.3525891847421891
0.218 0.3504381766899029
0.219 0.3483060610016579
0.22 0.34619260457388895
0.221 0.3440975780865602
0.222 0.342020755926781
0.223 0.3399619161141696
0.224 0.3379208402282046
0.225 0.3358973133368962
0.226 0.33389112392766646
0.227 0.331902063839665
0.228 0.3299299281973231
0.229 0.3279745153464262
0.23 0.3260356267903582
0.231 0.3241130671291353
0.232 0.32220664399897075
0.233 0.3203161680137093
0.234 0.31844145270736723
0.23500000000000001 0.3165823144780035
0.23600000000000002 0.3147385725332234
0.23700000000000002 0.31291004883645085
0.23800000000000002 0.31109656805468366
0.23900000000000002 0.3092979575074776
0.24000000000000002 0.3075140471168688
0.24100000000000002 0.3057446693585917
0.24200000000000002 0.30398965921454885
0.24300000000000002 0.30224885412569147
0.24400000000000002 0.30052209394697793
0.245 0.2988092209022235
0.246 0.29711007954088225
0.247 0.2954245166949777
0.248 0.2937523814380789
0.249 0.29209352504348546
0.25 0.29044780094515166
0.251 0.2888151010053533
0.252 0.28719532263782066
0.253 0.28558825674953997
0.254 0.28399376301456086
0.255 0.28241170514122854
0.256 0.2808419487746868
0.257 0.27928436146334434
0.258 0.27773881262504146
0.259 0.276205173514494
0.26 0.27468331719042005
0.261 0.2731731184848597
0.262 0.2716744539719763
0.263 0.27018720193775225
0.264 0.2687112423508035
0.265 0.26724645683287485
0.266 0.265792728631155
0.267 0.264349942589943
0.268 0.2629179851237466
0.269 0.2614967441905105
0.27 0.26008610926550063
0.271 0.25868597131589494
0.272 0.2572962227754375
0.273 0.2559167575200339
0.274 0.2545474708438091
0.275 0.2531882594351924
0.276 0.25183902135405184
0.277 0.2504996560090656
0.278 0.24917006413521567
0.279 0.24785014777231468
0.28 0.24653981024357005
0.281 0.24523895613458913
0.28200000000000003 0.24394749127270793
0.28300000000000003 0.24266532270751168
0.28400000000000003 0.24139235869016218
0.28500000000000003 0.24012850865476268
0.28600000000000003 0.2388736831991862
0.28700000000000003 0.23762779406630155
0.28800000000000003 0.23639075412589017
0.28900000000000003 0.23516247735667947
0.29000000000000004 0.23394287882870907
0.29100000000000004 0.23273187468628836
0.29200000000000004 0.23152938213091784
0.29300000000000004 0.2303353194044654
0.294 0.22914960577364982
0.295 0.22797216151327399
0.296 0.22680290789081292
0.297 0.2256417671511265
0.298 0.22448866250131277
0.299 0.2233435180958664
0.3 0.2222062590221899
0.301 0.22107681128598322
0.302 0.21995510179788602
0.303 0.2188410595658452
0.304 0.21773466150222642
0.305 0.21663581623111347
0.306 0.21554442931109935
0.307 0.21446043200823556
0.308 0.21338375641380908
0.309 0.21231433543146436
0.31 0.21125210276571726
0.311 0.21019699290953092
0.312 0.2091489411329495
0.313 0.20810788347143885
0.314 0.20707375671493317
0.315 0.20604649839628295
0.316 0.20502604678078803
0.317 0.20401234085536304
0.318 0.20300532031790863
0.319 0.20200492556730062
0.32 0.201011097693062
0.321 0.20002377846517444
0.322 0.19904291032485935
0.323 0.19806843637440638
0.324 0.19710030036816695
0.325 0.1961384467026635
0.326 0.19518282040822799
0.327 0.19423336713945322
0.328 0.19329003316630397
0.329 0.19235276536615478
0.33 0.19142151121432446
0.331 0.19049621877634085
0.332 0.1895768366995963
0.333 0.18866331420478358
0.334 0.18775560107856157
0.335 0.18685364766542187
0.336 0.18595740485966872
0.337 0.18506682409853684
0.338 0.1841818573541505
0.339 0.18330245712632748
0.34 0.18242857643549057
0.341 0.18156016881532772
0.342 0.180697188306439
0.343 0.17983958944843492
0.34400000000000003 0.1789873272740404
0.34500000000000003 0.17814035730222524
0.34600000000000003 0.17729863553129085
0.34700000000000003 0.17646211843310683
0.34800000000000003 0.1756307629462438
0.34900000000000003 0.17480452646985062
0.35000000000000003 0.17398336685772312
0.35100000000000003 0.17316724241205486
0.35200000000000004 0.17235611187760352
0.35300000000000004 0.17154993443589692
0.35400000000000004 0.17074866969921054
0.35500000000000004 0.16995227770547922
0.35600000000000004 0.16916072627956377
0.357 0.16837400621641516
0.358 0.16759204928591886
0.359 0.16681481250471103
0.36 0.1660422580267019
0.361 0.16527434839905097
0.362 0.16451104655716572
0.363 0.16375231581996583
0.364 0.1629981198845253
0.365 0.1622484228215675
0.366 0.16150318907056327
0.367 0.1607623834349915
0.368 0.16002597107793895
0.369 0.15929391751704366
0.37 0.15856618862072616
0.371 0.15784275060319064
0.372 0.15712357002015448
0.373 0.15640861376492363
0.374 0.1556978490637322
0.375 0.15499124347187515
0.376 0.15428876486935533
0.377 0.1535903814572051
0.378 0.15289606175319104
0.379 0.15220577458802312
0.38 0.1515194891013567
0.381 0.15083717473842576
0.382 0.1501588012456931
0.383 0.1494843386675798
0.384 0.14881375734265329
0.385 0.14814702790015258
0.386 0.1474841212563968
0.387 0.14682500861119696
0.388 0.14616966144464455
0.389 0.14551805151356123
0.39 0.14487015084826163
0.391 0.1442259317492895
0.392 0.14358536678391412
0.393 0.14294842878343098
0.394 0.1423150908394894
0.395 0.14168532630145364
0.396 0.14105910877305267
0.397 0.1404364121093487
0.398 0.1398172104140698
0.399 0.1392014780362985
0.4 0.13858918956799943
0.401 0.13798031984062986
0.402 0.13737484392297766
0.403 0.1367727371178972
0.404 0.13617397495970454
0.405 0.1355785332116974
0.406 0.13498638786327055
0.40700000000000003 0.13439751512736056
0.40800000000000003 0.1338118914377964
0.40900000000000003 0.13322949344706123
0.41000000000000003 0.13265029802335504
0.41100000000000003 0.13207428224843204
0.41200000000000003 0.13150142341500295
0.41300000000000003 0.13093169902445526
0.41400000000000003 0.13036508678430633
0.41500000000000004 0.12980156460608178
0.41600000000000004 0.12924111060277987
0.41700000000000004 0.12868370308671506
0.41800000000000004 0.12812932056733986
0.41900000000000004 0.1275779417487957
0.42000000000000004 0.1270295455280565
0.42100000000000004 0.12648411099242998
0.422 0.12594161741766546
0.423 0.12540204426575532
0.424 0.12486537118284041
0.425 0.1243315779972679
0.426 0.12380064471747675
0.427 0.12327255153007981
0.428 0.1227472787977352
0.429 0.12222480705757512
0.43 0.12170511701874141
0.431 0.12118818956108067
0.432 0.12067400573277619
0.433 0.12016254674898094
0.434 0.11965379398956866
0.435 0.11914772899754197
0.436 0.1186443334774159
0.437 0.1181435848847409
0.438 0.11764545683131611
0.439 0.11714994278907766
0.44 0.11665702581814297
0.441 0.11616668839033824
0.442 0.11567891312878506
0.443 0.11519368280594858
0.444 0.11471098034242616
0.445 0.1142307888052383
0.446 0.11375309140620464
0.447 0.11327787150048686
0.448 0.11280511258508748
0.449 0.11233479829722998
0.45 0.11186691241311308
0.451 0.11140143884629838
0.452 0.11093836164615634
0.453 0.11047766499670787
0.454 0.11001933321511448
0.455 0.10956335075019806
0.456 0.10910970218115117
0.457 0.10865837221621921
0.458 0.10820934569137233
0.459 0.10776260756887468
0.46 0.10731814293604051
0.461 0.1068759370040271
0.462 0.10643597510644455
0.463 0.10599824269823943
0.464 0.10556272535421897
0.465 0.10512940876822899
0.466 0.10469827875141244
0.467 0.10426932123153765
0.468 0.10384252225139008
0.46900000000000003 0.10341786796792637
0.47000000000000003 0.10299534465104677
0.47100000000000003 0.10257493868224644
0.47200000000000003 0.10215663655372388
0.47300000000000003 0.10174042486724104
0.47400000000000003 0.10132629033294571
0.47500000000000003 0.10091421976834297
0.47600000000000003 0.10050420009722522
0.47700000000000004 0.10009621834854626
0.47800000000000004 0.09969026165544387
0.47900000000000004 0.09928631725427524
0.48000000000000004 0.09888437248340226
0.48100000000000004 0.09848441478235566
0.48200000000000004 0.09808643169078425
0.48300000000000004 0.09769041084746603
0.48400000000000004 0.09729633998916185
0.485 0.09690420695021258
0.486 0.09651399966078429
0.487 0.09612570614656706
0.488 0.09573931452763086
0.489 0.09535481301739568
0.49 0.09497218992195651
0.491 0.09459143363890599
0.492 0.09421253265676292
0.493 0.093835475553849
0.494 0.09346025099756451
0.495 0.09308684774335312
0.496 0.09271525463422411
0.497 0.09234546059937589
0.498 0.0919774546539827
0.499 0.09161122589775253
0.5 0.09124676351473009
0.501 0.09088405677195599
0.502 0.09052309501906379
0.503 0.09016386768731101
0.504 0.08980636428885715
0.505 0.08945057441595608
0.506 0.08909648774038827
0.507 0.08874409401234255
0.508 0.08839338306013257
0.509 0.08804434478904803
0.51 0.08769696918100357
0.511 0.08735124629346144
0.512 0.08700716625910838
0.513 0.08666471928476743
0.514 0.0863238956511286
0.515 0.08598468571163631
0.516 0.08564707989212497
0.517 0.0853110686900559
0.518 0.08497664681167524
0.519 0.08464380788759722
0.52 0.08431253605646169
0.521 0.0839828219996369
0.522 0.08365465657007923
0.523 0.08332803068827661
0.524 0.0830029353419347
0.525 0.08267936158533923
0.526 0.08235730053883009
0.527 0.08203674338790964
0.528 0.08171768138292103
0.529 0.08140010583846251
0.53 0.08108400813261542
0.531 0.08076937970650572
0.532 0.08045621206376453
0.533 0.08014449676987806
0.534 0.0798342254517654
0.535 0.0795253897969598
0.536 0.07921798155346889
0.537 0.07891199252884361
0.538 0.0786074145899357
0.539 0.07830423966219814
0.54 0.07800245972925114
0.541 0.07770206683230785
0.542 0.0774030530697746
0.543 0.07710541059666129
0.544 0.07680913162394314
0.545 0.0765142084184998
0.546 0.07622063330208909
0.547 0.0759283986512981
0.548 0.07563749689679786
0.549 0.07534792052303162
0.55 0.07505966206765075
0.551 0.07477271412102554
0.552 0.07448706932597897
0.553 0.07420272037711713
0.554 0.07391966002042762
0.555 0.0736378810529825
0.556 0.07335737632228406
0.557 0.07307813872599592
0.558 0.07280016121140596
0.559 0.07252343677517108
0.56 0.07224795846254575
0.561 0.07197371936742968
0.562 0.0717007126315689
0.5630000000000001 0.07142893144431134
0.5640000000000001 0.07115836904227396
0.5650000000000001 0.07088901870874909
0.5660000000000001 0.07062087377343405
0.5670000000000001 0.07035392761212873
0.5680000000000001 0.07008817364602428
0.5690000000000001 0.06982360534177562
0.5700000000000001 0.06956021621068961
0.5710000000000001 0.06929799980857711
0.5720000000000001 0.06903694973545893
0.5730000000000001 0.06877705963488275
0.5740000000000001 0.06851832319389994
0.5750000000000001 0.06826073414249431
0.5760000000000001 0.0680042862533033
0.5770000000000001 0.06774897334119526
0.5780000000000001 0.06749478926307435
0.5790000000000001 0.0672417279172942
0.5800000000000001 0.06698978324353047
0.5810000000000001 0.06673894922235872
0.582 0.06648921987486794
0.583 0.06624058926235912
0.584 0.06599305148611233
0.585 0.06574660068693226
0.586 0.06550123104482214
0.587 0.06525693677872016
0.588 0.065013712146212
0.589 0.06477155144316862
0.59 0.06453044900338252
0.591 0.06429039919835461
0.592 0.06405139643689121
0.593 0.06381343516498483
0.594 0.06357650986527148
0.595 0.06334061505682306
0.596 0.06310574529501775
0.597 0.06287189517099845
0.598 0.06263905930770845
0.599 0.062407220386820075
0.6 0.062176373314238295
0.601 0.061946523658100605
0.602 0.06171766617077947
0.603 0.061489795638666994
0.604 0.06126290688228999
0.605 0.06103699475554443
0.606 0.06081205414586946
0.607 0.06058807997368075
0.608 0.060365067192274184
0.609 0.06014301078766125
0.61 0.05992190577783576
0.611 0.05970174721317332
0.612 0.05948253017573051
0.613 0.059264249779104126
0.614 0.05904690116827881
0.615 0.05883047951927408
0.616 0.05861498003888821
0.617 0.05840039796459323
0.618 0.058186728564174915
0.619 0.05797396713551106
0.62 0.05776210900640459
0.621 0.057551149534245234
0.622 0.05734108410591359
0.623 0.057131908137447195
0.624 0.05692361707382895
0.625 0.056716206388790456
0.626 0.056509671584671246
0.627 0.056304008191973065
0.628 0.05609921176943555
0.629 0.055895277903504195
0.63 0.055692202208497674
0.631 0.05548998032590002
0.632 0.055288607924739844
0.633 0.055088080700884764
0.634 0.054888394377022996
0.635 0.054689544702546264
0.636 0.05449152745329909
0.637 0.05429433843122252
0.638 0.054097973464376045
0.639 0.0539024284065736
0.64 0.053707699137369155
0.641 0.05351378156167219
0.642 0.053320671609631894
0.643 0.05312836523651436
0.644 0.05293685842240961
0.645 0.05274614717215155
0.646 0.05255622751502789
0.647 0.05236709550463886
0.648 0.052178747218764976
0.649 0.0519911787590874
0.65 0.0518043862511372
0.651 0.051618365844040365
0.652 0.051433113710246135
0.653 0.05124862604566603
0.654 0.051064899069051733
0.655 0.050881929022298766
0.656 0.05069971216989337
0.657 0.050518244798955676
0.658 0.05033752321906226
0.659 0.05015754376193084
0.66 0.0499783027814849
0.661 0.04979979665350273
0.662 0.049622021775571803
0.663 0.04944497456685263
0.664 0.04926865146792442
0.665 0.049093048940802
0.666 0.04891816346843454
0.667 0.048743991554934564
0.668 0.04857052972515887
0.669 0.04839777452469784
0.67 0.04822572251962458
0.671 0.04805437029645339
0.672 0.04788371446186788
0.673 0.04771375164276413
0.674 0.047544478485858944
0.675 0.047375891657769634
0.676 0.04720798784476969
0.677 0.04704076375258151
0.678 0.04687421610641509
0.679 0.046708341682774907
0.68 0.0465431386017827
0.681 0.046378603060672895
0.682 0.04621473114584862
0.683 0.04605151967874149
0.684 0.04588896549925321
0.685 0.0457270654658995
0.686 0.045565816455334196
0.687 0.04540521536261271
0.6880000000000001 0.045245259100626156
0.6890000000000001 0.04508594460028077
0.6900000000000001 0.044927268810442685
0.6910000000000001 0.04476922869735373
0.6920000000000001 0.04461182124514647
0.6930000000000001 0.04445504345512557
0.6940000000000001 0.044298892346066945
0.6950000000000001 0.044143364953845396
0.6960000000000001 0.043988458331510695
0.6970000000000001 0.04383416954897829
0.6980000000000001 0.04368049569301232
0.6990000000000001 0.04352743386713949
0.7000000000000001 0.04337498119145083
0.7010000000000001 0.043223134802637536
0.7020000000000001 0.04307189185351598
0.7030000000000001 0.04292124951344018
0.7040000000000001 0.042771204967777254
0.7050000000000001 0.04262175541793712
0.7060000000000001 0.042472898081286826
0.7070000000000001 0.04232463019102211
0.7080000000000001 0.042176948996029556
0.709 0.04202985176080113
0.71 0.041883335765290755
0.711 0.041737398304978045
0.712 0.04159203669046593
0.713 0.04144724824762243
0.714 0.04130303031740601
0.715 0.041159380255716055
0.716 0.04101629543334466
0.717 0.04087377323584007
0.718 0.04073181106348746
0.719 0.040590406331066704
0.72 0.040449556467904754
0.721 0.04030925891761816
0.722 0.04016951113823558
0.723 0.0400303106018697
0.724 0.039891654794745775
0.725 0.03975354121712576
0.726 0.03961596738315748
0.727 0.03947893082075669
0.728 0.039342429071606094
0.729 0.03920645969103705
0.73 0.039071020247833106
0.731 0.03893610832431122
0.732 0.03880172151610699
0.733 0.038667857432121144
0.734 0.03853451369442241
0.735 0.03840168793821986
0.736 0.03826937781167311
0.737 0.03813758097594849
0.738 0.0380062951049187
0.739 0.03787551788532766
0.74 0.037745247016521453
0.741 0.03761548021046989
0.742 0.037486215191572886
0.743 0.037357449696735046
0.744 0.037229181475175135
0.745 0.037101408288350395
0.746 0.036974127909874345
0.747 0.03684733812551164
0.748 0.03672103673302238
0.749 0.03659522154212276
0.75 0.03646989037436633
0.751 0.03634504106308831
0.752 0.036220671453359166
0.753 0.03609677940192357
0.754 0.03597336277694974
0.755 0.03585041945823485
0.756 0.0357279473369601
0.757 0.0356059443155522
0.758 0.03548440830780454
0.759 0.03536333723864432
0.76 0.03524272870462178
0.761 0.03512257639567141
0.762 0.035002881214986216
0.763 0.03488364252001601
0.764 0.0347648582865547
0.765 0.03464652650116629
0.766 0.03452864516101925
0.767 0.03441121227403985
0.768 0.03429422585859386
0.769 0.03417768394359018
0.77 0.034061584568348714
0.771 0.03394592578261095
0.772 0.03383070564625301
0.773 0.03371592222955454
0.774 0.03360157361284434
0.775 0.0334876578866087
0.776 0.03337417315134047
0.777 0.03326111751750345
0.778 0.03314848910550526
0.779 0.033036286045532125
0.78 0.03292450647764692
0.781 0.032813148551579734
0.782 0.03270221042671527
0.783 0.032591690272095
0.784 0.032481586266284564
0.785 0.0323718965972797
0.786 0.032262619462581237
0.787 0.03215375306904252
0.788 0.03204529563275409
0.789 0.03193724537919159
0.79 0.03182960054288996
0.791 0.03172235936759673
0.792 0.03161552010614554
0.793 0.03150908102031831
0.794 0.031403040381030686
0.795 0.03129739646788973
0.796 0.031192147569583703
0.797 0.03108729198344157
0.798 0.03098282801565392
0.799 0.030878753980987765
0.8 0.03077506820305627
0.801 0.030671769013856154
0.802 0.03056885475400308
0.803 0.03046632377265516
0.804 0.030364174427350274
0.805 0.030262405084006135
0.806 0.030161014116916872
0.807 0.030059999908638318
0.808 0.029959360849905574
0.809 0.029859095339749335
0.81 0.029759201785278223
0.811 0.029659678601631035
0.812 0.029560524212109873
0.8130000000000001 0.029461737047870043
0.8140000000000001 0.02936331554807963
0.8150000000000001 0.029265258159847356
0.8160000000000001 0.029167563338006387
0.8170000000000001 0.02907022954528565
0.8180000000000001 0.028973255252132367
0.8190000000000001 0.02887663893665982
0.8200000000000001 0.028780379084732337
0.8210000000000001 0.028684474189757624
0.8220000000000001 0.028588922752734513
0.8230000000000001 0.028493723282138162
0.8240000000000001 0.028398874294020934
0.8250000000000001 0.028304374311768125
0.8260000000000001 0.02821022186625585
0.8270000000000001 0.02811641549558211
0.8280000000000001 0.028022953745248224
0.8290000000000001 0.02792983516800988
0.8300000000000001 0.027837058323725534
0.8310000000000001 0.027744621779562172
0.8320000000000001 0.027652524109806332
0.8330000000000001 0.02756076389574433
0.8340000000000001 0.027469339725776896
0.8350000000000001 0.027378250195285874
0.8360000000000001 0.02728749390664701
0.8370000000000001 0.027197069469088064
0.838 0.02710697549888231
0.839 0.02701721061890707
0.84 0.026927773459071512
0.841 0.026838662242122335
0.842 0.02674987332747112
0.843 0.02666140745372051
0.844 0.02657326373754975
0.845 0.026485440839943176
0.846 0.026397937428325184
0.847 0.026310752176703825
0.848 0.02622388376552772
0.849 0.026137330881838772
0.85 0.026051092218883992
0.851 0.025965166476432697
0.852 0.025879552360572634
0.853 0.02579424858362439
0.854 0.02570925386427503
0.855 0.025624566927336907
0.856 0.02554018650392327
0.857 0.025456111331208127
0.858 0.02537234015257866
0.859 0.025288871717471673
0.86 0.025205704781315386
0.861 0.025122838105692043
0.862 0.025040270458039467
0.863 0.02495800061185729
0.864 0.02487602734645667
0.865 0.024794349447114467
0.866 0.02471296570492346
0.867 0.02463187491682
0.868 0.024551075885442374
0.869 0.024470567419304232
0.87 0.02439034833255735
0.871 0.024310417445047812
0.872 0.024230773582292524
0.873 0.024151415575435094
0.874 0.024072342261215886
0.875 0.023993552481866954
0.876 0.0239150450852559
0.877 0.023836818924688176
0.878 0.023758872858942584
0.879 0.023681205752162888
0.88 0.023603816474084383
0.881 0.0235267038996396
0.882 0.023449866909170388
0.883 0.023373304388346876
0.884 0.0232970152281201
0.885 0.02322099832466913
0.886 0.023145252579407322
0.887 0.023069776898998577
0.888 0.022994570195251227
0.889 0.02291963138498692
0.89 0.022844959390411045
0.891 0.02277055313854796
0.892 0.022696411561593043
0.893 0.02262253359682593
0.894 0.02254891818635825
0.895 0.02247556427748427
0.896 0.02240247082224927
0.897 0.02232963677773272
0.898 0.02225706110595718
0.899 0.02218474277356823
0.9 0.02211268075230544
0.901 0.02204087401861917
0.902 0.021969321553748446
0.903 0.02189802234365604
0.904 0.021826975379085182
0.905 0.021756179655491464
0.906 0.021685634172927317
0.907 0.021615337936250895
0.908 0.021545289954796994
0.909 0.021475489242575068
0.91 0.02140593481820366
0.911 0.021336625704800088
0.912 0.02126756093001235
0.913 0.021198739526057685
0.914 0.021130160529548123
0.915 0.021061822981637897
0.916 0.020993725927838595
0.917 0.020925868418112784
0.918 0.02085824950681372
0.919 0.020790868252615422
0.92 0.020723723718591054
0.921 0.020656814972059276
0.922 0.020590141059419535
0.923 0.02052370098922834
0.924 0.020457493921201997
0.925 0.020391518947560326
0.926 0.020325775156715773
0.927 0.020260261641426934
0.928 0.020194977498512828
0.929 0.020129921828925063
0.93 0.02006509373771408
0.931 0.0200004923341029
0.932 0.019936116731235635
0.933 0.019871966046496364
0.934 0.019808039401109374
0.935 0.019744335920398846
0.936 0.019680854733637183
0.937 0.019617594974110756
0.9380000000000001 0.01955455577899094
0.9390000000000001 0.019491736289352316
0.9400000000000001 0.019429135650240875
0.9410000000000001 0.019366753010483254
0.9420000000000001 0.019304587522871113
0.9430000000000001 0.019242638343946218
0.9440000000000001 0.019180904634093755
0.9450000000000001 0.019119385557524512
0.9460000000000001 0.01905808028220891
0.9470000000000001 0.01899698797979093
0.9480000000000001 0.018936107825818598
0.9490000000000001 0.018875438999423684
0.9500000000000001 0.01881498068349174
0.9510000000000001 0.018754732064526384
0.9520000000000001 0.01869469233278801
0.9530000000000001 0.01863486068212378
0.9540000000000001 0.018575236309969885
0.9550000000000001 0.018515818417447316
0.9560000000000001 0.018456606209151433
0.9570000000000001 0.018397598893310524
0.9580000000000001 0.018338795681773528
0.9590000000000001 0.018280195789733673
0.9600000000000001 0.018221798436040187
0.9610000000000001 0.018163602842998977
0.9620000000000001 0.018105608236350018
0.9630000000000001 0.018047813845341838
0.9640000000000001 0.01799021890260646
0.965 0.017932822644271994
0.966 0.017875624309771063
0.967 0.017818623142008216
0.968 0.01776181838718927
0.969 0.01770520929491594
0.97 0.017648795118104986
0.971 0.01759257511297955
0.972 0.01753654853908106
0.973 0.01748071465922712
0.974 0.017425072739440956
0.975 0.017369622049102328
0.976 0.017314361860775163
0.977 0.017259291450177888
0.978 0.017204410096294667
0.979 0.017149717081302966
0.98 0.01709521169049935
0.981 0.017040893212311635
0.982 0.01698676093842399
0.983 0.016932814163450643
0.984 0.016879052185305634
0.985 0.016825474304811554
0.986 0.01677207982599046
0.987 0.016718868055859714
0.988 0.01666583830446343
0.989 0.016612989884918113
0.99 0.01656032211333232
0.991 0.016507834308760048
0.992 0.01645552579328902
0.993 0.016403395891971644
0.994 0.016351443932800802
0.995 0.016299669246635305
0.996 0.016248071167322874
0.997 0.01619664903165868
0.998 0.01614540217922946
0.999 0.016094329952510783
1.0 0.0160434316969084
1.001 0.015992706760614414
1.002 0.015942154494682864
1.003 0.01589177235343562
1.004 0.01584155747521762
1.005 0.015791512960408677
1.006 0.015741638291656607
1.007 0.015691932829933912
1.008 0.015642395938835887
1.009 0.015593026984761617
1.01 0.015543825336823776
1.011 0.015494790366731681
1.012 0.015445921449024857
1.013 0.01539721796079779
1.014 0.01534867928186092
1.015 0.01530030479462153
1.016 0.01525209388420414
1.017 0.01520404593820935
1.018 0.015156160347032424
1.019 0.015108436503456096
1.02 0.015060873803007593
1.021 0.015013471643708235
1.022 0.014966229426147518
1.023 0.014919146553431998
1.024 0.014872222431247011
1.025 0.01482545646776617
1.026 0.014778848073662318
1.027 0.014732396662111819
1.028 0.014686101648789078
1.029 0.014639962451807488
1.0299999999999998 0.014593978491761242
1.031 0.01454814919168562
1.0319999999999998 0.014502473977012004
1.033 0.014456952275691411
1.0339999999999998 0.014411583517963714
1.035 0.01436636713653413
1.0359999999999998 0.014321302566512609
1.037 0.014276389245343168
1.0379999999999998 0.01423162661283282
1.039 0.014187014111187897
1.0399999999999998 0.01414255118488249
1.041 0.014098237280832034
1.0419999999999998 0.01405407184812529
1.043 0.0140100543382926
1.0439999999999998 0.013966184205091778
1.045 0.013922460904570765
1.0459999999999998 0.013878883895070606
1.047 0.01383545263716264
1.0479999999999998 0.013792166593742633
1.049 0.013749025229895897
1.0499999999999998 0.013706028012890618
1.051 0.013663174412358575
1.0519999999999998 0.01362046390000305
1.053 0.013577895949765186
1.0539999999999998 0.013535470037853369
1.055 0.013493185642524908
1.0559999999999998 0.013451042244354798
1.057 0.01340903932591988
1.0579999999999998 0.013367176372057171
1.059 0.01332545286971157
1.0599999999999998 0.013283868307948763
1.061 0.013242422177970682
1.0619999999999998 0.013201113973024425
1.063 0.013159943188558162
1.0639999999999998 0.013118909322030902
1.065 0.013078011872994469
1.0659999999999998 0.013037250343116749
1.067 0.012996624236039806
1.0679999999999998 0.012956133057514248
1.069 0.012915776315346562
1.0699999999999998 0.012875553519309595
1.071 0.012835464181255737
1.0719999999999998 0.012795507815003547
1.073 0.012755683936414696
1.0739999999999998 0.012715992063318488
1.075 0.012676431715486432
1.0759999999999998 0.012637002414805022
1.077 0.012597703684944032
1.0779999999999998 0.012558535051651476
1.079 0.012519496042562693
1.0799999999999998 0.012480586187305055
1.081 0.0124418050173715
1.0819999999999999 0.012403152066207382
1.083 0.012364626869174168
1.0839999999999999 0.0123262298442974
1.085 0.012287960768423811
1.0859999999999999 0.01224981814870036
1.087 0.012211801526962069
1.0879999999999999 0.012173910449361879
1.089 0.012136144463828128
1.0899999999999999 0.012098503120219236
1.091 0.012060985970160441
1.0919999999999999 0.01202359256715619
1.093 0.011986322466557047
1.0939999999999999 0.011949175225493571
1.095 0.011912150402940164
1.0959999999999999 0.011875247559618253
1.097 0.011838466258116132
1.0979999999999999 0.011801806062750372
1.099 0.01176526653964195
1.0999999999999999 0.011728847256662536
1.101 0.011692547783492076
1.1019999999999999 0.011656367691472134
1.103 0.01162030655378915
1.1039999999999999 0.011584363945287692
1.105 0.01154853944260043
1.1059999999999999 0.011512832624036394
1.107 0.011477243069618741
1.1079999999999999 0.011441770361151342
1.109 0.011406414081988097
1.1099999999999999 0.011371173817332146
1.111 0.011336049153956746
1.1119999999999999 0.011301039680340545
1.113 0.01126614498664265
1.1139999999999999 0.011231364664694432
1.115 0.011196698307935836
1.1159999999999999 0.01116214551143737
1.117 0.011127705871990043
1.1179999999999999 0.011093378987943475
1.119 0.011059164459269764
1.1199999999999999 0.011025061887554435
1.121 0.01099107087608113
1.1219999999999999 0.010957191029552373
1.123 0.010923421954437143
1.1239999999999999 0.010889763258705732
1.125 0.010856214551874192
1.126 0.010822775445143812
1.127 0.010789445551123081
1.128 0.010756224484107353
1.129 0.0107231118599164
1.13 0.010690107295812925
1.131 0.010657210410731154
1.132 0.010624420825067399
1.133 0.010591738160693946
1.134 0.010559162041090519
1.135 0.01052669209119214
1.136 0.010494327937420793
1.137 0.010462069207735123
1.138 0.010429915531542627
1.139 0.010397866539752979
1.14 0.01036592186475405
1.141 0.010334081140367444
1.142 0.010302344001903671
1.143 0.010270710086104229
1.144 0.010239179031214166
1.145 0.01020775047685822
1.146 0.010176424064101389
1.147 0.010145199435479257
1.148 0.01011407623488645
1.149 0.010083054107694178
1.15 0.010052132700660037
1.151 0.010021311661908948
1.152 0.009990590641026724
1.153 0.009959969288930308
1.154 0.009929447257946644
1.155 0.009899024201808644
1.156 0.009868699775567267
1.157 0.009838473635648617
1.158 0.009808345439888993
1.1589999999999998 0.009778314847393096
1.16 0.009748381518743455
1.1609999999999998 0.00971854511568105
1.162 0.009688805301452778
1.1629999999999998 0.009659161740543414
1.164 0.009629614076231965
1.1649999999999998 0.00960015956088128
1.166 0.009570798536542049
1.1669999999999998 0.009541532263403164
1.168 0.009512360409716435
1.1689999999999998 0.009483282645003754
1.17 0.009454298640108466
1.1709999999999998 0.009425408067079281
1.172 0.009396610599329733
1.1729999999999998 0.009367905911421568
1.174 0.00933929367928925
1.1749999999999998 0.009310773580028402
1.176 0.009282345292058871
1.1769999999999998 0.009254008494963398
1.178 0.009225762869620556
1.1789999999999998 0.009197608098161284
1.18 0.00916954386382876
1.1809999999999998 0.009141569851245736
1.182 0.0091136857460989
1.1829999999999998 0.009085891235399051
1.184 0.009058186007286986
1.1849999999999998 0.009030569751165047
1.186 0.00900304215757945
1.1869999999999998 0.00897560291828375
1.188 0.008948251726241438
1.1889999999999998 0.008920988275550597
1.19 0.008893812261511683
1.1909999999999998 0.008866723380618781
1.192 0.008839721330457715
1.1929999999999998 0.008812805809843161
1.194 0.008785976518715852
1.1949999999999998 0.008759233158174765
1.196 0.008732575430446832
1.1969999999999998 0.008706003038916261
1.198 0.008679515688102499
1.1989999999999998 0.008653113083650455
1.2 0.008626794932330572
1.2009999999999998 0.008600560942025656
1.202 0.008574410821728135
1.2029999999999998 0.008548344281606203
1.204 0.008522361032840525
1.2049999999999998 0.008496460787764839
1.206 0.008470643259814342
1.2069999999999999 0.008444908163506347
1.208 0.00841925521443096
1.2089999999999999 0.008393684129269639
1.21 0.008368194625833091
1.2109999999999999 0.008342786422896273
1.212 0.008317459240424638
1.2129999999999999 0.008292212799368266
1.214 0.008267046821767477
1.2149999999999999 0.00824196103072442
1.216 0.00821695515034526
1.2169999999999999 0.00819202890586025
1.218 0.008167182023492321
1.2189999999999999 0.008142414230524316
1.22 0.008117725255229238
1.2209999999999999 0.008093114826983999
1.222 0.008068582676115798
1.2229999999999999 0.008044128534028055
1.224 0.008019752133118362
1.2249999999999999 0.007995453206803086
1.226 0.007971231489476179
1.2269999999999999 0.007947086716598656
1.228 0.007923018624588937
1.2289999999999999 0.007899026950847082
1.23 0.007875111433792199
1.2309999999999999 0.007851271812828544
1.232 0.007827507828361205
1.2329999999999999 0.007803819221706887
1.234 0.007780205735248696
1.2349999999999999 0.007756667112273351
1.236 0.007733203097055375
1.2369999999999999 0.007709813434834004
1.238 0.007686497871807455
1.2389999999999999 0.007663256155155752
1.24 0.007640088032945002
1.2409999999999999 0.0076169932542354095
1.242 0.007593971569048227
1.2429999999999999 0.007571022728291607
1.244 0.007548146483821613
1.2449999999999999 0.0075253427059421675
1.246 0.007502613457725211
1.2469999999999999 0.007479957140625193
1.248 0.0074573725848425644
1.2489999999999999 0.007434859549289481
1.25 0.007412417793789634
1.251 0.007390047079061456
1.252 0.007367747166819357
1.253 0.007345517819566013
1.254 0.00732335880079887
1.255 0.0073012698749040225
1.256 0.007279250807107254
1.257 0.007257301363603809
1.258 0.007235421311432417
1.259 0.007213610418501005
1.26 0.0071918684536810456
1.261 0.007170195186612553
1.262 0.007148590387915743
1.263 0.007127053828989348
1.264 0.0071055852821557105
1.265 0.007084184520591454
1.266 0.007062851318334944
1.267 0.007041585450255502
1.268 0.007020386692112802
1.269 0.00699925482046665
1.27 0.006978189612791372
1.271 0.006957190847339798
1.272 0.006936258303211257
1.273 0.006915391760417038
1.274 0.006894590999691976
1.275 0.006873855802644004
1.276 0.006853185951737575
1.277 0.006832581230194181
1.278 0.006812041422129241
1.279 0.006791566312403685
1.28 0.006771155686721896
1.281 0.006750809331607256
1.282 0.006730527034339007
1.283 0.006710308583051592
1.284 0.006690153766683978
1.285 0.006670062374877286
1.2859999999999998 0.00665003419816939
1.287 0.006630069027835866
1.2879999999999998 0.006610166655944276
1.289 0.006590326875349779
1.2899999999999998 0.006570549479648759
1.291 0.006550834263279186
1.2919999999999998 0.006531181021408938
1.293 0.006511589549951439
1.2939999999999998 0.006492059645641036
1.295 0.006472591105936524
1.2959999999999998 0.006453183729061452
1.297 0.006433837313996911
1.2979999999999998 0.006414551660485519
1.299 0.006395326569018575
1.2999999999999998 0.0063761618407973016
1.301 0.006357057277832859
1.3019999999999998 0.006338012682809511
1.303 0.006319027859203906
1.3039999999999998 0.006300102611167328
1.305 0.006281236743655574
1.3059999999999998 0.006262430062294652
1.307 0.006243682373436772
1.3079999999999998 0.0062249934842069175
1.309 0.006206363202392216
1.3099999999999998 0.006187791336530719
1.311 0.006169277695856732
1.3119999999999998 0.006150822090328959
1.313 0.006132424330593175
1.3139999999999998 0.006114084228016092
1.315 0.0060958015946596025
1.3159999999999998 0.0060775762432988345
1.317 0.006059407987377299
1.3179999999999998 0.006041296641047611
1.319 0.006023242019162166
1.3199999999999998 0.006005243937241966
1.321 0.005987302211492825
1.3219999999999998 0.0059694166588242946
1.323 0.005951587096802318
1.3239999999999998 0.005933813343666194
1.325 0.005916095218369508
1.3259999999999998 0.005898431995508068
1.327 0.005880819281766481
1.3279999999999998 0.005863260334781314
1.329 0.005845756026961292
1.3299999999999998 0.005828306176115647
1.331 0.005810910600721596
1.3319999999999999 0.005793569119879758
1.333 0.0057762815532996555
1.3339999999999999 0.00575904772136876
1.335 0.005741867445117667
1.3359999999999999 0.005724740546128043
1.337 0.005707666846716434
1.3379999999999999 0.005690646169731498
1.339 0.005673678338721282
1.3399999999999999 0.005656763177792368
1.341 0.00563990051173145
1.3419999999999999 0.005623090165855979
1.343 0.005606331966197917
1.3439999999999999 0.005589625739321881
1.345 0.005572971312456443
1.3459999999999999 0.005556368513393936
1.347 0.005539817170557084
1.3479999999999999 0.005523317112957104
1.349 0.005506868170233703
1.3499999999999999 0.005490470172575452
1.351 0.005474122950821825
1.3519999999999999 0.005457826336363338
1.353 0.005441580161198073
1.3539999999999999 0.005425384257902983
1.355 0.005409238459671382
1.3559999999999999 0.005393142600235683
1.357 0.005377096513960383
1.3579999999999999 0.005361100035754761
1.359 0.005345153001109089
1.3599999999999999 0.005329255246095817
1.361 0.005313406607378738
1.3619999999999999 0.005297606922148262
1.363 0.0052818560282215255
1.3639999999999999 0.005266153763929716
1.365 0.005250499968204922
1.3659999999999999 0.005234894480517408
1.367 0.005219337140925444
1.3679999999999999 0.005203827790014922
1.369 0.00518836626895055
1.3699999999999999 0.005172952419458212
1.371 0.005157586083777873
1.3719999999999999 0.005142267104739173
1.373 0.005126995325691693
1.3739999999999999 0.005111770590581648
1.375 0.00509659274382412
1.376 0.005081461630423548
1.377 0.005066377095918906
1.378 0.005051338986400362
1.379 0.005036347148451442
1.38 0.0050214014292320145
1.381 0.005006501676418615
1.382 0.004991647738218311
1.383 0.004976839463349364
1.384 0.004962076701087081
1.385 0.004947359301225149
1.386 0.004932687114052877
1.387 0.004918059990425086
1.388 0.004903477781631241
1.389 0.004888940339593804
1.39 0.004874447516659814
1.391 0.004859999165733819
1.392 0.0048455951402064336
1.393 0.004831235293971252
1.394 0.004816919481492505
1.395 0.004802647557634391
1.396 0.004788419377862556
1.397 0.0047742347980814755
1.398 0.00476009367472723
1.399 0.00474599586470883
1.4 0.0047319412254677885
1.401 0.0047179296148960465
1.402 0.004703960891416122
1.403 0.004690034913897366
1.404 0.004676151541755964
1.405 0.004662310634823804
1.406 0.004648512053505204
1.407 0.004634756181360626
1.408 0.004621044794279305
1.409 0.004607375741802605
1.41 0.004593748599349515
1.411 0.004580163231892261
1.412 0.004566619504997123
1.4129999999999998 0.004553117284590704
1.414 0.004539656437158101
1.4149999999999998 0.004526236829629381
1.416 0.00451285832939577
1.4169999999999998 0.0044995208043532315
1.418 0.004486224122862918
1.4189999999999998 0.0044729681537232675
1.42 0.004459752766233765
1.4209999999999998 0.004446577830138101
1.422 0.004433443215669905
1.4229999999999998 0.004420348793490066
1.424 0.0044072944347469094
1.4249999999999998 0.00439428001103095
1.426 0.004381305394413343
1.4269999999999998 0.004368370457362246
1.428 0.004355475072887086
1.4289999999999998 0.004342619114347429
1.43 0.004329802455657345
1.4309999999999998 0.004317024971086322
1.432 0.004304286535415945
1.4329999999999998 0.0042915870238311605
1.434 0.004278926311975825
1.4349999999999998 0.004266304275936902
1.436 0.00425372079222913
1.4369999999999998 0.004241175737827522
1.438 0.004228668990123741
1.4389999999999998 0.004216200426934502
1.44 0.004203769926532312
1.4409999999999998 0.0041913773676200364
1.442 0.004179022629312518
1.4429999999999998 0.004166705591168553
1.444 0.004154426133144301
1.4449999999999998 0.004142184135667521
1.446 0.004129979479533385
1.4469999999999998 0.004117812046024853
1.448 0.004105681716785625
1.4489999999999998 0.004093588373887581
1.45 0.0040815318998620835
1.4509999999999998 0.004069512177595269
1.452 0.004057529090430075
1.4529999999999998 0.004045582522098694
1.454 0.004033672356751868
1.4549999999999998 0.004021798478960091
1.456 0.004009960773673022
1.4569999999999999 0.003998159126260078
1.458 0.003986393422522577
1.4589999999999999 0.003974663548595373
1.46 0.003962969391102426
1.4609999999999999 0.003951310836975428
1.462 0.003939687773635868
1.4629999999999999 0.003928100088817514
1.464 0.003916547670696919
1.4649999999999999 0.003905030407859119
1.466 0.003893548189212737
1.4669999999999999 0.0038821009041396615
1.468 0.0038706884423415013
1.4689999999999999 0.0038593106939613497
1.47 0.0038479675494763857
1.4709999999999999 0.003836658899794036
1.472 0.003825384636191578
1.4729999999999999 0.003814144650308481
1.474 0.0038029388341774
1.4749999999999999 0.003791767080218056
1.476 0.0037806292812329026
1.4769999999999999 0.003769525330361778
1.478 0.003758455121143978
1.4789999999999999 0.0037474185475276558
1.48 0.0037364155037612487
1.4809999999999999 0.003725445884521635
1.482 0.0037145095848207807
1.4829999999999999 0.0037036065000554523
1.484 0.003692736525980343
1.4849999999999999 0.003681899558717063
1.486 0.0036710954947608626
1.4869999999999999 0.003660324230932298
1.488 0.0036495852735576
1.4889999999999999 0.0036388778473472883
1.49 0.003628202796711874
1.4909999999999999 0.0036175600731828926
1.492 0.0036069495743391764
1.4929999999999999 0.003596371198126893
1.494 0.0035858248428140226
1.4949999999999999 0.0035753104070617987
1.496 0.0035648277898161444
1.4969999999999999 0.0035543768904395577
1.498 0.003543957608570657
1.4989999999999999 0.0035335698442345103
1.5 0.003523213497783667
1.501 0.0035128884699147556
1.502 0.003502594661655618
1.503 0.0034923319743867583
1.504 0.0034821003097986235
1.505 0.0034718995699506757
1.506 0.0034617296572118646
1.507 0.003451590474285657
1.508 0.0034414819242260396
1.509 0.003431403910408413
1.51 0.0034213563365107385
1.511 0.0034113391065949974
1.512 0.0034013521249834718
1.513 0.0033913952963880523
1.514 0.003381468525804259
1.515 0.003371571718555624
1.516 0.0033617047803065946
1.517 0.0033518676170180327
1.518 0.0033420601349907434
1.519 0.003332282240848593
1.52 0.0033225338414992513
1.521 0.003312814844202438
1.522 0.0033031251565234653
1.523 0.0032934646863182404
1.524 0.0032838333418078345
1.525 0.0032742310314681626
1.526 0.0032646576641165237
1.527 0.003255113148885236
1.528 0.0032455973951816576
1.529 0.0032361103127622895
1.53 0.00322665181167038
1.531 0.0032172218022454412
1.532 0.003207820195148732
1.533 0.003198446901337217
1.534 0.003189101832049898
1.535 0.0031797848988808523
1.536 0.003170496013664322
1.537 0.003161235088553406
1.538 0.003152002036025707
1.539 0.0031427967688076007
1.54 0.0031336191999771744
1.541 0.003124469242841281
1.5419999999999998 0.0031153468110648136
1.543 0.0031062518185572215
1.5439999999999998 0.0030971841795499606
1.545 0.0030881438085323303
1.5459999999999998 0.003079130620332961
1.547 0.00307014453000497
1.5479999999999998 0.0030611854529436515
1.549 0.003052253304806799
1.5499999999999998 0.0030433480015396377
1.551 0.0030344694593561934
1.5519999999999998 0.0030256175947809987
1.553 0.0030167923246129094
1.5539999999999998 0.0030079935659146294
1.555 0.002999221236051626
1.5559999999999998 0.002990475252653447
1.557 0.0029817555336221473
1.5579999999999998 0.002973061997167914
1.559 0.0029643945617400893
1.5599999999999998 0.002955753146084429
1.561 0.002947137669215196
1.5619999999999998 0.002938548050416886
1.563 0.0029299842092437725
1.5639999999999998 0.0029214460655462514
1.565 0.002912933539408815
1.5659999999999998 0.0029044465511958075
1.567 0.0028959850215677756
1.5679999999999998 0.0028875488714119606
1.569 0.0028791378624834062
1.5699999999999998 0.00287075181831778
1.571 0.0028623908976640735
1.5719999999999998 0.0028540550250218052
1.573 0.002845744122304642
1.5739999999999998 0.002837458111729583
1.575 0.002829196915723863
1.5759999999999998 0.0028209604570344367
1.577 0.0028127486586136284
1.5779999999999998 0.002804561443711637
1.579 0.0027963987357885627
1.5799999999999998 0.002788260458613135
1.581 0.0027801465361612363
1.5819999999999999 0.0027720568926788707
1.583 0.0027639914526947753
1.5839999999999999 0.002755950140952669
1.585 0.0027479328824290303
1.5859999999999999 0.0027399396024087213
1.587 0.0027319702263918794
1.5879999999999999 0.0027240246801163064
1.589 0.0027161028895883814
1.5899999999999999 0.002708204781059626
1.591 0.0027003302810055018
1.5919999999999999 0.00269247931617651
1.593 0.002684651813539523
1.5939999999999999 0.0026768477003235066
1.595 0.002669066903994736
1.5959999999999999 0.002661309352248123
1.597 0.0026535749730345177
1.5979999999999999 0.0026458636945467105
1.599 0.0026381754452085198
1.5999999999999999 0.0026305101536655785
1.601 0.0026228677488238
1.6019999999999999 0.0026152481598313054
1.603 0.002607651316054491
1.6039999999999999 0.0026000771470862157
1.605 0.002592525582780912
1.6059999999999999 0.00258499655319751
1.607 0.0025774899886435543
1.6079999999999999 0.0025700058196709997
1.609 0.0025625439770305225
1.6099999999999999 0.002555104391703874
1.611 0.0025476869949563772
1.6119999999999999 0.0025402917182037656
1.613 0.002532918493142756
1.6139999999999999 0.0025255672516784084
1.615 0.0025182379259471926
1.6159999999999999 0.0025109304482959865
1.617 0.0025036447513220456
1.6179999999999999 0.0024963807678195426
1.619 0.0024891384308202806
1.6199999999999999 0.002481917673561347
1.621 0.0024747184295426483
1.6219999999999999 0.0024675406324322175
1.623 0.0024603842161564997
1.6239999999999999 0.0024532491148175576
1.625 0.002446135262797013
1.626 0.002439042594645096
1.627 0.0024319710451414234
1.628 0.002424920549282571
1.629 0.0024178910422770618
1.63 0.0024108824595792887
1.631 0.00240389473678917
1.632 0.0023969278097889534
1.633 0.0023899816146355523
1.634 0.0023830560876025855
1.635 0.0023761511651745598
1.636 0.0023692667840586445
1.637 0.0023624028811539514
1.638 0.0023555593935756253
1.639 0.002348736258650798
1.64 0.002341933413893001
1.641 0.0023351507970647755
1.642 0.002328388346083571
1.643 0.0023216459991001683
1.644 0.0023149236944775176
1.645 0.0023082213707559256
1.646 0.0023015389666934515
1.647 0.002294876421247824
1.648 0.002288233673590391
1.649 0.0022816106626496763
1.65 0.0022750070097999273
1.651 0.002268422681153695
1.652 0.0022618578835449897
1.653 0.002255312556709104
1.654 0.0022487866405703338
1.655 0.0022422800752609755
1.656 0.002235792801093393
1.657 0.0022293247585766793
1.658 0.002222875888416315
1.659 0.0022164461315212856
1.66 0.0022100354289774533
1.661 0.0022036437220464638
1.662 0.002197270952229331
1.663 0.0021909170611617125
1.664 0.0021845819907141363
1.665 0.0021782656829070217
1.666 0.0021719680799762377
1.667 0.0021656891243359813
1.668 0.002159428758584126
1.669 0.00215318692551518
1.67 0.002146963568087675
1.6709999999999998 0.002140758629470314
1.672 0.0021345720529957852
1.6729999999999998 0.002128403782201123
1.674 0.0021222537607820447
1.6749999999999998 0.0021161219326290503
1.676 0.0021100082418192556
1.6769999999999998 0.0021039126326039543
1.678 0.002097835049423842
1.6789999999999998 0.0020917754368708413
1.68 0.0020857337397596687
1.6809999999999998 0.0020797099030518905
1.682 0.002073703871898472
1.6829999999999998 0.0020677155916281964
1.684 0.0020617450077371462
1.6849999999999998 0.002055792065921305
1.686 0.0020498567120243324
1.6869999999999998 0.0020439388920687742
1.688 0.0020380385522833127
1.6889999999999998 0.002032155639028247
1.69 0.0020262900988728162
1.6909999999999998 0.002020441878523882
1.692 0.002014610924890528
1.6929999999999998 0.002008797185048338
1.694 0.002003000606227344
1.6949999999999998 0.001997221135840404
1.696 0.0019914587214701256
1.6969999999999998 0.0019857133108815528
1.698 0.001979984851955878
1.6989999999999998 0.0019742732928275937
1.7 0.001968578581718122
1.7009999999999998 0.0019629006670712377
1.702 0.001957239497454975
1.7029999999999998 0.0019515950216382053
1.704 0.0019459671885510433
1.7049999999999998 0.0019403559472527207
1.706 0.0019347612470176556
1.7069999999999999 0.0019291830372413657
1.708 0.0019236212675140213
1.7089999999999999 0.0019180758875682968
1.71 0.001912546847309521
1.7109999999999999 0.001907034096791496
1.712 0.001901537586257925
1.7129999999999999 0.001896057266074652
1.714 0.0018905930867894403
1.7149999999999999 0.0018851449991277483
1.716 0.0018797129539209927
1.7169999999999999 0.0018742969022176718
1.718 0.00186889679518571
1.7189999999999999 0.0018635125841602847
1.72 0.001858144220640618
1.7209999999999999 0.0018527916562739036
1.722 0.0018474548428808468
1.7229999999999999 0.0018421337323921792
1.724 0.0018368282769578466
1.7249999999999999 0.0018315384288232833
1.726 0.0018262641404338774
1.7269999999999999 0.0018210053643395144
1.728 0.0018157620533045325
1.7289999999999999 0.0018105341601848998
1.73 0.0018053216380319729
1.7309999999999999 0.0018001244400110382
1.732 0.0017949425194845564
1.7329999999999999 0.0017897758299191483
1.734 0.001784624324960365
1.7349999999999999 0.0017794879583867503
1.736 0.0017743666841406145
1.7369999999999999 0.0017692604563022101
1.738 0.0017641692290894526
1.7389999999999999 0.001759092956900803
1.74 0.0017540315942396573
1.7409999999999999 0.0017489850957970554
1.742 0.0017439534163732047
1.7429999999999999 0.0017389365109329454
1.744 0.0017339343345933369
1.7449999999999999 0.0017289468425830904
1.746 0.0017239739903179957
1.7469999999999999 0.0017190157333304308
1.748 0.0017140720272849318
1.7489999999999999 0.0017091428280423915
1.75 0.0017042280915238203
1.751 0.0016993277738673158
1.752 0.0016944418313065254
1.753 0.001689570220232439
1.754 0.0016847128971799199
1.755 0.0016798698188056238
1.756 0.0016750409419300058
1.757 0.0016702262234857762
1.758 0.001665425620562008
1.759 0.0016606390903943944
1.76 0.0016558665903152357
1.761 0.0016511080778510868
1.762 0.0016463635106080481
1.763 0.0016416328463732055
1.764 0.001636916043038071
1.765 0.0016322130586563796
1.766 0.001627523851392449
1.767 0.0016228483795522942
1.768 0.0016181866015846835
1.769 0.0016135384760616498
1.77 0.0016089039616914034
1.771 0.0016042830173241636
1.772 0.0015996756019105106
1.773 0.0015950816745750414
1.774 0.0015905011945425295
1.775 0.0015859341211850223
1.776 0.0015813804140053104
1.777 0.0015768400326044347
1.778 0.001572312936763577
1.779 0.001567799086355723
1.78 0.0015632984413962447
1.781 0.0015588109620317868
1.782 0.0015543366085254762
1.783 0.0015498753412627251
1.784 0.0015454271207956788
1.785 0.0015409919077413144
1.786 0.0015365696629010726
1.787 0.0015321603471583466
1.788 0.0015277639215547025
1.789 0.0015233803472266656
1.79 0.0015190095854610303
1.791 0.0015146515976601845
1.792 0.001510306345327987
1.793 0.001505973790126181
1.794 0.001501653925860936
1.795 0.0014973470461976384
1.796 0.0014930528620835124
1.797 0.0014887712360200846
1.7979999999999998 0.001484502130410478
1.799 0.0014802455077515013
1.7999999999999998 0.001476001330695838
1.801 0.0014717695619844
1.8019999999999998 0.0014675501645101707
1.803 0.0014633431012612854
1.8039999999999998 0.0014591483353440069
1.805 0.0014549658300040099
1.8059999999999998 0.001450795548589662
1.807 0.0014466374545609737
1.8079999999999998 0.0014424915115108302
1.809 0.001438357683144805
1.8099999999999998 0.0014342359332806664
1.811 0.0014301262258454711
1.8119999999999998 0.0014260285249041225
1.813 0.001421942794616381
1.8139999999999998 0.0014178689992694277
1.815 0.0014138071032566912
1.8159999999999998 0.0014097570710865455
1.817 0.0014057188673876405
1.8179999999999998 0.0014016924568937984
1.819 0.0013976778044636328
1.8199999999999998 0.001393674875067316
1.821 0.001389683633768922
1.8219999999999998 0.0013857040457493429
1.823 0.0013817360763361685
1.8239999999999998 0.0013777796909200987
1.825 0.0013738348550306953
1.8259999999999998 0.0013699015343016639
1.827 0.001365979694470823
1.8279999999999998 0.0013620693014132564
1.829 0.0013581703210549584
1.8299999999999998 0.0013542827194992398
1.831 0.0013504064629139025
1.8319999999999999 0.001346541517586889
1.833 0.0013426878499224841
1.8339999999999999 0.0013388454264157584
1.835 0.0013350142136865917
1.8359999999999999 0.0013311941784483856
1.837 0.001327385287533555
1.8379999999999999 0.0013235875078684096
1.839 0.0013198008064892134
1.8399999999999999 0.0013160251505464446
1.841 0.0013122605072806018
1.8419999999999999 0.0013085068440534143
1.843 0.001304764128308512
1.8439999999999999 0.0013010323276237792
1.845 0.0012973114096563488
1.8459999999999999 0.0012936013421794334
1.847 0.0012899020930580095
1.8479999999999999 0.0012862136302786605
1.849 0.001282535921912222
1.8499999999999999 0.001278868936129563
1.851 0.0012752126412350984
1.8519999999999999 0.0012715670055858089
1.853 0.0012679319976816412
1.8539999999999999 0.0012643075861052074
1.855 0.0012606937395407902
1.8559999999999999 0.0012570904267696732
1.857 0.0012534976166820025
1.8579999999999999 0.0012499152782572119
1.859 0.0012463433805863016
1.8599999999999999 0.0012427818928380514
1.861 0.0012392307843166253
1.8619999999999999 0.001235690024373626
1.863 0.0012321595825044403
1.8639999999999999 0.0012286394282799622
1.865 0.0012251295313623024
1.8659999999999999 0.0012216298615380095
1.867 0.0012181403886428062
1.8679999999999999 0.0012146610826730961
1.869 0.0012111919136653332
1.8699999999999999 0.0012077328517656307
1.871 0.0012042838672319072
1.8719999999999999 0.0012008449304131445
1.873 0.0011974160117434252
1.8739999999999999 0.0011939970817291068
1.875 0.0011905881110385443
1.876 0.0011871890703593494
1.877 0.0011837999305170104
1.878 0.0011804206624056541
1.879 0.0011770512370499152
1.88 0.001173691625507867
1.881 0.0011703417989888023
1.882 0.0011670017287506614
1.883 0.0011636713861702327
1.884 0.001160350742701329
1.885 0.0011570397698925075
1.886 0.0011537384393819823
1.887 0.0011504467229044829
1.888 0.0011471645922771175
1.889 0.0011438920194112808
1.89 0.0011406289762978035
1.891 0.0011373754350411992
1.892 0.001134131367799521
1.893 0.001130896746855848
1.894 0.0011276715445516158
1.895 0.0011244557333332517
1.896 0.0011212492857349682
1.897 0.0011180521743641072
1.898 0.0011148643719377104
1.899 0.0011116858512369202
1.9 0.0011085165851435817
1.901 0.0011053565466215064
1.902 0.0011022057087178014
1.903 0.0010990640445691213
1.904 0.0010959315274024406
1.905 0.0010928081305218908
1.906 0.0010896938273055367
1.907 0.0010865885912541584
1.908 0.0010834923959098341
1.909 0.0010804052149180864
1.91 0.0010773270220073934
1.911 0.0010742577910029718
1.912 0.0010711974957747204
1.913 0.0010681461103220873
1.914 0.0010651036086917612
1.915 0.001062069965036443
1.916 0.001059045153574133
1.917 0.0010560291486123052
1.918 0.0010530219245386612
1.919 0.0010500234558284676
1.92 0.0010470337170252657
1.921 0.0010440526827603307
1.922 0.0010410803277592041
1.923 0.0010381166267898487
1.924 0.0010351615547441867
1.9249999999999998 0.0010322150865641237
1.926 0.0010292771972888297
1.9269999999999998 0.0010263478620285889
1.928 0.0010234270559556673
1.9289999999999998 0.0010205147543597849
1.93 0.0010176109325782323
1.9309999999999998 0.0010147155660359221
1.932 0.001011828630236907
1.9329999999999998 0.0010089501007582119
1.934 0.0010060799532640502
1.9349999999999998 0.0010032181634785236
1.936 0.0010003647072272235
1.9369999999999998 0.0009975195603901606
1.938 0.0009946826989240061
1.9389999999999998 0.0009918535673906965
1.94 0.0009890310188001646
1.9409999999999998 0.0009862165179141654
1.942 0.0009834101536080376
1.9429999999999998 0.0009806119017781163
1.944 0.0009778217383778235
1.9449999999999998 0.0009750396394482356
1.946 0.0009722655810929857
1.9469999999999998 0.0009694995394946347
1.948 0.000966741490905166
1.9489999999999998 0.0009639914116679694
1.95 0.0009612492781716706
1.9509999999999998 0.0009585150668963262
1.952 0.0009557887544019711
1.9529999999999998 0.0009530703172941949
1.954 0.0009503597322803138
1.9549999999999998 0.0009476569761261203
1.956 0.0009449620256605059
1.9569999999999999 0.000942274857801472
1.958 0.0009395954495335455
1.9589999999999999 0.0009369237779064593
1.96 0.0009342598200485072
1.9609999999999999 0.000931603553151377
1.962 0.0009289549544800362
1.9629999999999999 0.000926314001374692
1.964 0.0009236806712509578
1.9649999999999999 0.000921054941561685
1.966 0.0009184367898784167
1.9669999999999999 0.0009158261938093935
1.968 0.000913223131034113
1.9689999999999999 0.0009106275793162158
1.97 0.0009080395164748878
1.9709999999999999 0.0009054589204014547
1.972 0.0009028857690625343
1.9729999999999999 0.0009003200404870371
1.974 0.0008977617127662188
1.9749999999999999 0.0008952107640686902
1.976 0.0008926671726297817
1.9769999999999999 0.0008901309167483609
1.978 0.0008876019747908536
1.9789999999999999 0.0008850803251958784
1.98 0.0008825659464618988
1.9809999999999999 0.0008800588171514747
1.982 0.0008775589159133703
1.9829999999999999 0.0008750662214303708
1.984 0.0008725807124879326
1.9849999999999999 0.0008701023679051916
1.986 0.0008676311665822844
1.9869999999999999 0.0008651670874873812
1.988 0.0008627101096455752
1.9889999999999999 0.0008602602121474375
1.99 0.0008578173741578036
1.9909999999999999 0.0008553815748951375
1.992 0.0008529527936446891
1.9929999999999999 0.000850531009766364
1.994 0.0008481162026645426
1.9949999999999999 0.0008457083518234117
1.996 0.0008433074367853969
1.9969999999999999 0.0008409134371552246
1.998 0.0008385263326096352
