0.0 0.1472374239481862
0.01 0.23722668904456243
0.02 0.29544931148852593
0.03 0.33485249482851076
0.04 0.36242737482756665
0.05 0.3821664632805141
0.06 0.3964975860172562
0.07 0.406989794537266
0.08 0.414708311192688
0.09 0.4204016732097843
0.1 0.4246075096048451
0.11 0.4277170336656387
0.12 0.4300170576070832
0.13 0.43171874146197703
0.14 0.43297791235342026
0.15 0.4339097129001014
0.16 0.43459928399322634
0.17 0.43510960669236154
0.18 0.4354872798042607
0.19 0.43576678518528184
0.2 0.4359736401184505
0.21 0.4361267285839
0.22 0.43624002587800326
0.23 0.4363238746813546
0.24 0.43638592933335785
0.25 0.4364318546224717
0.26 0.4364658429266881
0.27 0.4364909969302631
0.28 0.43650961286092943
0.29 0.4365233901063376
0.3 0.43653358634611417
0.31 0.43654113236151937
0.32 0.43654671700349496
0.33 0.4365508500756352
0.34 0.4365539088724936
0.35000000000000003 0.4365561726215664
0.36 0.4365578479730536
0.37 0.4365590878642764
0.38 0.43656000548082213
0.39 0.4365606845888838
0.4 0.43656118718200027
0.41000000000000003 0.43656155914024225
0.42 0.43656183441845287
0.43 0.4365620381458736
0.44 0.4365621889201098
0.45 0.43656230050484496
0.46 0.43656238308628226
0.47000000000000003 0.43656244420300916
0.48 0.4365624894341704
0.49 0.4365625229087698
0.5 0.4365625476825932
0.51 0.43656256601716154
0.52 0.436562579586177
0.53 0.43656258962831046
0.54 0.4365625970602752
0.55 0.43656260256051077
0.56 0.4365626066311155
0.5700000000000001 0.43656260964368165
0.58 0.43656261187321643
0.59 0.43656261352324655
0.6 0.436562614744398
0.61 0.4365626156481457
0.62 0.4365626163169898
0.63 0.43656261681198666
0.64 0.43656261717832306
0.65 0.43656261744944075
0.66 0.436562617650089
0.67 0.4365626177985844
0.68 0.4365626179084826
0.6900000000000001 0.4365626179898159
0.7000000000000001 0.4365626180500089
0.71 0.43656261809455643
0.72 0.4365626181275251
0.73 0.43656261815192454
0.74 0.436562618169982
0.75 0.4365626181833459
0.76 0.4365626181932363
0.77 0.4365626182005559
0.78 0.43656261820597303
0.79 0.4365626182099821
0.8 0.4365626182129491
0.81 0.43656261821514497
0.8200000000000001 0.43656261821677006
0.8300000000000001 0.4365626182179727
0.84 0.43656261821886283
0.85 0.4365626182195216
0.86 0.4365626182200091
0.87 0.4365626182203699
0.88 0.4365626182206369
0.89 0.43656261822083453
0.9 0.43656261822098075
0.91 0.43656261822108894
0.92 0.43656261822116904
0.93 0.4365626182212283
0.9400000000000001 0.4365626182212721
0.9500000000000001 0.4365626182213046
0.96 0.43656261822132864
0.97 0.4365626182213464
0.98 0.43656261822135956
0.99 0.43656261822136927
1.0 0.43656261822137643
1.01 0.43656261822138176
1.02 0.43656261822138576
1.03 0.43656261822138864
1.04 0.4365626182213908
1.05 0.4365626182213924
1.06 0.43656261822139364
1.07 0.43656261822139447
1.08 0.43656261822139514
1.09 0.43656261822139564
1.1 0.43656261822139597
1.11 0.43656261822139625
1.12 0.43656261822139647
1.1300000000000001 0.43656261822139664
1.1400000000000001 0.43656261822139675
1.1500000000000001 0.43656261822139686
1.16 0.4365626182213969
1.17 0.43656261822139697
1.18 0.43656261822139697
1.19 0.43656261822139697
1.2 0.43656261822139697
1.21 0.43656261822139697
1.22 0.43656261822139697
1.23 0.43656261822139697
1.24 0.43656261822139697
1.25 0.43656261822139697
1.26 0.43656261822139697
1.27 0.43656261822139697
1.28 0.43656261822139697
1.29 0.43656261822139697
1.3 0.43656261822139697
1.31 0.43656261822139697
1.32 0.43656261822139697
1.33 0.43656261822139697
1.34 0.43656261822139697
1.35 0.43656261822139697
1.36 0.43656261822139697
1.37 0.43656261822139697
1.3800000000000001 0.43656261822139697
1.3900000000000001 0.43656261822139697
1.4000000000000001 0.43656261822139697
1.41 0.43656261822139697
1.42 0.43656261822139697
1.43 0.43656261822139697
1.44 0.43656261822139697
1.45 0.43656261822139697
1.46 0.43656261822139697
1.47 0.43656261822139697
1.48 0.43656261822139697
1.49 0.43656261822139697
1.5 0.43656261822139697
1.51 0.43656261822139697
1.52 0.43656261822139697
1.53 0.43656261822139697
1.54 0.43656261822139697
1.55 0.43656261822139697
1.56 0.43656261822139697
1.57 0.43656261822139697
1.58 0.43656261822139697
1.59 0.43656261822139697
1.6 0.43656261822139697
1.61 0.43656261822139697
1.62 0.43656261822139697
1.6300000000000001 0.43656261822139697
1.6400000000000001 0.43656261822139697
1.6500000000000001 0.43656261822139697
1.6600000000000001 0.43656261822139697
1.67 0.43656261822139697
1.68 0.43656261822139697
1.69 0.43656261822139697
1.7 0.43656261822139697
1.71 0.43656261822139697
1.72 0.43656261822139697
1.73 0.43656261822139697
1.74 0.43656261822139697
1.75 0.43656261822139697
1.76 0.43656261822139697
1.77 0.43656261822139697
1.78 0.43656261822139697
1.79 0.43656261822139697
1.8 0.43656261822139697
1.81 0.43656261822139697
1.82 0.43656261822139697
1.83 0.43656261822139697
1.84 0.43656261822139697
1.85 0.43656261822139697
1.86 0.43656261822139697
1.87 0.43656261822139697
1.8800000000000001 0.43656261822139697
1.8900000000000001 0.43656261822139697
1.9000000000000001 0.43656261822139697
1.9100000000000001 0.43656261822139697
1.92 0.43656261822139697
1.93 0.43656261822139697
1.94 0.43656261822139697
1.95 0.43656261822139697
1.96 0.43656261822139697
1.97 0.43656261822139697
1.98 0.43656261822139697
1.99 0.43656261822139697
2.0 0.43656261822139697
2.0100000000000002 0.43656261822139697
2.02 0.43656261822139697
2.0300000000000002 0.43656261822139697
2.04 0.43656261822139697
2.05 0.43656261822139697
2.06 0.43656261822139697
2.07 0.43656261822139697
2.08 0.43656261822139697
2.09 0.43656261822139697
2.1 0.43656261822139697
2.11 0.43656261822139697
2.12 0.43656261822139697
2.13 0.43656261822139697
2.14 0.43656261822139697
2.15 0.43656261822139697
2.16 0.43656261822139697
2.17 0.43656261822139697
2.18 0.43656261822139697
2.19 0.43656261822139697
2.2 0.43656261822139697
2.21 0.43656261822139697
2.22 0.43656261822139697
2.23 0.43656261822139697
2.24 0.43656261822139697
2.25 0.43656261822139697
2.2600000000000002 0.43656261822139697
2.27 0.43656261822139697
2.2800000000000002 0.43656261822139697
2.29 0.43656261822139697
2.3000000000000003 0.43656261822139697
2.31 0.43656261822139697
2.32 0.43656261822139697
2.33 0.43656261822139697
2.34 0.43656261822139697
2.35 0.43656261822139697
2.36 0.43656261822139697
2.37 0.43656261822139697
2.38 0.43656261822139697
2.39 0.43656261822139697
2.4 0.43656261822139697
2.41 0.43656261822139697
2.42 0.43656261822139697
2.43 0.43656261822139697
2.44 0.43656261822139697
2.45 0.43656261822139697
2.46 0.43656261822139697
2.47 0.43656261822139697
2.48 0.43656261822139697
2.49 0.43656261822139697
2.5 0.43656261822139697
2.5100000000000002 0.43656261822139697
2.52 0.43656261822139697
2.5300000000000002 0.43656261822139697
2.54 0.43656261822139697
2.5500000000000003 0.43656261822139697
2.56 0.43656261822139697
2.57 0.43656261822139697
2.58 0.43656261822139697
2.59 0.43656261822139697
2.6 0.43656261822139697
2.61 0.43656261822139697
2.62 0.43656261822139697
2.63 0.43656261822139697
2.64 0.43656261822139697
2.65 0.43656261822139697
2.66 0.43656261822139697
2.67 0.43656261822139697
2.68 0.43656261822139697
2.69 0.43656261822139697
2.7 0.43656261822139697
2.71 0.43656261822139697
2.72 0.43656261822139697
2.73 0.43656261822139697
2.74 0.43656261822139697
2.75 0.43656261822139697
2.7600000000000002 0.43656261822139697
2.77 0.43656261822139697
2.7800000000000002 0.43656261822139697
2.79 0.43656261822139697
2.8000000000000003 0.43656261822139697
2.81 0.43656261822139697
2.82 0.43656261822139697
2.83 0.43656261822139697
2.84 0.43656261822139697
2.85 0.43656261822139697
2.86 0.43656261822139697
2.87 0.43656261822139697
2.88 0.43656261822139697
2.89 0.43656261822139697
2.9 0.43656261822139697
2.91 0.43656261822139697
2.92 0.43656261822139697
2.93 0.43656261822139697
2.94 0.43656261822139697
2.95 0.43656261822139697
2.96 0.43656261822139697
2.97 0.43656261822139697
2.98 0.43656261822139697
2.99 0.43656261822139697
3.0 0.43656261822139697
3.0100000000000002 0.43656261822139697
3.02 0.43656261822139697
3.0300000000000002 0.43656261822139697
3.04 0.43656261822139697
3.0500000000000003 0.43656261822139697
3.06 0.43656261822139697
3.0700000000000003 0.43656261822139697
3.08 0.43656261822139697
3.09 0.43656261822139697
3.1 0.43656261822139697
3.11 0.43656261822139697
3.12 0.43656261822139697
3.13 0.43656261822139697
3.14 0.43656261822139697
3.15 0.43656261822139697
3.16 0.43656261822139697
3.17 0.43656261822139697
3.18 0.43656261822139697
3.19 0.43656261822139697
3.2 0.43656261822139697
3.21 0.43656261822139697
3.22 0.43656261822139697
3.23 0.43656261822139697
3.24 0.43656261822139697
3.25 0.43656261822139697
3.2600000000000002 0.43656261822139697
3.27 0.43656261822139697
3.2800000000000002 0.43656261822139697
3.29 0.43656261822139697
3.3000000000000003 0.43656261822139697
3.31 0.43656261822139697
3.3200000000000003 0.43656261822139697
3.33 0.43656261822139697
3.34 0.43656261822139697
3.35 0.43656261822139697
3.36 0.43656261822139697
3.37 0.43656261822139697
3.38 0.43656261822139697
3.39 0.43656261822139697
3.4 0.43656261822139697
3.41 0.43656261822139697
3.42 0.43656261822139697
3.43 0.43656261822139697
3.44 0.43656261822139697
3.45 0.43656261822139697
3.46 0.43656261822139697
3.47 0.43656261822139697
3.48 0.43656261822139697
3.49 0.43656261822139697
3.5 0.43656261822139697
3.5100000000000002 0.43656261822139697
3.52 0.43656261822139697
3.5300000000000002 0.43656261822139697
3.54 0.43656261822139697
3.5500000000000003 0.43656261822139697
3.56 0.43656261822139697
3.5700000000000003 0.43656261822139697
3.58 0.43656261822139697
3.59 0.43656261822139697
3.6 0.43656261822139697
3.61 0.43656261822139697
3.62 0.43656261822139697
3.63 0.43656261822139697
3.64 0.43656261822139697
3.65 0.43656261822139697
3.66 0.43656261822139697
3.67 0.43656261822139697
3.68 0.43656261822139697
3.69 0.43656261822139697
3.7 0.43656261822139697
3.71 0.43656261822139697
3.72 0.43656261822139697
3.73 0.43656261822139697
3.74 0.43656261822139697
3.75 0.43656261822139697
3.7600000000000002 0.43656261822139697
3.77 0.43656261822139697
3.7800000000000002 0.43656261822139697
3.79 0.43656261822139697
3.8000000000000003 0.43656261822139697
3.81 0.43656261822139697
3.8200000000000003 0.43656261822139697
3.83 0.43656261822139697
3.84 0.43656261822139697
3.85 0.43656261822139697
3.86 0.43656261822139697
3.87 0.43656261822139697
3.88 0.43656261822139697
3.89 0.43656261822139697
3.9 0.43656261822139697
3.91 0.43656261822139697
3.92 0.43656261822139697
3.93 0.43656261822139697
3.94 0.43656261822139697
3.95 0.43656261822139697
3.96 0.43656261822139697
3.97 0.43656261822139697
3.98 0.43656261822139697
3.99 0.43656261822139697
4.0 0.43656261822139697
4.01 0.43656261822139697
4.0200000000000005 0.43656261822139697
4.03 0.43656261822139697
4.04 0.43656261822139697
4.05 0.43656261822139697
4.0600000000000005 0.43656261822139697
4.07 0.43656261822139697
4.08 0.43656261822139697
4.09 0.43656261822139697
4.1 0.43656261822139697
4.11 0.43656261822139697
4.12 0.43656261822139697
4.13 0.43656261822139697
4.14 0.43656261822139697
4.15 0.43656261822139697
4.16 0.43656261822139697
4.17 0.43656261822139697
4.18 0.43656261822139697
4.19 0.43656261822139697
4.2 0.43656261822139697
4.21 0.43656261822139697
4.22 0.43656261822139697
4.23 0.43656261822139697
4.24 0.43656261822139697
4.25 0.43656261822139697
4.26 0.43656261822139697
4.2700000000000005 0.43656261822139697
4.28 0.43656261822139697
4.29 0.43656261822139697
4.3 0.43656261822139697
4.3100000000000005 0.43656261822139697
4.32 0.43656261822139697
4.33 0.43656261822139697
4.34 0.43656261822139697
4.3500000000000005 0.43656261822139697
4.36 0.43656261822139697
4.37 0.43656261822139697
4.38 0.43656261822139697
4.39 0.43656261822139697
4.4 0.43656261822139697
4.41 0.43656261822139697
4.42 0.43656261822139697
4.43 0.43656261822139697
4.44 0.43656261822139697
4.45 0.43656261822139697
4.46 0.43656261822139697
4.47 0.43656261822139697
4.48 0.43656261822139697
4.49 0.43656261822139697
4.5 0.43656261822139697
4.51 0.43656261822139697
4.5200000000000005 0.43656261822139697
4.53 0.43656261822139697
4.54 0.43656261822139697
4.55 0.43656261822139697
4.5600000000000005 0.43656261822139697
4.57 0.43656261822139697
4.58 0.43656261822139697
4.59 0.43656261822139697
4.6000000000000005 0.43656261822139697
4.61 0.43656261822139697
4.62 0.43656261822139697
4.63 0.43656261822139697
4.64 0.43656261822139697
4.65 0.43656261822139697
4.66 0.43656261822139697
4.67 0.43656261822139697
4.68 0.43656261822139697
4.69 0.43656261822139697
4.7 0.43656261822139697
4.71 0.43656261822139697
4.72 0.43656261822139697
4.73 0.43656261822139697
4.74 0.43656261822139697
4.75 0.43656261822139697
4.76 0.43656261822139697
4.7700000000000005 0.43656261822139697
4.78 0.43656261822139697
4.79 0.43656261822139697
4.8 0.43656261822139697
4.8100000000000005 0.43656261822139697
4.82 0.43656261822139697
4.83 0.43656261822139697
4.84 0.43656261822139697
4.8500000000000005 0.43656261822139697
4.86 0.43656261822139697
4.87 0.43656261822139697
4.88 0.43656261822139697
4.89 0.43656261822139697
4.9 0.43656261822139697
4.91 0.43656261822139697
4.92 0.43656261822139697
4.93 0.43656261822139697
4.94 0.43656261822139697
4.95 0.43656261822139697
4.96 0.43656261822139697
4.97 0.43656261822139697
4.98 0.43656261822139697
4.99 0.43656261822139697
5.0 0.43656261822139697
5.01 0.43656261822139697
5.0200000000000005 0.43656261822139697
5.03 0.43656261822139697
5.04 0.43656261822139697
5.05 0.43656261822139697
5.0600000000000005 0.43656261822139697
5.07 0.43656261822139697
5.08 0.43656261822139697
5.09 0.43656261822139697
5.1000000000000005 0.43656261822139697
5.11 0.43656261822139697
5.12 0.43656261822139697
5.13 0.43656261822139697
5.14 0.43656261822139697
5.15 0.43656261822139697
5.16 0.43656261822139697
5.17 0.43656261822139697
5.18 0.43656261822139697
5.19 0.43656261822139697
5.2 0.43656261822139697
5.21 0.43656261822139697
5.22 0.43656261822139697
5.23 0.43656261822139697
5.24 0.43656261822139697
5.25 0.43656261822139697
5.26 0.43656261822139697
5.2700000000000005 0.43656261822139697
5.28 0.43656261822139697
5.29 0.43656261822139697
5.3 0.43656261822139697
5.3100000000000005 0.43656261822139697
5.32 0.43656261822139697
5.33 0.43656261822139697
5.34 0.43656261822139697
5.3500000000000005 0.43656261822139697
5.36 0.43656261822139697
5.37 0.43656261822139697
5.38 0.43656261822139697
5.39 0.43656261822139697
5.4 0.43656261822139697
5.41 0.43656261822139697
5.42 0.43656261822139697
5.43 0.43656261822139697
5.44 0.43656261822139697
5.45 0.43656261822139697
5.46 0.43656261822139697
5.47 0.43656261822139697
5.48 0.43656261822139697
5.49 0.43656261822139697
5.5 0.43656261822139697
5.51 0.43656261822139697
5.5200000000000005 0.43656261822139697
5.53 0.43656261822139697
5.54 0.43656261822139697
5.55 0.43656261822139697
5.5600000000000005 0.43656261822139697
5.57 0.43656261822139697
5.58 0.43656261822139697
5.59 0.43656261822139697
5.6000000000000005 0.43656261822139697
5.61 0.43656261822139697
5.62 0.43656261822139697
5.63 0.43656261822139697
5.64 0.43656261822139697
5.65 0.43656261822139697
5.66 0.43656261822139697
5.67 0.43656261822139697
5.68 0.43656261822139697
5.69 0.43656261822139697
5.7 0.43656261822139697
5.71 0.43656261822139697
5.72 0.43656261822139697
5.73 0.43656261822139697
5.74 0.43656261822139697
5.75 0.43656261822139697
5.76 0.43656261822139697
5.7700000000000005 0.43656261822139697
5.78 0.43656261822139697
5.79 0.43656261822139697
5.8 0.43656261822139697
5.8100000000000005 0.43656261822139697
5.82 0.43656261822139697
5.83 0.43656261822139697
5.84 0.43656261822139697
5.8500000000000005 0.43656261822139697
5.86 0.43656261822139697
5.87 0.43656261822139697
5.88 0.43656261822139697
5.89 0.43656261822139697
5.9 0.43656261822139697
5.91 0.43656261822139697
5.92 0.43656261822139697
5.93 0.43656261822139697
5.94 0.43656261822139697
5.95 0.43656261822139697
5.96 0.43656261822139697
5.97 0.43656261822139697
5.98 0.43656261822139697
5.99 0.43656261822139697
6.0 0.43656261822139697
6.01 0.43656261822139697
6.0200000000000005 0.43656261822139697
6.03 0.43656261822139697
6.04 0.43656261822139697
6.05 0.43656261822139697
6.0600000000000005 0.43656261822139697
6.07 0.43656261822139697
6.08 0.43656261822139697
6.09 0.43656261822139697
6.1000000000000005 0.43656261822139697
6.11 0.43656261822139697
6.12 0.43656261822139697
6.13 0.43656261822139697
6.140000000000001 0.43656261822139697
6.15 0.43656261822139697
6.16 0.43656261822139697
6.17 0.43656261822139697
6.18 0.43656261822139697
6.19 0.43656261822139697
6.2 0.43656261822139697
6.21 0.43656261822139697
6.22 0.43656261822139697
6.23 0.43656261822139697
6.24 0.43656261822139697
6.25 0.43656261822139697
6.26 0.43656261822139697
6.2700000000000005 0.43656261822139697
6.28 0.43656261822139697
6.29 0.43656261822139697
6.3 0.43656261822139697
6.3100000000000005 0.43656261822139697
6.32 0.43656261822139697
6.33 0.43656261822139697
6.34 0.43656261822139697
6.3500000000000005 0.43656261822139697
6.36 0.43656261822139697
6.37 0.43656261822139697
6.38 0.43656261822139697
6.390000000000001 0.43656261822139697
6.4 0.43656261822139697
6.41 0.43656261822139697
6.42 0.43656261822139697
6.43 0.43656261822139697
6.44 0.43656261822139697
6.45 0.43656261822139697
6.46 0.43656261822139697
6.47 0.43656261822139697
6.48 0.43656261822139697
6.49 0.43656261822139697
6.5 0.43656261822139697
6.51 0.43656261822139697
6.5200000000000005 0.43656261822139697
6.53 0.43656261822139697
6.54 0.43656261822139697
6.55 0.43656261822139697
6.5600000000000005 0.43656261822139697
6.57 0.43656261822139697
6.58 0.43656261822139697
6.59 0.43656261822139697
6.6000000000000005 0.43656261822139697
6.61 0.43656261822139697
6.62 0.43656261822139697
6.63 0.43656261822139697
6.640000000000001 0.43656261822139697
6.65 0.43656261822139697
6.66 0.43656261822139697
6.67 0.43656261822139697
6.68 0.43656261822139697
6.69 0.43656261822139697
6.7 0.43656261822139697
6.71 0.43656261822139697
6.72 0.43656261822139697
6.73 0.43656261822139697
6.74 0.43656261822139697
6.75 0.43656261822139697
6.76 0.43656261822139697
6.7700000000000005 0.43656261822139697
6.78 0.43656261822139697
6.79 0.43656261822139697
6.8 0.43656261822139697
6.8100000000000005 0.43656261822139697
6.82 0.43656261822139697
6.83 0.43656261822139697
6.84 0.43656261822139697
6.8500000000000005 0.43656261822139697
6.86 0.43656261822139697
6.87 0.43656261822139697
6.88 0.43656261822139697
6.890000000000001 0.43656261822139697
6.9 0.43656261822139697
6.91 0.43656261822139697
6.92 0.43656261822139697
6.93 0.43656261822139697
6.94 0.43656261822139697
6.95 0.43656261822139697
6.96 0.43656261822139697
6.97 0.43656261822139697
6.98 0.43656261822139697
6.99 0.43656261822139697
7.0 0.43656261822139697
7.01 0.43656261822139697
7.0200000000000005 0.43656261822139697
7.03 0.43656261822139697
7.04 0.43656261822139697
7.05 0.43656261822139697
7.0600000000000005 0.43656261822139697
7.07 0.43656261822139697
7.08 0.43656261822139697
7.09 0.43656261822139697
7.1000000000000005 0.43656261822139697
7.11 0.43656261822139697
7.12 0.43656261822139697
7.13 0.43656261822139697
7.140000000000001 0.43656261822139697
7.15 0.43656261822139697
7.16 0.43656261822139697
7.17 0.43656261822139697
7.18 0.43656261822139697
7.19 0.43656261822139697
7.2 0.43656261822139697
7.21 0.43656261822139697
7.22 0.43656261822139697
7.23 0.43656261822139697
7.24 0.43656261822139697
7.25 0.43656261822139697
7.26 0.43656261822139697
7.2700000000000005 0.43656261822139697
7.28 0.43656261822139697
7.29 0.43656261822139697
7.3 0.43656261822139697
7.3100000000000005 0.43656261822139697
7.32 0.43656261822139697
7.33 0.43656261822139697
7.34 0.43656261822139697
7.3500000000000005 0.43656261822139697
7.36 0.43656261822139697
7.37 0.43656261822139697
7.38 0.43656261822139697
7.390000000000001 0.43656261822139697
7.4 0.43656261822139697
7.41 0.43656261822139697
7.42 0.43656261822139697
7.43 0.43656261822139697
7.44 0.43656261822139697
7.45 0.43656261822139697
7.46 0.43656261822139697
7.47 0.43656261822139697
7.48 0.43656261822139697
7.49 0.43656261822139697
7.5 0.43656261822139697
7.51 0.43656261822139697
7.5200000000000005 0.43656261822139697
7.53 0.43656261822139697
7.54 0.43656261822139697
7.55 0.43656261822139697
7.5600000000000005 0.43656261822139697
7.57 0.43656261822139697
7.58 0.43656261822139697
7.59 0.43656261822139697
7.6000000000000005 0.43656261822139697
7.61 0.43656261822139697
7.62 0.43656261822139697
7.63 0.43656261822139697
7.640000000000001 0.43656261822139697
7.65 0.43656261822139697
7.66 0.43656261822139697
7.67 0.43656261822139697
7.68 0.43656261822139697
7.69 0.43656261822139697
7.7 0.43656261822139697
7.71 0.43656261822139697
7.72 0.43656261822139697
7.73 0.43656261822139697
7.74 0.43656261822139697
7.75 0.43656261822139697
7.76 0.43656261822139697
7.7700000000000005 0.43656261822139697
7.78 0.43656261822139697
7.79 0.43656261822139697
7.8 0.43656261822139697
7.8100000000000005 0.43656261822139697
7.82 0.43656261822139697
7.83 0.43656261822139697
7.84 0.43656261822139697
7.8500000000000005 0.43656261822139697
7.86 0.43656261822139697
7.87 0.43656261822139697
7.88 0.43656261822139697
7.890000000000001 0.43656261822139697
7.9 0.43656261822139697
7.91 0.43656261822139697
7.92 0.43656261822139697
7.930000000000001 0.43656261822139697
7.94 0.43656261822139697
7.95 0.43656261822139697
7.96 0.43656261822139697
7.97 0.43656261822139697
7.98 0.43656261822139697
7.99 0.43656261822139697
8.0 0.43656261822139697
8.01 0.43656261822139697
8.02 0.43656261822139697
8.03 0.43656261822139697
8.040000000000001 0.43656261822139697
8.05 0.43656261822139697
8.06 0.43656261822139697
8.07 0.43656261822139697
8.08 0.43656261822139697
8.09 0.43656261822139697
8.1 0.43656261822139697
8.11 0.43656261822139697
8.120000000000001 0.43656261822139697
8.13 0.43656261822139697
8.14 0.43656261822139697
8.15 0.43656261822139697
8.16 0.43656261822139697
8.17 0.43656261822139697
8.18 0.43656261822139697
8.19 0.43656261822139697
8.2 0.43656261822139697
8.21 0.43656261822139697
8.22 0.43656261822139697
8.23 0.43656261822139697
8.24 0.43656261822139697
8.25 0.43656261822139697
8.26 0.43656261822139697
8.27 0.43656261822139697
8.28 0.43656261822139697
8.290000000000001 0.43656261822139697
8.3 0.43656261822139697
8.31 0.43656261822139697
8.32 0.43656261822139697
8.33 0.43656261822139697
8.34 0.43656261822139697
8.35 0.43656261822139697
8.36 0.43656261822139697
8.370000000000001 0.43656261822139697
8.38 0.43656261822139697
8.39 0.43656261822139697
8.4 0.43656261822139697
8.41 0.43656261822139697
8.42 0.43656261822139697
8.43 0.43656261822139697
8.44 0.43656261822139697
8.45 0.43656261822139697
8.46 0.43656261822139697
8.47 0.43656261822139697
8.48 0.43656261822139697
8.49 0.43656261822139697
8.5 0.43656261822139697
8.51 0.43656261822139697
8.52 0.43656261822139697
8.53 0.43656261822139697
8.540000000000001 0.43656261822139697
8.55 0.43656261822139697
8.56 0.43656261822139697
8.57 0.43656261822139697
8.58 0.43656261822139697
8.59 0.43656261822139697
8.6 0.43656261822139697
8.61 0.43656261822139697
8.620000000000001 0.43656261822139697
8.63 0.43656261822139697
8.64 0.43656261822139697
8.65 0.43656261822139697
8.66 0.43656261822139697
8.67 0.43656261822139697
8.68 0.43656261822139697
8.69 0.43656261822139697
8.700000000000001 0.43656261822139697
8.71 0.43656261822139697
8.72 0.43656261822139697
8.73 0.43656261822139697
8.74 0.43656261822139697
8.75 0.43656261822139697
8.76 0.43656261822139697
8.77 0.43656261822139697
8.78 0.43656261822139697
8.790000000000001 0.43656261822139697
8.8 0.43656261822139697
8.81 0.43656261822139697
8.82 0.43656261822139697
8.83 0.43656261822139697
8.84 0.43656261822139697
8.85 0.43656261822139697
8.86 0.43656261822139697
8.870000000000001 0.43656261822139697
8.88 0.43656261822139697
8.89 0.43656261822139697
8.9 0.43656261822139697
8.91 0.43656261822139697
8.92 0.43656261822139697
8.93 0.43656261822139697
8.94 0.43656261822139697
8.950000000000001 0.43656261822139697
8.96 0.43656261822139697
8.97 0.43656261822139697
8.98 0.43656261822139697
8.99 0.43656261822139697
9.0 0.43656261822139697
9.01 0.43656261822139697
9.02 0.43656261822139697
9.03 0.43656261822139697
9.040000000000001 0.43656261822139697
9.05 0.43656261822139697
9.06 0.43656261822139697
9.07 0.43656261822139697
9.08 0.43656261822139697
9.09 0.43656261822139697
9.1 0.43656261822139697
9.11 0.43656261822139697
9.120000000000001 0.43656261822139697
9.13 0.43656261822139697
9.14 0.43656261822139697
9.15 0.43656261822139697
9.16 0.43656261822139697
9.17 0.43656261822139697
9.18 0.43656261822139697
9.19 0.43656261822139697
9.200000000000001 0.43656261822139697
9.21 0.43656261822139697
9.22 0.43656261822139697
9.23 0.43656261822139697
9.24 0.43656261822139697
9.25 0.43656261822139697
9.26 0.43656261822139697
9.27 0.43656261822139697
9.28 0.43656261822139697
9.290000000000001 0.43656261822139697
9.3 0.43656261822139697
9.31 0.43656261822139697
9.32 0.43656261822139697
9.33 0.43656261822139697
9.34 0.43656261822139697
9.35 0.43656261822139697
9.36 0.43656261822139697
9.370000000000001 0.43656261822139697
9.38 0.43656261822139697
9.39 0.43656261822139697
9.4 0.43656261822139697
9.41 0.43656261822139697
9.42 0.43656261822139697
9.43 0.43656261822139697
9.44 0.43656261822139697
9.450000000000001 0.43656261822139697
9.46 0.43656261822139697
9.47 0.43656261822139697
9.48 0.43656261822139697
9.49 0.43656261822139697
9.5 0.43656261822139697
9.51 0.43656261822139697
9.52 0.43656261822139697
9.53 0.43656261822139697
9.540000000000001 0.43656261822139697
9.55 0.43656261822139697
9.56 0.43656261822139697
9.57 0.43656261822139697
9.58 0.43656261822139697
9.59 0.43656261822139697
9.6 0.43656261822139697
9.61 0.43656261822139697
9.620000000000001 0.43656261822139697
9.63 0.43656261822139697
9.64 0.43656261822139697
9.65 0.43656261822139697
9.66 0.43656261822139697
9.67 0.43656261822139697
9.68 0.43656261822139697
9.69 0.43656261822139697
9.700000000000001 0.43656261822139697
9.71 0.43656261822139697
9.72 0.43656261822139697
9.73 0.43656261822139697
9.74 0.43656261822139697
9.75 0.43656261822139697
9.76 0.43656261822139697
9.77 0.43656261822139697
9.78 0.43656261822139697
9.790000000000001 0.43656261822139697
9.8 0.43656261822139697
9.81 0.43656261822139697
9.82 0.43656261822139697
9.83 0.43656261822139697
9.84 0.43656261822139697
9.85 0.43656261822139697
9.86 0.43656261822139697
9.870000000000001 0.43656261822139697
9.88 0.43656261822139697
9.89 0.43656261822139697
9.9 0.43656261822139697
9.91 0.43656261822139697
9.92 0.43656261822139697
9.93 0.43656261822139697
9.94 0.43656261822139697
9.950000000000001 0.43656261822139697
9.96 0.43656261822139697
9.97 0.43656261822139697
9.98 0.43656261822139697
9.99 0.43656261822139697
