0.0 0.001964503581080776
0.01 0.0037127270017031358
0.02 0.005248638880945908
0.03 0.0065762359076157436
0.04 0.007699478908746993
0.05 0.008622312830587316
0.06 0.009348671978876266
0.07 0.009882441717122463
0.08 0.010227513597792707
0.09 0.010387761319297525
0.1 0.010408516595311208
0.11 0.010606460398580372
0.12 0.010977798275752773
0.13 0.011518762179276595
0.14 0.01222561035874281
0.15 0.013094619815142419
0.16 0.014122089645943737
0.17 0.015304349291914121
0.18 0.01663775237320631
0.19 0.01811867332788529
0.2 0.019743510709411743
0.21 0.021508697036558968
0.22 0.02341068770510764
0.23 0.025445961383628955
0.24 0.027611023583075628
0.25 0.029902414345993462
0.26 0.032316696560068435
0.27 0.03485045878089928
0.28 0.037500318560592
0.29 0.04026292666605329
0.3 0.04313496027460367
0.31 0.04611312585200718
0.32 0.04919415960726469
0.33 0.05237482784722191
0.34 0.05565192733059171
0.35000000000000003 0.05902228444372413
0.36 0.06248275590828151
0.37 0.06603023027573172
0.38 0.06966162754813299
0.39 0.07337389948971593
0.4 0.07716402993821973
0.41000000000000003 0.08102903494927303
0.42 0.08496595870619118
0.43 0.08897187815306908
0.44 0.09304390402770507
0.45 0.0971791797423017
0.46 0.10137488161320785
0.47000000000000003 0.10562821909144232
0.48 0.10993643447762413
0.49 0.11429679945559817
0.5 0.11870662054070198
0.51 0.12316323824868099
0.52 0.12766402665105067
0.53 0.13220639355561356
0.54 0.13678778068964298
0.55 0.14140566234038396
0.56 0.14605754182077998
0.5700000000000001 0.15074095905617432
0.58 0.15545348803549028
0.59 0.16019273660548625
0.6 0.16495634659468042
0.61 0.16974199394177023
0.62 0.1745473861123564
0.63 0.17937026112842747
0.64 0.18420839358542274
0.65 0.18905959185567112
0.66 0.19392169811914506
0.67 0.1987925884441477
0.68 0.203670172855012
0.6900000000000001 0.2085523921839291
0.7000000000000001 0.2134372201881181
0.71 0.21832266584698415
0.72 0.22320677178570142
0.73 0.2280876143319609
0.74 0.23296330357919734
0.75 0.2378319831400709
0.76 0.24269182478693302
0.77 0.24754103462101731
0.78 0.2523778532668994
0.79 0.2572005544620134
0.8 0.262007445072279
0.81 0.2667968651141387
0.8200000000000001 0.27156718732279894
0.8300000000000001 0.2763168147394795
0.84 0.2810441844992322
0.85 0.2857477669026681
0.86 0.29042606508034435
0.87 0.29507761500975976
0.88 0.29970098553811453
0.89 0.30429477662838134
0.9 0.30885761635624137
0.91 0.3133881678891572
0.92 0.31788512670548896
0.93 0.32234722034940083
0.9400000000000001 0.3267732084058921
0.9500000000000001 0.3311618824802335
0.96 0.33551206456398064
0.97 0.3398226069398789
0.98 0.34409239485122856
0.99 0.34832034503458303
1.0 0.35250540567042093
1.01 0.35664655634309017
1.02 0.36074280796271974
1.03 0.36479320001392623
1.04 0.3687968026655936
1.05 0.37275271794854764
1.06 0.3766600785550692
1.07 0.3805180477638644
1.08 0.3843258193661978
1.09 0.38808261730937216
1.1 0.3917876922316724
1.11 0.3954403255617872
1.12 0.39903982908808505
1.1300000000000001 0.40258554408417035
1.1400000000000001 0.406076841182666
1.1500000000000001 0.4095131202483416
1.16 0.4128938102503494
1.17 0.4162183691333507
1.18 0.4194862836873039
1.19 0.4226970694156993
1.2 0.42585026873295895
1.21 0.4289454482419861
1.22 0.4319822056608573
1.23 0.43496016663562964
1.24 0.43787898432201655
1.25 0.4407383392069567
1.26 0.4435379389272578
1.27 0.44627751808515664
1.28 0.4489568380606454
1.29 0.4515756868204256
1.3 0.45413387870466476
1.31 0.4566312482180806
1.32 0.45906765444243114
1.33 0.4614429854190696
1.34 0.46375715414414936
1.35 0.4660100983180165
1.36 0.46820178009050045
1.37 0.4703321858020353
1.3800000000000001 0.47240132572056515
1.3900000000000001 0.47440923377418653
1.4000000000000001 0.47635596727949986
1.41 0.47824160600904353
1.42 0.48006624661987274
1.43 0.48183001084602334
1.44 0.4835330434317324
1.45 0.4851755106370337
1.46 0.4867575999156037
1.47 0.4882795195883692
1.48 0.489741498512912
1.49 0.49114378574872714
1.5 0.4924866502183871
1.51 0.4937703803646828
1.52 0.4949952825158273
1.53 0.49616167932131305
1.54 0.49726991390278585
1.55 0.4983203473623254
1.56 0.49931335829853424
1.57 0.5002493424278519
1.58 0.5011287122025002
1.59 0.5019518964251736
1.6 0.502719339860598
1.61 0.503431502844075
1.62 0.5040888608851272
1.6300000000000001 0.5046919040719653
1.6400000000000001 0.5052411368589226
1.6500000000000001 0.5057370777648377
1.6600000000000001 0.5061802588634746
1.67 0.5065712253757724
1.68 0.5069105352600202
1.69 0.507198758800097
1.7 0.5074364781919225
1.71 0.5076242871282549
1.72 0.507762790381981
1.73 0.5078526037431162
1.74 0.5078943557345247
1.75 0.5079000279759965
1.76 0.5079524781457697
1.77 0.5080510507723678
1.78 0.5081950816301652
1.79 0.5083838981527089
1.8 0.5086168198464738
1.81 0.5088931587049383
1.82 0.5092122196228478
1.83 0.5095733008105462
1.84 0.5099756920477975
1.85 0.5104186740063095
1.86 0.5109015247819412
1.87 0.5114235171913056
1.8800000000000001 0.5119839190708603
1.8900000000000001 0.5125819936701729
1.9000000000000001 0.5132170000445505
1.9100000000000001 0.5138881934469404
1.92 0.5145948257190086
1.93 0.5153361456813258
1.94 0.5161113994014777
1.95 0.5169198247641992
1.96 0.5177606581506953
1.97 0.518633136581176
1.98 0.5195364954974474
1.99 0.5204699691194681
2.0 0.5214327908005966
2.0100000000000002 0.5224241933814849
2.02 0.5234434095425705
2.0300000000000002 0.5244896721551306
2.04 0.5255622146308594
2.05 0.5266602698327142
2.06 0.5277830639338149
2.07 0.5289298289794402
2.08 0.5300997994458966
2.09 0.5312922114676256
2.1 0.5325063031450652
2.11 0.5337413148509454
2.12 0.5349964895350103
2.13 0.5362710730271594
2.14 0.5375643143390119
2.15 0.5388754659638936
2.16 0.5402037794635142
2.17 0.5415485051218388
2.18 0.542908902864756
2.19 0.5442842367154529
2.2 0.5456737749602211
2.21 0.5470767904028534
2.22 0.5484925606176061
2.23 0.5499203682007419
2.24 0.5513595010206785
2.25 0.5528092524667682
2.2600000000000002 0.5542689213903554
2.27 0.5557378036297973
2.2800000000000002 0.5572152027549974
2.29 0.5587004314511392
2.3000000000000003 0.5601928084342188
2.31 0.5616916586534845
2.32 0.5631963134927621
2.33 0.5647061109706984
2.34 0.566220395939956
2.35 0.5677385202853902
2.36 0.5692598431212473
2.37 0.5707837288333225
2.38 0.572309539999234
2.39 0.573836652629549
2.4 0.5753644510894452
2.41 0.5768923272013841
2.42 0.5784196803975536
2.43 0.5799459178716159
2.44 0.5814704547298044
2.45 0.5829927141413958
2.46 0.584512127488595
2.47 0.5860281345158688
2.48 0.5875401777348924
2.49 0.5890477035971501
2.5 0.5905501726951461
2.5100000000000002 0.5920470538981359
2.52 0.5935378244273476
2.5300000000000002 0.5950219699634789
2.54 0.5964989847539003
2.5500000000000003 0.5979683717195898
2.56 0.5994296425618337
2.57 0.6008823178687158
2.58 0.6023259267617124
2.59 0.6037599984072084
2.6 0.6051840734456201
2.61 0.60659770394881
2.62 0.6080004507104453
2.63 0.6093918833140602
2.64 0.6107715802011051
2.65 0.6121391287390086
2.66 0.6134941252892694
2.67 0.6148361752756009
2.68 0.6161648932521426
2.69 0.6174799006822441
2.7 0.6187808203047268
2.71 0.6200672893855864
2.72 0.62133895468181
2.73 0.6225954717624872
2.74 0.623836505042543
2.75 0.625061727816665
2.7600000000000002 0.6262708222934409
2.77 0.6274634796297117
2.7800000000000002 0.6286393999651604
2.79 0.6297982924571389
2.8000000000000003 0.6309398700729978
2.81 0.6320638519840692
2.82 0.6331699704458329
2.83 0.6342579662963455
2.84 0.6353275889583884
2.85 0.6363785964438775
2.86 0.6374107553585721
2.87 0.6384238409070884
2.88 0.6394176368982285
2.89 0.6403919357506261
2.9 0.6413465380086757
2.91 0.6422812459532832
2.92 0.6431958727407093
2.93 0.6440902414512154
2.94 0.6449641832882282
2.95 0.6458175375576543
2.96 0.6466501516475269
2.97 0.6474618810079855
2.98 0.6482525891315851
2.99 0.6490221475339394
3.0 0.6497704357346931
3.0100000000000002 0.6504973393977226
3.02 0.6512027470314885
3.0300000000000002 0.651886558707181
3.04 0.6525486823558178
3.0500000000000003 0.6531890333711747
3.06 0.6538075345685798
3.0700000000000003 0.6544041161440167
3.08 0.6549787156335422
3.09 0.6555312778730094
3.1 0.6560617549580954
3.11 0.6565701062012071
3.12 0.6570562945213955
3.13 0.657520288833832
3.14 0.6579620673126101
3.15 0.6583816148401886
3.16 0.6587789229493941
3.17 0.6591539897656937
3.18 0.659506819949731
3.19 0.6598374246401236
3.2 0.6601458213965141
3.21 0.660432034142875
3.22 0.6606960927524711
3.23 0.660938029599683
3.24 0.6611578847301234
3.25 0.66135570487845
3.2600000000000002 0.6615315425823041
3.27 0.6616854561116537
3.2800000000000002 0.6618175093983442
3.29 0.6619277719658522
3.3000000000000003 0.6620163188592348
3.31 0.6620832305752716
3.3200000000000003 0.6621285929927923
3.33 0.6621524963258311
3.34 0.6621550338763549
3.35 0.6621737619805264
3.36 0.6622136505892565
3.37 0.6622745897218281
3.38 0.662356464646648
3.39 0.6624591559608083
3.4 0.6625825396695095
3.41 0.6627264872653571
3.42 0.6628908658075274
3.43 0.6630755380088514
3.44 0.6632803636609635
3.45 0.6635051985537578
3.46 0.663749893700416
3.47 0.664014296199114
3.48 0.6642982493184639
3.49 0.6646015925828752
3.5 0.6649241618578368
3.5100000000000002 0.6652657894351262
3.52 0.6656263041179535
3.5300000000000002 0.6660055313060423
3.54 0.6664032931747599
3.5500000000000003 0.6668194094199167
3.56 0.667253696246181
3.5700000000000003 0.6677059667111038
3.58 0.6681760309502414
3.59 0.6686636962650798
3.6 0.6691687672109327
3.61 0.6696910456848211
3.62 0.6702303310133432
3.63 0.6707864200405279
3.64 0.6713591072156917
3.65 0.6719481846491202
3.66 0.6725534421765328
3.67 0.6731746675490013
3.68 0.6738116464708146
3.69 0.6744641626850395
3.7 0.6751319980611318
3.71 0.6758149326825761
3.72 0.676512744934558
3.73 0.6772252115916741
3.74 0.6779521079056814
3.75 0.6786932076833249
3.7600000000000002 0.6794482826967789
3.77 0.6802171034558471
3.7800000000000002 0.680999439570632
3.79 0.6817950595087813
3.8000000000000003 0.6826037306802846
3.81 0.6834252195223361
3.8200000000000003 0.6842592915842725
3.83 0.6851057116125805
3.84 0.685964243635988
3.85 0.6868346510506365
3.86 0.6877166964840905
3.87 0.688610140717815
3.88 0.6895147448642395
3.89 0.6904302698538951
3.9 0.6913564763060367
3.91 0.6922931246085942
3.92 0.6932399749982282
3.93 0.6941967876404863
3.94 0.6951633227100702
3.95 0.6961393404712101
3.96 0.6971246013581536
3.97 0.6981188651484791
3.98 0.6991218907481316
3.99 0.7001334385860926
4.0 0.7011532694749029
4.01 0.7021811446562505
4.0200000000000005 0.7032168258744015
4.03 0.7042600754497542
4.04 0.7053106563525182
4.05 0.7063683322765196
4.0600000000000005 0.7074328677131365
4.07 0.7085040279716395
4.08 0.7095815772680716
4.09 0.7106652810612027
4.1 0.7117549065603777
4.11 0.7128502219772472
4.12 0.7139509965912287
4.13 0.7150570008150982
4.14 0.7161680062607125
4.15 0.7172837858048655
4.16 0.7184041136552761
4.17 0.7195287654167127
4.18 0.7206575176713594
4.19 0.7217901461278511
4.2 0.7229264294500323
4.21 0.7240661480847923
4.22 0.7252090840200319
4.23 0.7263550208413099
4.24 0.7275037437886154
4.25 0.7286550398132665
4.26 0.7298086976349408
4.2700000000000005 0.7309645077988294
4.28 0.7321222627329208
4.29 0.7332817553679356
4.3 0.7344427792172129
4.3100000000000005 0.7356051313225296
4.32 0.7367686106636808
4.33 0.7379330181888696
4.34 0.7390981568618872
4.3500000000000005 0.7402638317094078
4.36 0.7414298498683959
4.37 0.7425960206336252
4.38 0.7437621555053107
4.39 0.7449280681327447
4.4 0.7460935719522914
4.41 0.7472584832630379
4.42 0.7484226214176877
4.43 0.7495858080159247
4.44 0.7507478669416906
4.45 0.7519086244005557
4.46 0.7530679089571793
4.47 0.7542255515728593
4.48 0.7553813856431703
4.49 0.7565352470356853
4.5 0.7576869735109102
4.51 0.7588364029480757
4.5200000000000005 0.7599833773157977
4.53 0.7611277412632973
4.54 0.7622693419036712
4.55 0.763408028841322
4.5600000000000005 0.7645436541994586
4.57 0.7656760726476548
4.58 0.7668051414294694
4.59 0.7679307203901256
4.6000000000000005 0.7690526720042462
4.61 0.7701708598717355
4.62 0.7712851492191303
4.63 0.7723954092779854
4.64 0.7735015118428255
4.65 0.7746033312853503
4.66 0.7757007445722385
4.67 0.7767936312829831
4.68 0.7778818736277614
4.69 0.7789653564653346
4.7 0.7800439673209753
4.71 0.7811175962714116
4.72 0.7821861338739751
4.73 0.783249474042067
4.74 0.7843075138947936
4.75 0.785360153137092
4.76 0.7864072940683642
4.7700000000000005 0.7874488415911157
4.78 0.7884847032196005
4.79 0.7895147890884726
4.8 0.7905390119614376
4.8100000000000005 0.7915572872399071
4.82 0.792569532393641
4.83 0.7935756657319544
4.84 0.7945756094511857
4.8500000000000005 0.7955692884170578
4.86 0.7965566300205583
4.87 0.7975375641781355
4.88 0.7985120233318759
4.89 0.7994799424496645
4.9 0.8004412590253267
4.91 0.8013959130787517
4.92 0.8023438471559616
4.93 0.8032850050999376
4.94 0.8042193327435737
4.95 0.805146779279963
4.96 0.8060672962985429
4.97 0.8069808377777844
4.98 0.8078873600778477
4.99 0.8087868219332025
5.0 0.8096791844452175
5.01 0.8105644110747126
5.0200000000000005 0.8114424676344734
5.03 0.8123133221620031
5.04 0.813176943573144
5.05 0.8140333036349884
5.0600000000000005 0.8148823766795047
5.07 0.8157241392423218
5.08 0.8165585700489517
5.09 0.8173856500009711
5.1000000000000005 0.8182053621621554
5.11 0.8190176917445713
5.12 0.8198226260946243
5.13 0.8206201546790598
5.14 0.8214102686818017
5.15 0.8221929604069185
5.16 0.8229682249483188
5.17 0.823736059438695
5.18 0.8244964629713208
5.19 0.8252494365809822
5.2 0.8259949832248588
5.21 0.826733107763364
5.22 0.8274638169409302
5.23 0.8281871193667532
5.24 0.8289030254936256
5.25 0.8296115469379108
5.26 0.8303126969686516
5.2700000000000005 0.831006491002621
5.28 0.8316929461608067
5.29 0.8323720812453306
5.3 0.8330439167163254
5.3100000000000005 0.8337084746687643
5.32 0.8343657788092487
5.33 0.8350158544327478
5.34 0.8356587283992973
5.3500000000000005 0.8362944290488721
5.36 0.8369229856712674
5.37 0.8375444292912787
5.38 0.8381587924783942
5.39 0.8387661092072296
5.4 0.8393664148316364
5.41 0.839959746058772
5.42 0.8405461409231308
5.43 0.8411256387605353
5.44 0.8416982801820923
5.45 0.8422641070481091
5.46 0.842823162327031
5.47 0.843375489957764
5.48 0.8439211352305652
5.49 0.8444601445688482
5.5 0.8449925654916617
5.51 0.8455184465861922
5.5200000000000005 0.8460378374802345
5.53 0.8465507888146308
5.54 0.847057352215683
5.55 0.8475575802675346
5.5600000000000005 0.8480515264841518
5.57 0.848539245242981
5.58 0.8490207917933793
5.59 0.8494962222490215
5.6000000000000005 0.849965593539468
5.61 0.8504289633822015
5.62 0.8508863902546413
5.63 0.8513379333661353
5.64 0.8517836526299312
5.65 0.85222360863513
5.66 0.8526578626186155
5.67 0.8530864764609677
5.68 0.8535095128051867
5.69 0.8539270347754863
5.7 0.854339106015132
5.71 0.8547457906875131
5.72 0.8551471534486829
5.73 0.8555432594198814
5.74 0.8559341741600476
5.75 0.8563199636383206
5.76 0.8567006942065251
5.7700000000000005 0.8570764325716526
5.78 0.8574472459286651
5.79 0.8578132020179418
5.8 0.8581743686377314
5.8100000000000005 0.8585308138498925
5.82 0.8588826059611334
5.83 0.8592298134969032
5.84 0.8595725051752778
5.8500000000000005 0.8599107498808407
5.86 0.8602446166385574
5.87 0.860574174587648
5.88 0.8608994929643073
5.89 0.8612206415166868
5.9 0.8615376900054308
5.91 0.8618507080393458
5.92 0.8621597652484585
5.93 0.8624649312599522
5.94 0.862766275674104
5.95 0.8630638680402192
5.96 0.8633577778325674
5.97 0.8636480744263181
5.98 0.8639348270734774
5.99 0.864218104988099
6.0 0.8644979778242726
6.01 0.8647745147122755
6.0200000000000005 0.8650477845231276
6.03 0.8653178559315171
6.04 0.8655847973943
6.05 0.8658486771290069
6.0600000000000005 0.866109563092348
6.07 0.8663675229587239
6.08 0.8666226240987399
6.09 0.8668749335577233
6.1000000000000005 0.8671245183961872
6.11 0.8673714457256223
6.12 0.8676157818592573
6.13 0.8678575927432328
6.140000000000001 0.868096943945351
6.15 0.8683339006365028
6.16 0.8685685275721049
6.17 0.8688008890735343
6.18 0.8690310490095746
6.19 0.8692590707778629
6.2 0.8694850173094872
6.21 0.8697089517281458
6.22 0.8699309365211958
6.23 0.8701510334258736
6.24 0.8703693036716406
6.25 0.8705858079647447
6.26 0.8708006064727923
6.2700000000000005 0.8710137588093207
6.28 0.8712253240183763
6.29 0.8714353605590998
6.3 0.8716439262903125
6.3100000000000005 0.8718510786212276
6.32 0.8720568750674604
6.33 0.8722613720620161
6.34 0.872464625348249
6.3500000000000005 0.8726666900507972
6.36 0.8728676206633599
6.37 0.873067471036483
6.38 0.8732662943653484
6.390000000000001 0.873464143177566
6.4 0.873661069320971
6.41 0.8738571239514246
6.42 0.8740523579665351
6.43 0.8742468219223342
6.44 0.8744405652279711
6.45 0.8746336366050695
6.46 0.8748260840814565
6.47 0.8750179549821178
6.48 0.8752092959201567
6.49 0.875400152787755
6.5 0.875590570747137
6.51 0.875780594221538
6.5200000000000005 0.8759702669213117
6.53 0.8761596325074781
6.54 0.8763487337017754
6.55 0.8765376122834031
6.5600000000000005 0.876726309302254
6.57 0.8769148650729023
6.58 0.8771033191685962
6.59 0.8772917104152508
6.6000000000000005 0.8774800768854427
6.61 0.8776684558924075
6.62 0.8778568839840366
6.63 0.8780453971142534
6.640000000000001 0.8782340310875192
6.65 0.8784228205198165
6.66 0.87861179923035
6.67 0.8788010002950833
6.68 0.8789904560435484
6.69 0.8791801980556564
6.7 0.8793702571585085
6.71 0.8795606634232074
6.72 0.879751446161669
6.73 0.8799426339234356
6.74 0.8801342548998209
6.75 0.8803263367440337
6.76 0.8805189060259329
6.7700000000000005 0.8807119885855766
6.78 0.8809056095327821
6.79 0.8810997932464781
6.8 0.8812945633740594
6.8100000000000005 0.8814899428307389
6.82 0.8816859537989001
6.83 0.8818826177274507
6.84 0.8820799553686671
6.8500000000000005 0.8822779872770629
6.86 0.8824767330991566
6.87 0.882676211643716
6.88 0.8828764410235355
6.890000000000001 0.8830774386570155
6.9 0.8832792212697422
6.91 0.8834818048960656
6.92 0.8836852048806778
6.93 0.883889435880189
6.94 0.884094511864706
6.95 0.884300446261146
6.96 0.8845072522130055
6.97 0.8847149419015334
6.98 0.8849235268328804
6.99 0.8851330178697541
7.0 0.8853434252348817
7.01 0.8855547585144727
7.0200000000000005 0.8857670266616785
7.03 0.8859802380000532
7.04 0.8861944002270129
7.05 0.8864095204175109
7.0600000000000005 0.886625605301707
7.07 0.8868426610854147
7.08 0.8870606931944958
7.09 0.8872797064735269
7.1000000000000005 0.8874997051907899
7.11 0.8877206930432621
7.12 0.8879426731616035
7.13 0.8881656481151492
7.140000000000001 0.8883896199168945
7.15 0.8886145900284853
7.16 0.8888405593921301
7.17 0.8890675286950884
7.18 0.889295497976735
7.19 0.8895244667025021
7.2 0.8897544338329426
7.21 0.889985397829895
7.22 0.8902173566626446
7.23 0.8904503078140875
7.24 0.8906842482868933
7.25 0.8909191746096692
7.26 0.891155082843123
7.2700000000000005 0.8913919686587775
7.28 0.8916298274348883
7.29 0.8918686539765962
7.3 0.8921084426518122
7.3100000000000005 0.8923491874067919
7.32 0.89259088177313
7.33 0.8928335188747524
7.34 0.8930770914349117
7.3500000000000005 0.8933215917831799
7.36 0.8935670118624471
7.37 0.8938133432364491
7.38 0.8940605771930603
7.390000000000001 0.894308704669318
7.4 0.8945577161958689
7.41 0.8948076019605954
7.42 0.8950583518161127
7.43 0.8953099552872678
7.44 0.8955624015786393
7.45 0.8958156795820391
7.46 0.8960697778840159
7.47 0.896324684773359
7.48 0.8965803882543462
7.49 0.8968368760952261
7.5 0.8970941357679483
7.51 0.8973521544714705
7.5200000000000005 0.8976109191480559
7.53 0.8978704164909802
7.54 0.8981306329522373
7.55 0.8983915547502511
7.5600000000000005 0.8986531678775874
7.57 0.8989154581086671
7.58 0.8991784110074822
7.59 0.8994420119272251
7.6000000000000005 0.8997062460119123
7.61 0.899971098230097
7.62 0.9002365533699116
7.63 0.9005025960461831
7.640000000000001 0.9007692107080839
7.65 0.9010363816467843
7.66 0.9013040930031058
7.67 0.9015723287751783
7.68 0.9018410728260989
7.69 0.902110308890681
7.7 0.9023800205183373
7.71 0.9026501911456627
7.72 0.9029208041311741
7.73 0.9031918427310285
7.74 0.9034632901063822
7.75 0.9037351293307544
7.76 0.9040073433973923
7.7700000000000005 0.904279915226642
7.78 0.904552827673316
7.79 0.9048260635340699
7.8 0.9050996055354633
7.8100000000000005 0.9053734362380835
7.82 0.9056475382287766
7.83 0.9059218940756583
7.84 0.9061964863162479
7.8500000000000005 0.9064712974643518
7.86 0.906746310016948
7.87 0.9070215064610717
7.88 0.9072968692807076
7.890000000000001 0.9075723809636805
7.9 0.9078480240085515
7.91 0.9081237808603135
7.92 0.9083996338925323
7.930000000000001 0.9086755655983269
7.94 0.908951558500613
7.95 0.9092275951561174
7.96 0.9095036581616794
7.97 0.9097797301605537
7.98 0.9100557938487172
7.99 0.9103318319811772
8.0 0.9106078273782823
8.01 0.9108837629261113
8.02 0.911159621356795
8.03 0.911435385510709
8.040000000000001 0.9117110383944474
8.05 0.9119865630925641
8.06 0.9122619427728521
8.07 0.9125371606916247
8.08 0.912812200198996
8.09 0.9130870447441661
8.1 0.9133616778807091
8.11 0.9136360832718595
8.120000000000001 0.9139102446835832
8.13 0.9141841459408074
8.14 0.9144577710284867
8.15 0.9147311040655957
8.16 0.9150041293024589
8.17 0.9152768311257938
8.18 0.9155491940637546
8.19 0.9158212027909763
8.2 0.9160928421336252
8.21 0.9163640970744447
8.22 0.9166349527578098
8.23 0.9169053942912025
8.24 0.9171754067496686
8.25 0.9174449755961279
8.26 0.9177140864506137
8.27 0.9179827250912693
8.28 0.9182508774578798
8.290000000000001 0.9185185296554026
8.3 0.918785667957502
8.31 0.9190522788100822
8.32 0.919318348834824
8.33 0.9195838648281776
8.34 0.9198488136570376
8.35 0.9201131823971168
8.36 0.9203769583438308
8.370000000000001 0.9206401289772196
8.38 0.9209026819650057
8.39 0.9211646051656474
8.4 0.9214258866313991
8.41 0.9216865146113685
8.42 0.9219464775545755
8.43 0.922205764113013
8.44 0.9224643630792382
8.45 0.9227222631936566
8.46 0.9229794535698774
8.47 0.9232359235433322
8.48 0.9234916626465824
8.49 0.9237466606112413
8.5 0.924000907369897
8.51 0.9242543930580349
8.52 0.9245071080159614
8.53 0.9247590427907282
8.540000000000001 0.925010188138056
8.55 0.9252605349607465
8.56 0.9255100743292292
8.57 0.9257587975826486
8.58 0.926006696269139
8.59 0.9262537621471594
8.6 0.9264999871869962
8.61 0.9267453635722679
8.620000000000001 0.9269898837014277
8.63 0.9272335401892682
8.64 0.927476325868424
8.65 0.9277182337731359
8.66 0.9279592568560764
8.67 0.9281993883775432
8.68 0.9284386218862396
8.69 0.9286769511330573
8.700000000000001 0.9289143700713074
8.71 0.9291508728569536
8.72 0.9293864538488439
8.73 0.9296211076089397
8.74 0.9298548289025497
8.75 0.9300876126985578
8.76 0.9303194541594546
8.77 0.9305503486192979
8.78 0.9307802916382008
8.790000000000001 0.9310092789807766
8.8 0.9312373066135962
8.81 0.9314643707052687
8.82 0.9316904676265186
8.83 0.9319155939502662
8.84 0.9321397464517033
8.85 0.9323629221083721
8.86 0.9325851181002415
8.870000000000001 0.9328063316305543
8.88 0.9330265600244729
8.89 0.9332458009331587
8.9 0.9334640521914878
8.91 0.9336813118170658
8.92 0.9338975780092431
8.93 0.9341128491481243
8.94 0.9343271237935834
8.950000000000001 0.9345404006842718
8.96 0.9347526787366325
8.97 0.9349639570439063
8.98 0.9351742348751435
8.99 0.9353835116742103
9.0 0.9355917870587986
9.01 0.935799060819431
9.02 0.9360053329184671
9.03 0.936210603489111
9.040000000000001 0.9364148727918984
9.05 0.9366181410971156
9.06 0.936820408965326
9.07 0.9370216771353813
9.08 0.9372219465051339
9.09 0.9374212181301479
9.1 0.9376194932224071
9.11 0.937816773149026
9.120000000000001 0.9380130594309561
9.13 0.9382083537416952
9.14 0.9384026579059915
9.15 0.9385959738985523
9.16 0.9387883038427479
9.17 0.9389796500093164
9.18 0.9391700148150673
9.19 0.939359400821586
9.200000000000001 0.9395478107339347
9.21 0.9397352473873618
9.22 0.9399217133036907
9.23 0.9401072112588829
9.24 0.9402917443536623
9.25 0.9404753158106144
9.26 0.9406579289723142
9.27 0.9408395872994552
9.28 0.9410202943689772
9.290000000000001 0.941200053872192
9.3 0.9413788696129112
9.31 0.9415567455055691
9.32 0.9417336855733509
9.33 0.9419096939463137
9.34 0.9420847748595117
9.35 0.9422589326511187
9.36 0.9424321717605503
9.370000000000001 0.9426044967265859
9.38 0.9427759121854888
9.39 0.9429464227802108
9.4 0.9431160331108505
9.41 0.9432847480238632
9.42 0.9434525724561021
9.43 0.9436195114265011
9.44 0.943785570033985
9.450000000000001 0.9439507534553785
9.46 0.9441150669433153
9.47 0.9442785158241438
9.48 0.9444411054958359
9.49 0.9446028414258936
9.5 0.9447637291492537
9.51 0.9449237742661954
9.52 0.9450829824402436
9.53 0.9452413593960748
9.540000000000001 0.9453989109174209
9.55 0.9455556428449716
9.56 0.945711561065101
9.57 0.9458666714236017
9.58 0.9460209798681276
9.59 0.9461744924152254
9.6 0.9463272151252212
9.61 0.9464791541000286
9.620000000000001 0.9466303154809537
9.63 0.9467807054465008
9.64 0.9469303302101776
9.65 0.9470791960183003
9.66 0.9472273091477956
9.67 0.9473746759040085
9.68 0.9475213026185024
9.69 0.9476671956468642
9.700000000000001 0.9478123613665068
9.71 0.9479568061744704
9.72 0.9481005364852263
9.73 0.9482435587284779
9.74 0.9483858794352389
9.75 0.9485275051825096
9.76 0.9486684424744933
9.77 0.9488086978254817
9.78 0.948948277757849
9.790000000000001 0.9490871887999831
9.8 0.9492254374842198
9.81 0.9493630303447719
9.82 0.9494999739156641
9.83 0.9496362747286611
9.84 0.9497719393112009
9.85 0.9499069741843249
9.86 0.9500413858606088
9.870000000000001 0.950175180842093
9.88 0.9503083656182119
9.89 0.9504409466637246
9.9 0.9505729304366454
9.91 0.9507043234325225
9.92 0.9508351323606545
9.93 0.9509653637248928
9.94 0.9510950239806997
9.950000000000001 0.951224119563753
9.96 0.9513526568881299
9.97 0.9514806423444924
9.98 0.951608082298269
9.99 0.9517349830878397
10.0 0.9518613510227191
10.01 0.9519871923817398
10.02 0.9521125134112356
10.03 0.9522373203232238
10.040000000000001 0.9523616192935893
10.05 0.9524854164602663
10.06 0.9526087179214214
10.07 0.9527315297336361
10.08 0.952853857916261
10.09 0.9529757087584446
10.1 0.9530970884386054
10.11 0.9532180029424286
10.120000000000001 0.953338458214889
10.13 0.9534584601587842
10.14 0.9535780146332703
10.15 0.953697127452396
10.16 0.9538158043836373
10.17 0.9539340511464331
10.18 0.9540518734107166
10.19 0.9541692767954529
10.200000000000001 0.954286266867171
10.21 0.9544028491384992
10.22 0.954519029066698
10.23 0.9546348120521952
10.24 0.9547502034371187
10.25 0.9548652085038306
10.26 0.9549798326332739
10.27 0.9550940814268851
10.28 0.9552079601195967
10.290000000000001 0.9553214738764775
10.3 0.9554346278071129
10.31 0.9555474269645422
10.32 0.9556598763441946
10.33 0.955771980882825
10.34 0.9558837454574503
10.35 0.955995174884287
10.36 0.9561062739176857
10.370000000000001 0.95621704724907
10.38 0.9563274995058689
10.39 0.956437635250457
10.4 0.9565474589790878
10.41 0.9566569751208309
10.42 0.956766188036508
10.43 0.9568751020509194
10.44 0.9569837218141504
10.450000000000001 0.9570920517025039
10.46 0.9572000959245266
10.47 0.9573078586266062
10.48 0.957415343892308
10.49 0.9575225557417147
10.5 0.9576294981307603
10.51 0.9577361749505708
10.52 0.9578425900267995
10.53 0.9579487471189662
10.540000000000001 0.9580546499197925
10.55 0.9581603020545415
10.56 0.9582657070803533
10.57 0.9583708684855835
10.58 0.9584757896891404
10.59 0.958580474039822
10.6 0.9586849248156538
10.61 0.9587891454614555
10.620000000000001 0.9588931394770659
10.63 0.9589969100449772
10.64 0.9591004602841486
10.65 0.9592037932504738
10.66 0.9593069119364973
10.67 0.9594098192711329
10.68 0.9595125181193799
10.69 0.9596150112820423
10.700000000000001 0.9597173014954435
10.71 0.9598193914311458
10.72 0.9599212836956671
10.73 0.9600229808301978
10.74 0.9601244853103194
10.75 0.9602257995457213
10.76 0.960326925879918
10.77 0.9604278665899664
10.78 0.960528623949768
10.790000000000001 0.9606292004664919
10.8 0.9607295983569231
10.81 0.9608298197358766
10.82 0.9609298666594542
10.83 0.9610297411250812
10.84 0.9611294450715446
10.85 0.9612289803790312
10.86 0.9613283488691633
10.870000000000001 0.9614275523050404
10.88 0.9615265923912734
10.89 0.9616254707740242
10.9 0.9617241890410442
10.91 0.961822748721711
10.92 0.9619211512870677
10.93 0.96201939814986
10.94 0.9621174906645747
10.950000000000001 0.9622154301305353
10.96 0.9623132180121872
10.97 0.9624108556847442
10.98 0.962508344352776
10.99 0.9626056851700497
11.0 0.962702879239826
11.01 0.9627999276151541
11.02 0.9628968312991686
11.03 0.9629935912453864
11.040000000000001 0.963090208358001
11.05 0.9631866834921811
11.06 0.9632830174543651
11.07 0.9633792110025585
11.08 0.9634752648466297
11.09 0.963571179648607
11.1 0.963666956022975
11.11 0.9637625945369711
11.120000000000001 0.9638580957108831
11.13 0.9639534600835428
11.14 0.9640486882799139
11.15 0.964143780744825
11.16 0.9642387378737977
11.17 0.9643335600220075
11.18 0.9644282475047596
11.19 0.9645228005979628
11.200000000000001 0.9646172195386044
11.21 0.9647115045252258
11.22 0.964805655718397
11.23 0.9648996732411933
11.24 0.964993557179668
11.25 0.9650873075833301
11.26 0.9651809244656183
11.27 0.9652744078043773
11.28 0.9653677575423328
11.290000000000001 0.9654609735875673
11.3 0.9655540558214879
11.31 0.9656470041969305
11.32 0.9657398185838236
11.33 0.9658324987914298
11.34 0.9659250445997929
11.35 0.9660174557603185
11.36 0.9661097319963577
11.370000000000001 0.9662018730037923
11.38 0.9662938784516159
11.39 0.9663857479825191
11.4 0.9664774812134721
11.41 0.9665690777363087
11.42 0.9666605371183112
11.43 0.9667518589027914
11.44 0.9668430426096777
11.450000000000001 0.966934087736097
11.46 0.967024993756959
11.47 0.9671157601255415
11.48 0.9672063862955393
11.49 0.9672968717147735
11.5 0.9673872157867837
11.51 0.9674774178966679
11.52 0.9675674774118703
11.53 0.9676573936828015
11.540000000000001 0.967747166043459
11.55 0.9678367938120501
11.56 0.967926276291611
11.57 0.9680156127706296
11.58 0.9681048025236668
11.59 0.9681938448119773
11.6 0.9682827388841311
11.61 0.9683714839766357
11.620000000000001 0.9684600793145578
11.63 0.9685485241121446
11.64 0.9686368175734451
11.65 0.9687249588896126
11.66 0.9688129472250251
11.67 0.9689007817483583
11.68 0.9689884616228993
11.69 0.9690759860043147
11.700000000000001 0.9691633540412539
11.71 0.9692505648759521
11.72 0.9693376176448354
11.73 0.9694245114791233
11.74 0.9695112455054331
11.75 0.9695978188463834
11.76 0.9696842306211991
11.77 0.9697704799463144
11.78 0.9698565659359768
11.790000000000001 0.9699424877028523
11.8 0.9700282443586292
11.81 0.9701138350146212
11.82 0.9701992587819013
11.83 0.9702845147183872
11.84 0.9703696018871751
11.85 0.9704545193834877
11.86 0.9705392663033809
11.870000000000001 0.9706238417442848
11.88 0.9707082448055447
11.89 0.9707924745889602
11.9 0.9708765301993255
11.91 0.9709604107449717
11.92 0.9710441153383049
11.93 0.9711276430963491
11.94 0.971210993141285
11.950000000000001 0.9712941646009918
11.96 0.9713771566095875
11.97 0.9714599683079691
11.98 0.9715425988443558
11.99 0.9716250473748259
12.0 0.9717073130322621
12.01 0.971789394885186
12.02 0.9718712920821531
12.030000000000001 0.9719530037845826
12.040000000000001 0.9720345291617701
12.05 0.9721158673913359
12.06 0.9721970176596719
12.07 0.9722779791623898
12.08 0.9723587511047697
12.09 0.972439332702206
12.1 0.9725197231806576
12.11 0.972599921777094
12.120000000000001 0.9726799277399438
12.13 0.9727597403295434
12.14 0.9728393588185844
12.15 0.9729187824925611
12.16 0.9729980106502203
12.17 0.9730770425975769
12.18 0.9731558775469602
12.19 0.9732345147718784
12.200000000000001 0.9733129535924467
12.21 0.9733911933411277
12.22 0.9734692333630677
12.23 0.9735470730164355
12.24 0.9736247116727584
12.25 0.9737021487172617
12.26 0.973779383549204
12.27 0.9738564155822161
12.280000000000001 0.9739332442446383
12.290000000000001 0.9740098689798584
12.3 0.9740862892466478
12.31 0.974162504519501
12.32 0.9742385142889723
12.33 0.9743143180620135
12.34 0.9743899153623116
12.35 0.974465305667279
12.36 0.9745404884186732
12.370000000000001 0.974615463155385
12.38 0.9746902294321187
12.39 0.9747647868186794
12.4 0.9748391349001951
12.41 0.9749132732773408
12.42 0.9749872015665616
12.43 0.9750609194002949
12.44 0.9751344264271946
12.450000000000001 0.9752077223123524
12.46 0.9752808067375232
12.47 0.9753536794013469
12.48 0.9754263400195715
12.49 0.9754987883252768
12.5 0.9755710240690969
12.51 0.9756430470194442
12.52 0.9757148569453937
12.530000000000001 0.9757864535282779
12.540000000000001 0.9758578365393734
12.55 0.9759290057842037
12.56 0.9759999610840603
12.57 0.9760707022761167
12.58 0.9761412292135422
12.59 0.976211541765615
12.6 0.9762816398178372
12.61 0.9763515232720463
12.620000000000001 0.9764211920465314
12.63 0.976490646076146
12.64 0.9765598853124212
12.65 0.97662890972368
12.66 0.9766977192951514
12.67 0.9767663140290823
12.68 0.9768346939448548
12.69 0.9769028590787213
12.700000000000001 0.9769708094069411
12.71 0.9770385449225324
12.72 0.9771060656838764
12.73 0.9771733717643533
12.74 0.9772404632523639
12.75 0.977307340251346
12.76 0.9773740028797908
12.77 0.9774404512712633
12.780000000000001 0.9775066855744176
12.790000000000001 0.9775727059530166
12.8 0.9776385125859482
12.81 0.9777041056672446
12.82 0.9777694854060984
12.83 0.9778346520268819
12.84 0.9778996057691636
12.85 0.9779643468877266
12.86 0.9780288756525859
12.870000000000001 0.9780931923228128
12.88 0.9781572971036134
12.89 0.9782211902789073
12.9 0.9782848721514418
12.91 0.9783483430368604
12.92 0.9784116032636351
12.93 0.9784746531730006
12.94 0.9785374931188869
12.950000000000001 0.9786001234678535
12.96 0.9786625445990208
12.97 0.9787247569040053
12.98 0.9787867607868519
12.99 0.9788485566639676
13.0 0.9789101449640537
13.01 0.9789715261280398
13.02 0.9790327006090178
13.030000000000001 0.9790936688721728
13.040000000000001 0.9791544313935554
13.05 0.9792149886375042
13.06 0.9792753410894554
13.07 0.9793354892543005
13.08 0.9793954336479928
13.09 0.9794551747974563
13.1 0.9795147132404943
13.11 0.9795740495256978
13.120000000000001 0.9796331842123535
13.13 0.9796921178703524
13.14 0.9797508510800989
13.15 0.9798093844324182
13.16 0.9798677185284649
13.17 0.9799258539796324
13.18 0.9799837914074597
13.19 0.9800415314435409
13.200000000000001 0.9800990747294329
13.21 0.980156421916564
13.22 0.9802135736148804
13.23 0.9802705303922943
13.24 0.9803272928968713
13.25 0.9803838617846807
13.26 0.980440237718332
13.27 0.9804964213667836
13.280000000000001 0.9805524134051519
13.290000000000001 0.9806082145145202
13.3 0.9806638253817475
13.31 0.9807192466992779
13.32 0.9807744791649486
13.33 0.9808295234818004
13.34 0.9808843803578846
13.35 0.9809390505060732
13.36 0.9809935346438674
13.370000000000001 0.981047833493206
13.38 0.9811019477802754
13.39 0.9811558782422694
13.4 0.981209625668811
13.41 0.9812631908220818
13.42 0.981316574459742
13.43 0.9813697773441579
13.44 0.9814228002422627
13.450000000000001 0.981475643925413
13.46 0.9815283091692476
13.47 0.9815807967535464
13.48 0.9816331074620886
13.49 0.98168524208251
13.5 0.9817372014061622
13.51 0.9817889862279714
13.52 0.981840597346296
13.530000000000001 0.9818920355627843
13.540000000000001 0.9819433016822345
13.55 0.9819943965124508
13.56 0.982045320864037
13.57 0.982096075517037
13.58 0.982146661250809
13.59 0.9821970788700097
13.6 0.9822473291803797
13.61 0.9822974129885612
13.620000000000001 0.982347331101911
13.63 0.9823970843283163
13.64 0.9824466734760108
13.65 0.9824960993533876
13.66 0.9825453627688158
13.67 0.9825944645304556
13.68 0.9826434054460722
13.69 0.9826921863228519
13.700000000000001 0.9827408079672163
13.71 0.9827892711846382
13.72 0.9828375767794558
13.73 0.9828857255546876
13.74 0.9829337183251131
13.75 0.9829815559435665
13.76 0.98302923922619
13.77 0.9830767689845367
13.780000000000001 0.9831241460292548
13.790000000000001 0.98317137116995
13.8 0.9832184452150468
13.81 0.983265368971649
13.82 0.983312143245404
13.83 0.9833587688403616
13.84 0.9834052465588367
13.85 0.9834515772012704
13.86 0.983497761566093
13.870000000000001 0.9835438004495834
13.88 0.9835896946457321
13.89 0.983635444946102
13.9 0.9836810521396903
13.91 0.9837265170127617
13.92 0.9837718403480347
13.93 0.9838170229254876
13.94 0.9838620655222283
13.950000000000001 0.9839069689120848
13.96 0.9839517338654673
13.97 0.9839963611492275
13.98 0.9840408515265194
13.99 0.9840852057566623
14.0 0.9841294245949974
14.01 0.9841735087927524
14.02 0.9842174590969003
14.030000000000001 0.9842612762500204
14.040000000000001 0.9843049609901586
14.05 0.9843485140506893
14.06 0.9843919361601752
14.07 0.9844352280422275
14.08 0.9844783904153678
14.09 0.9845214240048338
14.1 0.9845643295447736
14.11 0.9846071077458222
14.120000000000001 0.9846497593131994
14.13 0.9846922849470561
14.14 0.9847346853423573
14.15 0.9847769611887693
14.16 0.9848191131705444
14.17 0.9848611419664061
14.18 0.9849030482494355
14.19 0.9849448326869562
14.200000000000001 0.9849864959404188
14.21 0.9850280386652879
14.22 0.9850694615109262
14.23 0.985110765120481
14.24 0.985151950130769
14.25 0.9851930171721613
14.26 0.9852339668810066
14.27 0.9852747999875202
14.280000000000001 0.9853155171541732
14.290000000000001 0.9853561190180522
14.3 0.9853966062121365
14.31 0.9854369793652833
14.32 0.9854772391022173
14.33 0.9855173860435178
14.34 0.9855574208056043
14.35 0.9855973440007271
14.36 0.9856371562369518
14.370000000000001 0.9856768581181484
14.38 0.9857164502439787
14.39 0.9857559332098824
14.4 0.9857953076070671
14.41 0.9858345740224927
14.42 0.9858737330388619
14.43 0.9859127852345777
14.44 0.9859517311086012
14.450000000000001 0.9859905711405534
14.46 0.9860293058633783
14.47 0.9860679358028209
14.48 0.986106461477311
14.49 0.9861448833978501
14.5 0.9861832020678951
14.51 0.9862214179832441
14.52 0.9862595316319209
14.530000000000001 0.9862975434940608
14.540000000000001 0.9863354540417955
14.55 0.9863732637391365
14.56 0.9864109730418635
14.57 0.9864485823974063
14.58 0.986486092244732
14.59 0.9865235030142282
14.6 0.9865608151275898
14.61 0.9865980290401546
14.620000000000001 0.9866351453425326
14.63 0.9866721644955794
14.64 0.9867090869399152
14.65 0.9867459131115925
14.66 0.9867826434421441
14.67 0.9868192783586317
14.68 0.9868558182836964
14.69 0.9868922636356047
14.700000000000001 0.9869286148283004
14.71 0.9869648722714511
14.72 0.9870010363704973
14.73 0.9870371075267027
14.74 0.9870730861372018
14.75 0.9871089725950487
14.76 0.9871447672892659
14.77 0.9871804706048939
14.780000000000001 0.9872160829213135
14.790000000000001 0.9872516045587936
14.8 0.9872870358499389
14.81 0.9873223771451192
14.82 0.9873576287892843
14.83 0.9873927911219548
14.84 0.9874278644772086
14.85 0.9874628491836734
14.86 0.9874977455645143
14.870000000000001 0.9875325539374245
14.88 0.9875672746146131
14.89 0.9876019079027962
14.9 0.9876364541031853
14.91 0.9876709135114774
14.92 0.9877052864178437
14.93 0.9877395731069196
14.94 0.9877737738577936
14.950000000000001 0.9878078889439985
14.96 0.9878419186656144
14.97 0.9878758633610158
14.98 0.9879097233092382
14.99 0.9879434987838429
15.0 0.9879771900547369
15.01 0.9880107973881722
15.02 0.9880443210467459
15.030000000000001 0.9880777612894003
15.040000000000001 0.9881111183714225
15.05 0.988144392544444
15.06 0.9881775840564403
15.07 0.9882106931517323
15.08 0.9882437200709844
15.09 0.9882766650512046
15.1 0.988309528325745
15.11 0.9883423101243018
15.120000000000001 0.9883750106729134
15.13 0.9884076301939634
15.14 0.9884401689061766
15.15 0.9884726270246218
15.16 0.9885050047607105
15.17 0.988537302322197
15.18 0.9885695199131784
15.19 0.9886016577340931
15.200000000000001 0.9886337159817224
15.21 0.9886656948491902
15.22 0.988697594525961
15.23 0.9887294151978425
15.24 0.9887611570468952
15.25 0.9887928202514029
15.26 0.9888244049861575
15.27 0.9888559114222968
15.280000000000001 0.9888873397272989
15.290000000000001 0.9889186900649807
15.3 0.9889499625954989
15.31 0.9889811574753496
15.32 0.9890122748573681
15.33 0.9890433148907285
15.34 0.9890742777209439
15.35 0.9891051634898659
15.36 0.9891359723356854
15.370000000000001 0.9891667043929308
15.38 0.9891973597924697
15.39 0.9892279386615075
15.4 0.9892584411235877
15.41 0.9892888672985916
15.42 0.9893192173027385
15.43 0.9893494912485854
15.44 0.9893796892450267
15.450000000000001 0.9894098113972943
15.46 0.9894398578069573
15.47 0.9894698285719222
15.48 0.9894997237864317
15.49 0.9895295435410665
15.5 0.9895592879227436
15.51 0.9895889570147165
15.52 0.9896185510093647
15.530000000000001 0.9896480702581022
15.540000000000001 0.9896775148835679
15.55 0.9897068849968217
15.56 0.9897361807066631
15.57 0.9897654021196299
15.58 0.9897945493399986
15.59 0.9898236224697838
15.6 0.9898526216087391
15.610000000000001 0.9898815468543557
15.620000000000001 0.9899103983018636
15.63 0.9899391760442299
15.64 0.9899678801721609
15.65 0.9899965107741006
15.66 0.9900250679362296
15.67 0.990053551742468
15.68 0.9900819622744731
15.69 0.990110299611639
15.700000000000001 0.9901385638310983
15.71 0.9901667550077207
15.72 0.990194873214113
15.73 0.9902229185206203
15.74 0.9902508909953238
15.75 0.9902787907040425
15.76 0.9903066177103331
15.77 0.9903343720754875
15.780000000000001 0.990362053858536
15.790000000000001 0.9903896631162461
15.8 0.9904172000170806
15.81 0.9904446649051258
15.82 0.9904720578845287
15.83 0.9904993790475686
15.84 0.9905266284857334
15.85 0.9905538062897217
15.860000000000001 0.9905809125494396
15.870000000000001 0.9906079473540038
15.88 0.9906349107917399
15.89 0.9906618029501828
15.9 0.9906886239160758
15.91 0.9907153737753716
15.92 0.9907420526132321
15.93 0.9907686605140286
15.94 0.9907951975613404
15.950000000000001 0.9908216638379567
15.96 0.9908480594258747
15.97 0.9908743844063018
15.98 0.9909006388596531
15.99 0.9909268228655524
16.0 0.9909529365028333
16.01 0.9909789798495373
16.02 0.9910049529829154
16.03 0.9910308559794263
16.04 0.9910566889147379
16.05 0.9910824518637272
16.06 0.9911081449004787
16.07 0.9911337680982866
16.080000000000002 0.9911593215918485
16.09 0.9911848056198971
16.1 0.9912102202848669
16.11 0.99123556568217
16.12 0.9912608419072623
16.13 0.9912860490556447
16.14 0.9913111872228617
16.15 0.9913362565045027
16.16 0.9913612569962015
16.17 0.9913861887936358
16.18 0.9914110519925278
16.19 0.991435846688644
16.2 0.9914605729777954
16.21 0.9914852309558367
16.22 0.9915098207186674
16.23 0.9915343423622311
16.240000000000002 0.9915587959825155
16.25 0.9915831816755527
16.26 0.9916074995374184
16.27 0.9916317496642337
16.28 0.9916559321521632
16.29 0.9916800470974151
16.3 0.9917040945962428
16.31 0.991728074744943
16.32 0.9917519876398574
16.330000000000002 0.9917758333773709
16.34 0.9917996120539135
16.35 0.991823323765958
16.36 0.9918469686573504
16.37 0.991870546957941
16.38 0.9918940587899397
16.39 0.9919175042700124
16.4 0.991940883515531
16.41 0.9919641966445737
16.42 0.9919874437759242
16.43 0.9920106250290733
16.44 0.992033740524217
16.45 0.992056790382258
16.46 0.992079774724805
16.47 0.9921026936741724
16.48 0.9921255473533818
16.490000000000002 0.9921483358861594
16.5 0.9921710593969388
16.51 0.9921937180108593
16.52 0.9922163118537664
16.53 0.9922388410522113
16.54 0.9922613057334518
16.55 0.9922837060254524
16.56 0.9923060420568822
16.57 0.9923283139571178
16.580000000000002 0.9923505218562407
16.59 0.99237266588504
16.6 0.9923947461750102
16.61 0.9924167628583516
16.62 0.9924387160679707
16.63 0.9924606059374806
16.64 0.9924824325996697
16.65 0.9925041961850424
16.66 0.9925258968284439
16.67 0.9925475346656384
16.68 0.992569109833072
16.69 0.992590622467877
16.7 0.9926120727078674
16.71 0.9926334606915426
16.72 0.9926547865580846
16.73 0.9926760504473598
16.740000000000002 0.9926972524999186
16.75 0.9927183928569946
16.76 0.9927394716605058
16.77 0.9927604890530536
16.78 0.9927814451779233
16.79 0.9928023401790842
16.8 0.9928231742011888
16.81 0.992843947389574
16.82 0.9928646598902607
16.830000000000002 0.9928853118499528
16.84 0.9929059034160381
16.85 0.9929264347365888
16.86 0.9929469059603604
16.87 0.9929673172367921
16.88 0.9929876687160071
16.89 0.9930079605488121
16.9 0.9930281928866982
16.91 0.9930483658818395
16.92 0.9930684796900511
16.93 0.9930885344740413
16.94 0.9931085303898673
16.95 0.9931284675937956
16.96 0.9931483462428214
16.97 0.9931681664946677
16.98 0.9931879285077874
16.990000000000002 0.9932076324413606
17.0 0.9932272784552976
17.01 0.9932468667102361
17.02 0.993266397367543
17.03 0.9932858705893138
17.04 0.9933052865383725
17.05 0.9933246453782717
17.06 0.9933439472732929
17.07 0.9933631923884455
17.080000000000002 0.9933823808894684
17.09 0.9934015129428287
17.1 0.9934205887157219
17.11 0.9934396083760725
17.12 0.9934585720925333
17.13 0.9934774800344857
17.14 0.9934963323720398
17.150000000000002 0.993515129276034
17.16 0.9935338709180359
17.17 0.993552557470341
17.18 0.9935711891059738
17.19 0.9935897659986864
17.2 0.9936082882960801
17.21 0.9936267560859304
17.22 0.9936451695263172
17.23 0.9936635287810429
17.240000000000002 0.9936818340142144
17.25 0.9937000853902391
17.26 0.9937182830738285
17.27 0.993736427229995
17.28 0.9937545180240548
17.29 0.9937725556216255
17.3 0.9937905401886278
17.31 0.9938084718912835
17.32 0.993826350896119
17.330000000000002 0.9938441773699607
17.34 0.9938619514799385
17.35 0.9938796733934844
17.36 0.9938973432783328
17.37 0.9939149613025205
17.38 0.9939325276343868
17.39 0.9939500424425719
17.400000000000002 0.9939675058960202
17.41 0.9939849181639767
17.42 0.9940022794159897
17.43 0.9940195898219092
17.44 0.9940368495518875
17.45 0.9940540587763795
17.46 0.9940712176661415
17.47 0.9940883263922327
17.48 0.9941053851127214
17.490000000000002 0.9941223939538842
17.5 0.9941393530782013
17.51 0.9941562626513013
17.52 0.9941731228388928
17.53 0.9941899338067677
17.54 0.9942066957208
17.55 0.9942234087469453
17.56 0.9942400730512416
17.57 0.9942566887998086
17.580000000000002 0.9942732561588478
17.59 0.9942897752946434
17.6 0.9943062463735606
17.61 0.9943226695620474
17.62 0.9943390450266335
17.63 0.9943553729339304
17.64 0.9943716534506312
17.650000000000002 0.9943878867435116
17.66 0.9944040729794285
17.67 0.994420212325321
17.68 0.99443630494821
17.69 0.994452351015198
17.7 0.9944683506934698
17.71 0.9944843041502917
17.72 0.9945002115530115
17.73 0.9945160730690594
17.740000000000002 0.9945318888659467
17.75 0.994547659111267
17.76 0.9945633839488416
17.77 0.9945790634608929
17.78 0.994594697796955
17.79 0.9946102871124981
17.8 0.9946258315626616
17.81 0.9946413313022531
17.82 0.9946567864857497
17.830000000000002 0.9946721972672977
17.84 0.994687563800711
17.85 0.9947028862394734
17.86 0.9947181647367377
17.87 0.9947333994453241
17.88 0.9947485905177232
17.89 0.9947637381060932
17.900000000000002 0.9947788423622616
17.91 0.9947939034377239
17.92 0.9948089214836454
17.93 0.9948238966508597
17.94 0.9948388290898683
17.95 0.9948537189508421
17.96 0.9948685663836203
17.97 0.9948833715377109
17.98 0.9948981345622903
17.990000000000002 0.9949128556062039
18.0 0.9949275348179649
18.01 0.9949421723457555
18.02 0.9949567683374266
18.03 0.9949713229404973
18.04 0.9949858362943615
18.05 0.9950003085165142
18.06 0.9950147397470388
18.07 0.9950291301278743
18.080000000000002 0.9950434798004865
18.09 0.9950577889058684
18.1 0.9950720575845405
18.11 0.9950862859765505
18.12 0.9951004742214732
18.13 0.9951146224584105
18.14 0.9951287308259918
18.150000000000002 0.9951427994623739
18.16 0.9951568285052396
18.17 0.9951708180918001
18.18 0.9951847683587934
18.19 0.9951986794424839
18.2 0.9952125514786636
18.21 0.995226384602652
18.22 0.9952401789492951
18.23 0.995253934652966
18.240000000000002 0.9952676518475645
18.25 0.995281330666518
18.26 0.9952949712427805
18.27 0.9953085737088335
18.28 0.9953221381966844
18.29 0.9953356648378683
18.3 0.9953491537634473
18.31 0.9953626051040096
18.32 0.9953760189803145
18.330000000000002 0.9953893954849536
18.34 0.9954027347387576
18.35 0.9954160368650748
18.36 0.995429301986604
18.37 0.9954425302253918
18.38 0.9954557217028354
18.39 0.9954688765396804
18.400000000000002 0.9954819948560226
18.41 0.9954950767713066
18.42 0.9955081224043261
18.43 0.9955211318732242
18.44 0.995534105295493
18.45 0.9955470427879743
18.46 0.9955599444668588
18.47 0.9955728104476863
18.48 0.9955856408453456
18.490000000000002 0.9955984357740751
18.5 0.9956111953474618
18.51 0.9956239196784425
18.52 0.995636608879302
18.53 0.9956492630616758
18.54 0.9956618823365463
18.55 0.9956744668142468
18.56 0.9956870166044585
18.57 0.9956995318162122
18.580000000000002 0.9957120125578879
18.59 0.9957244589372131
18.6 0.9957368710613815
18.61 0.9957492490372983
18.62 0.9957615929708499
18.63 0.9957739029672295
18.64 0.9957861791309812
18.650000000000002 0.995798421566001
18.66 0.9958106303755354
18.67 0.9958228056621821
18.68 0.9958349475278901
18.69 0.9958470560739595
18.7 0.9958591314010415
18.71 0.995871173609138
18.72 0.9958831827976029
18.73 0.9958951590651399
18.740000000000002 0.9959071025098046
18.75 0.9959190132290031
18.76 0.9959308913194932
18.77 0.9959427368773828
18.78 0.995954549998131
18.79 0.9959663307765488
18.8 0.9959780793067969
18.81 0.9959897956823873
18.82 0.996001479996183
18.830000000000002 0.9960131323403986
18.84 0.9960247528065981
18.85 0.9960363414856974
18.86 0.9960478984679634
18.87 0.996059423843013
18.88 0.9960709177085747
18.89 0.9960823801913566
18.900000000000002 0.9960938113881453
18.91 0.9961052113914666
18.92 0.9961165802933808
18.93 0.9961279181854817
18.94 0.9961392251588967
18.95 0.9961505013042871
18.96 0.9961617467118469
18.97 0.9961729614713047
18.98 0.996184145671922
18.990000000000002 0.9961952994024945
19.0 0.9962064227513509
19.01 0.9962175158063534
19.02 0.9962285786548983
19.03 0.9962396113839149
19.04 0.9962506140798667
19.05 0.9962615868287497
19.06 0.9962725297160938
19.07 0.9962834428269634
19.080000000000002 0.9962943262459547
19.09 0.9963051800571985
19.1 0.9963160043443586
19.11 0.9963267991906323
19.12 0.9963375646787506
19.13 0.9963483008909776
19.14 0.9963590079091109
19.150000000000002 0.9963696858144817
19.16 0.996380334681862
19.17 0.9963909545635399
19.18 0.9964015455325816
19.19 0.9964121076644297
19.2 0.996422641033926
19.21 0.9964331457153122
19.22 0.9964436217822293
19.23 0.996454069307719
19.240000000000002 0.9964644883642215
19.25 0.9964748790235771
19.26 0.996485241357026
19.27 0.9964955754352075
19.28 0.9965058813281606
19.29 0.9965161591053244
19.3 0.9965264088355373
19.31 0.996536630587037
19.32 0.9965468244274609
19.330000000000002 0.9965569904238462
19.34 0.9965671286426291
19.35 0.9965772391496462
19.36 0.9965873220101331
19.37 0.9965973772887247
19.38 0.9966074050494558
19.39 0.9966174053557606
19.400000000000002 0.9966273782704725
19.41 0.9966373238558249
19.42 0.9966472421734506
19.43 0.9966571332843809
19.44 0.9966669972638234
19.45 0.9966768342434498
19.46 0.9966866443005437
19.47 0.9966964275039959
19.48 0.996706183922438
19.490000000000002 0.9967159136242421
19.5 0.9967256166775207
19.51 0.9967352931501268
19.52 0.9967449431096541
19.53 0.9967545666234366
19.54 0.9967641637585493
19.55 0.996773734581807
19.56 0.9967832791597654
19.57 0.9967927975587205
19.580000000000002 0.9968022898447095
19.59 0.9968117560835087
19.6 0.9968211963406364
19.61 0.9968306106813503
19.62 0.9968399991706487
19.63 0.996849361873271
19.64 0.9968586988536962
19.650000000000002 0.9968680101761443
19.66 0.9968772959045761
19.67 0.9968865561026915
19.68 0.9968957908339322
19.69 0.9969050001614796
19.7 0.9969141841482558
19.71 0.9969233428569232
19.72 0.9969324763490883
19.73 0.9969415846828137
19.740000000000002 0.9969506679189266
19.75 0.9969597261184692
19.76 0.9969687593422036
19.77 0.9969777676506146
19.78 0.9969867511039066
19.79 0.996995709762005
19.8 0.9970046436845574
19.81 0.9970135529309312
19.82 0.9970224375602151
19.830000000000002 0.9970312976312193
19.84 0.9970401332024743
19.85 0.9970489443322316
19.86 0.9970577310784644
19.87 0.9970664934988662
19.88 0.9970752316508511
19.89 0.9970839455915553
19.900000000000002 0.9970926353778348
19.91 0.9971013010662673
19.92 0.9971099427131512
19.93 0.9971185603745054
19.94 0.9971271541060703
19.95 0.997135723963307
19.96 0.9971442700013975
19.97 0.9971527922752448
19.98 0.9971612908394725
19.990000000000002 0.9971697657484255
20.0 0.9971782170641167
20.01 0.9971866448833403
20.02 0.997195049271069
20.03 0.9972034302866623
20.04 0.9972117879894036
20.05 0.9972201224385013
20.06 0.9972284336930888
20.07 0.9972367218122246
20.080000000000002 0.9972449868548917
20.09 0.997253228879998
20.1 0.9972614479463767
20.11 0.9972696441127852
20.12 0.9972778174379061
20.13 0.9972859679803469
20.14 0.9972940957986396
20.150000000000002 0.9973022009512417
20.16 0.9973102834965344
20.17 0.997318343492825
20.18 0.9973263809983448
20.19 0.9973343960712506
20.2 0.997342388769623
20.21 0.9973503591514686
20.22 0.9973583072747176
20.23 0.9973662331972264
20.240000000000002 0.997374136976775
20.25 0.9973820186710686
20.26 0.9973898783377375
20.27 0.9973977160343366
20.28 0.9974055318141685
20.29 0.9974133257107606
20.3 0.9974210977748796
20.31 0.997428848060377
20.32 0.9974365766209152
20.330000000000002 0.9974442835099683
20.34 0.997451968780822
20.35 0.9974596324865733
20.36 0.9974672746801304
20.37 0.9974748954142133
20.38 0.9974824947413539
20.39 0.9974900727138949
20.400000000000002 0.9974976293839903
20.41 0.9975051648036067
20.42 0.9975126790245207
20.43 0.997520172098321
20.44 0.9975276440764081
20.45 0.997535095009994
20.46 0.9975425249501009
20.47 0.9975499339475635
20.48 0.997557322053028
20.490000000000002 0.9975646893169513
20.5 0.9975720357896027
20.51 0.9975793615210619
20.52 0.9975866665612204
20.53 0.9975939509597818
20.54 0.9976012147662601
20.55 0.9976084580299811
20.56 0.9976156808074531
20.57 0.9976228831921864
20.580000000000002 0.9976300652455725
20.59 0.9976372270225352
20.6 0.9976443685780226
20.61 0.9976514899670043
20.62 0.997658591244473
20.63 0.9976656724654452
20.64 0.9976727336849603
20.650000000000002 0.9976797749580801
20.66 0.9976867963398894
20.67 0.9976937978854963
20.68 0.9977007796500318
20.69 0.9977077416886496
20.7 0.9977146840565272
20.71 0.997721606808864
20.72 0.997728510000883
20.73 0.9977353936878298
20.740000000000002 0.9977422579249736
20.75 0.9977491027676059
20.76 0.9977559282710413
20.77 0.9977627344906171
20.78 0.9977695214816947
20.79 0.9977762892996568
20.8 0.9977830379999106
20.81 0.9977897676378847
20.82 0.9977964782690323
20.830000000000002 0.997803169948828
20.84 0.9978098427278681
20.85 0.9978164966303007
20.86 0.997823131702492
20.87 0.9978297479955326
20.88 0.9978363455603874
20.89 0.9978429244478937
20.900000000000002 0.997849484708764
20.91 0.9978560263935835
20.92 0.9978625495528117
20.93 0.9978690542367818
20.94 0.9978755404957003
20.95 0.9978820083796481
20.96 0.9978884579385794
20.97 0.9978948892223221
20.98 0.997901302280578
20.990000000000002 0.9979076971629225
21.0 0.9979140739188052
21.01 0.9979204325975484
21.02 0.9979267732483492
21.03 0.9979330959202777
21.04 0.9979394006622783
21.05 0.9979456875231681
21.06 0.9979519565516394
21.07 0.9979582077962569
21.080000000000002 0.9979644413054597
21.09 0.99797065712756
21.1 0.9979768553107445
21.11 0.997983035903073
21.12 0.9979891989556806
21.13 0.9979953445380916
21.14 0.998001472704546
21.150000000000002 0.9980075835057012
21.16 0.9980136769921921
21.17 0.9980197532146304
21.18 0.9980258122236053
21.19 0.9980318540696828
21.2 0.9980378788034063
21.21 0.998043886475296
21.22 0.9980498771358495
21.23 0.9980558508355413
21.240000000000002 0.9980618076248237
21.25 0.9980677475541246
21.26 0.998073670673851
21.27 0.998079577034385
21.28 0.9980854666860873
21.29 0.9980913396792954
21.3 0.9980971960643232
21.31 0.9981030358914627
21.32 0.998108859210982
21.330000000000002 0.9981146660731273
21.34 0.998120456528121
21.35 0.998126230626163
21.36 0.9981319884174312
21.37 0.9981377299520784
21.38 0.9981434552802366
21.39 0.9981491644520138
21.400000000000002 0.9981548575138672
21.41 0.9981605344897415
21.42 0.9981661954215282
21.43 0.9981718403555054
21.44 0.9981774693378034
21.45 0.9981830824144039
21.46 0.9981886796311428
21.47 0.9981942610337061
21.48 0.9981998266676342
21.490000000000002 0.9982053765783186
21.5 0.9982109108110039
21.51 0.9982164294107864
21.52 0.9982219324226149
21.53 0.9982274198912914
21.54 0.9982328918614686
21.55 0.998238348377653
21.56 0.9982437894842031
21.57 0.9982492152253295
21.580000000000002 0.9982546256450946
21.59 0.9982600207874142
21.6 0.998265400696056
21.61 0.9982707654146394
21.62 0.9982761149866374
21.63 0.9982814494553742
21.64 0.9982867688640271
21.650000000000002 0.9982920732556247
21.66 0.9982973626730494
21.67 0.9983026371590346
21.68 0.9983078967580387
21.69 0.9983131415268269
21.7 0.9983183715123082
21.71 0.9983235867586809
21.72 0.9983287873100659
21.73 0.998333973210503
21.740000000000002 0.9983391445039544
21.75 0.9983443012343028
21.76 0.9983494434453515
21.77 0.9983545711808249
21.78 0.9983596844843684
21.79 0.9983647833995478
21.8 0.9983698679698506
21.81 0.9983749382386847
21.82 0.9983799942493791
21.830000000000002 0.9983850360451831
21.84 0.998390063669268
21.85 0.9983950771647249
21.86 0.9984000765745666
21.87 0.998405061941726
21.88 0.9984100333090579
21.89 0.9984149907193368
21.900000000000002 0.998419934215259
21.91 0.9984248638394411
21.92 0.9984297796344213
21.93 0.9984346816426576
21.94 0.9984395699065299
21.95 0.9984444444683386
21.96 0.9984493053683918
21.97 0.9984541526332573
21.98 0.9984589862998076
21.990000000000002 0.9984638064077849
22.0 0.9984686129967769
22.01 0.9984734061062178
22.02 0.9984781857753879
22.03 0.9984829520434139
22.04 0.9984877049492673
22.05 0.9984924445317664
22.06 0.9984971708295757
22.07 0.9985018838812051
22.080000000000002 0.998506583725011
22.09 0.9985112703991954
22.1 0.9985159439418068
22.11 0.9985206043907393
22.12 0.9985252517837331
22.13 0.9985298861583743
22.14 0.9985345075520954
22.150000000000002 0.9985391160021742
22.16 0.9985437115457351
22.17 0.9985482942197482
22.18 0.9985528640610296
22.19 0.9985574211062415
22.2 0.9985619653918918
22.21 0.9985664969543352
22.22 0.998571015829771
22.23 0.9985755220542457
22.240000000000002 0.9985800156648015
22.25 0.9985844967071651
22.26 0.9985889652203627
22.27 0.9985934212412673
22.28 0.9985978648066454
22.29 0.9986022959531582
22.3 0.9986067147173606
22.31 0.9986111211357025
22.32 0.9986155152445265
22.330000000000002 0.998619897080071
22.34 0.9986242666784673
22.35 0.998628624075741
22.36 0.9986329693078128
22.37 0.9986373024104964
22.38 0.9986416234195002
22.39 0.9986459323704273
22.400000000000002 0.9986502292987736
22.41 0.9986545142399302
22.42 0.998658787229182
22.43 0.9986630483017083
22.44 0.9986672974925817
22.45 0.9986715348367697
22.46 0.9986757603691345
22.47 0.998679974124431
22.48 0.9986841761373092
22.490000000000002 0.998688366442313
22.5 0.9986925450738804
22.51 0.9986967120663431
22.52 0.9987008674530791
22.53 0.9987050112603342
22.54 0.9987091435193153
22.55 0.9987132642627885
22.56 0.998717373523377
22.57 0.9987214713335593
22.580000000000002 0.99872555772567
22.59 0.9987296327318993
22.6 0.9987336963842942
22.61 0.9987377487147565
22.62 0.9987417897550451
22.63 0.9987458195367738
22.64 0.9987498380914134
22.650000000000002 0.9987538454502894
22.66 0.9987578416445848
22.67 0.9987618267053371
22.68 0.9987658006634407
22.69 0.9987697635496452
22.7 0.998773715394557
22.71 0.9987776562286376
22.72 0.9987815860822051
22.73 0.9987855049854326
22.740000000000002 0.9987894129683504
22.75 0.998793310060844
22.76 0.998797196292655
22.77 0.9988010716933805
22.78 0.9988049362924742
22.79 0.9988087901192453
22.8 0.9988126332040969
22.81 0.9988164655883311
22.82 0.9988202873053583
22.830000000000002 0.9988240983857013
22.84 0.9988278988597984
22.85 0.9988316887580034
22.86 0.9988354681105859
22.87 0.9988392369477316
22.88 0.9988429952995417
22.89 0.9988467431960331
22.900000000000002 0.998850480667139
22.91 0.9988542077427067
22.92 0.9988579244525018
22.93 0.9988616308262036
22.94 0.9988653268934079
22.95 0.9988690126836262
22.96 0.9988726882262857
22.97 0.9988763535507295
22.98 0.9988800086862158
22.990000000000002 0.9988836536619197
23.0 0.9988872885069311
23.01 0.998890913250256
23.02 0.9988945279208157
23.03 0.9988981325474483
23.04 0.9989017271589061
23.05 0.9989053117838583
23.06 0.9989088864508902
23.07 0.998912451188501
23.080000000000002 0.9989160060243629
23.09 0.998919550978884
23.1 0.9989230860772836
23.11 0.9989266113465642
23.12 0.9989301268136053
23.13 0.998933632505164
23.14 0.9989371284478731
23.150000000000002 0.9989406146682435
23.16 0.998944091192662
23.17 0.9989475580473932
23.18 0.9989510152585778
23.19 0.9989544628522343
23.2 0.9989579008542571
23.21 0.9989613292904184
23.22 0.9989647481863664
23.23 0.9989681575676269
23.240000000000002 0.9989715574596022
23.25 0.9989749478875719
23.26 0.998978328876692
23.27 0.9989817004519961
23.28 0.9989850626383937
23.29 0.9989884154606722
23.3 0.9989917589434948
23.31 0.998995093111403
23.32 0.9989984179888138
23.330000000000002 0.9990017336000218
23.34 0.9990050399691982
23.35 0.9990083371203918
23.36 0.9990116250785215
23.37 0.9990149038787647
23.38 0.9990181735493047
23.39 0.9990214341153728
23.400000000000002 0.9990246856021342
23.41 0.9990279280346852
23.42 0.999031161438057
23.43 0.9990343858372129
23.44 0.9990376012570493
23.45 0.9990408077223952
23.46 0.9990440052580132
23.47 0.9990471938885985
23.48 0.9990503736387789
23.490000000000002 0.9990535445331162
23.5 0.9990567065961042
23.51 0.99905985985217
23.52 0.9990630043256735
23.53 0.9990661400409082
23.54 0.9990692670220994
23.55 0.9990723852934066
23.56 0.9990754948789213
23.57 0.9990785958026683
23.580000000000002 0.9990816880886054
23.59 0.9990847717606238
23.6 0.9990878468425466
23.61 0.9990909133581307
23.62 0.9990939713310657
23.63 0.9990970207849741
23.64 0.9991000617430865
23.650000000000002 0.9991030942248849
23.66 0.9991061182521468
23.67 0.9991091338476328
23.68 0.999112141034016
23.69 0.9991151398338836
23.7 0.9991181302697346
23.71 0.9991211123639815
23.72 0.9991240861389503
23.73 0.9991270516168799
23.740000000000002 0.9991300088199215
23.75 0.9991329577701404
23.76 0.9991358984895147
23.77 0.9991388309999348
23.78 0.9991417553232049
23.79 0.9991446714810424
23.8 0.9991475794950768
23.81 0.9991504793868521
23.82 0.9991533711778234
23.830000000000002 0.9991562548893611
23.84 0.9991591305427467
23.85 0.9991619981591758
23.86 0.9991648577597572
23.87 0.9991677093655118
23.88 0.9991705529973743
23.89 0.9991733886761923
23.900000000000002 0.9991762164227265
23.91 0.9991790362576503
23.92 0.9991818482021522
23.93 0.9991846522847476
23.94 0.9991874485292597
23.95 0.9991902369572109
23.96 0.999193017590077
23.97 0.9991957904492865
23.98 0.9991985555562217
23.990000000000002 0.9992013129322175
24.0 0.9992040625985621
24.01 0.9992068045764967
24.02 0.9992095388872159
24.03 0.9992122655518672
24.04 0.9992149845915512
24.05 0.9992176960273219
24.060000000000002 0.9992203998801864
24.07 0.9992230961711046
24.080000000000002 0.99922578492099
24.09 0.9992284661507088
24.1 0.9992311398810803
24.11 0.9992338061328769
24.12 0.9992364649268252
24.13 0.9992391162836034
24.14 0.9992417602238438
24.150000000000002 0.9992443967681309
24.16 0.9992470259370038
24.17 0.9992496477509534
24.18 0.999252262230424
24.19 0.9992548693958133
24.2 0.9992574692672611
24.21 0.9992600618620161
24.22 0.999262647198988
24.23 0.9992652252979273
24.240000000000002 0.9992677961785221
24.25 0.9992703598603987
24.26 0.999272916363121
24.27 0.9992754657061902
24.28 0.9992780079090459
24.29 0.9992805429910643
24.3 0.9992830709715608
24.310000000000002 0.9992855918697875
24.32 0.9992881057049344
24.330000000000002 0.9992906124961295
24.34 0.9992931122624382
24.35 0.9992956050228637
24.36 0.9992980907963471
24.37 0.9993005696017668
24.38 0.9993030414579397
24.39 0.9993055063836194
24.400000000000002 0.9993079643974978
24.41 0.9993104155182044
24.42 0.9993128597643065
24.43 0.999315297154309
24.44 0.9993177277066548
24.45 0.999320151439724
24.46 0.9993225683718345
24.47 0.9993249785212426
24.48 0.9993273819064249
24.490000000000002 0.999329778549973
24.5 0.999332168471997
24.51 0.99933455169118
24.52 0.9993369282261657
24.53 0.9993392980955574
24.54 0.9993416613179193
24.55 0.9993440179117762
24.560000000000002 0.9993463678956127
24.57 0.9993487112878745
24.580000000000002 0.9993510481069672
24.59 0.9993533783712566
24.6 0.9993557020990693
24.61 0.9993580193086925
24.62 0.999360330018373
24.63 0.9993626342463189
24.64 0.9993649320106979
24.650000000000002 0.9993672233296382
24.66 0.9993695082212289
24.67 0.9993717867035192
24.68 0.9993740587945186
24.69 0.9993763245121967
24.7 0.9993785838744842
24.71 0.9993808368992716
24.72 0.9993830836044102
24.73 0.9993853240077116
24.740000000000002 0.9993875581269471
24.75 0.9993897859798494
24.76 0.9993920075839939
24.77 0.9993942229550192
24.78 0.9993964321095822
24.79 0.9993986350649483
24.8 0.9994008318383334
24.810000000000002 0.9994030224469034
24.82 0.9994052069077736
24.830000000000002 0.9994073852380103
24.84 0.9994095574546286
24.85 0.9994117235745952
24.86 0.9994138836148255
24.87 0.9994160375921859
24.88 0.9994181855234922
24.89 0.9994203274255101
24.900000000000002 0.9994224633149563
24.91 0.9994245932084966
24.92 0.9994267171227472
24.93 0.9994288350742746
24.94 0.9994309470795943
24.95 0.9994330531551734
24.96 0.9994351533174277
24.97 0.9994372475827242
24.98 0.9994393359673782
24.990000000000002 0.9994414184876571
25.0 0.9994434951597769
25.01 0.9994455659999044
25.02 0.9994476310241558
25.03 0.9994496902485978
25.04 0.9994517436893644
25.05 0.9994537913646231
25.060000000000002 0.9994558332913772
25.07 0.9994578694858339
25.080000000000002 0.9994598999641614
25.09 0.9994619247424893
25.1 0.9994639438369083
25.11 0.9994659572634712
25.12 0.9994679650381925
25.13 0.9994699671770468
25.14 0.9994719636959718
25.150000000000002 0.9994739546108654
25.16 0.9994759399375878
25.17 0.9994779196919594
25.18 0.999479893889764
25.19 0.9994818625467448
25.2 0.9994838256786078
25.21 0.9994857833010203
25.22 0.9994877354296102
25.23 0.9994896820799679
25.240000000000002 0.9994916232676446
25.25 0.999493559008153
25.26 0.9994954893169674
25.27 0.9994974142095233
25.28 0.9994993337012184
25.29 0.9995012478074109
25.3 0.9995031565434209
25.310000000000002 0.9995050599245296
25.32 0.999506957965947
25.330000000000002 0.9995088506821774
25.34 0.999510738088029
25.35 0.9995126201985197
25.36 0.9995144970286253
25.37 0.9995163685932799
25.38 0.9995182349073748
25.39 0.9995200959857593
25.400000000000002 0.9995219518432403
25.41 0.9995238024945833
25.42 0.99952564795451
25.43 0.9995274882377013
25.44 0.9995293233587953
25.45 0.9995311533323878
25.46 0.9995329781730329
25.47 0.9995347978952417
25.48 0.9995366125134838
25.490000000000002 0.9995384220421858
25.5 0.999540226495733
25.51 0.9995420258884679
25.52 0.9995438202346905
25.53 0.9995456095486596
25.54 0.9995473938445907
25.55 0.9995491731366571
25.560000000000002 0.9995509474389911
25.57 0.9995527167656816
25.580000000000002 0.9995544811307752
25.59 0.9995562405482774
25.6 0.9995579950321838
25.61 0.9995597445971834
25.62 0.9995614892575643
25.63 0.9995632290272836
25.64 0.9995649639202602
25.650000000000002 0.9995666939503743
25.66 0.9995684191314695
25.67 0.9995701394773497
25.68 0.9995718550017818
25.69 0.9995735657184935
25.7 0.9995752716411754
25.71 0.9995769727834787
25.72 0.9995786691590179
25.73 0.999580360781368
25.740000000000002 0.9995820476640667
25.75 0.9995837298206132
25.76 0.9995854072644688
25.77 0.999587080009056
25.78 0.99958874806776
25.79 0.9995904114539275
25.8 0.9995920701808667
25.810000000000002 0.9995937242618481
25.82 0.9995953737101041
25.830000000000002 0.9995970185388282
25.84 0.9995986587611767
25.85 0.9996002943902671
25.86 0.9996019254391789
25.87 0.9996035519209536
25.88 0.9996051738485727
25.89 0.9996067912344396
25.900000000000002 0.9996084040911708
25.91 0.9996100124315646
25.92 0.9996116162683798
25.93 0.9996132156143333
25.94 0.9996148104821
25.95 0.9996164008843151
25.96 0.9996179868335723
25.97 0.9996195683424228
25.98 0.9996211454233782
25.990000000000002 0.9996227180889081
26.0 0.9996242863514414
26.01 0.9996258502233655
26.02 0.9996274097170268
26.03 0.9996289648447301
26.04 0.9996305156187396
26.05 0.9996320620512784
26.060000000000002 0.9996336041545277
26.07 0.9996351419406281
26.080000000000002 0.9996366754216788
26.09 0.9996382046097382
26.1 0.9996397295168231
26.11 0.999641250154909
26.12 0.9996427665359309
26.13 0.9996442786717818
26.14 0.9996457865743147
26.150000000000002 0.9996472902553398
26.16 0.9996487897266739
26.17 0.9996502850013818
26.18 0.9996517760919208
26.19 0.9996532630101532
26.2 0.9996547457679075
26.21 0.9996562243769774
26.22 0.9996576988491241
26.23 0.9996591691960738
26.240000000000002 0.9996606354295188
26.25 0.9996620975611181
26.26 0.9996635556024962
26.27 0.9996650095652437
26.28 0.9996664594609181
26.29 0.999667905301042
26.3 0.9996693470971045
26.310000000000002 0.9996707848605608
26.32 0.9996722186028324
26.330000000000002 0.9996736483353059
26.34 0.9996750740693355
26.35 0.9996764958162401
26.36 0.9996779135873054
26.37 0.9996793273937832
26.38 0.9996807372468907
26.39 0.999682143157812
26.400000000000002 0.9996835451376974
26.41 0.9996849431976621
26.42 0.9996863373487889
26.43 0.9996877276021253
26.44 0.999689113968675
26.45 0.9996904964590713
26.46 0.9996918750840531
26.47 0.9996932498544756
26.48 0.9996946207811592
26.490000000000002 0.9996959878748872
26.5 0.9996973511464082
26.51 0.9996987106064348
26.52 0.999700066265643
26.53 0.9997014181346741
26.54 0.9997027662241325
26.55 0.9997041105445871
26.560000000000002 0.9997054511065718
26.57 0.9997067879205835
26.580000000000002 0.999708120997084
26.59 0.9997094503464984
26.6 0.9997107759792173
26.61 0.9997120979055947
26.62 0.9997134161359482
26.63 0.9997147306805607
26.64 0.999716041549679
26.650000000000002 0.9997173487535131
26.66 0.9997186523022382
26.67 0.9997199522059937
26.68 0.9997212484748822
26.69 0.9997225411189716
26.7 0.9997238301482934
26.71 0.9997251155728429
26.72 0.999726397402611
26.73 0.999727675648663
26.740000000000002 0.9997289503216
26.75 0.9997302214314635
26.76 0.9997314889882659
26.77 0.9997327530019903
26.78 0.9997340134825891
26.79 0.9997352704399872
26.8 0.9997365238840782
26.810000000000002 0.9997377738247272
26.82 0.9997390202717699
26.830000000000002 0.9997402632350123
26.84 0.9997415027242307
26.85 0.9997427387491721
26.86 0.9997439713195545
26.87 0.9997452004450658
26.88 0.9997464261353646
26.89 0.9997476484000803
26.900000000000002 0.9997488672488127
26.91 0.9997500826911323
26.92 0.9997512947365792
26.93 0.9997525033946656
26.94 0.9997537086748729
26.95 0.9997549105866537
26.96 0.9997561091394308
26.97 0.9997573043425981
26.98 0.9997584962055194
26.990000000000002 0.9997596847375294
27.0 0.999760869947932
27.01 0.9997620518459582
27.02 0.9997632304408248
27.03 0.9997644057417407
27.04 0.9997655777578855
27.05 0.9997667464984089
27.060000000000002 0.9997679119724312
27.07 0.9997690741890423
27.080000000000002 0.999770233157303
27.09 0.9997713888862438
27.1 0.9997725413848663
27.11 0.9997736906621416
27.12 0.9997748367270116
27.13 0.9997759795883882
27.14 0.9997771192551536
27.150000000000002 0.9997782557361597
27.16 0.9997793890402307
27.17 0.999780519176159
27.18 0.9997816461527074
27.19 0.9997827699786103
27.2 0.9997838906625712
27.21 0.9997850082132645
27.22 0.9997861226393349
27.23 0.9997872339493967
27.240000000000002 0.9997883421520349
27.25 0.9997894472558058
27.26 0.9997905492692338
27.27 0.9997916482008153
27.28 0.999792744059032
27.29 0.9997938368531051
27.3 0.999794926591974
27.310000000000002 0.9997960132841502
27.32 0.9997970969381191
27.330000000000002 0.9997981775623417
27.34 0.9997992551652536
27.35 0.9998003297552652
27.36 0.9998014013407612
27.37 0.9998024699301019
27.38 0.999803535531622
27.39 0.9998045981536311
27.400000000000002 0.9998056578044134
27.41 0.9998067144922279
27.42 0.9998077682253087
27.43 0.9998088190118646
27.44 0.999809866860079
27.45 0.9998109117781101
27.46 0.999811953774091
27.47 0.99981299285613
27.48 0.9998140290323095
27.490000000000002 0.9998150623106868
27.5 0.9998160926992947
27.51 0.99981712020614
27.52 0.9998181448392045
27.53 0.9998191666064452
27.54 0.9998201855157934
27.55 0.9998212015751555
27.560000000000002 0.9998222147924181
27.57 0.9998232251757649
27.580000000000002 0.9998242327332597
27.59 0.9998252374727652
27.6 0.9998262394021201
27.61 0.9998272385291403
27.62 0.9998282348616191
27.63 0.9998292284073256
27.64 0.9998302191740059
27.650000000000002 0.999831207169383
27.66 0.9998321924011563
27.67 0.9998331748770019
27.68 0.999834154604573
27.69 0.9998351315914994
27.7 0.9998361058453875
27.71 0.9998370773738204
27.72 0.999838046184358
27.73 0.9998390122845369
27.740000000000002 0.9998399756818704
27.75 0.9998409363838485
27.76 0.9998418943979382
27.77 0.9998428497315828
27.78 0.999843802392202
27.79 0.9998447523871936
27.8 0.9998456997239307
27.810000000000002 0.9998466444097639
27.82 0.99984758645202
27.830000000000002 0.9998485258580029
27.84 0.9998494626349987
27.85 0.9998503967906743
27.86 0.9998513283325662
27.87 0.9998522572679577
27.88 0.9998531836041108
27.89 0.9998541073482669
27.900000000000002 0.9998550285076464
27.91 0.999855947089449
27.92 0.9998568631008538
27.93 0.9998577765490183
27.94 0.9998586874410804
27.95 0.9998595957841557
27.96 0.9998605015853398
27.97 0.9998614048517078
27.98 0.9998623055903131
27.990000000000002 0.9998632038081887
28.0 0.9998640995123468
28.01 0.9998649927097785
28.02 0.9998658834074542
28.03 0.9998667716123237
28.04 0.9998676573313156
28.05 0.9998685405713379
28.060000000000002 0.9998694213392776
28.07 0.9998702996420007
28.080000000000002 0.9998711754863532
28.09 0.999872048879159
28.1 0.9998729198272219
28.11 0.9998737883373248
28.12 0.999874654416232
28.13 0.9998755180708395
28.14 0.9998763793079877
28.150000000000002 0.9998772381344041
28.16 0.999878094556797
28.17 0.9998789485818532
28.18 0.9998798002162407
28.19 0.9998806494666076
28.2 0.9998814963395816
28.21 0.9998823408417715
28.22 0.9998831829797645
28.23 0.9998840227601293
28.240000000000002 0.9998848601894146
28.25 0.9998856952741485
28.26 0.9998865280208397
28.27 0.9998873584359768
28.28 0.9998881865260288
28.29 0.9998890122974446
28.3 0.999889835756653
28.310000000000002 0.9998906569100632
28.32 0.9998914757640643
28.330000000000002 0.9998922923250261
28.34 0.9998931065992975
28.35 0.999893918593208
28.36 0.9998947283130675
28.37 0.9998955357651655
28.38 0.9998963409557722
28.39 0.9998971438911365
28.400000000000002 0.9998979445774933
28.41 0.9998987430214794
28.42 0.9998995392296302
28.43 0.9999003332081945
28.44 0.999901124963404
28.45 0.9999019145014725
28.46 0.999902701828597
28.47 0.9999034869509575
28.48 0.9999042698747164
28.490000000000002 0.9999050506060184
28.5 0.9999058291509919
28.51 0.999906605515748
28.52 0.9999073797063794
28.53 0.9999081517289627
28.54 0.9999089215895568
28.55 0.9999096892942032
28.560000000000002 0.9999104548489266
28.57 0.9999112182597338
28.580000000000002 0.9999119795326151
28.59 0.999912738673543
28.6 0.9999134956884732
28.61 0.9999142505833435
28.62 0.9999150033640753
28.63 0.9999157540365715
28.64 0.9999165026067192
28.650000000000002 0.9999172490803876
28.66 0.9999179934634284
28.67 0.9999187357616759
28.68 0.9999194759809484
28.69 0.9999202141271095
28.7 0.9999209502059951
28.71 0.9999216842233829
28.72 0.9999224161850341
28.73 0.9999231460966918
28.740000000000002 0.9999238739640834
28.75 0.9999245997929189
28.76 0.9999253235888913
28.77 0.9999260453576769
28.78 0.9999267651049363
28.79 0.9999274828363108
28.8 0.9999281985574271
28.810000000000002 0.999928912273894
28.82 0.9999296239913037
28.830000000000002 0.999930333715231
28.84 0.9999310414512348
28.85 0.9999317472048566
28.86 0.999932450981621
28.87 0.999933152787036
28.88 0.9999338526265927
28.89 0.999934550505765
28.900000000000002 0.9999352464300102
28.91 0.999935940404769
28.92 0.9999366324354648
28.93 0.9999373225275047
28.94 0.9999380106862781
28.95 0.9999386969171583
28.96 0.9999393812255027
28.97 0.9999400636169495
28.98 0.9999407440970851
28.990000000000002 0.9999414226712724
29.0 0.9999420993448589
29.01 0.9999427741231779
29.02 0.9999434470115467
29.03 0.9999441180152692
29.04 0.999944787139633
29.05 0.9999454543899111
29.060000000000002 0.9999461197713619
29.07 0.999946783289229
29.080000000000002 0.9999474449487407
29.09 0.99994810475511
29.1 0.999948762713536
29.11 0.9999494188292022
29.12 0.9999500731072772
29.13 0.9999507255529149
29.14 0.9999513761712537
29.150000000000002 0.9999520249674185
29.16 0.9999526719465174
29.17 0.9999533171136449
29.18 0.9999539604738803
29.19 0.9999546020322875
29.2 0.999955241793916
29.21 0.9999558797638002
29.22 0.9999565159469592
29.23 0.9999571503483979
29.240000000000002 0.999957782973106
29.25 0.9999584138261196
29.26 0.9999590429124561
29.27 0.9999596702370716
29.28 0.9999602958049086
29.29 0.9999609196208954
29.3 0.9999615416899448
29.310000000000002 0.9999621620169561
29.32 0.9999627806068131
29.330000000000002 0.9999633974643855
29.34 0.999964012594529
29.35 0.9999646260020844
29.36 0.9999652376918774
29.37 0.9999658476687201
29.38 0.9999664559374093
29.39 0.9999670625027278
29.400000000000002 0.9999676673694442
29.41 0.9999682705423113
29.42 0.9999688720260688
29.43 0.9999694718254408
29.44 0.999970069945138
29.45 0.9999706663898555
29.46 0.9999712611642745
29.47 0.9999718542730611
29.48 0.9999724457208677
29.490000000000002 0.9999730355123319
29.5 0.9999736236520761
29.51 0.9999742101447093
29.52 0.9999747949948254
29.53 0.9999753782071623
29.54 0.9999759597864387
29.55 0.999976539737237
29.560000000000002 0.9999771180641259
29.57 0.9999776947716605
29.580000000000002 0.9999782698643824
29.59 0.99997884334682
29.6 0.9999794152234882
29.61 0.9999799854988882
29.62 0.9999805541775084
29.63 0.9999811212638229
29.64 0.9999816867622929
29.650000000000002 0.9999822506773662
29.66 0.9999828130134766
29.67 0.9999833737750451
29.68 0.9999839329664789
29.69 0.999984490592172
29.7 0.9999850466565043
29.71 0.9999856011638435
29.72 0.9999861541185425
29.73 0.9999867055249417
29.740000000000002 0.9999872553873675
29.75 0.9999878037101332
29.76 0.9999883504975385
29.77 0.9999888957538694
29.78 0.999989439483399
29.79 0.9999899816903867
29.8 0.9999905223790786
29.810000000000002 0.9999910615538871
29.82 0.9999915992192164
29.830000000000002 0.9999921353793092
29.84 0.9999926700383956
29.85 0.9999932032006943
29.86 0.999993734870411
29.87 0.9999942650517397
29.88 0.9999947937488624
29.89 0.9999953209659481
29.900000000000002 0.9999958467071544
29.91 0.9999963709766264
29.92 0.9999968937784969
29.93 0.9999974151168869
29.94 0.999997934995905
29.95 0.999998453419647
29.96 0.9999989703921979
29.97 0.9999994859176288
29.98 1.0
