0.0 0.04999999999999993
0.01 0.04957791283303309
0.02 0.049112351320331524
0.03 0.04860449239714104
0.04 0.04805568392567515
0.05 0.04746734724802333
0.06 0.04684096297304925
0.07 0.04617806502221422
0.08 0.04548026673446111
0.09 0.044749202528045706
0.1 0.043986560440695086
0.11 0.04319408076793241
0.12 0.04237352928283826
0.13 0.04152670070030741
0.14 0.04065541031264659
0.15 0.039761492632718914
0.16 0.038846796733063044
0.17 0.037913179820750514
0.18 0.03696249980540316
0.19 0.03599661637445718
0.2 0.03501738525915597
0.21 0.03402665118540217
0.22 0.03302624454489943
0.23 0.03201798125828774
0.24 0.031003657490481507
0.25 0.02998504238038123
0.26 0.028963879171678086
0.27 0.027941882761301134
0.28 0.026920735450162797
0.29 0.02590208173152292
0.3 0.024887529490437724
0.31 0.023878646848607923
0.32 0.02287695996066022
0.33 0.021883951154786654
0.34 0.020901057243125826
0.35000000000000003 0.01992966793475026
0.36 0.01897112438578312
0.37 0.018026718203844973
0.38 0.017097690294233664
0.39 0.016185229931635396
0.4 0.015290473973396015
0.41000000000000003 0.014414506203199916
0.42 0.013558356784783676
0.43 0.012723001844460805
0.44 0.01190936320702176
0.45 0.011118308188003127
0.46 0.01035064950577512
0.47000000000000003 0.009607145291856918
0.48 0.008888499194246828
0.49 0.008195360700074511
0.5 0.007528325364047891
0.51 0.006887934971680068
0.52 0.0062746780772413024
0.53 0.005688990500016589
0.54 0.0051312558872269876
0.55 0.004601806340333699
0.56 0.004100923152426154
0.5700000000000001 0.0036288375055502156
0.58 0.0031857312263364745
0.59 0.002771737660107739
0.6 0.0023869425613452476
0.61 0.002031385028574643
0.62 0.0017050584868715454
0.63 0.0014079119360164913
0.64 0.0011398506941701497
0.65 0.0009007374100363473
0.66 0.0006903932721393658
0.67 0.0005085991410710439
0.68 0.0003550967088636319
0.6900000000000001 0.00022958968708881346
0.7000000000000001 0.00013174505872675431
0.71 6.119419211001245e-05
0.72 1.7534096625972887e-05
0.73 3.2870189309286944e-07
0.74 9.110131947371106e-06
0.75 4.3379994494296015e-05
0.76 0.00010261067670486526
0.77 0.00018624655405794117
0.78 0.000293705340204559
0.79 0.0004243794255598468
0.8 0.0005776371927223335
0.81 0.0007528243472854669
0.8200000000000001 0.0009492652537860038
0.8300000000000001 0.001166264222205924
0.84 0.0014031064978869412
0.85 0.0016590599836680542
0.86 0.0019333764914950466
0.87 0.00222529301963394
0.88 0.002534033067333734
0.89 0.00285880794606852
0.9 0.0031988180099457447
0.91 0.0035532536748901222
0.92 0.00392129712613324
0.93 0.004302123467955304
0.9400000000000001 0.0046949019623841876
0.9500000000000001 0.005098797283703799
0.96 0.005512970762694205
0.97 0.00593658128085181
0.98 0.006368785804224515
0.99 0.006808741899687769
1.0 0.007255608400458836
1.01 0.007708546503541566
1.02 0.008166720894571801
1.03 0.008629300855529126
1.04 0.009095461054403044
1.05 0.009564382333929894
1.06 0.01003525356050284
1.07 0.010507272283950979
1.08 0.010979645716974698
1.09 0.011451591704579565
1.1 0.011922339671168403
1.11 0.012391130867764971
1.12 0.01285721915230957
1.1300000000000001 0.013319873018723505
1.1400000000000001 0.013778375825637651
1.1500000000000001 0.014232026589663521
1.16 0.014680140755837012
1.17 0.015122050940307483
1.18 0.01555710650438849
1.19 0.015984674677115937
1.2 0.01640414230503741
1.21 0.016814915766426144
1.22 0.017216421541139573
1.23 0.017608106751207664
1.24 0.017989439664875442
1.25 0.01835990965568629
1.26 0.01871902804046073
1.27 0.019066328747473313
1.28 0.0194013684771443
1.29 0.01972372705085569
1.3 0.020033007729131067
1.31 0.02032883741748623
1.32 0.020610864842393564
1.33 0.020878762852601387
1.34 0.021132228931271785
1.35 0.021370984691063508
1.36 0.021594775971455468
1.37 0.021803372906117696
1.3800000000000001 0.021996569916590825
1.3900000000000001 0.022174185172572344
1.4000000000000001 0.022336061235455076
1.41 0.02248206495870414
1.42 0.022612087277642814
1.43 0.022726043094073542
1.44 0.022823871133028834
1.45 0.022905533584917842
1.46 0.022971014606173346
1.47 0.023020321952534492
1.48 0.02305348633973385
1.49 0.023070560932687584
1.5 0.02307162102688924
1.51 0.02305676370585008
1.52 0.023026107125041773
1.53 0.022979788707564078
1.54 0.022917967116499058
1.55 0.0228408211037016
1.56 0.022748548865656665
1.57 0.022641367553471056
1.58 0.022519512764686223
1.59 0.02238323811229831
1.6 0.022232814898567668
1.61 0.022068531109456002
1.62 0.021890691007947966
1.6300000000000001 0.021699614567650335
1.6400000000000001 0.02149563687336524
1.6500000000000001 0.02127910750831946
1.6600000000000001 0.0210503889763254
1.67 0.02080985499596079
1.68 0.020557892936442668
1.69 0.02029490181415472
1.7 0.020021291544321987
1.71 0.019737482251699925
1.72 0.019443903576063154
1.73 0.01914099429890094
1.74 0.018829201740258927
1.75 0.018508980362739944
1.76 0.01818079141159952
1.77 0.01784510221419583
1.78 0.017502385473762233
1.79 0.017153118562935235
1.8 0.016797782273936232
1.81 0.01643686027629404
1.82 0.016070839096337025
1.83 0.015700207012282294
1.84 0.015325453356260024
1.85 0.014947067821801469
1.86 0.014565539772512154
1.87 0.0141813568510748
1.8800000000000001 0.013795004818156958
1.8900000000000001 0.013406967349779988
1.9000000000000001 0.013017725023572221
1.9100000000000001 0.012627754674551323
1.92 0.012237528762752706
1.93 0.011847514774905712
1.94 0.01145817538427657
1.95 0.011069967087784127
1.96 0.010683339423916444
1.97 0.01029873468526006
1.98 0.009916587367628765
1.99 0.009537323633758713
2.0 0.00916136074440358
2.0100000000000002 0.00878910580464802
2.02 0.00842095620337234
2.0300000000000002 0.008057299131771424
2.04 0.007698510931410926
2.05 0.0073449566619135445
2.06 0.006996989688387391
2.07 0.006654951360381682
2.08 0.0063191712345041645
2.09 0.005989965844722507
2.1 0.005667638517060702
2.11 0.005352479175328023
2.12 0.005044764047721972
2.13 0.004744755394226002
2.14 0.00445270120804659
2.15 0.0041688347642162005
2.16 0.003893374803195959
2.17 0.003626525240135091
2.18 0.0033684749709049014
2.19 0.0031193977350015
2.2 0.0028794520017880604
2.21 0.0026487809272810504
2.22 0.0024275124089550675
2.23 0.002215758770045692
2.24 0.0020136168335422866
2.25 0.0018211679369393961
2.2600000000000002 0.001638477956124422
2.27 0.001465597352634497
2.2800000000000002 0.0013025613948229632
2.29 0.0011493904282864793
2.3000000000000003 0.0010060893814591403
2.31 0.0008726481516027895
2.32 0.0007490417689960602
2.33 0.0006352305649785176
2.34 0.0005311603609483417
2.35 0.00043676257824031353
2.36 0.0003519544619676549
2.37 0.00027663961416383477
2.38 0.0002107081368068562
2.39 0.0001540369355848177
2.4 0.00010649004811628948
2.41 6.791899301613561e-05
2.42 3.8163222181399926e-05
2.43 1.7050371526942682e-05
2.44 4.3964958502012205e-06
2.45 6.580686351271019e-09
2.46 3.674952786262382e-06
2.47 1.518570543211379e-05
2.48 3.43131384705638e-05
2.49 6.0822258995963004e-05
2.5 9.446927655981392e-05
2.5100000000000002 0.0001350020521410436
2.52 0.00018216061690174042
2.5300000000000002 0.00023567769040083557
2.54 0.00029527921069504894
2.5500000000000003 0.00036068487166653583
2.56 0.0004316084339137695
2.57 0.0005077583978919144
2.58 0.0005888386681084188
2.59 0.0006745490304709868
2.6 0.0007645857138289577
2.61 0.0008586419562721173
2.62 0.000956408563444467
2.63 0.0010575742102837127
2.64 0.0011618262476565354
2.65 0.001268851309810852
2.66 0.0013783358068926513
2.67 0.0014899664858658186
2.68 0.0016034309891158165
2.69 0.001718418425273694
2.7 0.0018346200982666712
2.71 0.0019517298543135532
2.72 0.002069444641263525
2.73 0.002187465082522773
2.74 0.002305496008044774
2.75 0.002423246976177934
2.7600000000000002 0.0025404326153732545
2.77 0.00265677202416063
2.7800000000000002 0.0027719907525832303
2.79 0.0028858209354038315
2.8000000000000003 0.00299800155841648
2.81 0.003108278871244822
2.82 0.003216406784218563
2.83 0.0033221473734361233
2.84 0.0034252717138640205
2.85 0.0035255594577146485
2.86 0.003622799404183731
2.87 0.003716789869820332
2.88 0.003807338988124777
2.89 0.003894264988501754
2.9 0.0039773961234471425
2.91 0.0040565702078271815
2.92 0.004131636253640124
2.93 0.004202454111746225
2.94 0.004268894568295822
2.95 0.004330839472003342
2.96 0.004388181838693314
2.97 0.004440825738423873
2.98 0.004488686159476014
2.99 0.004531689617672044
3.0 0.004569773912381121
3.0100000000000002 0.004602888101027061
3.02 0.004630992461738773
3.0300000000000002 0.004654058434276957
3.04 0.0046720687282439735
3.0500000000000003 0.004685017262596125
3.06 0.004692908682827325
3.0700000000000003 0.004695758404948576
3.08 0.00469359245818788
3.09 0.004686447306295867
3.1 0.00467436964951317
3.11 0.004657415212867187
3.12 0.004635648872780562
3.13 0.004609145496693744
3.14 0.004577988998342712
3.15 0.004542272044317716
3.16 0.004502095747514062
3.17 0.004457569356376298
3.18 0.004408810717128217
3.19 0.0043559453376766435
3.2 0.004299105595863731
3.21 0.004238430751031398
3.22 0.004174066580042116
3.23 0.004106165004717978
3.24 0.004034883668768217
3.25 0.003960384285366707
3.2600000000000002 0.003882833541874721
3.27 0.003802402962310235
3.2800000000000002 0.0037192680790121
3.29 0.0036336080268667068
3.3000000000000003 0.003545605137474525
3.31 0.0034554445615837155
3.3200000000000003 0.0033633142439817507
3.33 0.003269404046634044
3.34 0.003173905371944518
3.35 0.003077010862274767
3.36 0.0029789140093655284
3.37 0.0028798087683514703
3.38 0.0027798891735458
3.39 0.0026793489375337536
3.4 0.0025783811217508328
3.41 0.0024771777679177785
3.42 0.002375929539656374
3.43 0.0022748253771520607
3.44 0.002174052160485749
3.45 0.002073794289784145
3.46 0.0019742329740381204
3.47 0.0018755466274933234
3.48 0.0017779103731990452
3.49 0.0016814957063599235
3.5 0.001586470225241051
3.5100000000000002 0.0014929973746681396
3.52 0.0014012363241434934
3.5300000000000002 0.0013113420215058041
3.54 0.0012234643283195283
3.5500000000000003 0.001137748045105743
3.56 0.001054332742744496
3.5700000000000003 0.000973352575787019
3.58 0.00089493610796414
3.59 0.0008192060224386788
3.6 0.0007462788377004537
3.61 0.0006762652406116267
3.62 0.0006092697659409486
3.63 0.0005453906818984507
3.64 0.00048471990069899433
3.65 0.00042734290262506913
3.66 0.00037333876019454704
3.67 0.00032278009701661517
3.68 0.00027573283519664177
3.69 0.0002322562741064252
3.7 0.00019240307292265647
3.71 0.000156219242806197
3.72 0.0001237441504604083
3.73 9.501052453421942e-05
3.74 7.004448828634366e-05
3.75 4.886560933125162e-05
3.7600000000000002 3.148693950751503e-05
3.77 1.7915073531366617e-05
3.7800000000000002 8.150217796883998e-06
3.79 2.1862690348443655e-06
3.8000000000000003 1.0902394269194033e-08
3.81 1.6056851605205594e-06
3.8200000000000003 6.9461855165867635e-06
3.83 1.6002087623932185e-05
3.84 2.873731941415011e-05
3.85 4.511018880655818e-05
3.86 6.50735253345993e-05
3.87 8.857469082136638e-05
3.88 0.00011555577932112742
3.89 0.00014595382998345858
3.9 0.00017970094368935374
3.91 0.00021672444184790522
3.92 0.00025694702998743657
3.93 0.000300286979935796
3.94 0.00034665858598221903
3.95 0.0003959721106290212
3.96 0.00044813394430816625
3.97 0.0005030468739118353
3.98 0.0005606102903317253
3.99 0.0006207203999328281
4.0 0.0006832703899871066
4.01 0.0007481501325735489
4.0200000000000005 0.0008152469740236278
4.03 0.0008844458842380901
4.04 0.0009556295657756307
4.05 0.0010286786556179192
4.0600000000000005 0.0011034719274457677
4.07 0.0011798865089864934
4.08 0.001257798171950028
4.09 0.0013370814161373402
4.1 0.0014176097012378007
4.11 0.0014992556633884636
4.12 0.001581891319240393
4.13 0.0016653882690364705
4.14 0.001749617932569919
4.15 0.0018344518667830316
4.16 0.0019197617725465708
4.17 0.0020054197559554073
4.18 0.002091298538868469
4.19 0.002177271655688904
4.2 0.002263213647644282
4.21 0.0023489999213351757
4.22 0.0024345063036606378
4.23 0.0025196105388461155
4.24 0.0026041919413753827
4.25 0.0026881315053740237
4.26 0.002771312053272825
4.2700000000000005 0.002853618380251891
4.28 0.0029349377492893444
4.29 0.003015160335421943
4.3 0.0030941784058369226
4.3100000000000005 0.003171886890293414
4.32 0.0032481835344882817
4.33 0.0033229690349345573
4.34 0.003396147169020057
4.3500000000000005 0.0034676242302599802
4.36 0.003537309057713031
4.37 0.00360511432967444
4.38 0.0036709560368547722
4.39 0.0037347535602570286
4.4 0.0037964297471120914
4.41 0.003855910981696478
4.42 0.003913127518259833
4.43 0.003968013430660305
4.44 0.004020506411970048
4.45 0.0040705479916845685
4.46 0.00411808358558538
4.47 0.004163062540150676
4.48 0.004205438170976107
4.49 0.0042451677580935265
4.5 0.004282212603131358
4.51 0.0043165380697617745
4.5200000000000005 0.004348113583982037
4.53 0.00437691264503428
4.54 0.00440291283089074
4.55 0.004426095753293037
4.5600000000000005 0.0044464459186976946
4.57 0.004463951871638887
4.58 0.0044786063472572885
4.59 0.004490405887265916
4.6000000000000005 0.0044993507982618655
4.61 0.004505445105694082
4.62 0.004508696588962725
4.63 0.00450911777931895
4.64 0.004506724604750018
4.65 0.004501536427650055
4.66 0.004493576229354562
4.67 0.0044828705525033555
4.68 0.004469449439080397
4.69 0.004453346171188199
4.7 0.00443459587261897
4.71 0.0044132373565707594
4.72 0.004389312643108989
4.73 0.004362866640373671
4.74 0.004333947045785068
4.75 0.004302604244898776
4.76 0.004268891365454858
4.7700000000000005 0.004232864800659181
4.78 0.004194583028868992
4.79 0.00415410682897966
4.8 0.0041114992534754605
4.8100000000000005 0.004066825521967438
4.82 0.004020152912744913
4.83 0.003971550510027878
4.84 0.00392108877163376
4.8500000000000005 0.003868840088997877
4.86 0.003814878420541519
4.87 0.0037592791440100096
4.88 0.003702118936525778
4.89 0.0036434756541588384
4.9 0.003583428133790867
4.91 0.0035220559874617127
4.92 0.0034594397319682862
4.93 0.0033956605587279545
4.94 0.0033308002071996898
4.95 0.0032649408442191816
4.96 0.003198164944156895
4.97 0.0031305553339492156
4.98 0.0030621951216415963
4.99 0.0029931672324060507
5.0 0.0029235544680114925
5.01 0.002853439396210935
5.0200000000000005 0.0027829042390489153
5.03 0.00271203076252282
5.04 0.002640899725526717
5.05 0.0025695909131087068
5.0600000000000005 0.0024981835837095713
5.07 0.0024267560367803483
5.08 0.002355385511161181
5.09 0.0022841480865811413
5.1000000000000005 0.002213118591936819
5.11 0.0021423710106228608
5.12 0.002071978026658188
5.13 0.002002010619439925
5.14 0.0019325382329969977
5.15 0.0018636286966788318
5.16 0.0017953481486005854
5.17 0.0017277609542684577
5.18 0.0016609293669119993
5.19 0.0015949137343026602
5.2 0.0015297725043419835
5.21 0.0014655620668415914
5.22 0.001402336696778278
5.23 0.0013401485013584714
5.24 0.0012790473654049651
5.25 0.0012190808202709527
5.26 0.0011602941109630713
5.2700000000000005 0.001102730157498743
5.28 0.0010464294992476829
5.29 0.0009914302666677866
5.3 0.0009377681573035576
5.3100000000000005 0.0008854764639548013
5.32 0.0008345864533758733
5.33 0.0007851267628460265
5.34 0.0007371234917571204
5.3500000000000005 0.0006906002737967053
5.36 0.0006455782723667116
5.37 0.0006020761791945498
5.38 0.0005601101324664223
5.39 0.0005196933345745849
5.4 0.0004808367602320285
5.41 0.0004435489805208054
5.42 0.0004078361260920968
5.43 0.00037370191456457917
5.44 0.0003411476822806885
5.45 0.00031017252891092813
5.46 0.00028077363066338415
5.47 0.00025294565157101337
5.48 0.00022668100853987481
5.49 0.00020196994481269312
5.5 0.00017880057312751746
5.51 0.0001571589212268614
5.5200000000000005 0.00013702892574628082
5.53 0.00011839242331355276
5.54 0.00010122942361986704
5.55 8.551807465705368e-05
5.5600000000000005 7.12347196180213e-05
5.57 5.835396256211305e-05
5.58 4.6848736570169816e-05
5.59 3.669039060003e-05
5.6000000000000005 2.7848760738880332e-05
5.61 2.0292198009836705e-05
5.62 1.398766677548945e-05
5.63 8.900820922918022e-06
5.64 4.996080999352358e-06
5.65 2.2367127100790746e-06
5.66 5.849095354696515e-07
5.67 1.8599645494939566e-09
5.68 4.4782063062431734e-07
5.69 1.8822029411486203e-06
5.7 4.263653086698229e-06
5.71 7.550132421483332e-06
5.72 1.1698998154977599e-05
5.73 1.6667100920503882e-05
5.74 2.2410868877431427e-05
5.75 2.8886375976215108e-05
5.76 3.6049431697112756e-05
5.7700000000000005 4.385566422922737e-05
5.78 5.226060332833276e-05
5.79 6.12197608845658e-05
5.8 7.068860330729579e-05
5.8100000000000005 8.062269205908693e-05
5.82 9.097780724392698e-05
5.83 0.000101709982160237
5.84 0.00011277557361763762
5.8500000000000005 0.00012413133079951927
5.86 0.00013573446823936589
5.87 0.0001475428582938575
5.88 0.00015951498184297967
5.89 0.00017160997630765156
5.9 0.0001837877345949911
5.91 0.00019600896901966064
5.92 0.00020823527329441767
5.93 0.00022042917047789684
5.94 0.0002325540349681337
5.95 0.00024457430430748807
5.96 0.0002564555168245771
5.97 0.0002681643314475391
5.98 0.0002796685719948372
5.99 0.0002909372689305044
6.0 0.0003019406799808465
6.01 0.00031265020831254195
6.0200000000000005 0.00032303860082228374
6.03 0.00033307994178753686
6.04 0.0003427496609567163
6.05 0.0003520245565988428
6.0600000000000005 0.0003608828159015025
6.07 0.0003693040904674521
6.08 0.00037726972526904226
6.09 0.00038476241435425954
6.1000000000000005 0.00039176632360654086
6.11 0.00039826712569141463
6.12 0.000404252008726666
6.13 0.0004097096820685972
6.140000000000001 0.0004146302186719686
6.15 0.00041900472436415606
6.16 0.0004228260281132785
6.17 0.000426088409090258
6.18 0.0004287875560303866
6.19 0.0004309205502405645
6.2 0.0004324858465121952
6.21 0.0004334834374004788
6.22 0.00043391500863061185
6.23 0.0004337833663611828
6.24 0.0004330926557144614
6.25 0.0004318483455584953
6.26 0.0004300572014479618
6.2700000000000005 0.00042772725633588755
6.28 0.00042486758314468423
6.29 0.0004214882253118571
6.3 0.00041760053643361515
6.3100000000000005 0.0004132169491884684
6.32 0.00040835093252611886
6.33 0.0004030169493220194
6.34 0.00039723041289092646
6.3500000000000005 0.0003910076524506322
6.36 0.0003843658636882002
6.37 0.00037732305147135034
6.38 0.00036989798955516795
6.390000000000001 0.0003621101728775479
6.4 0.00035397976928119683
6.41 0.00034552757263679387
6.42 0.00033677513537624763
6.43 0.00032774457617392415
6.44 0.0003184584291662032
6.45 0.00030893967859945727
6.46 0.00029921170800936356
6.47 0.0002892982489054192
6.48 0.00027922331541504856
6.49 0.0002690107568462767
6.5 0.00025868462783187884
6.51 0.0002482692161516042
6.5200000000000005 0.00023778885864369353
6.53 0.00022726789281804147
6.54 0.00021673060974068507
6.55 0.00020620123569250852
6.5600000000000005 0.00019570425689436656
6.57 0.00018526388993963562
6.58 0.00017490406382856226
6.59 0.00016464846908395558
6.6000000000000005 0.00015452051318620708
6.61 0.00014454327645766624
6.62 0.000134739436822239
6.63 0.00012513099832530024
6.640000000000001 0.00011573961361180298
6.65 0.0001065864741060232
6.66 9.769223032784439e-05
6.67 8.907695856877687e-05
6.68 8.076012941149284e-05
6.69 7.276059329237167e-05
6.7 6.509661283090728e-05
6.71 5.778571611949213e-05
6.72 5.0844706663102576e-05
6.73 4.428964778602435e-05
6.74 3.813583938140543e-05
6.75 3.239779627398553e-05
6.76 2.7089232622623093e-05
6.7700000000000005 2.2223051752404913e-05
6.78 1.781130391394735e-05
6.79 1.3865179964814376e-05
6.8 1.039499790684499e-05
6.8100000000000005 7.410189803743264e-06
6.82 4.919290230660615e-06
6.83 2.929919114243954e-06
6.84 1.448777138938085e-06
6.8500000000000005 4.816736628330208e-07
6.86 3.3508413293403426e-08
6.87 1.0827165600337625e-07
6.88 7.090471102451715e-07
6.890000000000001 1.8380167983497037e-06
6.9 3.4964512098652287e-06
6.91 5.684685066964469e-06
6.92 8.402152899501022e-06
6.93 1.164738566654909e-05
6.94 1.5418015984799537e-05
6.95 1.9710784671944214e-05
6.96 2.4521548342478633e-05
6.97 2.98453515353435e-05
6.98 3.567645531107975e-05
6.99 4.200826854537307e-05
7.0 4.883340861256205e-05
7.01 5.614372336206798e-05
7.0200000000000005 6.393031458417318e-05
7.03 7.21835625486604e-05
7.04 8.089305774290883e-05
7.05 9.004766228932343e-05
7.0600000000000005 9.963560510864878e-05
7.07 0.00010964446120335838
7.08 0.00012006117587726791
7.09 0.00013087208969427434
7.1000000000000005 0.0001420629633090316
7.11 0.0001536189658550421
7.12 0.00016552472945409284
7.13 0.00017776438902492725
7.140000000000001 0.00019032159554710146
7.15 0.00020317954269914035
7.16 0.00021632099387353283
7.17 0.0002297283220361341
7.18 0.0002433837750863508
7.19 0.0002572692687674849
7.2 0.0002713664022720979
7.21 0.00028565655562390324
7.22 0.00030012092726213954
7.23 0.0003147405720411549
7.24 0.0003294963933419253
7.25 0.00034436872099719365
7.26 0.00035933790745761723
7.2700000000000005 0.00037438429086418534
7.28 0.00038948813280745634
7.29 0.0004046296427491023
7.3 0.0004197890020478587
7.3100000000000005 0.0004349464556472806
7.32 0.0004500827244681028
7.33 0.00046517847040594175
7.34 0.0004802144595953007
7.3500000000000005 0.0004951716496834693
7.36 0.0005100312224337773
7.37 0.0005247746160053027
7.38 0.0005393834699324515
7.390000000000001 0.0005538393666937383
7.4 0.0005681243585214032
7.41 0.000582220831431229
7.42 0.0005961114975476557
7.43 0.0006097794161165123
7.44 0.0006232080138124426
7.45 0.000636381127471811
7.46 0.0006492830655378777
7.47 0.0006618985343812452
7.48 0.0006742126926734641
7.49 0.0006862111723868816
7.5 0.0006978800960148451
7.51 0.0007092060930090193
7.5200000000000005 0.0007201763626965181
7.53 0.000730778728205813
7.54 0.0007410015233251764
7.55 0.0007508336649304781
7.5600000000000005 0.0007602646689636068
7.57 0.0007692846636994169
7.58 0.000777884402110629
7.59 0.0007860550940913952
7.6000000000000005 0.0007937883988862124
7.61 0.000801076741045157
7.62 0.0008079131537404756
7.63 0.0008142912808388608
7.640000000000001 0.0008202053789886123
7.65 0.0008256503190410616
7.66 0.0008306217581128018
7.67 0.0008351160646558574
7.68 0.0008391301543401106
7.69 0.0008426615956115789
7.7 0.0008457086100745886
7.71 0.0008482700719830011
7.72 0.0008503455026702619
7.73 0.0008519347688519391
7.74 0.0008530383137815983
7.75 0.0008536572929981646
7.76 0.0008537934382805597
7.7700000000000005 0.0008534490477838559
7.78 0.0008526269755569811
7.79 0.0008513306293908666
7.8 0.000849564181172751
7.8100000000000005 0.0008473323252018543
7.82 0.0008446402333255089
7.83 0.0008414936125398752
7.84 0.0008378986937614824
7.8500000000000005 0.000833862219979116
7.86 0.000829391429083965
7.87 0.0008244939832417891
7.88 0.0008191780271459559
7.890000000000001 0.0008134521681400116
7.9 0.0008073254478802062
7.91 0.0008008073265967745
7.92 0.0007939076669080149
7.930000000000001 0.0007866366758316444
7.94 0.0007790046058995699
7.95 0.0007710221504305184
7.96 0.0007627003385189783
7.97 0.0007540504671612255
7.98 0.0007450840808321084
7.99 0.0007358129511002634
8.0 0.0007262491555919542
8.01 0.0007164054499846709
8.02 0.0007062945704284177
8.03 0.0006959294188171577
8.040000000000001 0.0006853230944958173
8.05 0.0006744888771048792
8.06 0.0006634402091312275
8.07 0.0006521905147092756
8.08 0.0006407528191460163
8.09 0.0006291405038520714
8.1 0.0006173669987878036
8.11 0.0006054457291318083
8.120000000000001 0.0005933900947625373
8.13 0.0005812134502549329
8.14 0.0005689292324229222
8.15 0.0005565510988702685
8.16 0.0005440924340740991
8.17 0.0005315665394688886
8.18 0.0005189866272060414
8.19 0.0005063658042385594
8.2 0.0004937170566124208
8.21 0.0004810531907638964
8.22 0.0004683868069018018
8.23 0.00045573037547117987
8.24 0.00044309617642832727
8.25 0.0004304962841641686
8.26 0.0004179425534425966
8.27 0.0004054466057702485
8.28 0.00039301971079987175
8.290000000000001 0.0003806728088251079
8.3 0.00036841662977039544
8.31 0.000356261603223924
8.32 0.000344217847438294
8.33 0.00033229515909076295
8.34 0.0003205030049792893
8.35 0.00030885067333363304
8.36 0.00029734714611778963
8.370000000000001 0.0002860009894940282
8.38 0.0002748204279736464
8.39 0.0002638133380388711
8.4 0.0002529872422254841
8.41 0.00024234929987585092
8.42 0.00023190617049537003
8.43 0.00022166414546606096
8.44 0.00021162917792935144
8.45 0.0002018068320096128
8.46 0.0001922022807636769
8.47 0.00018282030487700753
8.48 0.00017366530063278422
8.49 0.00016474141100496827
8.5 0.00015605235970161946
8.51 0.00014760145559193204
8.52 0.00013939162922754246
8.53 0.00013142543439748511
8.540000000000001 0.0001237050500938284
8.55 0.00011623227301350413
8.56 0.00010900843989389026
8.57 0.00010203455287534444
8.58 9.531126247351845e-05
8.59 8.883885628917405e-05
8.6 8.261726469473759e-05
8.61 7.664606708970324e-05
8.620000000000001 7.092450034776581e-05
8.63 6.54514736507213e-05
8.64 6.022556266573487e-05
8.65 5.524502161168097e-05
8.66 5.050779311057633e-05
8.67 4.6011517319920724e-05
8.68 4.175354148967282e-05
8.69 3.7730948572576965e-05
8.700000000000001 3.3940613705277234e-05
8.71 3.037910614381344e-05
8.72 2.704273778370795e-05
8.73 2.3927578134163782e-05
8.74 2.1029463797011747e-05
8.75 1.834400803371692e-05
8.76 1.586658398933195e-05
8.77 1.3592306518013866e-05
8.78 1.1516150208680173e-05
8.790000000000001 9.632915246784697e-06
8.8 7.937237572715585e-06
8.81 6.42360234625358e-06
8.82 5.086357680954149e-06
8.83 3.919749597584973e-06
8.84 2.9179330823651296e-06
8.85 2.0749258610601494e-06
8.86 1.3846509284517637e-06
8.870000000000001 8.409478659971706e-07
8.88 4.3758331126522547e-07
8.89 1.6826125644306324e-07
8.9 2.6631669043774967e-08
8.91 6.311629250216062e-09
8.92 1.0090071404981571e-07
8.93 3.0398788832935444e-07
8.94 6.091634987473037e-07
8.950000000000001 1.0100311973304911e-06
8.96 1.5002197455102903e-06
8.97 2.0733874421458628e-06
8.98 2.7232327371167365e-06
8.99 3.443511129783139e-06
9.0 4.2280424468468195e-06
9.01 5.070720727011089e-06
9.02 5.965523841013672e-06
9.03 6.906522524462383e-06
9.040000000000001 7.887871026375417e-06
9.05 8.90382637914089e-06
9.06 9.948764197017373e-06
9.07 1.1017179423199273e-05
9.08 1.2103693048566306e-05
9.09 1.3203058496094513e-05
9.1 1.4310170607524653e-05
9.11 1.542013643507324e-05
9.120000000000001 1.652822097849161e-05
9.13 1.762984494148691e-05
9.14 1.8720608888103847e-05
9.15 1.9796299863093433e-05
9.16 2.0852897625314813e-05
9.17 2.1886569574648337e-05
9.18 2.2893554349106508e-05
9.19 2.3870309721016683e-05
9.200000000000001 2.4813502800037114e-05
9.21 2.571998679842336e-05
9.22 2.6586801824850757e-05
9.23 2.7411175344381998e-05
9.24 2.81905394905811e-05
9.25 2.8922638912454862e-05
9.26 2.960537731350535e-05
9.27 3.0236851584116483e-05
9.28 3.081536896738053e-05
9.290000000000001 3.1339447591354624e-05
9.3 3.1807816592678475e-05
9.31 3.221939972373241e-05
9.32 3.257325605269482e-05
9.33 3.286867894486617e-05
9.34 3.310516297423422e-05
9.35 3.328239468842857e-05
9.36 3.3400249581952163e-05
9.370000000000001 3.345878877719253e-05
9.38 3.345825213863689e-05
9.39 3.3399047815595596e-05
9.4 3.328176242776157e-05
9.41 3.310715123239997e-05
9.42 3.287613296464216e-05
9.43 3.258978501401123e-05
9.44 3.2249338423912845e-05
9.450000000000001 3.185619848238182e-05
9.46 3.141196282916781e-05
9.47 3.091833934086314e-05
9.48 3.0377174598690375e-05
9.49 2.9790449478112307e-05
9.5 2.916027315733906e-05
9.51 2.8488876868572235e-05
9.52 2.777855840377548e-05
9.53 2.703166913402711e-05
9.540000000000001 2.6250701617935423e-05
9.55 2.5438234134740265e-05
9.56 2.4596923419683593e-05
9.57 2.372949788121987e-05
9.58 2.283875090678192e-05
9.59 2.192758750188149e-05
9.6 2.0998993309534388e-05
9.61 2.0055969297832696e-05
9.620000000000001 1.9101561373463007e-05
9.63 1.813885325882428e-05
9.64 1.7170959261108426e-05
9.65 1.6201016490055824e-05
9.66 1.5232135337593568e-05
9.67 1.4267428609040286e-05
9.68 1.3310027593657278e-05
9.69 1.2363055093769868e-05
9.700000000000001 1.1429618939844989e-05
9.71 1.0512805683248914e-05
9.72 9.615674641675568e-06
9.73 8.741256579106746e-06
9.74 7.892542458907232e-06
9.75 7.072477034630658e-06
9.76 6.283955070069194e-06
9.77 5.529816111084955e-06
9.78 4.812839476191558e-06
9.790000000000001 4.135741321232428e-06
9.8 3.5011929467633224e-06
9.81 2.9117796105635786e-06
9.82 2.369998541263134e-06
9.83 1.8782599603574647e-06
9.84 1.4388815007305728e-06
9.85 1.0540826438879426e-06
9.86 7.259765383643094e-07
9.870000000000001 4.5655119254144885e-07
9.88 2.477044229815201e-07
9.89 1.0123119377283027e-07
9.9 1.8817968522436045e-08
9.91 2.0418536852795475e-09
9.92 5.2370242734615545e-08
9.93 1.7115878835744468e-07
9.94 3.59633172203539e-07
9.950000000000001 6.188933554049782e-07
9.96 9.499130092306988e-07
9.97 1.3535359970788053e-06
9.98 1.8304735750258481e-06
9.99 2.3813016236931203e-06
10.0 3.0064667327720646e-06
10.01 3.7063134242401423e-06
10.02 4.481044898304231e-06
10.03 5.330734852212939e-06
10.040000000000001 6.2553303985554524e-06
10.05 7.2546534618481585e-06
10.06 8.32840250027003e-06
10.07 9.476148344500545e-06
10.08 1.0697325873767908e-05
10.09 1.1991256183540352e-05
10.1 1.3357140853459404e-05
10.11 1.4794063597624394e-05
10.120000000000001 1.6300992618058837e-05
10.13 1.7876783167787135e-05
10.14 1.9520161414602038e-05
10.15 2.1229714107780066e-05
10.16 2.300393249482762e-05
10.17 2.4841194982193424e-05
10.18 2.6739768386846788e-05
10.19 2.8697809622613146e-05
10.200000000000001 3.071336745640507e-05
10.21 3.278444689105162e-05
10.22 3.490901083939282e-05
10.23 3.708489880145443e-05
10.24 3.9309878205555544e-05
10.25 4.158165046441601e-05
10.26 4.389785722682792e-05
10.27 4.625608632208029e-05
10.28 4.8653761855135466e-05
10.290000000000001 5.10882085351539e-05
10.3 5.3556741611512394e-05
10.31 5.6056611325403134e-05
10.32 5.8585005265625496e-05
10.33 6.113905068383385e-05
10.34 6.371581994034543e-05
10.35 6.63124735693502e-05
10.36 6.892614869563867e-05
10.370000000000001 7.155391595630063e-05
10.38 7.419283609624416e-05
10.39 7.683996666001634e-05
10.4 7.949236876992217e-05
10.41 8.21471067767865e-05
10.42 8.48011213959261e-05
10.43 8.745137651852437e-05
10.44 9.009487226858005e-05
10.450000000000001 9.272861362942184e-05
10.46 9.53496138430968e-05
10.47 9.795489773409705e-05
10.48 0.00010054150858069839
10.49 0.00010310654669830506
10.5 0.00010564712808169667
10.51 0.00010816039358967338
10.52 0.00011064351954056476
10.53 0.00011309372140583425
10.540000000000001 0.00011550825742982426
10.55 0.00011788444557427058
10.56 0.00012021974220552227
10.57 0.00012251163454299937
10.58 0.0001247576720473922
10.59 0.00012695548198821995
10.6 0.0001291027742126973
10.61 0.00013119734580983086
10.620000000000001 0.0001332370301715645
10.63 0.000135219519928142
10.64 0.00013714268961448513
10.65 0.00013900449292725704
10.66 0.00014080294388085692
10.67 0.0001425361165456893
10.68 0.00014420214467324253
10.69 0.00014579932129859564
10.700000000000001 0.0001473262779873646
10.71 0.00014878158582536105
10.72 0.00015016391513632005
10.73 0.00015147205238295533
10.74 0.00015270490395659017
10.75 0.00015386149980003636
10.76 0.0001549408757975379
10.77 0.0001559419806764755
10.78 0.00015686400496788596
10.790000000000001 0.00015770623198334797
10.8 0.00015846803198159547
10.81 0.00015914886085797563
10.82 0.0001597482587298079
10.83 0.00016026592178376708
10.84 0.000160701706366383
10.85 0.00016105550205085337
10.86 0.00016132729747974934
10.870000000000001 0.00016151718047672115
10.88 0.00016162533768331825
10.89 0.00016165205404547467
10.9 0.00016159769400888018
10.91 0.0001614627089895123
10.92 0.0001612476536871129
10.93 0.00016095317371126773
10.94 0.000160580004171503
10.950000000000001 0.00016012896815794948
10.96 0.00015960097426314778
10.97 0.00015899695477664642
10.98 0.0001583179117407886
10.99 0.000157564942864309
11.0 0.00015673921325576323
11.01 0.00015584195263227806
11.02 0.00015487445249309697
11.03 0.00015383806864220553
11.040000000000001 0.00015273435067130522
11.05 0.00015156490049101409
11.06 0.0001503313507018383
11.07 0.00014903540372890236
11.08 0.00014767883006456053
11.09 0.00014626346638693492
11.1 0.00014479119896654898
11.11 0.0001432637850755968
11.120000000000001 0.00014168307322512657
11.13 0.00014005098261709453
11.14 0.00013836945908737158
11.15 0.00013664047127155687
11.16 0.00013486600683946127
11.17 0.00013304808528732948
11.18 0.00013118886561748477
11.19 0.000129290478363602
11.200000000000001 0.00012735505715227077
11.21 0.00012538475492335655
11.22 0.0001233817413348647
11.23 0.00012134820014977465
11.24 0.00011928632379609207
11.25 0.00011719829972484976
11.26 0.00011508632693837516
11.27 0.00011295260750200133
11.28 0.00011079934244586243
11.290000000000001 0.00010862872904449442
11.3 0.00010644295811160828
11.31 0.00010424417921424747
11.32 0.00010203442768945848
11.33 9.98157736805047e-05
11.34 9.75902627044431e-05
11.35 9.535990643308543e-05
11.36 9.312667994479731e-05
11.370000000000001 9.089251914490889e-05
11.38 8.865939657432334e-05
11.39 8.642940139460924e-05
11.4 8.420448467958384e-05
11.41 8.198656806298645e-05
11.42 7.9777547520107e-05
11.43 7.757929187818778e-05
11.44 7.539364125770057e-05
11.450000000000001 7.322229238740808e-05
11.46 7.106676888611e-05
11.47 6.892865806979939e-05
11.48 6.680948890980688e-05
11.49 6.471072869362882e-05
11.5 6.263378146518193e-05
11.51 6.057998670772578e-05
11.52 5.855071983504757e-05
11.53 5.6547356208922275e-05
11.540000000000001 5.457114473938259e-05
11.55 5.262328272683751e-05
11.56 5.070491540122048e-05
11.57 4.881713546824994e-05
11.58 4.696098243661684e-05
11.59 4.513741118062145e-05
11.6 4.334731500954276e-05
11.61 4.159154496194027e-05
11.620000000000001 3.987089384252041e-05
11.63 3.818609602170833e-05
11.64 3.653782731278133e-05
11.65 3.492670384572889e-05
11.66 3.3353244992243795e-05
11.67 3.181791212374628e-05
11.68 3.0321118206399784e-05
11.69 2.8863214762807864e-05
11.700000000000001 2.744449249285309e-05
11.71 2.6065182036100632e-05
11.72 2.4725458388399468e-05
11.73 2.342549551177884e-05
11.74 2.2165398941852415e-05
11.75 2.0945208426187845e-05
11.76 1.97649133314836e-05
11.77 1.8624453597206308e-05
11.78 1.7523720700541538e-05
11.790000000000001 1.646255379236317e-05
11.8 1.544070145420226e-05
11.81 1.445788236251102e-05
11.82 1.3513776115004882e-05
11.83 1.2608016783260435e-05
11.84 1.1740194537144307e-05
11.85 1.0909857358272403e-05
11.86 1.0116520142455917e-05
11.870000000000001 9.35969990444323e-06
11.88 8.638856949937709e-06
11.89 7.953413399344701e-06
11.9 7.302759750608609e-06
11.91 6.686256268681728e-06
11.92 6.103234349764345e-06
11.93 5.552991050447034e-06
11.94 5.0347734579995855e-06
11.950000000000001 4.54781933643413e-06
11.96 4.0913447407538595e-06
11.97 3.6645438474182824e-06
11.98 3.2665908396613003e-06
11.99 2.896641826932809e-06
12.0 2.55383803419041e-06
12.01 2.237309156150535e-06
12.02 1.9461703427991767e-06
12.030000000000001 1.6795262544517815e-06
12.040000000000001 1.4364730926618927e-06
12.05 1.216100487502498e-06
12.06 1.0174933750508501e-06
12.07 8.397391419407785e-07
12.08 6.819297898403784e-07
12.09 5.431492107569615e-07
12.1 4.2248187987815357e-07
12.11 3.1901418469593374e-07
12.120000000000001 2.3183553283064517e-07
12.13 1.600394064226764e-07
12.14 1.0272008205654336e-07
12.15 5.8978938634356767e-08
12.16 2.7933355004630895e-08
12.17 8.713136676885016e-09
12.18 4.6233117591696813e-10
12.19 2.3410388648333047e-09
12.200000000000001 1.352719264811268e-08
12.21 3.3214695334011775e-08
12.22 6.061138308843892e-08
12.23 9.494320451377647e-08
12.24 1.3545426238249563e-07
12.25 1.8140732089113112e-07
12.26 2.3208425185198937e-07
12.27 2.8678659319807814e-07
12.280000000000001 3.4484617736466354e-07
12.290000000000001 4.056204906270123e-07
12.3 4.684887030547455e-07
12.31 5.328558511307705e-07
12.32 5.981536669495365e-07
12.33 6.638413517585842e-07
12.34 7.294059025680531e-07
12.35 7.943541347744899e-07
12.36 8.582210472803716e-07
12.370000000000001 9.205713851751342e-07
12.38 9.809975848949336e-07
12.39 1.0391199068330399e-06
12.4 1.0945865139440607e-06
12.41 1.1470735557735133e-06
12.42 1.1962857751518811e-06
12.43 1.2419556902358488e-06
12.44 1.2838435479507098e-06
12.450000000000001 1.3217372969066702e-06
12.46 1.355452389806039e-06
12.47 1.3848315421234603e-06
12.48 1.409745432149668e-06
12.49 1.43009846477536e-06
12.5 1.4458195576319208e-06
12.51 1.456863709019176e-06
12.52 1.4632125159917252e-06
12.530000000000001 1.4648737046172927e-06
12.540000000000001 1.4618806015906892e-06
12.55 1.454288005845318e-06
12.56 1.4421590239943214e-06
12.57 1.4255866944396607e-06
12.58 1.404686318357386e-06
12.59 1.3795932710611043e-06
12.6 1.3504622537066722e-06
12.61 1.3174665543887925e-06
12.620000000000001 1.2808029920869822e-06
12.63 1.2407019131868702e-06
12.64 1.1974013636444503e-06
12.65 1.1511558608802083e-06
12.66 1.1022364142380166e-06
12.67 1.0509295779447285e-06
12.68 9.97536444589356e-07
12.69 9.423669526406695e-07
12.700000000000001 8.857352370912099e-07
12.71 8.27972664359548e-07
12.72 7.69420469485041e-07
12.73 7.10428540272182e-07
12.74 6.513544524720978e-07
12.75 5.925625181581358e-07
12.76 5.344228469373745e-07
12.77 4.773104283014207e-07
12.780000000000001 4.2160424118937957e-07
12.790000000000001 3.6768637790246354e-07
12.8 3.159411959237422e-07
12.81 2.6675449926776484e-07
12.82 2.2051274955456118e-07
12.83 1.7760589047979142e-07
12.84 1.384233706977706e-07
12.85 1.0334906928849809e-07
12.86 7.276299266164112e-08
12.870000000000001 4.704003913008712e-08
12.88 2.6548719428445247e-08
12.89 1.1649815435507064e-08
12.9 2.6940966795437906e-09
12.91 2.6261323089994345e-11
12.92 3.9845510148728974e-09
12.93 1.4899122858933389e-08
12.94 3.309191888136516e-08
12.950000000000001 5.887664957321078e-08
12.96 9.25586452425449e-08
12.97 1.3442603294554407e-07
12.98 1.8475241180280827e-07
12.99 2.437990643137716e-07
13.0 3.1181194454693367e-07
13.01 3.8902050409283465e-07
13.02 4.756364659145294e-07
13.030000000000001 5.718536116422457e-07
13.040000000000001 6.778629314734366e-07
13.05 7.938375761444181e-07
13.06 9.199318118420377e-07
13.07 1.0562842507893947e-06
13.08 1.2030179685093524e-06
13.09 1.3602407038050329e-06
13.1 1.5280437118454391e-06
13.11 1.7064902171387737e-06
13.120000000000001 1.895629305764747e-06
13.13 2.0954938182003334e-06
13.14 2.3060983815656856e-06
13.15 2.5274392721307123e-06
13.16 2.7594943013321436e-06
13.17 3.002222792258813e-06
13.18 3.255565836699295e-06
13.19 3.5194457990626003e-06
13.200000000000001 3.793766428821432e-06
13.21 4.078412916325505e-06
13.22 4.3732519343954446e-06
13.23 4.678131705125469e-06
13.24 4.992885913069137e-06
13.25 5.317344473989823e-06
13.26 5.651315516195599e-06
13.27 5.99459228521333e-06
13.280000000000001 6.346954766459209e-06
13.290000000000001 6.708170494436729e-06
13.3 7.077995412434635e-06
13.31 7.456161002522815e-06
13.32 7.842354860726833e-06
13.33 8.236267271725158e-06
13.34 8.637572408037994e-06
13.35 9.045927014024631e-06
13.36 9.460970187022064e-06
13.370000000000001 9.882323141080203e-06
13.38 1.0309614813760679e-05
13.39 1.074249649909119e-05
13.4 1.1180584462441509e-05
13.41 1.1623488238711281e-05
13.42 1.2070812421141521e-05
13.43 1.2522157999130326e-05
13.44 1.2977123740928916e-05
13.450000000000001 1.3435281559277205e-05
13.46 1.3896180067394376e-05
13.47 1.4359381130286866e-05
13.48 1.4824440807271848e-05
13.49 1.5290909787319534e-05
13.5 1.5758333834397457e-05
13.51 1.6226254218344553e-05
13.52 1.6694206341505338e-05
13.530000000000001 1.716172114806045e-05
13.540000000000001 1.762832683067754e-05
13.55 1.809354827555067e-05
13.56 1.855690741522009e-05
13.57 1.9017923574593185e-05
13.58 1.9476114955948448e-05
13.59 1.9931048902755485e-05
13.6 2.038230000343073e-05
13.61 2.0829434519102977e-05
13.620000000000001 2.127202990447833e-05
13.63 2.1709676342978115e-05
13.64 2.214197828917649e-05
13.65 2.256855028679545e-05
13.66 2.2988913700608057e-05
13.67 2.3402611052481242e-05
13.68 2.3809211783871326e-05
13.69 2.4208283943155835e-05
13.700000000000001 2.4599393484127808e-05
13.71 2.498210353954781e-05
13.72 2.535598663409638e-05
13.73 2.5720748853268367e-05
13.74 2.6076068806502907e-05
13.75 2.642161941385614e-05
13.76 2.675709385278587e-05
13.77 2.708220713243739e-05
13.780000000000001 2.739669765246082e-05
13.790000000000001 2.7700311370440576e-05
13.8 2.7992707110761558e-05
13.81 2.8273602553030575e-05
13.82 2.854273896514114e-05
13.83 2.879986701968991e-05
13.84 2.904474642094262e-05
13.85 2.9277145513327378e-05
13.86 2.949685229134769e-05
13.870000000000001 2.9703710762980003e-05
13.88 2.9897554842636762e-05
13.89 3.0078229985351732e-05
13.9 3.0245597279776777e-05
13.91 3.039953368917745e-05
13.92 3.053993227302137e-05
13.93 3.0666702277787946e-05
13.94 3.077976912261183e-05
13.950000000000001 3.08790749932379e-05
13.96 3.0964578800622526e-05
13.97 3.103625627413984e-05
13.98 3.1094100045516316e-05
13.99 3.1138119710262535e-05
14.0 3.116832469825812e-05
14.01 3.1184711049149754e-05
14.02 3.118730759666321e-05
14.030000000000001 3.117615439768599e-05
14.040000000000001 3.1151301567463804e-05
14.05 3.111280876001536e-05
14.06 3.1060744650009044e-05
14.07 3.099522955411988e-05
14.08 3.091643744251339e-05
14.09 3.0824521922396837e-05
14.1 3.071965542700847e-05
14.11 3.06020296967891e-05
14.120000000000001 3.0471856022322268e-05
14.13 3.0329365369969902e-05
14.14 3.0174741621067074e-05
14.15 3.0008152919841057e-05
14.16 2.9829814734456863e-05
14.17 2.9639948147306902e-05
14.18 2.9438778970857123e-05
14.19 2.92265368820239e-05
14.200000000000001 2.9003455278719774e-05
14.21 2.876981920257914e-05
14.22 2.8525925111077318e-05
14.23 2.8272057689304048e-05
14.24 2.8008510345183153e-05
14.25 2.7735584962252334e-05
14.26 2.7453591637616268e-05
14.27 2.7162848524918577e-05
14.280000000000001 2.6863684441890984e-05
14.290000000000001 2.6556435501078838e-05
14.3 2.6241444390268705e-05
14.31 2.5919060956749312e-05
14.32 2.5589641880227696e-05
14.33 2.5253550329448933e-05
14.34 2.491115036593961e-05
14.35 2.456274377133933e-05
14.36 2.4208649453173053e-05
14.370000000000001 2.384919633794313e-05
14.38 2.348470820353124e-05
14.39 2.311550287441679e-05
14.4 2.2741891468247045e-05
14.41 2.2364192589763993e-05
14.42 2.1982831447006548e-05
14.43 2.1598190790873394e-05
14.44 2.1210642161052003e-05
14.450000000000001 2.0820562852880576e-05
14.46 2.042833595468146e-05
14.47 2.0034350327352134e-05
14.48 1.9638976020471682e-05
14.49 1.924246906657252e-05
14.5 1.884513824464487e-05
14.51 1.84472939611653e-05
14.52 1.8049235642198912e-05
14.530000000000001 1.765125103251686e-05
14.540000000000001 1.725361556900078e-05
14.55 1.6856616487393242e-05
14.56 1.6460605836248615e-05
14.57 1.6065883781411338e-05
14.58 1.5672741942045557e-05
14.59 1.528146815695311e-05
14.6 1.4892346424473166e-05
14.61 1.4505656821604644e-05
14.620000000000001 1.412166225089103e-05
14.63 1.3740594686571187e-05
14.64 1.3362697391526308e-05
14.65 1.2988206181622358e-05
14.66 1.2617348338372827e-05
14.67 1.2250342405184175e-05
14.68 1.1887398005279697e-05
14.69 1.152871484435148e-05
14.700000000000001 1.1174482370110515e-05
14.71 1.0824881406009366e-05
14.72 1.048008316396616e-05
14.73 1.0140249152476924e-05
14.74 9.805531118719634e-06
14.75 9.476071012348578e-06
14.76 9.152015346952343e-06
14.77 8.833510139447153e-06
14.780000000000001 8.520683241954258e-06
14.790000000000001 8.213655006755402e-06
14.8 7.91253831561485e-06
14.81 7.617438599816749e-06
14.82 7.328453627536164e-06
14.83 7.045643861149304e-06
14.84 6.769054979835574e-06
14.85 6.498736548480157e-06
14.86 6.234727134106976e-06
14.870000000000001 5.977054414275061e-06
14.88 5.72573533016269e-06
14.89 5.480777301252859e-06
14.9 5.242213139979544e-06
14.91 5.0100652592935824e-06
14.92 4.78433732557554e-06
14.93 4.5650270329936765e-06
14.94 4.352126284314604e-06
14.950000000000001 4.1456213506001986e-06
14.96 3.945491740092646e-06
14.97 3.751691015436683e-06
14.98 3.5641714687590677e-06
14.99 3.3828836765621706e-06
15.0 3.207771514658229e-06
15.01 3.038772365765224e-06
15.02 2.8758173420460973e-06
15.030000000000001 2.718831335961412e-06
15.040000000000001 2.5677317583726236e-06
15.05 2.4224310760101453e-06
15.06 2.282836693490468e-06
15.07 2.1488509472006095e-06
15.08 2.0203714158911366e-06
15.09 1.8972912408307674e-06
15.1 1.77950278728526e-06
15.11 1.6669132956152353e-06
15.120000000000001 1.5594178983769713e-06
15.13 1.4569074488901676e-06
15.14 1.3592710018123927e-06
15.15 1.266395958224851e-06
15.16 1.1781681895486678e-06
15.17 1.0944655981901972e-06
15.18 1.015141461708168e-06
15.19 9.4006157747668e-07
15.200000000000001 8.690913481159421e-07
15.21 8.020942447110446e-07
15.22 7.389321948031392e-07
15.23 6.794659889923049e-07
15.24 6.235634786541417e-07
15.25 5.711096598003834e-07
15.26 5.219767751394135e-07
15.27 4.7603735901747754e-07
15.280000000000001 4.3316519235961576e-07
15.290000000000001 3.9323539488539524e-07
15.3 3.5612449763699344e-07
15.31 3.2170501973173516e-07
15.32 2.8984374206118694e-07
15.33 2.604159941740859e-07
15.34 2.3329880823058256e-07
15.35 2.0837097753912933e-07
15.36 1.8551327560695262e-07
15.370000000000001 1.6460867345105827e-07
15.38 1.4554453527690185e-07
15.39 1.2821211746989291e-07
15.4 1.1250360153100243e-07
15.41 9.831409302494317e-08
15.42 8.554174671883863e-08
15.43 7.408787779168593e-08
15.44 6.385706498133895e-08
15.450000000000001 5.475744882651665e-08
15.46 4.670063614945906e-08
15.47 3.9601603974242475e-08
15.48 3.337889587529141e-08
15.49 2.7954676180168888e-08
15.5 2.325477776744236e-08
15.51 1.9208726232154217e-08
15.52 1.574898797006665e-08
15.530000000000001 1.2812001609749293e-08
15.540000000000001 1.0338459674419061e-08
15.55 8.272960828877376e-09
15.56 6.564031099122057e-09
15.57 5.1641321275710844e-09
15.58 4.029696975579964e-09
15.59 3.121832722228167e-09
15.6 2.4051070431742934e-09
15.610000000000001 1.847572252801973e-09
15.620000000000001 1.4209963603947664e-09
15.63 1.100820979585014e-09
15.64 8.661239956036897e-10
15.65 6.995490789491929e-10
15.66 5.86913975004279e-10
15.67 5.177762921191508e-10
15.68 4.852288512939736e-10
15.69 4.857150526543146e-10
15.700000000000001 5.189283086235315e-10
15.71 5.876949138181931e-10
15.72 6.978813050081891e-10
15.73 8.585456408440962e-10
15.74 1.0815060423824754e-09
15.75 1.3812941017936787e-09
15.76 1.7750811289364706e-09
15.77 2.282566048292348e-09
15.780000000000001 2.9258639189637414e-09
15.790000000000001 3.729418499897935e-09
15.8 4.720004089866245e-09
15.81 5.92650470697078e-09
15.82 7.379860514450886e-09
15.83 9.112999147771548e-09
15.84 1.1160764711680015e-08
15.85 1.3559856173290478e-08
15.860000000000001 1.6348174679552303e-08
15.870000000000001 1.9563194755250883e-08
15.88 2.3244093734790718e-08
15.89 2.7430718658417118e-08
15.9 3.216321655100834e-08
15.91 3.748172726487605e-08
15.92 4.342605241659911e-08
15.93 5.003770993524618e-08
15.94 5.7362818229998334e-08
15.950000000000001 6.544540578931157e-08
15.96 7.43301444804112e-08
15.97 8.406256538575512e-08
15.98 9.468919814014341e-08
15.99 1.0625774697847973e-07
16.0 1.1881197236365522e-07
16.01 1.3238941689853968e-07
16.02 1.4703094515909772e-07
16.03 1.6277584344962805e-07
16.04 1.7966141746192377e-07
16.05 1.9772260229539455e-07
16.06 2.1699154502646378e-07
16.07 2.3750414469153342e-07
16.080000000000002 2.5929844684125436e-07
16.09 2.8240709713204127e-07
16.1 3.068615494166002e-07
16.11 3.3269211099456976e-07
16.12 3.599280086867833e-07
16.13 3.885974329489615e-07
16.14 4.187234679186788e-07
16.15 4.50326620634006e-07
16.16 4.834271343702066e-07
16.17 5.180431776837294e-07
16.18 5.54190780609567e-07
16.19 5.91883774070834e-07
16.2 6.311336919556871e-07
16.21 6.719484956867715e-07
16.22 7.143335681406319e-07
16.23 7.582919016026158e-07
16.240000000000002 8.038236285342563e-07
16.25 8.509259219692446e-07
16.26 8.995928939632605e-07
16.27 9.498160156797041e-07
16.28 1.0015914124971402e-06
16.29 1.0549117863090053e-06
16.3 1.1097666692848123e-06
16.31 1.1661442614755227e-06
16.32 1.224031633227803e-06
16.330000000000002 1.2834149463954213e-06
16.34 1.3442776408902242e-06
16.35 1.406584590658887e-06
16.36 1.4703030609795756e-06
16.37 1.5353989657341388e-06
16.38 1.601833935814122e-06
16.39 1.6695650309431903e-06
16.4 1.7385444382841042e-06
16.41 1.8087235466805306e-06
16.42 1.880072770124564e-06
16.43 1.95255070452381e-06
16.44 2.0261127367176635e-06
16.45 2.100713817159241e-06
16.46 2.176308819508378e-06
16.47 2.252852919062856e-06
16.48 2.3302975199915397e-06
16.490000000000002 2.408578794281459e-06
16.5 2.4876397879568983e-06
16.51 2.567422878457272e-06
16.52 2.6478687692058165e-06
16.53 2.7289165007373002e-06
16.54 2.8105034602535304e-06
16.55 2.8925639042993393e-06
16.56 2.975026890401477e-06
16.57 3.0578212518643597e-06
16.580000000000002 3.1408734479678162e-06
16.59 3.2241073467176914e-06
16.6 3.3074441233003384e-06
16.61 3.390802155288624e-06
16.62 3.4741115236343496e-06
16.63 3.5573215124049765e-06
16.64 3.640368010527067e-06
16.65 3.723189588598474e-06
16.66 3.8057283298395354e-06
16.67 3.887930394108055e-06
16.68 3.969746591977628e-06
16.69 4.0510992865563315e-06
16.7 4.131887014748427e-06
16.71 4.2120304837528575e-06
16.72 4.2914465862413115e-06
16.73 4.370047882760976e-06
16.740000000000002 4.447742091829047e-06
16.75 4.524431797107292e-06
16.76 4.60006133037958e-06
16.77 4.67458908192807e-06
16.78 4.747953262404167e-06
16.79 4.820096741916776e-06
16.8 4.89096766617984e-06
16.81 4.960520079003985e-06
16.82 5.028713606525671e-06
16.830000000000002 5.095473678787916e-06
16.84 5.160727267507215e-06
16.85 5.2244162464384295e-06
16.86 5.286482535016464e-06
16.87 5.3468679096569435e-06
16.88 5.4055138094615506e-06
16.89 5.462362004199101e-06
16.9 5.5173700456994e-06
16.91 5.57049390065051e-06
16.92 5.621687178039656e-06
16.93 5.670905352009228e-06
16.94 5.71810582782311e-06
16.95 5.763248004957925e-06
16.96 5.8062938246366234e-06
16.97 5.847212456741449e-06
16.98 5.8859743311706104e-06
16.990000000000002 5.922552051741562e-06
17.0 5.95692143107434e-06
17.01 5.989061612860077e-06
17.02 6.018955190935241e-06
17.03 6.046585062277274e-06
17.04 6.071916682768392e-06
17.05 6.094925342380736e-06
17.06 6.115589334357253e-06
17.07 6.133887182738261e-06
17.080000000000002 6.149797454056347e-06
17.09 6.163298570936856e-06
17.1 6.174377423822947e-06
17.11 6.1830571827568934e-06
17.12 6.1893464722033355e-06
17.13 6.193256245312119e-06
17.14 6.1948030169803325e-06
17.150000000000002 6.1940091510984466e-06
17.16 6.190903135756603e-06
17.17 6.18550522271037e-06
17.18 6.177802299551019e-06
17.19 6.1678063759248655e-06
17.2 6.155531303027057e-06
17.21 6.140990604453682e-06
17.22 6.124197180652378e-06
17.23 6.105163019969658e-06
17.240000000000002 6.083910446761428e-06
17.25 6.060480506312046e-06
17.26 6.034901719828827e-06
17.27 6.0072042896389555e-06
17.28 5.977420557053701e-06
17.29 5.9455850250616366e-06
17.3 5.911734377423393e-06
17.31 5.875911272968997e-06
17.32 5.838164519479834e-06
17.330000000000002 5.798542658440754e-06
17.34 5.757097438982561e-06
17.35 5.7138838918740446e-06
17.36 5.66896037685889e-06
17.37 5.622388587275687e-06
17.38 5.574205023185655e-06
17.39 5.524434673346819e-06
17.400000000000002 5.4731177697546485e-06
17.41 5.420292024522306e-06
17.42 5.365992297586128e-06
17.43 5.310250284399883e-06
17.44 5.253094976870537e-06
17.45 5.194603976995619e-06
17.46 5.13486104464049e-06
17.47 5.073932333113894e-06
17.48 5.011888602595013e-06
17.490000000000002 4.948805468449379e-06
17.5 4.884763622882513e-06
17.51 4.819846655648458e-06
17.52 4.754083873668687e-06
17.53 4.687511525173962e-06
17.54 4.620180633287292e-06
17.55 4.552138955120745e-06
17.56 4.483430654302805e-06
17.57 4.4140960015169595e-06
17.580000000000002 4.3441743483886835e-06
17.59 4.2737425611195316e-06
17.6 4.202865371175785e-06
17.61 4.131599433285877e-06
17.62 4.060002219486054e-06
17.63 3.988132086094574e-06
17.64 3.916048330046421e-06
17.650000000000002 3.843809471722193e-06
17.66 3.7714615624237675e-06
17.67 3.699055741780352e-06
17.68 3.6266444738586746e-06
17.69 3.554279502662131e-06
17.7 3.4820117927420943e-06
17.71 3.4098914712555467e-06
17.72 3.337966775554535e-06
17.73 3.2662801563428188e-06
17.740000000000002 3.194875002761853e-06
17.75 3.123793521347647e-06
17.76 3.0530761931703027e-06
17.77 2.982761714848646e-06
17.78 2.91288694852297e-06
17.79 2.8434911512782712e-06
17.8 2.7746251424643625e-06
17.81 2.7063311838516077e-06
17.82 2.638650519788438e-06
17.830000000000002 2.571624226391212e-06
17.84 2.5052932273306313e-06
17.85 2.439698301572187e-06
17.86 2.374870642970453e-06
17.87 2.3108221516797943e-06
17.88 2.247575703251273e-06
17.89 2.1851518138864745e-06
17.900000000000002 2.1235679564886225e-06
17.91 2.0628385080901594e-06
17.92 2.002974715663514e-06
17.93 1.9439977395811856e-06
17.94 1.885941707625914e-06
17.95 1.828826430237988e-06
17.96 1.772671268995287e-06
17.97 1.7174953730000365e-06
17.98 1.6633177318767798e-06
17.990000000000002 1.6101572180350111e-06
18.0 1.5580239503818535e-06
18.01 1.506922369216672e-06
18.02 1.456861835362022e-06
18.03 1.4078502470132393e-06
18.04 1.359894035523712e-06
18.05 1.312998164250856e-06
18.06 1.2671661106907406e-06
18.07 1.2223969800637807e-06
18.080000000000002 1.1786877049677416e-06
18.09 1.136034870986521e-06
18.1 1.0944332891965006e-06
18.11 1.0538760268397106e-06
18.12 1.0143544459802981e-06
18.13 9.75858692899836e-07
18.14 9.383927657240481e-07
18.150000000000002 9.019591032213056e-07
18.16 8.665549486242463e-07
18.17 8.321777998156503e-07
18.18 7.988254474250271e-07
18.19 7.664960011605259e-07
18.2 7.35186492411004e-07
18.21 7.048714603731824e-07
18.22 6.755298313998394e-07
18.23 6.471442943430171e-07
18.240000000000002 6.19695642678649e-07
18.25 5.931628080442942e-07
18.26 5.675229092485449e-07
18.27 5.427536618167342e-07
18.28 5.188525607327022e-07
18.29 4.9580880418968e-07
18.3 4.736082821570325e-07
18.31 4.5223740102739995e-07
18.32 4.3168312553179197e-07
18.330000000000002 4.119330099918231e-07
18.34 3.929730444953935e-07
18.35 3.74777533341023e-07
18.36 3.5732661596337085e-07
18.37 3.4060144068044857e-07
18.38 3.2458270070632273e-07
18.39 3.092506606042927e-07
18.400000000000002 2.945851871204077e-07
18.41 2.805666284774462e-07
18.42 2.671780848502816e-07
18.43 2.5440076809621435e-07
18.44 2.422156908347831e-07
18.45 2.3060394158808117e-07
18.46 2.1954671837530297e-07
18.47 2.0902536058205363e-07
18.48 1.9902190733720728e-07
18.490000000000002 1.895198406613968e-07
18.5 1.8050211286204602e-07
18.51 1.719520098185346e-07
18.52 1.6385323028784656e-07
18.53 1.561899078805079e-07
18.54 1.4894663215924233e-07
18.55 1.4210686061214201e-07
18.56 1.3565217925202077e-07
18.57 1.2956636068794697e-07
18.580000000000002 1.2383342270759511e-07
18.59 1.184375939080099e-07
18.6 1.1336332395779657e-07
18.61 1.0859529127828682e-07
18.62 1.0412150770600765e-07
18.63 9.993282479485248e-08
18.64 9.601816480014273e-08
18.650000000000002 9.236723303197316e-08
18.66 8.897054461567966e-08
18.67 8.581944470234353e-08
18.68 8.290611927617292e-08
18.69 8.02197665625184e-08
18.7 7.774896705102312e-08
18.71 7.548484226864351e-08
18.72 7.3418811134628e-08
18.73 7.154257026443958e-08
18.740000000000002 6.984807209375432e-08
18.75 6.832754275971995e-08
18.76 6.697574844404777e-08
18.77 6.578792639946656e-08
18.78 6.475889964988675e-08
18.79 6.388399539922272e-08
18.8 6.315904020330501e-08
18.81 6.258035471364107e-08
18.82 6.214479160337647e-08
18.830000000000002 6.185063250181266e-08
18.84 6.169660290332923e-08
18.85 6.168180325817727e-08
18.86 6.180598327435501e-08
18.87 6.20695604207919e-08
18.88 6.247364173512658e-08
18.89 6.301964968754648e-08
18.900000000000002 6.370507307031136e-08
18.91 6.452884132829122e-08
18.92 6.549069159105859e-08
18.93 6.659019334865636e-08
18.94 6.782665281610282e-08
18.95 6.91990084613508e-08
18.96 7.070682086669235e-08
18.97 7.235697250097903e-08
18.98 7.415384525709e-08
18.990000000000002 7.610155838179834e-08
19.0 7.820507743483288e-08
19.01 8.047031333462259e-08
19.02 8.290423256235172e-08
19.03 8.551307244681608e-08
19.04 8.829546350308656e-08
19.05 9.125404338124416e-08
19.06 9.439180632839174e-08
19.07 9.771123551859605e-08
19.080000000000002 1.0121417134034867e-07
19.09 1.0490166844404872e-07
19.1 1.087758863036034e-07
19.11 1.1284422520284896e-07
19.12 1.1711066526275994e-07
19.13 1.2157898979307498e-07
19.14 1.2625312739014747e-07
19.150000000000002 1.3113718703286806e-07
19.16 1.362354978413341e-07
19.17 1.4155177465946197e-07
19.18 1.4708825416028383e-07
19.19 1.528482333237847e-07
19.2 1.5883497550957205e-07
19.21 1.6505166452139824e-07
19.22 1.715014026573312e-07
19.23 1.7818720954776088e-07
19.240000000000002 1.8511109291133136e-07
19.25 1.9227379011876487e-07
19.26 1.9967646197756837e-07
19.27 2.0731978679123814e-07
19.28 2.1520390117369314e-07
19.29 2.2332834686709848e-07
19.3 2.3169201488149266e-07
19.31 2.402963513982665e-07
19.32 2.4914435385028823e-07
19.330000000000002 2.58237130793947e-07
19.34 2.6757603441182306e-07
19.35 2.771627421122372e-07
19.36 2.869993450391249e-07
19.37 2.970883637816923e-07
19.38 3.074254976432591e-07
19.39 3.1800461054839937e-07
19.400000000000002 3.2882168981104203e-07
19.41 3.398715186985423e-07
19.42 3.5114753121380515e-07
19.43 3.626416597120254e-07
19.44 3.7434452609041644e-07
19.45 3.8625553973835585e-07
19.46 3.983732390123746e-07
19.47 4.1069315347619026e-07
19.48 4.232111281682175e-07
19.490000000000002 4.3592344915017404e-07
19.5 4.4882697750221745e-07
19.51 4.6191882107585874e-07
19.52 4.75189969866062e-07
19.53 4.886328475628052e-07
19.54 5.022411120739266e-07
19.55 5.160081528366887e-07
19.56 5.299270810463523e-07
19.57 5.439907188191416e-07
19.580000000000002 5.581911789324435e-07
19.59 5.725167124541355e-07
19.6 5.869558939534123e-07
19.61 6.014967887849445e-07
19.62 6.161263253800023e-07
19.63 6.308301957047156e-07
19.64 6.455927521701742e-07
19.650000000000002 6.603998232577101e-07
19.66 6.752517209997872e-07
19.67 6.901425924133765e-07
19.68 7.05066325632853e-07
19.69 7.200184043338904e-07
19.7 7.349961505953443e-07
19.71 7.49998974108163e-07
19.72 7.650216393871243e-07
19.73 7.80036415221454e-07
19.740000000000002 7.950274981925742e-07
19.75 8.099787257174942e-07
19.76 8.248717197691406e-07
19.77 8.396856127665213e-07
19.78 8.543967677488665e-07
19.79 8.68989158455671e-07
19.8 8.834684902783892e-07
19.81 8.978260218997806e-07
19.82 9.120537647459587e-07
19.830000000000002 9.26145599740324e-07
19.84 9.400975413900595e-07
19.85 9.539080059077021e-07
19.86 9.675672027194097e-07
19.87 9.810521089968554e-07
19.88 9.943509913936483e-07
19.89 1.007451619426344e-06
19.900000000000002 1.0203409370388144e-06
19.91 1.0330049361545685e-06
19.92 1.0454285292397364e-06
19.93 1.0576019037868492e-06
19.94 1.0695194482308748e-06
19.95 1.081170890006246e-06
19.96 1.0925462716281477e-06
19.97 1.1036359969291863e-06
19.98 1.1144308739995416e-06
19.990000000000002 1.1249221663769222e-06
20.0 1.1351031712267517e-06
20.01 1.1449683532301904e-06
20.02 1.1545123001756525e-06
20.03 1.1637305852947241e-06
20.04 1.1726198414310253e-06
20.05 1.1811778341074127e-06
20.06 1.1894032512823737e-06
20.07 1.197283823082206e-06
20.080000000000002 1.2048069711380078e-06
20.09 1.2119636035105548e-06
20.1 1.2187436192738921e-06
20.11 1.2251357700503564e-06
20.12 1.2311275228398108e-06
20.13 1.236706003597543e-06
20.14 1.241877173798465e-06
20.150000000000002 1.2466442396415547e-06
20.16 1.251006893187483e-06
20.17 1.2549666241162653e-06
20.18 1.2585268845793354e-06
20.19 1.2616932498340713e-06
20.2 1.2644716706317581e-06
20.21 1.2668506232635423e-06
20.22 1.268824958741417e-06
20.23 1.2703926263382811e-06
20.240000000000002 1.2715510129410667e-06
20.25 1.2722968301298902e-06
20.26 1.2726260037253896e-06
20.27 1.2725351506325455e-06
20.28 1.2720300795446195e-06
20.29 1.2711124577400148e-06
20.3 1.2697830971246122e-06
20.31 1.2680432263570797e-06
20.32 1.265894513946715e-06
20.330000000000002 1.2633390902078894e-06
20.34 1.2603807226857977e-06
20.35 1.257028473374759e-06
20.36 1.2532900710087672e-06
20.37 1.2491741707541413e-06
20.38 1.24469080850433e-06
20.39 1.2398514690392572e-06
20.400000000000002 1.2346691498624955e-06
20.41 1.2291512627409917e-06
20.42 1.2232874283142885e-06
20.43 1.2170780162010014e-06
20.44 1.2105226845620515e-06
20.45 1.2036192971219073e-06
20.46 1.1963637523628324e-06
20.47 1.1887498234920907e-06
20.48 1.180783677594971e-06
20.490000000000002 1.1724945036479043e-06
20.5 1.1638950304475315e-06
20.51 1.1549997817454118e-06
20.52 1.1458258080755982e-06
20.53 1.1363928659422493e-06
20.54 1.1267235854679671e-06
20.55 1.1168245356770476e-06
20.56 1.1066857844331058e-06
20.57 1.0963133464158897e-06
20.580000000000002 1.0857117980485158e-06
20.59 1.0748840244542224e-06
20.6 1.0638310582683583e-06
20.61 1.0525519496248697e-06
20.62 1.0410601199882172e-06
20.63 1.0293751896283277e-06
20.64 1.017507492328618e-06
20.650000000000002 1.00546819949436e-06
20.66 9.932693928613396e-07
20.67 9.809241316784427e-07
20.68 9.684463974356803e-07
20.69 9.558431938056508e-07
20.7 9.431211593717006e-07
20.71 9.302902115863225e-07
20.72 9.173601364299193e-07
20.73 9.043405583596467e-07
20.740000000000002 8.912409115870547e-07
20.75 8.780703354731778e-07
20.76 8.648357731512587e-07
20.77 8.515439543723856e-07
20.78 8.382016189908926e-07
20.79 8.248149049417753e-07
20.8 8.113893161648938e-07
20.81 7.979296948990543e-07
20.82 7.844410803197139e-07
20.830000000000002 7.709391460627643e-07
20.84 7.574367734538776e-07
20.85 7.439452162482513e-07
20.86 7.30476533557841e-07
20.87 7.170436372086605e-07
20.88 7.036603324196136e-07
20.89 6.903392316662173e-07
20.900000000000002 6.770777453186808e-07
20.91 6.638791334483618e-07
20.92 6.507479629342533e-07
20.93 6.376876687366252e-07
20.94 6.247004917988566e-07
20.95 6.117874236334295e-07
20.96 5.989509278032804e-07
20.97 5.86205511107058e-07
20.98 5.735589603042806e-07
20.990000000000002 5.6101806519208e-07
21.0 5.485899747848552e-07
21.01 5.362822325178838e-07
21.02 5.241028083592756e-07
21.03 5.120583246425716e-07
21.04 5.001502191651357e-07
21.05 4.883831857161076e-07
21.06 4.767620063114166e-07
21.07 4.6529119417820265e-07
21.080000000000002 4.539749815477847e-07
21.09 4.428173091500123e-07
21.1 4.31820509407552e-07
21.11 4.2098395837175716e-07
21.12 4.103082418895911e-07
21.13 3.997933107108449e-07
21.14 3.89438381999212e-07
21.150000000000002 3.7924192976507114e-07
21.16 3.692016790866892e-07
21.17 3.5932095843367335e-07
21.18 3.4961019602355783e-07
21.19 3.4007372444927507e-07
21.2 3.3071650023879743e-07
21.21 3.215442248403902e-07
21.22 3.12563377382702e-07
21.23 3.0378124118941646e-07
21.240000000000002 2.9519466479641793e-07
21.25 2.8679398164383613e-07
21.26 2.7857665201182604e-07
21.27 2.705390058901284e-07
21.28 2.626762028574937e-07
21.29 2.54982202241294e-07
21.3 2.4744984010433404e-07
21.31 2.4008322245896475e-07
21.32 2.3288847839412173e-07
21.330000000000002 2.2586608939726771e-07
21.34 2.1901709269529345e-07
21.35 2.1234312039383665e-07
21.36 2.058464327630476e-07
21.37 1.9952968849628726e-07
21.38 1.9338730635544725e-07
21.39 1.8741427244882772e-07
21.400000000000002 1.8160825938939341e-07
21.41 1.7596653211697337e-07
21.42 1.7048593406091385e-07
21.43 1.6516287802711515e-07
21.44 1.5999356391867563e-07
21.45 1.549773986195171e-07
21.46 1.5011277136535613e-07
21.47 1.4539715047324022e-07
21.48 1.408279887858872e-07
21.490000000000002 1.364027339870557e-07
21.5 1.3211883879228658e-07
21.51 1.279738698883447e-07
21.52 1.2396633453356305e-07
21.53 1.2009450942767393e-07
21.54 1.1635665407293033e-07
21.55 1.1275117858488529e-07
21.56 1.0927665294004009e-07
21.57 1.059318150623391e-07
21.580000000000002 1.0271483754330495e-07
21.59 9.961983600244393e-08
21.6 9.664274526474735e-08
21.61 9.377970190164943e-08
21.62 9.102653507269223e-08
21.63 8.837875669135114e-08
21.64 8.583155370725016e-08
21.650000000000002 8.338123427920432e-08
21.66 8.10291561277631e-08
21.67 7.877381397601211e-08
21.68 7.661362869107653e-08
21.69 7.454737524414316e-08
21.7 7.257420428697812e-08
21.71 7.069366191470982e-08
21.72 6.890406736156864e-08
21.73 6.720020018691122e-08
21.740000000000002 6.557943581795081e-08
21.75 6.403919810532414e-08
21.76 6.25767772944642e-08
21.77 6.118931727728009e-08
21.78 5.987380251228774e-08
21.79 5.86279990150867e-08
21.8 5.7450953278059044e-08
21.81 5.6340621369476264e-08
21.82 5.529499831982438e-08
21.830000000000002 5.4312147181864506e-08
21.84 5.3390202271042094e-08
21.85 5.2527371038852766e-08
21.86 5.1722722879010046e-08
21.87 5.0976110802349386e-08
21.88 5.0286983472414915e-08
21.89 4.96550640537944e-08
21.900000000000002 4.9080369666013035e-08
21.91 4.8563230322377004e-08
21.92 4.810429926697382e-08
21.93 4.770110316554906e-08
21.94 4.735000491332521e-08
21.95 4.704902440536593e-08
21.96 4.679584455767366e-08
21.97 4.658776646119969e-08
21.98 4.642166208525906e-08
21.990000000000002 4.629403684114591e-08
22.0 4.620686378241671e-08
22.01 4.616251258554799e-08
22.02 4.6161506420832644e-08
22.03 4.620488483936562e-08
22.04 4.629426144864214e-08
22.05 4.6431884805824084e-08
22.06 4.66203967823878e-08
22.07 4.6856547564151424e-08
22.080000000000002 4.713804941546733e-08
22.09 4.746413076982259e-08
22.1 4.783368439127797e-08
22.11 4.82452102333001e-08
22.12 4.869675495741059e-08
22.13 4.9186278229887154e-08
22.14 4.9716171583339764e-08
22.150000000000002 5.0287437249188017e-08
22.16 5.090030739300991e-08
22.17 5.1555221153629484e-08
22.18 5.2252852549586294e-08
22.19 5.299414156543429e-08
22.2 5.3780019043788915e-08
22.21 5.4609555872096134e-08
22.22 5.548272730051401e-08
22.23 5.639979353179057e-08
22.240000000000002 5.736100733129087e-08
22.25 5.836660702039469e-08
22.26 5.9416808224742193e-08
22.27 6.051163941288035e-08
22.28 6.165036809408094e-08
22.29 6.283244393244405e-08
22.3 6.405717721834131e-08
22.31 6.532365021672784e-08
22.32 6.663068914794295e-08
22.330000000000002 6.797683473785173e-08
22.34 6.93614485663106e-08
22.35 7.078699576954189e-08
22.36 7.225423893198564e-08
22.37 7.376409978708878e-08
22.38 7.531788693738322e-08
22.39 7.691735186277082e-08
22.400000000000002 7.856474892745449e-08
22.41 8.026048300423835e-08
22.42 8.200080521073298e-08
22.43 8.378475942444168e-08
22.44 8.561107994175805e-08
22.45 8.747800995053843e-08
22.46 8.938323267239476e-08
22.47 9.132379997763094e-08
22.48 9.32990634488649e-08
22.490000000000002 9.531128578168851e-08
22.5 9.736005620057577e-08
22.51 9.944514214177544e-08
22.52 1.015665549748278e-07
22.53 1.0372459723493785e-07
22.54 1.0591990990186078e-07
22.55 1.0815167608593627e-07
22.56 1.104182829577739e-07
22.57 1.1271929517542561e-07
22.580000000000002 1.1505427431303871e-07
22.59 1.1742277645834516e-07
22.6 1.1982434959691536e-07
22.61 1.2225851021992716e-07
22.62 1.2472288751569013e-07
22.63 1.2721451199160542e-07
22.64 1.2973078105879294e-07
22.650000000000002 1.3226859216550852e-07
22.66 1.348242880340109e-07
22.67 1.3739359990732128e-07
22.68 1.3997184992190154e-07
22.69 1.4256138794699292e-07
22.7 1.4516437773354467e-07
22.71 1.4778132658921296e-07
22.72 1.504135627888902e-07
22.73 1.5306335048446864e-07
22.740000000000002 1.5573400838825085e-07
22.75 1.58429141969296e-07
22.76 1.6114056930097804e-07
22.77 1.6386264426021513e-07
22.78 1.6659165395048058e-07
22.79 1.6932285796088394e-07
22.8 1.720503522725336e-07
22.81 1.747669288524852e-07
22.82 1.7746557777947652e-07
22.830000000000002 1.801518095917139e-07
22.84 1.828264850561672e-07
22.85 1.8548899643686112e-07
22.86 1.8813950933624498e-07
22.87 1.907790778512869e-07
22.88 1.9340976108514615e-07
22.89 1.9603289866919078e-07
22.900000000000002 1.9864106853508976e-07
22.91 2.0123124321838777e-07
22.92 2.038010932661023e-07
22.93 2.0634791369182484e-07
22.94 2.0886856712427904e-07
22.95 2.1135942696921426e-07
22.96 2.1381743276133788e-07
22.97 2.1624286710922183e-07
22.98 2.1863383845764856e-07
22.990000000000002 2.2098822561044144e-07
23.0 2.2330394124878443e-07
23.01 2.2557894337400016e-07
23.02 2.27811246503889e-07
23.03 2.29999520349924e-07
23.04 2.3214387584799675e-07
23.05 2.3424389939102463e-07
23.06 2.362995185912196e-07
23.07 2.3831108709565204e-07
23.080000000000002 2.402794229580088e-07
23.09 2.4220584728259446e-07
23.1 2.4408870740621385e-07
23.11 2.459217884224021e-07
23.12 2.4770217774779026e-07
23.13 2.49426407664241e-07
23.14 2.5109031505935386e-07
23.150000000000002 2.5268896688583143e-07
23.16 2.54216585811502e-07
23.17 2.5567313191934837e-07
23.18 2.570631350863866e-07
23.19 2.583866839136182e-07
23.2 2.596445848697046e-07
23.21 2.608384500060669e-07
23.22 2.6197077986522994e-07
23.23 2.630450100796688e-07
23.240000000000002 2.6405838254866957e-07
23.25 2.6500640382869176e-07
23.26 2.6588800603616087e-07
23.27 2.66701785572648e-07
23.28 2.6744595087087883e-07
23.29 2.6811827038013443e-07
23.3 2.687161043380911e-07
23.31 2.6923985369968007e-07
23.32 2.6968976913352774e-07
23.330000000000002 2.70064822572517e-07
23.34 2.7036398992199336e-07
23.35 2.705862566744141e-07
23.36 2.7073062280842447e-07
23.37 2.7079626484900147e-07
23.38 2.707853088717736e-07
23.39 2.7069972895156155e-07
23.400000000000002 2.705412716216761e-07
23.41 2.703122377204566e-07
23.42 2.7001552420125073e-07
23.43 2.696546646881355e-07
23.44 2.6923303847784484e-07
23.45 2.6874613311866e-07
23.46 2.681918998462111e-07
23.47 2.675692814006411e-07
23.48 2.6687661097349455e-07
23.490000000000002 2.661115469091476e-07
23.5 2.6527101064513026e-07
23.51 2.643527906790854e-07
23.52 2.633644418129034e-07
23.53 2.623093552698132e-07
23.54 2.611902689622506e-07
23.55 2.6001063372260887e-07
23.56 2.587746743815513e-07
23.57 2.5748744831205527e-07
23.580000000000002 2.5615249969209277e-07
23.59 2.5476441198541214e-07
23.6 2.5332267335312396e-07
23.61 2.5182705664891e-07
23.62 2.502767696281366e-07
23.63 2.486703986277262e-07
23.64 2.4700585507075445e-07
23.650000000000002 2.4528271490704924e-07
23.66 2.4350621749026635e-07
23.67 2.4167772816829046e-07
23.68 2.397985338120135e-07
23.69 2.378701715808327e-07
23.7 2.3589445523656237e-07
23.71 2.3387350012551208e-07
23.72 2.318094420888277e-07
23.73 2.2970423954073432e-07
23.740000000000002 2.2756051252956168e-07
23.75 2.2538117972511866e-07
23.76 2.2316946018409965e-07
23.77 2.2092888487634625e-07
23.78 2.1866330686870408e-07
23.79 2.163735703047216e-07
23.8 2.140574488707016e-07
23.81 2.1171528346181643e-07
23.82 2.0934693219958663e-07
23.830000000000002 2.069517152990621e-07
23.84 2.0452837548020969e-07
23.85 2.0207505115857512e-07
23.86 1.9959571579368637e-07
23.87 1.97096947503314e-07
23.88 1.945819083323569e-07
23.89 1.9205432342720005e-07
23.900000000000002 1.8951852393591382e-07
23.91 1.8697948717377039e-07
23.92 1.8444275003994242e-07
23.93 1.819061838582883e-07
23.94 1.7936687016803336e-07
23.95 1.7682483161713097e-07
23.96 1.7427948157024012e-07
23.97 1.717295789755845e-07
23.98 1.6917318547114983e-07
23.990000000000002 1.6660794284348518e-07
24.0 1.6403852956618217e-07
24.01 1.6146859327606663e-07
24.02 1.5889976001567377e-07
24.03 1.563339686292439e-07
24.04 1.5377350078558168e-07
24.05 1.512210083713184e-07
24.060000000000002 1.4867929348821212e-07
24.07 1.461484497783166e-07
24.080000000000002 1.4362958051096324e-07
24.09 1.4112448406590223e-07
24.1 1.3863499657957397e-07
24.11 1.3616298811291506e-07
24.12 1.3371035871396976e-07
24.13 1.312787556023167e-07
24.14 1.2886773183878506e-07
24.150000000000002 1.2647749474090932e-07
24.16 1.24108301672942e-07
24.17 1.2176013554747738e-07
24.18 1.194326906965625e-07
24.19 1.1712536043890684e-07
24.2 1.1483797959839655e-07
24.21 1.125736973362477e-07
24.22 1.1033389015681241e-07
24.23 1.0811971917109296e-07
24.240000000000002 1.0593249985798377e-07
24.25 1.0377371498706688e-07
24.26 1.0164502637412818e-07
24.27 9.954728324190515e-08
24.28 9.747838759598506e-08
24.29 9.54379640535105e-08
24.3 9.342560095969461e-08
24.310000000000002 9.144064945699635e-08
24.32 8.948221288265323e-08
24.330000000000002 8.754913903574486e-08
24.34 8.564150342694099e-08
24.35 8.37621333161251e-08
24.36 8.191187237909371e-08
24.37 8.009166791914492e-08
24.38 7.830267986883455e-08
24.39 7.654629403990249e-08
24.400000000000002 7.482413289552599e-08
24.41 7.313640110212126e-08
24.42 7.148149304934959e-08
24.43 6.985943595206787e-08
24.44 6.827014312186142e-08
24.45 6.671338447015833e-08
24.46 6.518877711445795e-08
24.47 6.369577900053867e-08
24.48 6.223407445198753e-08
24.490000000000002 6.0803435929978e-08
24.5 5.940324720722602e-08
24.51 5.80327861459686e-08
24.52 5.669122388866107e-08
24.53 5.537762442803674e-08
24.54 5.409096057878721e-08
24.55 5.2832131978996794e-08
24.560000000000002 5.160248606824076e-08
24.57 5.0402582637854585e-08
24.580000000000002 4.923319910557348e-08
24.59 4.8095343303968105e-08
24.6 4.699026513808446e-08
24.61 4.5919348737061966e-08
24.62 4.4880107844447095e-08
24.63 4.3870205422748146e-08
24.64 4.2888427241398984e-08
24.650000000000002 4.193325369293457e-08
24.66 4.1002842085191235e-08
24.67 4.009501078056728e-08
24.68 3.92075245583465e-08
24.69 3.8342621164094465e-08
24.7 3.750149216111157e-08
24.71 3.6684397717451356e-08
24.72 3.589185487475066e-08
24.73 3.5124656418944575e-08
24.740000000000002 3.4383888484064125e-08
24.75 3.3670554532843765e-08
24.76 3.298236669289087e-08
24.77 3.231832458135055e-08
24.78 3.1677930767390924e-08
24.79 3.106056581493675e-08
24.8 3.046547794533026e-08
24.810000000000002 2.9891772486539676e-08
24.82 2.933858089350166e-08
24.830000000000002 2.880589966650646e-08
24.84 2.8293187927596968e-08
24.85 2.7799744736341724e-08
24.86 2.7324826749650197e-08
24.87 2.68676479786811e-08
24.88 2.6427378467470996e-08
24.89 2.600343813603627e-08
24.900000000000002 2.5596302327720167e-08
24.91 2.520592066139601e-08
24.92 2.4832276315883933e-08
24.93 2.4475476418435883e-08
24.94 2.4135760935342513e-08
24.95 2.381351289087747e-08
24.96 2.350864321993293e-08
24.97 2.3219696068869206e-08
24.98 2.294615444482502e-08
24.990000000000002 2.2687484900056924e-08
25.0 2.2443065008395614e-08
25.01 2.2212174122585027e-08
25.02 2.1993983964207087e-08
25.03 2.1788329377829064e-08
25.04 2.1596136962187388e-08
25.05 2.141750648667728e-08
25.060000000000002 2.1252628274330055e-08
25.07 2.11018137828196e-08
25.080000000000002 2.0965506088968435e-08
25.09 2.0844291746599107e-08
25.1 2.0737777789331152e-08
25.11 2.064469738918633e-08
25.12 2.056462316289752e-08
25.13 2.0497011622006272e-08
25.14 2.0441186729893324e-08
25.150000000000002 2.039632476197946e-08
25.16 2.036144301065636e-08
25.17 2.0336644705157454e-08
25.18 2.032241298077016e-08
25.19 2.0318583982480935e-08
25.2 2.032505603427083e-08
25.21 2.0341798021882083e-08
25.22 2.036885826825973e-08
25.23 2.040636891507009e-08
25.240000000000002 2.0454311732537832e-08
25.25 2.0512734155632862e-08
25.26 2.058184960705917e-08
25.27 2.06619482688526e-08
25.28 2.0753403584381934e-08
25.29 2.0856678877348954e-08
25.3 2.097225851835393e-08
25.310000000000002 2.1099112270303306e-08
25.32 2.1236350153321266e-08
25.330000000000002 2.1383345284544156e-08
25.34 2.153927658457501e-08
25.35 2.1703105182913247e-08
25.36 2.187355007842904e-08
25.37 2.204935099434091e-08
25.38 2.2232287784948283e-08
25.39 2.242330919727286e-08
25.400000000000002 2.2622969911084093e-08
25.41 2.2832092350799508e-08
25.42 2.3051801283392455e-08
25.43 2.328355902339889e-08
25.44 2.352863067553901e-08
25.45 2.3784650560003655e-08
25.46 2.4050737900207803e-08
25.47 2.4326313861739953e-08
25.48 2.4610541162126934e-08
25.490000000000002 2.4902288059180716e-08
25.5 2.520009185569619e-08
25.51 2.5502811385735564e-08
25.52 2.5812042132945302e-08
25.53 2.6127873702108412e-08
25.54 2.645022180591144e-08
25.55 2.677911491109886e-08
25.560000000000002 2.7114713384128204e-08
25.57 2.7457329959267203e-08
25.580000000000002 2.7807168066535e-08
25.59 2.8163779841651753e-08
25.6 2.8527276648430055e-08
25.61 2.889788178623556e-08
25.62 2.9275893473129297e-08
25.63 2.9661690987507067e-08
25.64 3.0055741397823636e-08
25.650000000000002 3.045801868887827e-08
25.66 3.086745367194741e-08
25.67 3.1283616184709815e-08
25.68 3.170595117583995e-08
25.69 3.213373024028995e-08
25.7 3.256603012347721e-08
25.71 3.300171060525417e-08
25.72 3.3440617689122105e-08
25.73 3.3883807551576025e-08
25.740000000000002 3.4331278089155294e-08
25.75 3.478313842251242e-08
25.76 3.5239636816570565e-08
25.77 3.57011802104199e-08
25.78 3.616835433200552e-08
25.79 3.6640397973932565e-08
25.8 3.711576930245594e-08
25.810000000000002 3.7593769672779657e-08
25.82 3.807353424339368e-08
25.830000000000002 3.855401144292462e-08
25.84 3.903394284292532e-08
25.85 3.9511865885700375e-08
25.86 3.99882483400314e-08
25.87 4.046391984369559e-08
25.88 4.0938926987747e-08
25.89 4.14135091723059e-08
25.900000000000002 4.188812519069463e-08
25.91 4.236347967548674e-08
25.92 4.284047338034278e-08
25.93 4.331804168218232e-08
25.94 4.3795311322738974e-08
25.95 4.427203329331335e-08
25.96 4.474787373905413e-08
25.97 4.522239925494045e-08
25.98 4.5695061607340434e-08
25.990000000000002 4.6165206517431116e-08
26.0 4.663238137696539e-08
26.01 4.709593730251689e-08
26.02 4.755503308203008e-08
26.03 4.800870061588106e-08
26.04 4.845583470420808e-08
26.05 4.8895182061205926e-08
26.060000000000002 4.9325660813432856e-08
26.07 4.9748817662837244e-08
26.080000000000002 5.0165402001287095e-08
26.09 5.0576027344829185e-08
26.1 5.0981630969707545e-08
26.11 5.138350828073207e-08
26.12 5.178334900747647e-08
26.13 5.218228991656559e-08
26.14 5.2576644595767096e-08
26.150000000000002 5.296490166427099e-08
26.16 5.334571600610987e-08
26.17 5.371732009903864e-08
26.18 5.407747568600581e-08
26.19 5.442342591993328e-08
26.2 5.475351549667209e-08
26.21 5.507133336157951e-08
26.22 5.537748378961352e-08
26.23 5.567254518436433e-08
26.240000000000002 5.595749101892445e-08
26.25 5.623373509701965e-08
26.26 5.650317787237553e-08
26.27 5.67664143044308e-08
26.28 5.7020402344720115e-08
26.29 5.726469625116741e-08
26.3 5.749881960574114e-08
26.310000000000002 5.772209242589535e-08
26.32 5.7933603765181543e-08
26.330000000000002 5.813218536000731e-08
26.34 5.8317561598374146e-08
26.35 5.84908460026152e-08
26.36 5.8651896521076836e-08
26.37 5.880059226600286e-08
26.38 5.893686274763667e-08
26.39 5.9060694396239396e-08
26.400000000000002 5.917213854168238e-08
26.41 5.927120951429942e-08
26.42 5.935791170950033e-08
26.43 5.943239089325277e-08
26.44 5.9494856892558425e-08
26.45 5.9545587282553575e-08
26.46 5.958493255950868e-08
26.47 5.961331389823751e-08
26.48 5.96300612292714e-08
26.490000000000002 5.963413806015817e-08
26.5 5.962496293470928e-08
26.51 5.960179365752994e-08
26.52 5.956371259023194e-08
26.53 5.9509611808895553e-08
26.54 5.943824634940093e-08
26.55 5.935102306118428e-08
26.560000000000002 5.924944522094251e-08
26.57 5.913424395574858e-08
26.580000000000002 5.900642795875861e-08
26.59 5.8867309211800035e-08
26.6 5.8718528512179905e-08
26.61 5.8561871751076e-08
26.62 5.8395652618135896e-08
26.63 5.8218852715536925e-08
26.64 5.8031239130956844e-08
26.650000000000002 5.7832366088926166e-08
26.66 5.762155135059289e-08
26.67 5.7397852609069114e-08
26.68 5.7160306004042745e-08
26.69 5.691033655376605e-08
26.7 5.6648489965219076e-08
26.71 5.637489168552629e-08
26.72 5.608973651448465e-08
26.73 5.579329774533658e-08
26.740000000000002 5.548593634143004e-08
26.75 5.516810861253257e-08
26.76 5.484036840101652e-08
26.77 5.450338481710268e-08
26.78 5.415794730476782e-08
26.79 5.3804972221957416e-08
26.8 5.3445510239289677e-08
26.810000000000002 5.308075272063956e-08
26.82 5.271135565285503e-08
26.830000000000002 5.233533034878059e-08
26.84 5.195196567405846e-08
26.85 5.1560505954844835e-08
26.86 5.1159905102061715e-08
26.87 5.074880409021388e-08
26.88 5.032551049735548e-08
26.89 4.988968735000895e-08
26.900000000000002 4.9445200794184406e-08
26.91 4.8993334290144824e-08
26.92 4.8535514973724846e-08
26.93 4.807355664238197e-08
26.94 4.760969025643285e-08
26.95 4.714659216419688e-08
26.96 4.668483482995057e-08
26.97 4.622108326418281e-08
26.98 4.575498345726599e-08
26.990000000000002 4.5285966020317285e-08
27.0 4.481312319579785e-08
27.01 4.433518104008348e-08
27.02 4.385047274249598e-08
27.03 4.3359430941552384e-08
27.04 4.286459994030489e-08
27.05 4.2366390636713034e-08
27.060000000000002 4.186535758873616e-08
27.07 4.1362225628786245e-08
27.080000000000002 4.085790553195361e-08
27.09 4.035350715354217e-08
27.1 3.984896352730329e-08
27.11 3.934373711585583e-08
27.12 3.8838109706461495e-08
27.13 3.833233687426305e-08
27.14 3.782664324613683e-08
27.150000000000002 3.732121870545662e-08
27.16 3.681621476616921e-08
27.17 3.631178090782443e-08
27.18 3.580802781010331e-08
27.19 3.5305006788484395e-08
27.2 3.4802724006548626e-08
27.21 3.430113801008343e-08
27.22 3.380015723993652e-08
27.23 3.3299683577085216e-08
27.240000000000002 3.2800678673836786e-08
27.25 3.2304015264218743e-08
27.26 3.181034143068956e-08
27.27 3.132041503855023e-08
27.28 3.083511050455071e-08
27.29 3.0355425309204443e-08
27.3 2.9882303282960875e-08
27.310000000000002 2.9414505056603486e-08
27.32 2.8951349798344303e-08
27.330000000000002 2.8492468415053786e-08
27.34 2.8037309207664643e-08
27.35 2.7585125340925357e-08
27.36 2.7134964630229266e-08
27.37 2.6686022014195854e-08
27.38 2.624000961705549e-08
27.39 2.5797592936142063e-08
27.400000000000002 2.535916363313425e-08
27.41 2.492524816669658e-08
27.42 2.4496519606637492e-08
27.43 2.4073806796827153e-08
27.44 2.3657755612125774e-08
27.45 2.324750659159344e-08
27.46 2.2843040348434918e-08
27.47 2.2444462070061186e-08
27.48 2.205183421371377e-08
27.490000000000002 2.166517123241749e-08
27.5 2.1284436572960178e-08
27.51 2.0909520354744915e-08
27.52 2.0540198417969653e-08
27.53 2.0176211126734372e-08
27.54 1.9817227894013763e-08
27.55 1.9462842384591157e-08
27.560000000000002 1.9112568820260157e-08
27.57 1.876583953524689e-08
27.580000000000002 1.842271824324768e-08
27.59 1.8084633501513317e-08
27.6 1.7752121992490873e-08
27.61 1.7425827075542443e-08
27.62 1.7106552736669066e-08
27.63 1.679527340234287e-08
27.64 1.6493143232908626e-08
27.650000000000002 1.619992786754999e-08
27.66 1.5913622360740954e-08
27.67 1.5633686666514045e-08
27.68 1.5359399149498447e-08
27.69 1.508982301788521e-08
27.7 1.4823792776700586e-08
27.71 1.4559902519127284e-08
27.72 1.4298662461884981e-08
27.73 1.4041771262898067e-08
27.740000000000002 1.3789526194721963e-08
27.75 1.3542388176474214e-08
27.76 1.3300995811352375e-08
27.77 1.3066177462071242e-08
27.78 1.2838949009979584e-08
27.79 1.2618652777619441e-08
27.8 1.2404321075845854e-08
27.810000000000002 1.2195823625163948e-08
27.82 1.1992947562995682e-08
27.830000000000002 1.1795389498280408e-08
27.84 1.1602748340588812e-08
27.85 1.141454355791131e-08
27.86 1.1231068849069676e-08
27.87 1.1052537360052399e-08
27.88 1.0878869529773027e-08
27.89 1.0709994406367656e-08
27.900000000000002 1.0545851632152265e-08
27.91 1.0386393514021965e-08
27.92 1.0231587803657071e-08
27.93 1.0081440288196744e-08
27.94 9.93597175016355e-09
27.95 9.795219849184427e-09
27.96 9.659246224294179e-09
27.97 9.528138259057273e-09
27.98 9.402010809183019e-09
27.990000000000002 9.280935590572591e-09
28.0 9.164346810621436e-09
28.01 9.051875167599515e-09
28.02 8.943202714049457e-09
28.03 8.837946547982068e-09
28.04 8.735653584961871e-09
28.05 8.635795762965506e-09
28.060000000000002 8.537989361851264e-09
28.07 8.443052887147258e-09
28.080000000000002 8.351278044023977e-09
28.09 8.262903372653195e-09
28.1 8.178270154535585e-09
28.11 8.097830798330184e-09
28.12 8.022157725263892e-09
28.13 7.951567555019115e-09
28.14 7.885070205962636e-09
28.150000000000002 7.822426111522038e-09
28.16 7.763427041935491e-09
28.17 7.707783530212038e-09
28.18 7.655115531784084e-09
28.19 7.604944411535063e-09
28.2 7.557023128924552e-09
28.21 7.511824626384297e-09
28.22 7.469291848581346e-09
28.23 7.42935152761977e-09
28.240000000000002 7.391950560395246e-09
28.25 7.357059271745434e-09
28.26 7.324674638372578e-09
28.27 7.2948586376503214e-09
28.28 7.267762212977613e-09
28.29 7.243541505425391e-09
28.3 7.222403501229804e-09
28.310000000000002 7.2046109333618095e-09
28.32 7.190487618735988e-09
28.330000000000002 7.180422536558987e-09
28.34 7.1741594201500235e-09
28.35 7.170856760097574e-09
28.36 7.170161489359077e-09
28.37 7.171606154425362e-09
28.38 7.174595147911404e-09
28.39 7.178391842789923e-09
28.400000000000002 7.1821113596651416e-09
28.41 7.186263248716346e-09
28.42 7.191887637657854e-09
28.43 7.1993013430564075e-09
28.44 7.2089750208155804e-09
28.45 7.221550619804652e-09
28.46 7.237860225509205e-09
28.47 7.258905777407076e-09
28.48 7.2838624578941825e-09
28.490000000000002 7.311807945608174e-09
28.5 7.342483541128658e-09
28.51 7.375494882761184e-09
28.52 7.410293974795257e-09
28.53 7.446161392324672e-09
28.54 7.482268153561971e-09
28.55 7.519307362176232e-09
28.560000000000002 7.557705598745497e-09
28.57 7.59748271808797e-09
28.580000000000002 7.63872398513543e-09
28.59 7.681591202594797e-09
28.6 7.726331989408024e-09
28.61 7.773222787618467e-09
28.62 7.82186854553186e-09
28.63 7.872116436957646e-09
28.64 7.92395761271223e-09
28.650000000000002 7.97737823478447e-09
28.66 8.03235803964583e-09
28.67 8.08886870105088e-09
28.68 8.14686229134114e-09
28.69 8.206213139958396e-09
28.7 8.266799410354365e-09
28.71 8.32848133200967e-09
28.72 8.39108930437109e-09
28.73 8.454420718492566e-09
28.740000000000002 8.518237375326212e-09
28.75 8.582410265540324e-09
28.76 8.647439135449928e-09
28.77 8.713544513904651e-09
28.78 8.780960231098743e-09
28.79 8.84999849944633e-09
28.8 8.921058978744853e-09
28.810000000000002 8.994637040878831e-09
28.82 9.070910150262143e-09
28.830000000000002 9.148913806849201e-09
28.84 9.228330306037147e-09
28.85 9.308794125604386e-09
28.86 9.389813049575637e-09
28.87 9.470753950407995e-09
28.88 9.55082768270719e-09
28.89 9.629784949287954e-09
28.900000000000002 9.708558520802452e-09
28.91 9.787221240749224e-09
28.92 9.865901395771461e-09
28.93 9.944828561315273e-09
28.94 1.0024347325318487e-08
28.95 1.01049307381384e-08
28.96 1.0186586279550271e-08
28.97 1.0268759192630112e-08
28.98 1.0351458726056133e-08
28.990000000000002 1.0434681825901865e-08
29.0 1.0518404438078239e-08
29.01 1.0602577310235008e-08
29.02 1.0687121550956747e-08
29.03 1.0771825286945685e-08
29.04 1.085637529883493e-08
29.05 1.0940455281530114e-08
29.060000000000002 1.102367447325392e-08
29.07 1.1105561183719689e-08
29.080000000000002 1.1185555920370971e-08
29.09 1.1263018145929058e-08
29.1 1.1338500639489235e-08
29.11 1.1412804889064285e-08
29.12 1.1486310434031025e-08
29.13 1.1559558373686442e-08
29.14 1.163326941487706e-08
29.150000000000002 1.1708362779834307e-08
29.16 1.1785887132575675e-08
29.17 1.1864584952456475e-08
29.18 1.1943327653496068e-08
29.19 1.2021579807791269e-08
29.2 1.2098593956132208e-08
29.21 1.2173385364089469e-08
29.22 1.2244707169281372e-08
29.23 1.2311240996584218e-08
29.240000000000002 1.2374452583184038e-08
29.25 1.2435128046237444e-08
29.26 1.2493542184767491e-08
29.27 1.255015333158165e-08
29.28 1.2605625953642278e-08
29.29 1.2660853684383225e-08
29.3 1.2716698377212687e-08
29.310000000000002 1.2771908590336503e-08
29.32 1.282608266300791e-08
29.330000000000002 1.2879110312431644e-08
29.34 1.2930796786569856e-08
29.35 1.2980851083770517e-08
29.36 1.3028873768354326e-08
29.37 1.3074523211781047e-08
29.38 1.3118277989902045e-08
29.39 1.3160160718049779e-08
29.400000000000002 1.3200098079667972e-08
29.41 1.323802008033133e-08
29.42 1.3273861257715163e-08
29.43 1.3307562719407583e-08
29.44 1.333911224127304e-08
29.45 1.3368642364736745e-08
29.46 1.3396242354548802e-08
29.47 1.3422029050366192e-08
29.48 1.3446159659660784e-08
29.490000000000002 1.3468835418853223e-08
29.5 1.3490304685037408e-08
29.51 1.3510532755165068e-08
29.52 1.3528778298194512e-08
29.53 1.3544721876940701e-08
29.54 1.3557982528320293e-08
29.55 1.3568083748703979e-08
29.560000000000002 1.3574444551782893e-08
29.57 1.3576371454661145e-08
29.580000000000002 1.3573893486716376e-08
29.59 1.3568115571447204e-08
29.6 1.3559340249981087e-08
29.61 1.3547991827779124e-08
29.62 1.353464482701486e-08
29.63 1.3520038101951437e-08
29.64 1.3505088615410718e-08
29.650000000000002 1.3489619231485308e-08
29.66 1.3472617402246674e-08
29.67 1.3453961242770787e-08
29.68 1.3433426179334314e-08
29.69 1.3410672078118793e-08
29.7 1.3385230617020036e-08
29.71 1.3356498753004783e-08
29.72 1.3324697726457444e-08
29.73 1.3290253179158956e-08
29.740000000000002 1.3253106949137985e-08
29.75 1.3213220418956291e-08
29.76 1.317057863352213e-08
29.77 1.312519400079753e-08
29.78 1.3077114557511708e-08
29.79 1.3026614331169452e-08
29.8 1.2974025911913797e-08
29.810000000000002 1.2919688650213585e-08
29.82 1.2864022164415503e-08
29.830000000000002 1.2807532129272383e-08
29.84 1.2750815902383265e-08
29.85 1.269447705324288e-08
29.86 1.2637540319228834e-08
29.87 1.2579263665828404e-08
29.88 1.2519179753698912e-08
29.89 1.2456657028176647e-08
29.900000000000002 1.2390885105193817e-08
29.91 1.2320861993942388e-08
29.92 1.2245663324520991e-08
29.93 1.2167034991957025e-08
29.94 1.2085887599047542e-08
29.95 1.2002804754203704e-08
29.96 1.1918576041698042e-08
29.97 1.1834215113407293e-08
29.98 1.1750976761554276e-08
29.990000000000002 1.1669883852528018e-08
