0.0 0.030000000000000027
0.01 0.02981834873257226
0.02 0.029621791054113708
0.03 0.02941060251585681
0.04 0.029185088299448422
0.05 0.028945566342682305
0.06 0.028692368700537374
0.07 0.028425835604343863
0.08 0.028146323960300187
0.09 0.027854202193072802
0.1 0.02754984339381704
0.11 0.027233636293533925
0.12 0.026905980253834325
0.13 0.02656728216745874
0.14 0.026217957561479405
0.15 0.025858429295665425
0.16 0.025489127653110275
0.17 0.025110489920975393
0.18 0.024722959603289116
0.19 0.02432698496517488
0.2 0.02392301935308802
0.21 0.02351152074195617
0.22 0.023092950917395577
0.23 0.022667773988105336
0.24 0.022236456816013314
0.25 0.02179946853016851
0.26 0.02135727972213046
0.27 0.020910360958105972
0.28 0.0204591833140019
0.29 0.020004217865450896
0.3 0.019545934936269355
0.31 0.0190848028448779
0.32 0.018621288094218258
0.33 0.018155854857605375
0.34 0.017688964365003584
0.35000000000000003 0.017221074417004822
0.36 0.016752638910909473
0.37 0.0162841073771334
0.38 0.01581592449152365
0.39 0.015348529682401968
0.4 0.01488235671037097
0.41000000000000003 0.014417833248871956
0.42 0.013955380488989741
0.43 0.013495412758259648
0.44 0.013038337152951274
0.45 0.012584553156572864
0.46 0.01213445232944943
0.47000000000000003 0.011688417994005301
0.48 0.011246824914466796
0.49 0.01081003900226861
0.5 0.010378417036141611
0.51 0.00995230639698947
0.52 0.009532044837750268
0.53 0.00911796023264131
0.54 0.008710370341126705
0.55 0.008309582612250878
0.56 0.007915893992198206
0.5700000000000001 0.0075295907462046355
0.58 0.007150948294730855
0.59 0.006780231058262733
0.6 0.006417692323496912
0.61 0.006063574129272525
0.62 0.005718107154162183
0.63 0.005381510622234034
0.64 0.005053992222306722
0.65 0.004735748040531423
0.66 0.004426962545986159
0.67 0.004127808558238924
0.68 0.003838447126274007
0.6900000000000001 0.0035590275582872213
0.7000000000000001 0.003289687417654119
0.71 0.00303055253015333
0.72 0.002781737003009835
0.73 0.0025433432681434484
0.74 0.0023154621361760608
0.75 0.0020981728046605974
0.76 0.0018915429415927582
0.77 0.0016956287606304174
0.78 0.0015104751057236215
0.79 0.0013361155459746948
0.8 0.0011725724932382768
0.81 0.0010198573411219214
0.8200000000000001 0.0008779705205551151
0.8300000000000001 0.0007469016583371603
0.84 0.0006266297208986985
0.85 0.0005171231637284713
0.86 0.00041834008925398583
0.87 0.0003302284193236523
0.88 0.00025272608874541726
0.89 0.00018576117271316105
0.9 0.00012925209222903154
0.91 8.31078118723478e-05
0.92 4.722804054767011e-05
0.93 2.1503438836100244e-05
0.9400000000000001 5.81583310784459e-06
0.9500000000000001 3.8433876656474237e-08
0.96 4.036050672605448e-06
0.97 1.766532605978902e-05
0.98 4.077497145709222e-05
0.99 7.320600713279189e-05
1.0 0.00011479200706361863
1.01 0.00016535934605552312
1.02 0.0002247274162173584
1.03 0.0002927089082585786
1.04 0.0003691100738761645
1.05 0.0004537309812237527
1.06 0.0005463657795330874
1.07 0.0006468029667473507
1.08 0.0007548256583697274
1.09 0.0008702118155412067
1.1 0.0009927345537659553
1.11 0.0011221624284614706
1.12 0.001258259699326584
1.1300000000000001 0.0014007866083733458
1.1400000000000001 0.001549499659299878
1.1500000000000001 0.001704151896904059
1.16 0.0018644931006594062
1.17 0.0020302701199193182
1.18 0.002201227198526161
1.19 0.0023771062183824826
1.2 0.0025576469778027106
1.21 0.0027425874695400296
1.22 0.0029316641582146155
1.23 0.003124612154911277
1.24 0.003321165524846459
1.25 0.0035210576592510368
1.26 0.0037240214840088687
1.27 0.003929789726696831
1.28 0.004138095181758984
1.29 0.0043486709736356086
1.3 0.0045612507448525505
1.31 0.004775568901086588
1.32 0.004991360990933287
1.33 0.005208363891567758
1.34 0.005426316054975608
1.35 0.005644957751353444
1.36 0.005864031309139393
1.37 0.006083281243873584
1.3800000000000001 0.0063024543974598
1.3900000000000001 0.006521300455143743
1.4000000000000001 0.006739572035114279
1.41 0.006957024899208082
1.42 0.007173418163390857
1.43 0.0073885145036822406
1.44 0.007602080306193075
1.45 0.007813885769873082
1.46 0.008023705300813616
1.47 0.0082313176163568
1.48 0.008436505916449163
1.49 0.008639058056312612
1.5 0.008838766713682097
1.51 0.009035429483556075
1.52 0.009228848817068189
1.53 0.009418832555246975
1.54 0.009605193943635848
1.55 0.00978775174321131
1.56 0.009966330357760025
1.57 0.010140759955195394
1.58 0.010310876554671389
1.59 0.010476521981714032
1.6 0.010637544204067428
1.61 0.010793797368153113
1.62 0.010945141864186547
1.6300000000000001 0.01109144440714345
1.6400000000000001 0.011232578111363162
1.6500000000000001 0.011368422527982966
1.6600000000000001 0.011498863417163774
1.67 0.011623793184670606
1.68 0.011743110874530324
1.69 0.011856722150007326
1.7 0.011964539325189621
1.71 0.012066481390243758
1.72 0.01216247402149527
1.73 0.012252449438382329
1.74 0.012336346585595126
1.75 0.01241411113688351
1.76 0.012485695445324227
1.77 0.012551058529090595
1.78 0.012610166051219993
1.79 0.012662990287983775
1.8 0.012709509875903982
1.81 0.012749709976987406
1.82 0.012783582300768676
1.83 0.012811124971287155
1.84 0.01283234246935562
1.85 0.012847245569452381
1.86 0.012855851270280494
1.87 0.012858182532498333
1.8800000000000001 0.012854268322412432
1.8900000000000001 0.012844143657652393
1.9000000000000001 0.012827849419106863
1.9100000000000001 0.012805432255276736
1.92 0.012776944482137412
1.93 0.012742443978638857
1.94 0.012701994014416448
1.95 0.012655663151933144
1.96 0.01260352521287024
1.97 0.012545659108158497
1.98 0.012482148712740906
1.99 0.012413082736855027
2.0 0.01233855459395837
2.0100000000000002 0.012258662120886152
2.02 0.012173507388522561
2.0300000000000002 0.012083196876496033
2.04 0.01198784117033222
2.05 0.011887554810189938
2.06 0.011782456139731265
2.07 0.011672667152885174
2.08 0.011558313334401465
2.09 0.011439523497970033
2.1 0.011316429641774733
2.11 0.011189166782227672
2.12 0.011057872792173476
2.13 0.010922688238249156
2.14 0.010783756217236956
2.15 0.010641222142659543
2.16 0.010495233467858897
2.17 0.010345939757348627
2.18 0.010193492432133161
2.19 0.010038044592097506
2.2 0.009879750848762026
2.21 0.00971876715824406
2.22 0.009555250632758763
2.23 0.009389359287225688
2.24 0.009221252026671553
2.25 0.009051088435256552
2.2600000000000002 0.008879028600814458
2.27 0.008705232951787191
2.2800000000000002 0.008529862095477625
2.29 0.008353076664930549
2.3000000000000003 0.008175037209164765
2.31 0.007995903962271421
2.32 0.00781583670390705
2.33 0.007634994614805914
2.34 0.007453536125729618
2.35 0.0072716187685468656
2.36 0.007089399016707576
2.37 0.006907031985234055
2.38 0.0067246714928440796
2.39 0.006542469905591826
2.4 0.006360577963223112
2.41 0.006179144645385756
2.42 0.005998317040928035
2.43 0.005818240224350978
2.44 0.005639057228774995
2.45 0.005460908816721968
2.46 0.005283933349422454
2.47 0.005108266704034997
2.48 0.004934042163055027
2.49 0.004761390307234527
2.5 0.00459043891137665
2.5100000000000002 0.004421312795692939
2.52 0.0042541337729574205
2.5300000000000002 0.004089020578674135
2.54 0.003926088760996253
2.5500000000000003 0.0037654505963123086
2.56 0.003607215008850244
2.57 0.0034514874943551085
2.58 0.0032983700569655106
2.59 0.0031479611358646784
2.6 0.0030003555326965844
2.61 0.0028556443576316162
2.62 0.0027139149738102386
2.63 0.0025752509460271328
2.64 0.002439731993673755
2.65 0.002307433992586108
2.66 0.0021784289317340715
2.67 0.0020527848014132988
2.68 0.0019305656052606007
2.69 0.001811831333977814
2.7 0.0016966379429980936
2.71 0.001585037334294194
2.72 0.0014770773212784798
2.73 0.0013728016080167896
2.74 0.0012722498419795725
2.75 0.0011754575851152388
2.7600000000000002 0.0010824563162783532
2.77 0.0009932734386494078
2.7800000000000002 0.0009079322913262237
2.79 0.0008264521936565822
2.8000000000000003 0.0007488485037409273
2.81 0.0006751325221008991
2.82 0.000605311567988237
2.83 0.0005393890127800595
2.84 0.00047736431333105823
2.85 0.0004192330489548382
2.86 0.00036498695831369693
2.87 0.0003146139743991725
2.88 0.0002680982953472272
2.89 0.0002254204276389872
2.9 0.0001865572399138895
2.91 0.00015148202144313686
2.92 0.00012016454393312757
2.93 9.257112985962181e-05
2.94 6.866473318902118e-05
2.95 4.840497732511856e-05
2.96 3.174823832263404e-05
2.97 1.864772322193774e-05
2.98 9.053548289620489e-06
2.99 2.912819909150219e-06
3.0 1.6971810524649524e-07
3.0100000000000002 7.655802947236336e-07
3.02 4.63898385177886e-06
3.0300000000000002 1.1725838043091276e-05
3.04 2.1959475944090343e-05
3.0500000000000003 3.527074792631594e-05
3.06 5.1588117090824e-05
3.0700000000000003 7.083775662874298e-05
3.08 9.294365021929232e-05
3.09 0.0001178276919498204
3.1 0.0001454097885341156
3.11 0.00017560796351111067
3.12 0.00020833846258596841
3.13 0.00024351586026530488
3.14 0.00028105316622522095
3.15 0.00032086187437433723
3.16 0.0003628521126832311
3.17 0.0004069327711896144
3.18 0.0004530115910545262
3.19 0.0005009952726845578
3.2 0.0005507895842120636
3.21 0.0006022994703451315
3.22 0.0006554291793640886
3.23 0.0007100823632935314
3.24 0.0007661621751959835
3.25 0.0008235713872473092
3.2600000000000002 0.0008822125002820938
3.27 0.00094198785304608
3.2800000000000002 0.0010027997310482623
3.29 0.0010645504079806987
3.3000000000000003 0.0011271422613946987
3.31 0.0011904779620219887
3.3200000000000003 0.0012544605300901443
3.33 0.0013189934372584214
3.34 0.0013839807074422159
3.35 0.0014493270164277934
3.36 0.0015149377643813508
3.37 0.0015807191612485227
3.38 0.0016465783756371734
3.39 0.0017124236014161437
3.4 0.0017781641482503413
3.41 0.0018437105307498418
3.42 0.0019089745557849258
3.43 0.0019738694016375423
3.44 0.002038309693745393
3.45 0.002102211605809822
3.46 0.002165492930276826
3.47 0.002228073154580356
3.48 0.002289873535529178
3.49 0.0023508171713518752
3.5 0.0024108290181676026
3.5100000000000002 0.0024698358325785444
3.52 0.002527766481788339
3.5300000000000002 0.002584551912689907
3.54 0.002640125197332116
3.5500000000000003 0.002694421586094828
3.56 0.002747378558143568
3.5700000000000003 0.00279893588082189
3.58 0.002849035701694133
3.59 0.0028976225127333236
3.6 0.0029446432135526515
3.61 0.002990047154422089
3.62 0.003033786170788054
3.63 0.00307581461488686
3.64 0.003116089358593435
3.65 0.0031545696433961518
3.66 0.0031912173550813216
3.67 0.003225996988990787
3.68 0.003258875635113269
3.69 0.0032898229891655945
3.7 0.0033188113607766773
3.71 0.003345815677181556
3.72 0.003370813466375626
3.73 0.003393784880711001
3.74 0.0034147126915653747
3.75 0.0034335822787476267
3.7600000000000002 0.0034503816214583524
3.77 0.0034651012865215963
3.7800000000000002 0.0034777344122441864
3.79 0.0034882766512978544
3.8000000000000003 0.0034967261930809804
3.81 0.0035030837464644082
3.8200000000000003 0.0035073525022748867
3.83 0.0035095381054705763
3.84 0.0035096486248981026
3.85 0.0035076945184105215
3.86 0.0035036884500803597
3.87 0.0034976453750959202
3.88 0.0034895825652875925
3.89 0.003479519503750951
3.9 0.003467477839646557
3.91 0.0034534813411094267
3.92 0.003437555846441946
3.93 0.003419729280297712
3.94 0.0034000315671421297
3.95 0.0033784945168383665
3.96 0.003355151810201261
3.97 0.0033300389427633054
3.98 0.00330319316708462
3.99 0.0032746534336762986
4.0 0.0032444602189523886
4.01 0.0032126554665096174
4.0200000000000005 0.0031792827085475386
4.03 0.003144386900877094
4.04 0.0031080143565150598
4.05 0.003070212678924912
4.0600000000000005 0.0030310306945883284
4.07 0.0029905184037073915
4.08 0.0029487269235357744
4.09 0.002905708370268316
4.1 0.0028615158129965193
4.11 0.0028162032049505945
4.12 0.0027698253138782117
4.13 0.002722437652262058
4.14 0.0026740963975797755
4.15 0.002624858307188997
4.16 0.002574780687152764
4.17 0.0025239213067273086
4.18 0.002472338327652285
4.19 0.0024200902349142614
4.2 0.002367235767886784
4.21 0.0023138338262807534
4.22 0.0022599433288033044
4.23 0.0022056232914975694
4.24 0.00215093271085276
4.25 0.002095930489836431
4.26 0.002040675372763978
4.2700000000000005 0.0019852258811393075
4.28 0.0019296402691704358
4.29 0.0018739765535099595
4.3 0.0018182922983624832
4.3100000000000005 0.0017626445970036937
4.32 0.0017070900268383003
4.33 0.0016516845919339017
4.34 0.0015964836667260035
4.3500000000000005 0.0015415419275318781
4.36 0.0014869131851220664
4.37 0.0014326504980490713
4.38 0.0013788060940101605
4.39 0.0013254312975718337
4.4 0.0012725764824599549
4.41 0.0012202910255129547
4.42 0.0011686232666296842
4.43 0.0011176205333412355
4.44 0.0010673290145203976
4.45 0.0010177937225775528
4.46 0.0009690584740480873
4.47 0.0009211658534707574
4.48 0.0008741571789593373
4.49 0.0008280724691048028
4.5 0.0007829503988257373
4.51 0.0007388282843014994
4.5200000000000005 0.0006957420588353178
4.53 0.000653726242338247
4.54 0.0006128139175508758
4.55 0.0005730367080766692
4.5600000000000005 0.0005344247581220759
4.57 0.0004970067000339955
4.58 0.0004608096497721974
4.59 0.0004258592012923827
4.6000000000000005 0.0003921794064672638
4.61 0.0003597927643649024
4.62 0.0003287202123824773
4.63 0.0002989811192280808
4.64 0.0002705933070023519
4.65 0.00024357303340253808
4.66 0.0002179349554574262
4.67 0.00019369215041960784
4.68 0.00017085611651720088
4.69 0.00014943677531599302
4.7 0.00012944247567437013
4.71 0.00011087998694586567
4.72 9.375450773683753e-05
4.73 7.806970224921977e-05
4.74 6.382769666287737e-05
4.75 5.1029091880128684e-05
4.76 3.967297804264875e-05
4.7700000000000005 2.9756950624944788e-05
4.78 2.127713364993367e-05
4.79 1.4228198644541164e-05
4.8 8.603363627045398e-06
4.8100000000000005 4.394424291638511e-06
4.82 1.591776063330358e-06
4.83 1.844369545562748e-07
4.84 1.6007161483339244e-07
4.8500000000000005 1.5050167660137686e-06
4.86 4.2043091209209744e-06
4.87 8.241712782473647e-06
4.88 1.3599747847281487e-05
4.89 2.0259720365619488e-05
4.9 2.8201753315625425e-05
4.91 3.740481857084782e-05
4.92 4.7846769558151404e-05
4.93 5.950437381634522e-05
4.94 7.235334914686316e-05
4.95 8.636839872269188e-05
4.96 0.0001015232472243114
4.97 0.00011779067784290723
4.98 0.00013514256999934762
4.99 0.00015354993267238312
5.0 0.00017298290679432747
5.01 0.00019341084813797801
5.0200000000000005 0.00021480235793456919
5.03 0.0002371253163320538
5.04 0.0002603469213112563
5.05 0.0002844337279278245
5.0600000000000005 0.00030935169109419167
5.07 0.00033506624485252386
5.08 0.0003615422992269274
5.09 0.0003887442842202254
5.1000000000000005 0.00041663619978207257
5.11 0.000445181658035582
5.12 0.00047434392566132397
5.13 0.000504085963030353
5.14 0.0005343703876626339
5.15 0.0005651595917895852
5.16 0.0005964157944874891
5.17 0.0006281010592624967
5.18 0.0006601773336610793
5.19 0.000692606488661901
5.2 0.0007253503580644319
5.21 0.0007583707924020099
5.22 0.0007916296863000154
5.23 0.0008250890104491738
5.24 0.0008587108558574252
5.25 0.0008924574718118077
5.26 0.0009262913034340167
5.2700000000000005 0.0009601750287500169
5.28 0.0009940715696882853
5.29 0.0010279441396859879
5.3 0.0010617563013335142
5.3100000000000005 0.0010954719861398822
5.32 0.0011290555282173625
5.33 0.001162471697346311
5.34 0.0011956857313967992
5.3500000000000005 0.0012286633315087628
5.36 0.001261370692051348
5.37 0.0012937745884149567
5.38 0.0013258423745163665
5.39 0.001357542010289689
5.4 0.0013888420884944908
5.41 0.0014197118607221018
5.42 0.0014501212751664334
5.43 0.001480041009606959
5.44 0.0015094424633592361
5.45 0.0015382977951038726
5.46 0.0015665799455595875
5.47 0.0015942626588949065
5.48 0.00162132050324661
5.49 0.0016477288475212487
5.5 0.0016734638119681455
5.51 0.0016985024459904748
5.5200000000000005 0.0017228226783301027
5.53 0.001746403326265706
5.54 0.0017692241085068873
5.55 0.0017912656571401411
5.5600000000000005 0.0018125095390613584
5.57 0.0018329382963574864
5.58 0.0018525353989131618
5.59 0.0018712852723908012
5.6000000000000005 0.0018891733090625855
5.61 0.0019061858746828551
5.62 0.0019223103144084472
5.63 0.001937534945524462
5.64 0.00195184900082589
5.65 0.001965242727520175
5.66 0.0019777073631363565
5.67 0.001989235127379769
5.68 0.0019998192214497335
5.69 0.0020094538264527097
5.7 0.002018134094396093
5.71 0.00202585608961435
5.72 0.0020326168601295276
5.73 0.002038414419619893
5.74 0.0020432477303211453
5.75 0.0020471166955065394
5.76 0.002050022151163469
5.7700000000000005 0.0020519658597961503
5.78 0.0020529505457178854
5.79 0.00205297983114925
5.8 0.0020520582257578038
5.8100000000000005 0.0020501911265939643
5.82 0.0020473848057673792
5.83 0.0020436463974000015
5.84 0.002038983880178768
5.8500000000000005 0.0020334059375354055
5.86 0.0020269220646507505
5.87 0.002019542583013144
5.88 0.002011278579008159
5.89 0.0020021418855993706
5.9 0.001992145063494658
5.91 0.001981301382348123
5.92 0.0019696248662522363
5.93 0.001957130226657427
5.94 0.0019438328021977244
5.95 0.0019297485700604557
5.96 0.0019148941251893488
5.97 0.001899286659076311
5.98 0.0018829439381599679
5.99 0.0018658842181492469
6.0 0.0018481262432618432
6.01 0.0018296892986197598
6.0200000000000005 0.0018105931411704843
6.03 0.0017908579758046418
6.04 0.001770504431284313
6.05 0.0017495535360068093
6.0600000000000005 0.0017280266973446305
6.07 0.0017059456779668879
6.08 0.001683332563730048
6.09 0.0016602097428932774
6.1000000000000005 0.0016365998814926522
6.11 0.0016125258986417652
6.12 0.0015880109418247058
6.13 0.0015630783683070817
6.140000000000001 0.0015377517264051205
6.15 0.001512054711896086
6.16 0.00148601115198721
6.17 0.0014596449813197958
6.18 0.0014329802177172057
6.19 0.0014060409380581042
6.2 0.0013788512311264309
6.21 0.0013514351268208817
6.22 0.0013238166782737586
6.23 0.0012960198977723728
6.24 0.0012680687292046522
6.25 0.0012399870249714291
6.26 0.001211798523249298
6.2700000000000005 0.0011835268409950764
6.28 0.0011551955073759515
6.29 0.0011268278406479093
6.3 0.0010984469590583183
6.3100000000000005 0.0010700757670500938
6.32 0.0010417369350137727
6.33 0.0010134528794220957
6.34 0.0009852457345835008
6.3500000000000005 0.0009571372795686185
6.36 0.0009291490044490876
6.37 0.0009013020725758235
6.38 0.0008736172937731553
6.390000000000001 0.0008461151071581345
6.4 0.0008188155645208126
6.41 0.0007917383164881171
6.42 0.0007649026209561455
6.43 0.0007383272955623944
6.44 0.0007120307070622167
6.45 0.0006860307630525454
6.46 0.0006603448988508585
6.47 0.0006349900649657118
6.48 0.0006099827157133204
6.49 0.0005853388094525826
6.5 0.0005610737842934553
6.51 0.0005372025470079637
6.5200000000000005 0.0005137394670622197
6.53 0.0004906983676956512
6.54 0.00046809251760872826
6.55 0.0004459346227449236
6.5600000000000005 0.0004242367906651303
6.57 0.0004030105515452579
6.58 0.00038226686364675744
6.59 0.0003620160962276176
6.6000000000000005 0.0003422680252808327
6.61 0.0003230318299643903
6.62 0.0003043160898124897
6.63 0.00028612881839426736
6.640000000000001 0.00026847743730476666
6.65 0.00025136874475909475
6.66 0.00023480893672243527
6.67 0.00021880360677136584
6.68 0.00020335774651720692
6.69 0.00018847574658909308
6.7 0.00017416138028619223
6.71 0.00016041781042608512
6.72 0.00014724762064490665
6.73 0.00013465280269289726
6.74 0.00012263476072742023
6.75 0.00011119431625789856
6.76 0.00010033171369548937
6.7700000000000005 9.004663536245176e-05
6.78 8.033821065703446e-05
6.79 7.120499999145689e-05
6.8 6.264501374859174e-05
6.8100000000000005 5.46557203591801e-05
6.82 4.723405459556174e-05
6.83 4.037642632973449e-05
6.84 3.407873002941094e-05
6.8500000000000005 2.8336354672142683e-05
6.86 2.3144192673359588e-05
6.87 1.8496650875854306e-05
6.88 1.4387661460368937e-05
6.890000000000001 1.081069321878271e-05
6.9 7.758763209093217e-06
6.91 5.2244485575956515e-06
6.92 3.1998985999370354e-06
6.93 1.676849179853973e-06
6.94 6.466351665590855e-07
6.95 1.0020388514650697e-07
6.96 2.812893299419827e-08
6.97 4.2062429569445815e-07
6.98 1.2675583700279486e-06
6.99 2.558465296356076e-06
7.0 4.282560683604563e-06
7.01 6.42875652699681e-06
7.0200000000000005 8.985675746348617e-06
7.03 1.1941667025313577e-05
7.04 1.5284819794092377e-05
7.05 1.9002979842263918e-05
7.0600000000000005 2.3083769299939855e-05
7.07 2.751459746241306e-05
7.08 3.228267694301793e-05
7.09 3.737504023902313e-05
7.1000000000000005 4.277855569742063e-05
7.11 4.847994354915692e-05
7.12 5.446579110105539e-05
7.13 6.0722554589270374e-05
7.140000000000001 6.723658896511456e-05
7.15 7.399416402049247e-05
7.16 8.098147663563367e-05
7.17 8.81846661072343e-05
7.18 9.558982939981628e-05
7.19 0.00010318303634228917
7.2 0.00011095034580239048
7.21 0.00011887781971497285
7.22 0.00012695153764658539
7.23 0.0001351576118748237
7.24 0.00014348220197061244
7.25 0.0001519115292181513
7.26 0.00016043189086249916
7.2700000000000005 0.00016902967417044626
7.28 0.0001776913702952257
7.29 0.00018640358792990606
7.3 0.00019515306674214306
7.3100000000000005 0.00020392668040193108
7.32 0.00021271143557153975
7.33 0.0002214945234018089
7.34 0.00023026331481340936
7.3500000000000005 0.0002390053711877737
7.36 0.00024770845590324324
7.37 0.0002563605455754986
7.38 0.0002649498409893949
7.390000000000001 0.0002734647777179588
7.4 0.00028189403641678927
7.41 0.0002902265527890205
7.42 0.0002984515250784303
7.43 0.0003065583759583705
7.44 0.00031453682001630033
7.45 0.00032237687477277427
7.46 0.000330068852571138
7.47 0.00033760336809186657
7.48 0.0003449713454955674
7.49 0.00035216402519142737
7.5 0.00035917297022501106
7.51 0.0003659900722833079
7.5200000000000005 0.00037260755731388477
7.53 0.00037901799075309994
7.54 0.0003852142586887909
7.55 0.00039118955205883973
7.5600000000000005 0.0003969374503543406
7.57 0.00040245188698950773
7.58 0.0004077271505366631
7.59 0.0004127578873573904
7.6000000000000005 0.0004175391038429149
7.61 0.00042206616826429184
7.62 0.00042633481223420394
7.63 0.00043034113178115445
7.640000000000001 0.00043408158803577915
7.65 0.0004375530037520961
7.66 0.0004407525006467454
7.67 0.0004436775845712577
7.68 0.00044632614050873695
7.69 0.00044869641168863474
7.7 0.0004507869978271923
7.71 0.00045259685301510255
7.72 0.0004541252832584476
7.73 0.000455371943674409
7.74 0.00045633683535097926
7.75 0.0004570203018728295
7.76 0.00045742302552056156
7.7700000000000005 0.0004575459956153091
7.78 0.00045739049028733873
7.79 0.000456958151623282
7.8 0.00045625093977673045
7.8100000000000005 0.00045527112622123847
7.82 0.00045402128803494375
7.83 0.0004525043019191523
7.84 0.00045072333795998995
7.8500000000000005 0.0004486818531399036
7.86 0.00044638358460908495
7.87 0.00044383254272305564
7.88 0.00044103300011313733
7.890000000000001 0.000437989436675619
7.9 0.00043470660244477113
7.91 0.00043118950153875693
7.92 0.000427443370568676
7.930000000000001 0.000423473670434325
7.94 0.000419286077964905
7.95 0.00041488647741136017
7.96 0.00041028095180344407
7.97 0.00040547577417796195
7.98 0.0004004773986889358
7.99 0.0003952924516086691
8.0 0.0003899277027321832
8.01 0.00038439005245026296
8.02 0.0003786865707851965
8.03 0.00037282446177346745
8.040000000000001 0.000366811053552709
8.05 0.00036065378894033565
8.06 0.00035436021598389544
8.07 0.00034793797849305176
8.08 0.0003413948065613334
8.09 0.0003347385070870384
8.1 0.0003279769543037894
8.11 0.0003211180779174247
8.120000000000001 0.0003141698297027956
8.13 0.00030714021246625034
8.14 0.00030003726401595966
8.15 0.0002928690416428015
8.16 0.0002856436129403065
8.17 0.00027836904670386527
8.18 0.00027105340392019096
8.19 0.00026370472885441955
8.2 0.00025633104024084044
8.21 0.00024894032258859257
8.22 0.00024154051760678745
8.23 0.00023413950773814966
8.24 0.0002267451085980355
8.25 0.00021936507755908677
8.26 0.00021200709596952243
8.27 0.0002046787612237054
8.28 0.0001973875791120884
8.290000000000001 0.00019014095634628872
8.3 0.00018294619326410244
8.31 0.00017581047672264594
8.32 0.0001687408731826153
8.33 0.00016174432199038413
8.34 0.00015482762826907887
8.35 0.0001479974519741807
8.36 0.00014126030990539717
8.370000000000001 0.00013462256799709818
8.38 0.00012809043455470556
8.39 0.00012166995484890874
8.4 0.0001153670059367267
8.41 0.00010918729171913947
8.42 0.00010313633823382917
8.43 9.721948918822287e-05
8.44 9.14419017335839e-05
8.45 8.580854248488399e-05
8.46 8.032418423152294e-05
8.47 7.499340227628583e-05
8.48 6.9820570424599e-05
8.49 6.4809858491513e-05
8.5 5.9965229563157044e-05
8.51 5.5290437508665954e-05
8.52 5.078902474492386e-05
8.53 4.6464320254605354e-05
8.540000000000001 4.231943785615311e-05
8.55 3.8357274728128415e-05
8.56 3.458051018492142e-05
8.57 3.099160512152685e-05
8.58 2.7592803745050444e-05
8.59 2.438612804631958e-05
8.6 2.1373379004885514e-05
8.61 1.855613716116207e-05
8.620000000000001 1.5935762835568926e-05
8.63 1.3513396587965746e-05
8.64 1.128995991382057e-05
8.65 9.266156177302389e-06
8.66 7.4424717758116415e-06
8.67 5.819177536618659e-06
8.68 4.3963303384827405e-06
8.69 3.1737761188562266e-06
8.700000000000001 2.151150507650329e-06
8.71 1.3278794867752595e-06
8.72 7.031832335366436e-07
8.73 2.760787364344819e-07
8.74 4.538261194180762e-08
8.75 9.714116314712604e-09
8.76 1.6749835148066085e-07
8.77 5.169696585117893e-07
8.78 1.056175194857358e-06
8.790000000000001 1.7829786912148529e-06
8.8 2.695064028034001e-06
8.81 3.789936768950307e-06
8.82 5.064931082885207e-06
8.83 6.517213755240659e-06
8.84 8.143788349461185e-06
8.85 9.941499798077347e-06
8.86 1.1907039132173e-05
8.870000000000001 1.4036948343136048e-05
8.88 1.6327625371990746e-05
8.89 1.8775329220280332e-05
8.9 2.1376185177447195e-05
8.91 2.4126190158321997e-05
8.92 2.7021211953459027e-05
8.93 3.0056997028471595e-05
8.94 3.3229183046733224e-05
8.950000000000001 3.6533300101980644e-05
8.96 3.996477635732215e-05
8.97 4.351894375566323e-05
8.98 4.719104379365905e-05
8.99 5.0976233355437724e-05
9.0 5.486959059979816e-05
9.01 5.886612089409365e-05
9.02 6.296076279033083e-05
9.03 6.71483911454376e-05
9.040000000000001 7.142380982539265e-05
9.05 7.578178120444968e-05
9.06 8.021702517527814e-05
9.07 8.472422302592108e-05
9.08 8.929802336017992e-05
9.09 9.393304801501908e-05
9.1 9.862389797030136e-05
9.11 0.00010336515924668811
9.120000000000001 0.00010815140878334822
9.13 0.00011297722029327256
9.14 0.00011783717005961394
9.15 0.00012272582525339488
9.16 0.0001276377614150368
9.17 0.00013256758315265994
9.18 0.0001375099182301387
9.19 0.00014245942298587826
9.200000000000001 0.00014741078769126524
9.21 0.0001523587418435432
9.22 0.00015729805938916042
9.23 0.0001622235638729149
9.24 0.00016713013350933004
9.25 0.00017201270617103574
9.26 0.00017686627818972074
9.27 0.0001816858871030915
9.28 0.0001864666602289719
9.290000000000001 0.00019120380432630438
9.3 0.0001958926067295117
9.31 0.00020052843958527633
9.32 0.00020510676398167484
9.33 0.00020962313396481747
9.34 0.00021407320044336542
9.35 0.00021845271497404443
9.36 0.00022275753342938798
9.370000000000001 0.0002269836193944854
9.38 0.00023112702117570813
9.39 0.00023518389744466885
9.4 0.00023915053752965668
9.41 0.00024302334892343722
9.42 0.00024679886002667954
9.43 0.000250473722758297
9.44 0.0002540447150314266
9.450000000000001 0.0002575087430940811
9.46 0.0002608628437319547
9.47 0.0002641041863334168
9.48 0.00026723007481466686
9.49 0.0002702379410267023
9.5 0.0002731253224346891
9.51 0.0002758899164706924
9.52 0.00027852956220415434
9.53 0.00028104223820337587
9.540000000000001 0.0002834260634867018
9.55 0.00028567929833489894
9.56 0.00028780034496591646
9.57 0.0002897877480692729
9.58 0.0002916401952045948
9.59 0.00029335651706047586
9.6 0.00029493568725457754
9.61 0.000296376793967771
9.620000000000001 0.0002976790676961667
9.63 0.00029884189433564655
9.64 0.0002998647999611567
9.65 0.0003007474501848951
9.66 0.00030148964938837494
9.67 0.0003020913398301007
9.68 0.0003025526006310564
9.69 0.00030287364663792934
9.700000000000001 0.0003030548271685807
9.71 0.00030309662463787364
9.72 0.0003029996445666587
9.73 0.00030276459494418123
9.74 0.00030239233144108493
9.75 0.000301883836759366
9.76 0.0003012402162693318
9.77 0.0003004626959182827
9.78 0.00029955262004323704
9.790000000000001 0.0002985114490889687
9.8 0.00029734075723594246
9.81 0.00029604222993861486
9.82 0.00029461766137918975
9.83 0.0002930689514016437
9.84 0.0002913980801400196
9.85 0.00028960713025760927
9.86 0.00028769829129536746
9.870000000000001 0.000285673846181278
9.88 0.00028353616819874056
9.89 0.000281287717896218
9.9 0.0002789310399400162
9.91 0.0002764687599145464
9.92 0.0002739035810718493
9.93 0.0002712382810355421
9.94 0.00026847570846039864
9.950000000000001 0.0002656187733158701
9.96 0.0002626704326300893
9.97 0.00025963371757314023
9.98 0.0002565117168861833
9.99 0.00025330757210594197
10.0 0.00025002447402760683
10.01 0.0002466656591515494
10.02 0.0002432344061193293
10.03 0.00023973403213907452
10.040000000000001 0.00023616788940727072
10.05 0.00023253936152646017
10.06 0.00022885185955959057
10.07 0.00022510880585177584
10.08 0.000221313645797621
10.09 0.00021746984656687875
10.1 0.00021358088829644475
10.11 0.00020965026056643868
10.120000000000001 0.00020568145890280734
10.13 0.0002016779813044777
10.14 0.00019764332480116768
10.15 0.000193580982044049
10.16 0.00018949443793079591
10.17 0.00018538716627012133
10.18 0.00018126262356436308
10.19 0.0001771242421056262
10.200000000000001 0.0001729754390392621
10.21 0.00016881960760850752
10.22 0.00016466011365748844
10.23 0.0001605002925924217
10.24 0.0001563434464033793
10.25 0.00015219284074611227
10.26 0.00014805170208819635
10.27 0.00014392321492071904
10.28 0.00013981051903751152
10.290000000000001 0.00013571670675744697
10.3 0.00013164481725523158
10.31 0.0001275978381724786
10.32 0.0001235787033569396
10.33 0.00011959028934556241
10.34 0.00011563541309865533
10.35 0.0001117168298167652
10.36 0.0001078372308398294
10.370000000000001 0.00010399924163101947
10.38 0.00010020541984663567
10.39 9.645825349203531e-05
10.4 9.27601591670978e-05
10.41 8.911348046858076e-05
10.42 8.552048647218931e-05
10.43 8.198336999279583e-05
10.44 7.850424631425466e-05
10.450000000000001 7.508515189376484e-05
10.46 7.172804315210782e-05
10.47 6.843479535803901e-05
10.48 6.520720160579311e-05
10.49 6.204697188690825e-05
10.5 5.8955732255942805e-05
10.51 5.593502409183271e-05
10.52 5.298630356699585e-05
10.53 5.011094314262901e-05
10.540000000000001 4.7310228104096436e-05
10.55 4.4585356347120846e-05
10.56 4.1937438812675136e-05
10.57 3.936749929907193e-05
10.58 3.687647436491186e-05
10.59 3.4465213325229026e-05
10.6 3.213447833610257e-05
10.61 2.9884944571836967e-05
10.620000000000001 2.7717200490262432e-05
10.63 2.5631748186920756e-05
10.64 2.3629005073722963e-05
10.65 2.1709304894907896e-05
10.66 1.9872894417502073e-05
10.67 1.811993618948708e-05
10.68 1.6450509369267136e-05
10.69 1.4864610560093219e-05
10.700000000000001 1.3362154724311757e-05
10.71 1.1942976174056982e-05
10.72 1.0606829639193526e-05
10.73 9.353391409301377e-06
10.74 8.182260548963722e-06
10.75 7.0929603269984706e-06
10.76 6.084941393293998e-06
10.77 5.157579945103434e-06
10.78 4.3101796966915455e-06
10.790000000000001 3.541974034886519e-06
10.8 2.85212759551577e-06
10.81 2.2397378979222525e-06
10.82 1.7038370360204997e-06
10.83 1.2433934245907044e-06
10.84 8.573135981818688e-07
10.85 5.444440607495432e-07
10.86 3.0357318467572145e-07
10.870000000000001 1.3343333317590838e-07
10.88 3.270243128990777e-08
10.89 5.407853580114642e-12
10.9 3.3916735004752745e-08
10.91 1.329624942219285e-07
10.92 2.9562246905414855e-07
10.93 5.203322673432527e-07
10.94 8.054854737461542e-07
10.950000000000001 1.1494358293166317e-06
10.96 1.5504994359116916e-06
10.97 2.006956983554827e-06
10.98 2.517055844915121e-06
10.99 3.0790103809281207e-06
11.0 3.691006360769444e-06
11.01 4.351203153499543e-06
11.02 5.057735572943636e-06
11.03 5.808716134726331e-06
11.040000000000001 6.602237317026357e-06
11.05 7.436373825275844e-06
11.06 8.30918485798587e-06
11.07 9.218716371807868e-06
11.08 1.016300334173107e-05
11.09 1.1140072018544535e-05
11.1 1.2147939842533772e-05
11.11 1.3184616986391083e-05
11.120000000000001 1.4248113722341131e-05
11.13 1.533643993025316e-05
11.14 1.644760719227362e-05
11.15 1.7579630913402023e-05
11.16 1.8730532419393518e-05
11.17 1.989834103325889e-05
11.18 2.108109612754261e-05
11.19 2.227684915121625e-05
11.200000000000001 2.348366562827985e-05
11.21 2.4699626457517793e-05
11.22 2.592282366976591e-05
11.23 2.715137149784854e-05
11.24 2.8383406632388232e-05
11.25 2.9617088609465263e-05
11.26 3.085060155318337e-05
11.27 3.20821558764282e-05
11.28 3.330998994390769e-05
11.290000000000001 3.453237169175581e-05
11.3 3.574760020580263e-05
11.31 3.695400725482658e-05
11.32 3.814995877896455e-05
11.33 3.9333851507215335e-05
11.34 4.0504114692398174e-05
11.35 4.165922043600483e-05
11.36 4.279767977961174e-05
11.370000000000001 4.391804386343241e-05
11.38 4.5018905071427494e-05
11.39 4.6098898127251015e-05
11.4 4.715670113713318e-05
11.41 4.819103658001544e-05
11.42 4.920067224497941e-05
11.43 5.018442211528369e-05
11.44 5.1141146056759776e-05
11.450000000000001 5.2069742297581115e-05
11.46 5.296916175523674e-05
11.47 5.3838405574968204e-05
11.48 5.467652395118802e-05
11.49 5.548261664108014e-05
11.5 5.625583342449506e-05
11.51 5.6995374508429265e-05
11.52 5.770049087730055e-05
11.53 5.83704845888754e-05
11.540000000000001 5.900470901468776e-05
11.55 5.9602569026904334e-05
11.56 6.016351519063344e-05
11.57 6.068704578375984e-05
11.58 6.117271590993373e-05
11.59 6.162013174618175e-05
11.6 6.202895042020564e-05
11.61 6.239887984975205e-05
11.620000000000001 6.27296785315895e-05
11.63 6.302115528179081e-05
11.64 6.327316892553066e-05
11.65 6.348562793944811e-05
11.66 6.365849004590605e-05
11.67 6.379176046939633e-05
11.68 6.388548393662912e-05
11.69 6.393975748581436e-05
11.700000000000001 6.395472624806751e-05
11.71 6.393058133699267e-05
11.72 6.3867559157018e-05
11.73 6.376594067254542e-05
11.74 6.362605063726066e-05
11.75 6.344825678548504e-05
11.76 6.323296898734163e-05
11.77 6.298063836748108e-05
11.78 6.269175638943907e-05
11.790000000000001 6.23668487440476e-05
11.8 6.200647718094306e-05
11.81 6.161124479839037e-05
11.82 6.118179064028804e-05
11.83 6.071878861802892e-05
11.84 6.0222946405450936e-05
11.85 5.969500431052613e-05
11.86 5.9135734123506e-05
11.870000000000001 5.854593794286239e-05
11.88 5.792644698094859e-05
11.89 5.727812035097486e-05
11.9 5.6601842815450117e-05
11.91 5.589851879292656e-05
11.92 5.516908026945329e-05
11.93 5.441448268765723e-05
11.94 5.363570280477164e-05
11.950000000000001 5.283373739328745e-05
11.96 5.200960193230825e-05
11.97 5.116432929269839e-05
11.98 5.029896841584128e-05
11.99 4.941458298885187e-05
12.0 4.8512250116480166e-05
12.01 4.759305898903443e-05
12.02 4.665810653190026e-05
12.030000000000001 4.570849830888915e-05
12.040000000000001 4.4745350045087215e-05
12.05 4.3769784085073704e-05
12.06 4.278292807964254e-05
12.07 4.178591367810184e-05
12.08 4.077987523162883e-05
12.09 3.976594850376835e-05
12.1 3.874526939364863e-05
12.11 3.771897267073124e-05
12.120000000000001 3.668819072172834e-05
12.13 3.5654051833065165e-05
12.14 3.4617677187977376e-05
12.15 3.358018344507777e-05
12.16 3.254268025117352e-05
12.17 3.150626878005826e-05
12.18 3.047204058938789e-05
12.19 2.944107649725412e-05
12.200000000000001 2.8414445483465698e-05
12.21 2.7393203612591753e-05
12.22 2.6378392981161146e-05
12.23 2.5371040690303284e-05
12.24 2.437215784136231e-05
12.25 2.338273778950458e-05
12.26 2.2403755905758826e-05
12.27 2.1436169205684297e-05
12.280000000000001 2.048091495924836e-05
12.290000000000001 1.9538909833440293e-05
12.3 1.8611049065097012e-05
12.31 1.769820566667685e-05
12.32 1.6801229661091675e-05
12.33 1.5920947350593368e-05
12.34 1.5058160617659883e-05
12.35 1.4213646258563056e-05
12.36 1.3388155344312529e-05
12.370000000000001 1.2582412603326636e-05
12.38 1.1797115902428736e-05
12.39 1.1032935699918818e-05
12.4 1.0290514546625832e-05
12.41 9.570466627066392e-06
12.42 8.873377333718912e-06
12.43 8.199802877509451e-06
12.44 7.550269934945971e-06
12.450000000000001 6.925275328402945e-06
12.46 6.325285745030669e-06
12.47 5.750737491700417e-06
12.48 5.202036616635446e-06
12.49 4.679558347923723e-06
12.5 4.183646788015558e-06
12.51 3.7146150052445783e-06
12.52 3.272744960266345e-06
12.530000000000001 2.8582874649824876e-06
12.540000000000001 2.4714621782507325e-06
12.55 2.1124576345947933e-06
12.56 1.7814313075316434e-06
12.57 1.478509706569122e-06
12.58 1.203788508486554e-06
12.59 9.573328089541129e-07
12.6 7.391774589841742e-07
12.61 5.493267145957777e-07
12.620000000000001 3.877547550794748e-07
12.63 2.544059961439183e-07
12.64 1.4919540084607202e-07
12.65 7.200882058835218e-08
12.66 2.270336600131411e-08
12.67 1.1078066165379414e-09
12.68 7.022997845363007e-09
12.69 4.022233729948383e-08
12.700000000000001 1.004522442996016e-07
12.71 1.8743248233365388e-07
12.72 3.0085668944660306e-07
12.73 4.403930549249681e-07
12.74 6.056848459150971e-07
12.75 7.963509963439253e-07
12.76 1.0119867200457117e-06
12.77 1.2521641441696997e-06
12.780000000000001 1.5164329637890788e-06
12.790000000000001 1.8043211163722064e-06
12.8 2.1153354760449633e-06
12.81 2.4489625655888143e-06
12.82 2.8046689810011516e-06
12.83 3.1819014040784365e-06
12.84 3.580088833401345e-06
12.85 3.998642803661927e-06
12.86 4.43695809095577e-06
12.870000000000001 4.894413496016369e-06
12.88 5.3703726399659604e-06
12.89 5.864184770728188e-06
12.9 6.375185580468831e-06
12.91 6.902698031765455e-06
12.92 7.446033194052687e-06
12.93 8.004491042595731e-06
12.94 8.577359459514301e-06
12.950000000000001 9.163916953076369e-06
12.96 9.763434040002596e-06
12.97 1.0375173346339854e-05
12.98 1.099839045190466e-05
12.99 1.163233473790333e-05
13.0 1.2276250235303699e-05
13.01 1.292937647357547e-05
13.02 1.3590949330822676e-05
13.030000000000001 1.4260201881441566e-05
13.040000000000001 1.4936365242886399e-05
13.05 1.561866839600804e-05
13.06 1.6306337349389962e-05
13.07 1.6998600426148744e-05
13.08 1.7694687189035666e-05
13.09 1.8393829080990288e-05
13.1 1.909526021913249e-05
13.11 1.9798218180983387e-05
13.120000000000001 2.0501944783722637e-05
13.13 2.1205686853844035e-05
13.14 2.190869698812971e-05
13.15 2.2610234304876013e-05
13.16 2.3309565059271512e-05
13.17 2.400595975916766e-05
13.18 2.4698698119194045e-05
13.19 2.5387070272362994e-05
13.200000000000001 2.6070376092421094e-05
13.21 2.674792584661436e-05
13.22 2.7419040834540925e-05
13.23 2.8083054012995393e-05
13.24 2.873931060521284e-05
13.25 2.938716869461521e-05
13.26 3.002599980306839e-05
13.27 3.065518945204876e-05
13.280000000000001 3.1274135996492685e-05
13.290000000000001 3.188224916530428e-05
13.3 3.2478957075789995e-05
13.31 3.3063703738628845e-05
13.32 3.363594932348415e-05
13.33 3.419517059204298e-05
13.34 3.4740861310568125e-05
13.35 3.527253264509842e-05
13.36 3.578971353583593e-05
13.370000000000001 3.629195105394126e-05
13.38 3.6778810736658694e-05
13.39 3.724987668975773e-05
13.4 3.77047473763166e-05
13.41 3.8143041706959965e-05
13.42 3.85643993908889e-05
13.43 3.896847962262667e-05
13.44 3.935496127806075e-05
13.450000000000001 3.972354309052326e-05
13.46 4.0073943806742673e-05
13.47 4.04059023234064e-05
13.48 4.071917780232304e-05
13.49 4.101354976649395e-05
13.5 4.1288818176260685e-05
13.51 4.154480147120637e-05
13.52 4.178133504507617e-05
13.530000000000001 4.199827789622048e-05
13.540000000000001 4.21955093868661e-05
13.55 4.237292906249333e-05
13.56 4.253045659509923e-05
13.57 4.266803170840331e-05
13.58 4.2785614083863666e-05
13.59 4.288318324848113e-05
13.6 4.296073844513738e-05
13.61 4.30182984848225e-05
13.620000000000001 4.305590131933792e-05
13.63 4.307359972148279e-05
13.64 4.307146685814632e-05
13.65 4.304959571244365e-05
13.66 4.300809756293666e-05
13.67 4.294710172550193e-05
13.68 4.2866755280505583e-05
13.69 4.276722278406201e-05
13.700000000000001 4.2648685966518995e-05
13.71 4.2511343415819504e-05
13.72 4.235541024797795e-05
13.73 4.218111776401433e-05
13.74 4.1988711322238706e-05
13.75 4.1778449183011226e-05
13.76 4.155060715178502e-05
13.77 4.130547558821914e-05
13.780000000000001 4.10433589202305e-05
13.790000000000001 4.0764575225975784e-05
13.8 4.046945580648675e-05
13.81 4.015834474856324e-05
13.82 3.983159848010287e-05
13.83 3.948958531654629e-05
13.84 3.913268500017886e-05
13.85 3.8761288003068446e-05
13.86 3.837579225147297e-05
13.870000000000001 3.797660684523498e-05
13.88 3.756415103591242e-05
13.89 3.713885294576603e-05
13.9 3.670114906924576e-05
13.91 3.6251483770652175e-05
13.92 3.579030877981417e-05
13.93 3.531808268377769e-05
13.94 3.483527041711534e-05
13.950000000000001 3.434234275049436e-05
13.96 3.383977577802247e-05
13.97 3.3328049297407306e-05
13.98 3.280764613092322e-05
13.99 3.2279054282501746e-05
14.0 3.174276495612749e-05
14.01 3.119927201758899e-05
14.02 3.064907148505637e-05
14.030000000000001 3.0092661023073744e-05
14.040000000000001 2.9530539438846724e-05
14.05 2.8963206182299438e-05
14.06 2.839116085060281e-05
14.07 2.781490269636094e-05
14.08 2.7234930015221197e-05
14.09 2.6651738456351555e-05
14.1 2.6065822493344295e-05
14.11 2.5477674599966912e-05
14.120000000000001 2.4887784477617327e-05
14.13 2.4296638599863567e-05
14.14 2.3704719765027787e-05
14.15 2.311250665687362e-05
14.16 2.252047341309892e-05
14.17 2.1929089202172083e-05
14.18 2.1338817810417562e-05
14.19 2.0750117236741084e-05
14.200000000000001 2.016343895699848e-05
14.21 1.9579227580563373e-05
14.22 1.8997921166183027e-05
14.23 1.8419950450960544e-05
14.24 1.784573849373779e-05
14.25 1.7275700333512726e-05
14.26 1.6710242659694063e-05
14.27 1.6149763493173222e-05
14.280000000000001 1.5594651880029842e-05
14.290000000000001 1.5045287596837393e-05
14.3 1.4502040868354278e-05
14.31 1.3965272090281627e-05
14.32 1.3435331517310141e-05
14.33 1.2912559113773415e-05
14.34 1.239728429926765e-05
14.35 1.1889825717741314e-05
14.36 1.1390491031323686e-05
14.370000000000001 1.0899576727981322e-05
14.38 1.0417367942956463e-05
14.39 9.944138292260034e-06
14.4 9.480149721429777e-06
14.41 9.025652365411002e-06
14.42 8.580884424753271e-06
14.43 8.146072220443059e-06
14.44 7.721430031396807e-06
14.450000000000001 7.307159728376809e-06
14.46 6.903450882496647e-06
14.47 6.510480706906508e-06
14.48 6.128414011312856e-06
14.49 5.757403168924792e-06
14.5 5.3975880979924805e-06
14.51 5.049096255202619e-06
14.52 4.712042642968399e-06
14.530000000000001 4.38652982935649e-06
14.540000000000001 4.072648036523678e-06
14.55 3.7704755134159145e-06
14.56 3.480077952912504e-06
14.57 3.2015087414467413e-06
14.58 2.9348091127121695e-06
14.59 2.6800082395296316e-06
14.6 2.4371233367410927e-06
14.61 2.206159776876231e-06
14.620000000000001 1.987111215736876e-06
14.63 1.779959730392744e-06
14.64 1.5846759675811756e-06
14.65 1.4012193031982638e-06
14.66 1.2295382267356932e-06
14.67 1.0695703579619497e-06
14.68 9.212423489972886e-07
14.69 7.844702967442409e-07
14.700000000000001 6.591599471367747e-07
14.71 5.452069082602894e-07
14.72 4.4249687296759547e-07
14.73 3.5090584911688953e-07
14.74 2.70300398307543e-07
14.75 2.0053788301151914e-07
14.76 1.4146672072722164e-07
14.77 9.29266646143307e-08
14.780000000000001 5.474912271092214e-08
14.790000000000001 2.6757212462900654e-08
14.8 8.766130476947718e-09
14.81 5.834547442318987e-10
14.82 2.0094323663439272e-09
14.83 1.283727106852952e-08
14.84 3.285343687126508e-08
14.85 6.183795579235837e-08
14.86 9.956472011210375e-08
14.870000000000001 1.4580179826998276e-07
14.88 2.0031174931289288e-07
14.89 2.628517821411905e-07
14.9 3.331740882207661e-07
14.91 4.1102633835805565e-07
14.92 4.961519101773118e-07
14.93 5.882902070414916e-07
14.94 6.871769795116413e-07
14.950000000000001 7.92544646647771e-07
14.96 9.041226200771002e-07
14.97 1.021637626718707e-06
14.98 1.1448140330427023e-06
14.99 1.2733741693629055e-06
15.0 1.4070385473603265e-06
15.01 1.545525695024444e-06
15.02 1.68855330000522e-06
15.030000000000001 1.8358382876987496e-06
15.040000000000001 1.9870970622000265e-06
15.05 2.1420458151644953e-06
15.06 2.3004008326895243e-06
15.07 2.4618787989952057e-06
15.08 2.6261970983237036e-06
15.09 2.7930741129276668e-06
15.1 2.9622295182824346e-06
15.11 3.13338457317105e-06
15.120000000000001 3.306261713267823e-06
15.13 3.480585297647304e-06
15.14 3.6560824622762587e-06
15.15 3.8324829508052695e-06
15.16 4.009519376217078e-06
15.17 4.18692747788745e-06
15.18 4.3644463725675715e-06
15.19 4.541818801086445e-06
15.200000000000001 4.7187913685795176e-06
15.21 4.89511477949991e-06
15.22 5.0705440664581495e-06
15.23 5.244838561149724e-06
15.24 5.417761227534748e-06
15.25 5.589080630734149e-06
15.26 5.758570536261052e-06
15.27 5.9260099736588995e-06
15.280000000000001 6.091183418814811e-06
15.290000000000001 6.253880969017906e-06
15.3 6.4138985107120485e-06
15.31 6.571037880865466e-06
15.32 6.725107019421497e-06
15.33 6.875920116655981e-06
15.34 7.023297744021594e-06
15.35 7.167065915358439e-06
15.36 7.30705713049176e-06
15.370000000000001 7.44311115689119e-06
15.38 7.575074522201677e-06
15.39 7.702800608147976e-06
15.4 7.826149737559648e-06
15.41 7.944989252316745e-06
15.42 8.059193584876358e-06
15.43 8.168644320854937e-06
15.44 8.273230254807456e-06
15.450000000000001 8.372847437841668e-06
15.46 8.46739887928969e-06
15.47 8.556793646901078e-06
15.48 8.64094897522075e-06
15.49 8.719789498086612e-06
15.5 8.79324713003865e-06
15.51 8.861261063480928e-06
15.52 8.923777757964893e-06
15.530000000000001 8.980750923669178e-06
15.540000000000001 9.03214149659522e-06
15.55 9.077917606902484e-06
15.56 9.11805454018727e-06
15.57 9.152534678810893e-06
15.58 9.181346356145186e-06
15.59 9.204484895219533e-06
15.6 9.221953029754735e-06
15.610000000000001 9.233760273308703e-06
15.620000000000001 9.239922836882727e-06
15.63 9.240463541748591e-06
15.64 9.235411725969523e-06
15.65 9.22480314499317e-06
15.66 9.208679867201731e-06
15.67 9.187090162838911e-06
15.68 9.16008838882515e-06
15.69 9.127734549505256e-06
15.700000000000001 9.090093488738245e-06
15.71 9.047236479341626e-06
15.72 8.999240389102707e-06
15.73 8.946187455842643e-06
15.74 8.888165140616758e-06
15.75 8.825265979066094e-06
15.76 8.757587427025721e-06
15.77 8.685231704019716e-06
15.780000000000001 8.608305631838207e-06
15.790000000000001 8.52692047186715e-06
15.8 8.441191740464309e-06
15.81 8.351238255381328e-06
15.82 8.257182848625793e-06
15.83 8.159152423838512e-06
15.84 8.057277417531337e-06
15.85 7.951691620512995e-06
15.860000000000001 7.842531995624728e-06
15.870000000000001 7.729938495084536e-06
15.88 7.614053875786833e-06
15.89 7.495023514089922e-06
15.9 7.372995219064558e-06
15.91 7.248119045224913e-06
15.92 7.120546900278319e-06
15.93 6.990432025335549e-06
15.94 6.8579297746514545e-06
15.950000000000001 6.723197006201862e-06
15.96 6.586391855636529e-06
15.97 6.447673548917732e-06
15.98 6.307202214610825e-06
15.99 6.165138698887261e-06
16.0 6.021644380065734e-06
16.01 5.876880984786569e-06
16.02 5.731010405476099e-06
16.03 5.584194507741395e-06
16.04 5.4365945467373025e-06
16.05 5.288371496138533e-06
16.06 5.139685935104865e-06
16.07 4.990697708813323e-06
16.080000000000002 4.8415657589282075e-06
16.09 4.692447956587556e-06
16.1 4.543500937298885e-06
16.11 4.394879940050091e-06
16.12 4.246738648994034e-06
16.13 4.09922903787073e-06
16.14 3.952501218553199e-06
16.15 3.806703317792105e-06
16.16 3.6619813619097764e-06
16.17 3.5184790295507157e-06
16.18 3.3763375627397264e-06
16.19 3.23569563705022e-06
16.2 3.096689231378959e-06
16.21 2.9594515019010486e-06
16.22 2.8241126601377415e-06
16.23 2.69079985599119e-06
16.240000000000002 2.5596370636779206e-06
16.25 2.4307449730104607e-06
16.26 2.3042408680120155e-06
16.27 2.1802381304010954e-06
16.28 2.0588466983992044e-06
16.29 1.9401729845588316e-06
16.3 1.8243196407955907e-06
16.31 1.7113854801631412e-06
16.32 1.601465403369218e-06
16.330000000000002 1.4946503308983956e-06
16.34 1.3910271401710791e-06
16.35 1.2906786077965119e-06
16.36 1.1936833563861533e-06
16.37 1.1001158079479477e-06
16.38 1.010046305075299e-06
16.39 9.235411792284966e-07
16.4 8.406621248660019e-07
16.41 7.614664711106008e-07
16.42 6.860071705564255e-07
16.43 6.143327775054398e-07
16.44 5.464874318497973e-07
16.45 4.825108477149323e-07
16.46 4.224383063797742e-07
16.47 3.6630065438877143e-07
16.48 3.141243066076072e-07
16.490000000000002 2.659312472401269e-07
16.5 2.2173895004867642e-07
16.51 1.8156055933102625e-07
16.52 1.454048945384763e-07
16.53 1.132764412716653e-07
16.54 8.517538572065946e-08
16.55 6.10976515700017e-08
16.56 4.10349429208934e-08
16.57 2.497479074557111e-08
16.580000000000002 1.2900604442881748e-08
16.59 4.7917272307272185e-09
16.6 6.234956540591887e-10
16.61 3.6730005726662263e-10
16.62 3.9906034670863545e-09
16.63 1.1457008426487571e-08
16.64 2.2726350179365037e-08
16.65 3.7754770944840605e-08
16.66 5.649479606483908e-08
16.67 7.889541509762668e-08
16.68 1.0490216499023939e-07
16.69 1.344572170269842e-07
16.7 1.6749946594942118e-07
16.71 2.0396462302544336e-07
16.72 2.4378530977156154e-07
16.73 2.86891128320661e-07
16.740000000000002 3.332087925881841e-07
16.75 3.826622306074253e-07
16.76 4.351726831755575e-07
16.77 4.906588106987205e-07
16.78 5.490368024077714e-07
16.79 6.102204875135103e-07
16.8 6.741214482624582e-07
16.81 7.406491346992772e-07
16.82 8.097109812785696e-07
16.830000000000002 8.81212524478695e-07
16.84 9.550573691092124e-07
16.85 1.0311472309784643e-06
16.86 1.1093824473139497e-06
16.87 1.1896619022041264e-06
16.88 1.2718831417262615e-06
16.89 1.3559424938740456e-06
16.9 1.4417351893191745e-06
16.91 1.5291554819341904e-06
16.92 1.618096770864756e-06
16.93 1.7084517217233995e-06
16.94 1.8001123882882813e-06
16.95 1.8929702891362296e-06
16.96 1.986916027392981e-06
16.97 2.0818401218522086e-06
16.98 2.1776330327251056e-06
16.990000000000002 2.2741851524027672e-06
17.0 2.3713869215155874e-06
17.01 2.4691289421713454e-06
17.02 2.567302091859751e-06
17.03 2.6657976351820815e-06
17.04 2.7645073356523733e-06
17.05 2.8633235658400043e-06
17.06 2.9621394159525406e-06
17.07 3.0608487872584023e-06
17.080000000000002 3.1593464968518014e-06
17.09 3.257528412683834e-06
17.1 3.3552915402401077e-06
17.11 3.4525341229582444e-06
17.12 3.549155742262446e-06
17.13 3.645057415001176e-06
17.14 3.7401416887585057e-06
17.150000000000002 3.83431273605502e-06
17.16 3.927476445535942e-06
17.17 4.01954051178037e-06
17.18 4.110414368965016e-06
17.19 4.200007940320053e-06
17.2 4.2882338012804975e-06
17.21 4.375006855904988e-06
17.22 4.460244100900701e-06
17.23 4.543864692854076e-06
17.240000000000002 4.625790012499718e-06
17.25 4.705943726899826e-06
17.26 4.78425184887994e-06
17.27 4.860642793559676e-06
17.28 4.935047432642848e-06
17.29 5.007399145457803e-06
17.3 5.0776340237491165e-06
17.31 5.145690894725998e-06
17.32 5.211511082402502e-06
17.330000000000002 5.275038614930812e-06
17.34 5.336220264604398e-06
17.35 5.395005582758483e-06
17.36 5.451346932763834e-06
17.37 5.505199520364906e-06
17.38 5.556521419470845e-06
17.39 5.605273597069586e-06
17.400000000000002 5.651419933558376e-06
17.41 5.694927042860978e-06
17.42 5.735762906826673e-06
17.43 5.773899209511038e-06
17.44 5.809310789673143e-06
17.45 5.841975351576767e-06
17.46 5.871873463102369e-06
17.47 5.898988551987288e-06
17.48 5.923306898187111e-06
17.490000000000002 5.944817624777259e-06
17.5 5.963512685770245e-06
17.51 5.97938685095137e-06
17.52 5.992437688918332e-06
17.53 6.0026655990435066e-06
17.54 6.010073769676001e-06
17.55 6.014668076728203e-06
17.56 6.0164571054255236e-06
17.57 6.015452121511727e-06
17.580000000000002 6.011667039185382e-06
17.59 6.005118387288804e-06
17.6 5.995825273075314e-06
17.61 5.983809343517972e-06
17.62 5.969094744865582e-06
17.63 5.95170807976813e-06
17.64 5.931678207585396e-06
17.650000000000002 5.9090353277868254e-06
17.66 5.88381250599037e-06
17.67 5.856045182673188e-06
17.68 5.825770952233578e-06
17.69 5.793029506684887e-06
17.7 5.75786257858593e-06
17.71 5.720313881766139e-06
17.72 5.680429051787249e-06
17.73 5.638255583841501e-06
17.740000000000002 5.59384277039744e-06
17.75 5.547241636868778e-06
17.76 5.4985044658322196e-06
17.77 5.447684969183374e-06
17.78 5.394838703041407e-06
17.79 5.340022659997739e-06
17.8 5.2832951993673615e-06
17.81 5.224715977830913e-06
17.82 5.16434587811e-06
17.830000000000002 5.102246938679892e-06
17.84 5.038482281884745e-06
17.85 4.973116042103574e-06
17.86 4.906213294012711e-06
17.87 4.83784012131035e-06
17.88 4.768064180963542e-06
17.89 4.696953383995445e-06
17.900000000000002 4.624576215030932e-06
17.91 4.551001772428766e-06
17.92 4.4762996959126205e-06
17.93 4.400540093496075e-06
17.94 4.3237934687085765e-06
17.95 4.246130648577311e-06
17.96 4.167622710118946e-06
17.97 4.088340908731331e-06
17.98 4.008356604036454e-06
17.990000000000002 3.92773959166301e-06
18.0 3.846559248435379e-06
18.01 3.7648859070173006e-06
18.02 3.682789637248461e-06
18.03 3.6003401785050272e-06
18.04 3.5176068725495824e-06
18.05 3.4346585994179165e-06
18.06 3.351563712639897e-06
18.07 3.26838997717193e-06
18.080000000000002 3.18520450876816e-06
18.09 3.102073714924625e-06
18.1 3.0190636054346597e-06
18.11 2.936241058899879e-06
18.12 2.8536709340352528e-06
18.13 2.771417002434256e-06
18.14 2.6895421106802944e-06
18.150000000000002 2.6081081281961477e-06
18.16 2.527175894907795e-06
18.17 2.446805170939169e-06
18.18 2.3670545876482846e-06
18.19 2.287981599374605e-06
18.2 2.209642437119106e-06
18.21 2.132092058678564e-06
18.22 2.0553831776147936e-06
18.23 1.979567081450526e-06
18.240000000000002 1.9046942242739338e-06
18.25 1.8308135986814557e-06
18.26 1.7579727021382538e-06
18.27 1.686217505395297e-06
18.28 1.615592421637304e-06
18.29 1.5461402795919265e-06
18.3 1.4779022971333306e-06
18.31 1.4109180578609354e-06
18.32 1.3452254891973365e-06
18.330000000000002 1.280860886810611e-06
18.34 1.217859019183123e-06
18.35 1.1562528172133317e-06
18.36 1.096073472601827e-06
18.37 1.03735044589188e-06
18.38 9.80111455226593e-07
18.39 9.2438246889078e-07
18.400000000000002 8.70187698866578e-07
18.41 8.175495969822526e-07
18.42 7.664888522844167e-07
18.43 7.170243911351756e-07
18.44 6.691733847138297e-07
18.45 6.229518205579532e-07
18.46 5.783738742770172e-07
18.47 5.35451642748124e-07
18.48 4.941954770506423e-07
18.490000000000002 4.546139879792665e-07
18.5 4.1671405234214743e-07
18.51 3.805008212408897e-07
18.52 3.4597772959114826e-07
18.53 3.131465066467075e-07
18.54 2.8200718800642415e-07
18.55 2.5255812951613865e-07
18.56 2.2479583731521398e-07
18.57 1.9871462450998583e-07
18.580000000000002 1.7430774488684042e-07
18.59 1.5156693932804992e-07
18.6 1.3048240532156788e-07
18.61 1.1104282992879843e-07
18.62 9.32354226566845e-08
18.63 7.704595158394769e-08
18.64 6.245877996104306e-08
18.650000000000002 4.945690503820369e-08
18.66 3.802199862265208e-08
18.67 2.8134453043717205e-08
18.68 1.9773647287347476e-08
18.69 1.2917575346540902e-08
18.7 7.542855672572595e-09
18.71 3.624914325994831e-09
18.72 1.1380194106541024e-09
18.73 5.5316461236879985e-11
18.740000000000002 3.488631067326411e-10
18.75 1.9896658360293894e-09
18.76 4.947715372726814e-09
18.77 9.192024493886834e-09
18.78 1.4690664700957941e-08
18.79 2.1410860266292257e-08
18.8 2.931919622341727e-08
18.81 3.838141915011792e-08
18.82 4.856254989468473e-08
18.830000000000002 5.982694202194615e-08
18.84 7.213833081118359e-08
18.85 8.545988169981599e-08
18.86 9.975424039042661e-08
18.87 1.1498358301799015e-07
18.88 1.311096656368715e-07
18.89 1.4809387505524373e-07
18.900000000000002 1.6589727138533426e-07
18.91 1.8448029574899723e-07
18.92 2.0380314603280457e-07
18.93 2.2382592604705152e-07
18.94 2.4450856043832904e-07
18.95 2.65810838877376e-07
18.96 2.8769246035686936e-07
18.97 3.1011307759796006e-07
18.98 3.3303233950350997e-07
18.990000000000002 3.564099355772587e-07
19.0 3.8020563737157153e-07
19.01 4.0437934191439855e-07
19.02 4.288909562805035e-07
19.03 4.537001871750897e-07
19.04 4.78767242322888e-07
19.05 5.04052588499494e-07
19.06 5.295169629142976e-07
19.07 5.551214079941831e-07
19.080000000000002 5.808273053901263e-07
19.09 6.065964079840893e-07
19.1 6.323908729442308e-07
19.11 6.581732934326156e-07
19.12 6.839067287012571e-07
19.13 7.095547828621157e-07
19.14 7.350829557543253e-07
19.150000000000002 7.604571199123838e-07
19.16 7.856433806130003e-07
19.17 8.10608591607408e-07
19.18 8.353203920089588e-07
19.19 8.597472402696333e-07
19.2 8.838584489446587e-07
19.21 9.076242166095776e-07
19.22 9.310156601064802e-07
19.23 9.540048447863065e-07
19.240000000000002 9.76564814060511e-07
19.25 9.98668609959166e-07
19.26 1.0202881796337075e-06
19.27 1.0413981457856741e-06
19.28 1.061974101854309e-06
19.29 1.0819925203462907e-06
19.3 1.1014307616922549e-06
19.31 1.120267082169819e-06
19.32 1.1384806414395463e-06
19.330000000000002 1.1560515082747374e-06
19.34 1.1729606653835276e-06
19.35 1.1891900143384294e-06
19.36 1.2047224654057349e-06
19.37 1.2195436821931275e-06
19.38 1.233639814155114e-06
19.39 1.2469974869154347e-06
19.400000000000002 1.2596043905870394e-06
19.41 1.2714492850664618e-06
19.42 1.2825220045596056e-06
19.43 1.2928134609245566e-06
19.44 1.3023156461368411e-06
19.45 1.3110216324077129e-06
19.46 1.3189255733338408e-06
19.47 1.3260227009513148e-06
19.48 1.3323088004232138e-06
19.490000000000002 1.3377798255412906e-06
19.5 1.3424335864557898e-06
19.51 1.3462689113213216e-06
19.52 1.3492856021670146e-06
19.53 1.351484423397142e-06
19.54 1.3528670901671739e-06
19.55 1.3534362560088014e-06
19.56 1.3531954996838774e-06
19.57 1.3521493100042848e-06
19.580000000000002 1.3503030721217666e-06
19.59 1.3476630633591684e-06
19.6 1.3442366192903702e-06
19.61 1.3400318590450896e-06
19.62 1.3350576855740773e-06
19.63 1.3293238241255008e-06
19.64 1.3228408029692393e-06
19.650000000000002 1.315619933819445e-06
19.66 1.3076732927127946e-06
19.67 1.2990136985928944e-06
19.68 1.2896546918308256e-06
19.69 1.2796105136601062e-06
19.7 1.2688960825278563e-06
19.71 1.2575269374759173e-06
19.72 1.245519202034643e-06
19.73 1.2328896545357954e-06
19.740000000000002 1.2196556547103233e-06
19.75 1.2058351172253724e-06
19.76 1.191446487258511e-06
19.77 1.1765087145906112e-06
19.78 1.1610412277785268e-06
19.79 1.1450639085316006e-06
19.8 1.128597065141665e-06
19.81 1.1116614057008617e-06
19.82 1.0942779556449237e-06
19.830000000000002 1.0764673753635911e-06
19.84 1.0582509336337512e-06
19.85 1.0396503438709747e-06
19.86 1.0206875534291351e-06
19.87 1.0013847168343845e-06
19.88 9.817641696105613e-07
19.89 9.618484012593543e-07
19.900000000000002 9.416600294093452e-07
19.91 9.212217742963829e-07
19.92 9.005564324756927e-07
19.93 8.79686851929678e-07
19.94 8.586364408281642e-07
19.95 8.374291888512938e-07
19.96 8.160883870477354e-07
19.97 7.946373041104512e-07
19.98 7.730991728395649e-07
19.990000000000002 7.514971651022793e-07
20.0 7.298543668827822e-07
20.01 7.081937528952186e-07
20.02 6.865381614137205e-07
20.03 6.649102699470303e-07
20.04 6.433325697437035e-07
20.05 6.218272312778555e-07
20.06 6.00415066735879e-07
20.07 5.79117185509786e-07
20.080000000000002 5.579546461002231e-07
20.09 5.369481749863169e-07
20.1 5.16118147515527e-07
20.11 4.954845695742324e-07
20.12 4.750670591012712e-07
20.13 4.548848301712564e-07
20.14 4.349566763592284e-07
20.150000000000002 4.1530095571654015e-07
20.16 3.959355765869991e-07
20.17 3.768783396699963e-07
20.18 3.581468524877971e-07
20.19 3.3975781252206915e-07
20.2 3.21727420720785e-07
20.21 3.0407137104678395e-07
20.22 2.868048378785299e-07
20.23 2.6994246363947275e-07
20.240000000000002 2.5349834682612555e-07
20.25 2.3748603105762248e-07
20.26 2.2191849410277973e-07
20.27 2.068081377702355e-07
20.28 1.9216676268199277e-07
20.29 1.7800544442018052e-07
20.3 1.6433473896000075e-07
20.31 1.511646222290895e-07
20.32 1.3850445614922062e-07
20.330000000000002 1.263629836944038e-07
20.34 1.1474832399023657e-07
20.35 1.0366796899857669e-07
20.36 9.312878032743986e-08
20.37 8.313698692669069e-08
20.38 7.369818376233442e-08
20.39 6.48173303467725e-08
20.400000000000002 5.649869998873547e-08
20.41 4.874591214693285e-08
20.42 4.156201749549852e-08
20.43 3.494944226750218e-08
20.44 2.890999261821259e-08
20.45 2.3444859852998442e-08
20.46 1.8554625212576642e-08
20.47 1.423926774856202e-08
20.48 1.0498170112862985e-08
20.490000000000002 7.330127488525866e-09
20.5 4.7333561050655576e-09
20.51 2.705509873264251e-09
20.52 1.2437106517931644e-09
20.53 3.444404148971467e-10
20.54 3.5996863036072917e-12
20.55 2.1652631695171746e-10
20.56 9.78002231395112e-10
20.57 2.2822619761596135e-09
20.580000000000002 4.122999790306925e-09
20.59 6.493378168926506e-09
20.6 9.386035886992279e-09
20.61 1.2793097647776025e-08
20.62 1.6706182264528352e-08
20.63 2.1116529005295467e-08
20.64 2.6015007932440296e-08
20.650000000000002 3.1391979108609156e-08
20.66 3.723738716259351e-08
20.67 4.3540778646796894e-08
20.68 5.0291319009254393e-08
20.69 5.7477810284342666e-08
20.7 6.508870970033196e-08
20.71 7.31121481121783e-08
20.72 8.153594924635598e-08
20.73 9.034764898743189e-08
20.740000000000002 9.953445719273601e-08
20.75 1.090829615687215e-07
20.76 1.1897965626300028e-07
20.77 1.2921082510392772e-07
20.78 1.3976250748658778e-07
20.79 1.5062051287884895e-07
20.8 1.6177043702780142e-07
20.81 1.731976769447593e-07
20.82 1.8488744693876758e-07
20.830000000000002 1.9682479350540847e-07
20.84 2.0899461106177334e-07
20.85 2.213816579362763e-07
20.86 2.3397071460188983e-07
20.87 2.46746522385708e-07
20.88 2.5969365233420583e-07
20.89 2.727966241550424e-07
20.900000000000002 2.8603992350759166e-07
20.91 2.994080195178493e-07
20.92 3.1288538167648225e-07
20.93 3.2645649759171797e-07
20.94 3.4010588977241444e-07
20.95 3.5381813259739627e-07
20.96 3.675778693091312e-07
20.97 3.8136979260976374e-07
20.98 3.951785081727469e-07
20.990000000000002 4.0898883714603597e-07
21.0 4.227857410718473e-07
21.01 4.3655431302070313e-07
21.02 4.502797921044537e-07
21.03 4.6394757743554267e-07
21.04 4.775432422154014e-07
21.05 4.910525472590034e-07
21.06 5.044614545452234e-07
21.07 5.177561401255651e-07
21.080000000000002 5.309230066244701e-07
21.09 5.439486391907314e-07
21.1 5.568198593945391e-07
21.11 5.695237833410957e-07
21.12 5.820477954629564e-07
21.13 5.943795601410498e-07
21.14 6.06507031562461e-07
21.150000000000002 6.184184641018844e-07
21.16 6.301024219847922e-07
21.17 6.415477890596736e-07
21.18 6.527437771591859e-07
21.19 6.636799353508917e-07
21.2 6.743461743286645e-07
21.21 6.8473282900845e-07
21.22 6.948305526759818e-07
21.23 7.046303640401803e-07
21.240000000000002 7.141236623970206e-07
21.25 7.233022339426251e-07
21.26 7.321582577994763e-07
21.27 7.406843125621785e-07
21.28 7.488733807038727e-07
21.29 7.567188542565882e-07
21.3 7.642145389903003e-07
21.31 7.713546557887828e-07
21.32 7.78133473134995e-07
21.330000000000002 7.845456451726924e-07
21.34 7.905864323112105e-07
21.35 7.962514929932708e-07
21.36 8.01536884247056e-07
21.37 8.064390613470723e-07
21.38 8.1095487729384e-07
21.39 8.150815828818735e-07
21.400000000000002 8.188168243792714e-07
21.41 8.221586428996388e-07
21.42 8.251054723204185e-07
21.43 8.276562198293548e-07
21.44 8.298104806524686e-07
21.45 8.315680355037991e-07
21.46 8.329290380514401e-07
21.47 8.338940422085352e-07
21.48 8.344639979959625e-07
21.490000000000002 8.346402485882084e-07
21.5 8.344245268497759e-07
21.51 8.338189503102325e-07
21.52 8.328260177808489e-07
21.53 8.314486033422644e-07
21.54 8.296899466241807e-07
21.55 8.275532652208661e-07
21.56 8.250421422868184e-07
21.57 8.221606808200355e-07
21.580000000000002 8.18913304071996e-07
21.59 8.153047480329457e-07
21.6 8.113400535034523e-07
21.61 8.070245581388554e-07
21.62 8.023638882072694e-07
21.63 7.973639500152797e-07
21.64 7.920309216891477e-07
21.650000000000002 7.863712439241813e-07
21.66 7.803916573999011e-07
21.67 7.740992873505204e-07
21.68 7.675013916122984e-07
21.69 7.606054510736482e-07
21.7 7.534191719668149e-07
21.71 7.459504762092608e-07
21.72 7.382074922137509e-07
21.73 7.301985447574592e-07
21.740000000000002 7.219321459154366e-07
21.75 7.134169842278049e-07
21.76 7.046619153726905e-07
21.77 6.956759508690551e-07
21.78 6.864682080109496e-07
21.79 6.770479454612207e-07
21.8 6.674245641155119e-07
21.81 6.576075780820746e-07
21.82 6.476066049575582e-07
21.830000000000002 6.374313549750146e-07
21.84 6.270916206414182e-07
21.85 6.165972663115448e-07
21.86 6.059582176760892e-07
21.87 5.951844515363373e-07
21.88 5.842859852133548e-07
21.89 5.732727778566407e-07
21.900000000000002 5.621545850272459e-07
21.91 5.509413548492005e-07
21.92 5.396430394916931e-07
21.93 5.282695698030767e-07
21.94 5.168308449744101e-07
21.95 5.053367234978084e-07
21.96 4.937970135004553e-07
21.97 4.822214633013648e-07
21.98 4.7061975284390725e-07
21.990000000000002 4.590014843455412e-07
22.0 4.4737618378756176e-07
22.01 4.3575358405558177e-07
22.02 4.2414324798249444e-07
22.03 4.1255451964643686e-07
22.04 4.009966354710467e-07
22.05 3.894787161426265e-07
22.06 3.780097587191577e-07
22.07 3.66598628825075e-07
22.080000000000002 3.5525405265039636e-07
22.09 3.4398460992774924e-07
22.1 3.327987262328005e-07
22.11 3.217046658034227e-07
22.12 3.1071041805549393e-07
22.13 2.9982357339068287e-07
22.14 2.890517476737968e-07
22.150000000000002 2.7840237431842095e-07
22.16 2.678826855478933e-07
22.17 2.5749970750013184e-07
22.18 2.472602550756143e-07
22.19 2.3717092777371645e-07
22.2 2.272381054705037e-07
22.21 2.1746794424704627e-07
22.22 2.0786637315063639e-07
22.23 1.9843909735718906e-07
22.240000000000002 1.8919173729080654e-07
22.25 1.8012962800902565e-07
22.26 1.7125781560456757e-07
22.27 1.6258110730838025e-07
22.28 1.5410406966189037e-07
22.29 1.4583102605841228e-07
22.3 1.3776605480725086e-07
22.31 1.2991298745172438e-07
22.32 1.2227540728134106e-07
22.330000000000002 1.148566485454001e-07
22.34 1.0765979500395543e-07
22.35 1.0068766161360821e-07
22.36 9.3942782245773e-08
22.37 8.742747288254557e-08
22.38 8.114379952944145e-08
22.39 7.50935778450867e-08
22.400000000000002 6.92783735917852e-08
22.41 6.369950410222737e-08
22.42 5.835803956931126e-08
22.43 5.3254804650436534e-08
22.44 4.8390380597988824e-08
22.45 4.376510722432065e-08
22.46 3.937908609274814e-08
22.47 3.5232196486358275e-08
22.48 3.132407708840738e-08
22.490000000000002 2.765413051911093e-08
22.5 2.4221531825908776e-08
22.51 2.1025231495609177e-08
22.52 1.8063959162482207e-08
22.53 1.5336227458275214e-08
22.54 1.2840335623446318e-08
22.55 1.0574374184385473e-08
22.56 8.53622870658358e-09
22.57 6.723584980656075e-09
22.580000000000002 5.13393665499748e-09
22.59 3.764589267969936e-09
22.6 2.612654525951702e-09
22.61 1.6750619149899536e-09
22.62 9.485637284088885e-10
22.63 4.297403916027283e-10
22.64 1.1500577105442571e-10
22.650000000000002 6.12608635309056e-13
22.66 8.265824876573327e-11
22.67 3.5708962270443684e-10
22.68 8.197097955717583e-10
22.69 1.4661840531174895e-09
22.7 2.2920500276324657e-09
22.71 3.2927216042527596e-09
22.72 4.463493446770221e-09
22.73 5.799549276535893e-09
22.740000000000002 7.295966949233293e-09
22.75 8.94772660951532e-09
22.76 1.0749716676972543e-08
22.77 1.2696740121881617e-08
22.78 1.4783522550649761e-08
22.79 1.700471777843775e-08
22.8 1.9354915561093484e-08
22.81 2.1828629048927092e-08
22.82 2.4420291377518508e-08
22.830000000000002 2.712430882036306e-08
22.84 2.993504518847615e-08
22.85 3.284682645153395e-08
22.86 3.585394837128013e-08
22.87 3.895068177061289e-08
22.88 4.213127866820412e-08
22.89 4.5389979091476794e-08
22.900000000000002 4.872101669456115e-08
22.91 5.2118624807953075e-08
22.92 5.5577043854267236e-08
22.93 5.909054076066013e-08
22.94 6.265339607287044e-08
22.95 6.625991210630513e-08
22.96 6.990442177236679e-08
22.97 7.358129527914822e-08
22.98 7.728494511854565e-08
22.990000000000002 8.100983162639985e-08
23.0 8.47504695638472e-08
23.01 8.85014321466216e-08
23.02 9.225735792277225e-08
23.03 9.601295468657928e-08
23.04 9.976298413991191e-08
23.05 1.0350226472389352e-07
23.06 1.0722572080229661e-07
23.07 1.1092836343787934e-07
23.080000000000002 1.1460529381342286e-07
23.09 1.1825170783801844e-07
23.1 1.2186290064563916e-07
23.11 1.2543426967066905e-07
23.12 1.2896131922876574e-07
23.13 1.3243966458936773e-07
23.14 1.358650344755936e-07
23.150000000000002 1.3923327316149548e-07
23.16 1.425403204967997e-07
23.17 1.4578225088305316e-07
23.18 1.489552682447143e-07
23.19 1.5205570495048027e-07
23.2 1.5508002332542377e-07
23.21 1.5802481877485054e-07
23.22 1.6088682221182798e-07
23.23 1.636629012111016e-07
23.240000000000002 1.663500631730137e-07
23.25 1.6894545667246784e-07
23.26 1.714463727372573e-07
23.27 1.7385023925705137e-07
23.28 1.7615462304554786e-07
23.29 1.7835724527886154e-07
23.3 1.8045597424101896e-07
23.31 1.8244882572354118e-07
23.32 1.8433396425460375e-07
23.330000000000002 1.861097034115038e-07
23.34 1.8777450572362393e-07
23.35 1.8932698376644642e-07
23.36 1.9076589959256393e-07
23.37 1.920901649666803e-07
23.38 1.932988319389064e-07
23.39 1.94391037168539e-07
23.400000000000002 1.9536609654563714e-07
23.41 1.9622348123384025e-07
23.42 1.9696280518610547e-07
23.43 1.9758382375947674e-07
23.44 1.9808643219937014e-07
23.45 1.9847066478343367e-07
23.46 1.987366929326502e-07
23.47 1.9888482368331717e-07
23.48 1.989154975642329e-07
23.490000000000002 1.9882928768027476e-07
23.5 1.9862691383760187e-07
23.51 1.98309233795282e-07
23.52 1.978772168352073e-07
23.53 1.9733195687318857e-07
23.54 1.9667467056957034e-07
23.55 1.9590669451962934e-07
23.56 1.9502948268976163e-07
23.57 1.940446042417599e-07
23.580000000000002 1.929537398985136e-07
23.59 1.9175867980167956e-07
23.6 1.9046132017120103e-07
23.61 1.8906365046884172e-07
23.62 1.875676941296236e-07
23.63 1.859756080115722e-07
23.64 1.8428964958250044e-07
23.650000000000002 1.8251216273159699e-07
23.66 1.806455749670888e-07
23.67 1.7869239297014497e-07
23.68 1.766552003580591e-07
23.69 1.7453665245362442e-07
23.7 1.723394741614528e-07
23.71 1.7006645515091866e-07
23.72 1.6772044693396304e-07
23.73 1.6530436197203634e-07
23.740000000000002 1.628211677567339e-07
23.75 1.602738801749124e-07
23.76 1.5766556124921245e-07
23.77 1.5499931646636772e-07
23.78 1.5227829014153585e-07
23.79 1.4950566172539743e-07
23.8 1.4668464270387992e-07
23.81 1.4381847200656142e-07
23.82 1.4091041217472074e-07
23.830000000000002 1.3796374650386833e-07
23.84 1.3498177228249897e-07
23.85 1.319677899567378e-07
23.86 1.289251146466817e-07
23.87 1.2585706803803056e-07
23.88 1.2276697260171776e-07
23.89 1.1965814853903494e-07
23.900000000000002 1.165339097305919e-07
23.91 1.1339756059389216e-07
23.92 1.1025239209127343e-07
23.93 1.0710167868470898e-07
23.94 1.0394867472796228e-07
23.95 1.0079661114521495e-07
23.96 9.76486838492668e-08
23.97 9.450805767840945e-08
23.98 9.137786935730112e-08
23.990000000000002 8.826121867581646e-08
24.0 8.51611664144799e-08
24.01 8.208073011485746e-08
24.02 7.902288191540788e-08
24.03 7.599054605811578e-08
24.04 7.298659513818215e-08
24.05 7.001384843191355e-08
24.060000000000002 6.707506867899976e-08
24.07 6.41729613754785e-08
24.080000000000002 6.131017648607008e-08
24.09 5.848929646496315e-08
24.1 5.5712836995132136e-08
24.11 5.2983246758296675e-08
24.12 5.0302903969269347e-08
24.13 4.767411526161269e-08
24.14 4.5099113850892306e-08
24.150000000000002 4.258005727460321e-08
24.16 4.0119025810183336e-08
24.17 3.771802116808915e-08
24.18 3.537896495328565e-08
24.19 3.310368941906181e-08
24.2 3.0893944322481584e-08
24.21 2.8751399565378434e-08
24.22 2.667764039665228e-08
24.23 2.4674165422270636e-08
24.240000000000002 2.2742386587297947e-08
24.25 2.0883628393792808e-08
24.26 1.909912654735773e-08
24.27 1.7390028614233427e-08
24.28 1.5757392648875035e-08
24.29 1.4202187280701849e-08
24.3 1.2725293013744017e-08
24.310000000000002 1.1327505857120618e-08
24.32 1.0009526988445888e-08
24.330000000000002 8.771967061554182e-09
24.34 7.615346731673959e-09
24.35 6.540097545462893e-09
24.36 5.5465611876567736e-09
24.37 4.634990921045844e-09
24.38 3.8055514965063485e-09
24.39 3.058320143019418e-09
24.400000000000002 2.393286504279125e-09
24.41 1.8103543898551739e-09
24.42 1.3093430920818009e-09
24.43 8.89986548308308e-10
24.44 5.519346439745488e-10
24.45 2.94754350952059e-10
24.46 1.179316696228917e-10
24.47 2.087156101237319e-11
24.48 2.901060730821337e-12
24.490000000000002 6.32686703159983e-11
24.5 2.011474584240184e-10
24.51 4.1563551197646006e-10
24.52 7.057580917147973e-10
24.53 1.0704692460886968e-09
24.54 1.5086544893937789e-09
24.55 2.019131501163334e-09
24.560000000000002 2.6006523173036436e-09
24.57 3.251905100863791e-09
24.580000000000002 3.9715166541863045e-09
24.59 4.758053851510922e-09
24.6 5.610026328222882e-09
24.61 6.525888260516582e-09
24.62 7.504041012224461e-09
24.63 8.542834833890549e-09
24.64 9.640571453756164e-09
24.650000000000002 1.0795497299334708e-08
24.66 1.2005813503079832e-08
24.67 1.3269682101047084e-08
24.68 1.4585224329910452e-08
24.69 1.5950523291822886e-08
24.7 1.7363625758433842e-08
24.71 1.8822544733130067e-08
24.72 2.0325262395918435e-08
24.73 2.1869731536714116e-08
24.740000000000002 2.345387848721298e-08
24.75 2.5075605360378958e-08
24.76 2.6732792949207612e-08
24.77 2.842330313235393e-08
24.78 3.014498078095934e-08
24.79 3.189565623861509e-08
24.8 3.367314793130795e-08
24.810000000000002 3.547526485035159e-08
24.82 3.729980909813395e-08
24.830000000000002 3.914457783892218e-08
24.84 4.1007366429699757e-08
24.85 4.288597030835872e-08
24.86 4.4778187402065095e-08
24.87 4.668182044024159e-08
24.88 4.859466418616256e-08
24.89 5.0514524124831844e-08
24.900000000000002 5.2439222076900317e-08
24.91 5.4366592552521076e-08
24.92 5.6294485033784756e-08
24.93 5.822076561048245e-08
24.94 6.01433195740323e-08
24.95 6.206005328295776e-08
24.96 6.39688959713097e-08
24.97 6.58678022405425e-08
24.98 6.775475348746248e-08
24.990000000000002 6.962776000177967e-08
25.0 7.148486216276883e-08
25.01 7.332413370767822e-08
25.02 7.514368241746039e-08
25.03 7.694165225015674e-08
25.04 7.871622511684785e-08
25.05 8.046562215502178e-08
25.060000000000002 8.218810557399461e-08
25.07 8.38819804464461e-08
25.080000000000002 8.554559558686739e-08
25.09 8.717734560932254e-08
25.1 8.877567100911603e-08
25.11 9.033903833528291e-08
25.12 9.186596737476276e-08
25.13 9.335503503132272e-08
25.14 9.480486826097742e-08
25.150000000000002 9.621414496000479e-08
25.16 9.7581595170877e-08
25.17 9.890600183204055e-08
25.18 1.0018620172529201e-07
25.19 1.0142108589303333e-07
25.2 1.0260960081449563e-07
25.21 1.0375074885508677e-07
25.22 1.0484358469332183e-07
25.23 1.0588721209868262e-07
25.240000000000002 1.0688079858772715e-07
25.25 1.0782356963014031e-07
25.26 1.0871480806480972e-07
25.27 1.0955385452450766e-07
25.28 1.1034010775345395e-07
25.29 1.1107302452646154e-07
25.3 1.1175212033347464e-07
25.310000000000002 1.123769683425294e-07
25.32 1.1294720052645673e-07
25.330000000000002 1.1346250634037256e-07
25.34 1.1392262252296744e-07
25.35 1.143273465165442e-07
25.36 1.146765363178588e-07
25.37 1.1497010671246942e-07
25.38 1.1520802830114994e-07
25.39 1.1539032806882508e-07
25.400000000000002 1.1551708830072056e-07
25.41 1.1558844601819852e-07
25.42 1.156045924885355e-07
25.43 1.1556577289646339e-07
25.44 1.1547228530498876e-07
25.45 1.1532447351790022e-07
25.46 1.1512272174909869e-07
25.47 1.148674749580018e-07
25.48 1.145592275783949e-07
25.490000000000002 1.1419852196428151e-07
25.5 1.1378594758410421e-07
25.51 1.1332214024017333e-07
25.52 1.1280778070048509e-07
25.53 1.1224359371356132e-07
25.54 1.116303468996359e-07
25.55 1.1096884993452155e-07
25.560000000000002 1.102599527238676e-07
25.57 1.0950454312850383e-07
25.580000000000002 1.087035474467749e-07
25.59 1.0785792978299262e-07
25.6 1.069686896428652e-07
25.61 1.060368610168044e-07
25.62 1.050635106061436e-07
25.63 1.0404973711707825e-07
25.64 1.0299666933043369e-07
25.650000000000002 1.0190546507614535e-07
25.66 1.0077730950170663e-07
25.67 9.96134141147912e-08
25.68 9.841500597925976e-08
25.69 9.718332319235638e-08
25.7 9.591963825606874e-08
25.71 9.462524298056154e-08
25.72 9.330144757626561e-08
25.73 9.194957835442059e-08
25.740000000000002 9.057097663943046e-08
25.75 8.916699751959157e-08
25.76 8.773900767294202e-08
25.77 8.628838461105775e-08
25.78 8.481651478343347e-08
25.79 8.33247923416006e-08
25.8 8.181462066088633e-08
25.810000000000002 8.028740626991144e-08
25.82 7.87445584932915e-08
25.830000000000002 7.718748875110669e-08
25.84 7.561760848102841e-08
25.85 7.403632864012833e-08
25.86 7.244505770243829e-08
25.87 7.084520026775631e-08
25.88 6.92381562981514e-08
25.89 6.76253187874439e-08
25.900000000000002 6.600807348310762e-08
25.91 6.438779401237446e-08
25.92 6.276584078491348e-08
25.93 6.114356616222544e-08
25.94 5.9522309363356334e-08
25.95 5.790339543512214e-08
25.96 5.6288133874629956e-08
25.97 5.467781783859648e-08
25.98 5.307372255138683e-08
25.990000000000002 5.147710425854263e-08
26.0 4.988919948556718e-08
26.01 4.8311223687605865e-08
26.02 4.674437048071971e-08
26.03 4.518980902294082e-08
26.04 4.36486852413453e-08
26.05 4.212212057963711e-08
26.060000000000002 4.0611210750150046e-08
26.07 3.911702479032081e-08
26.080000000000002 3.764060443932696e-08
26.09 3.6182963160732865e-08
26.1 3.4745085763344214e-08
26.11 3.332792727024961e-08
26.12 3.1932412620366835e-08
26.13 3.0559435701876586e-08
26.14 2.9209813699857153e-08
26.150000000000002 2.7884306771247015e-08
26.16 2.658370713636655e-08
26.17 2.530878021279805e-08
26.18 2.4060262560388914e-08
26.19 2.2838861986839397e-08
26.2 2.1645256085520452e-08
26.21 2.0480091830673295e-08
26.22 1.93439848198909e-08
26.23 1.8237518164897866e-08
26.240000000000002 1.7161242173011808e-08
26.25 1.611567343257818e-08
26.26 1.5101294070020725e-08
26.27 1.4118551558019014e-08
26.28 1.3167857368671845e-08
26.29 1.2249587015076397e-08
26.3 1.1364078875524528e-08
26.310000000000002 1.0511634560085082e-08
26.32 9.692517159590273e-09
26.330000000000002 8.906951939525076e-09
26.34 8.1550628383602e-09
26.35 7.436787212540747e-09
26.36 6.75221425988767e-09
26.37 6.101415512143628e-09
26.38 5.48442914991503e-09
26.39 4.9012601365032394e-09
26.400000000000002 4.351880014182984e-09
26.41 3.8362276035805226e-09
26.42 3.354209295947444e-09
26.43 2.9056987543681014e-09
26.44 2.4905379593912922e-09
26.45 2.1085370485480082e-09
26.46 1.7594749556783511e-09
26.47 1.4430994845454723e-09
26.48 1.1591278553446183e-09
26.490000000000002 9.072473269979085e-10
26.5 6.87115094009439e-10
26.51 4.983590647665884e-10
26.52 3.4057837601088954e-10
26.53 2.1334377020814765e-10
26.54 1.1619678174374905e-10
26.55 4.8646269426425894e-11
26.560000000000002 1.0193499726168705e-11
26.57 3.1990390934927805e-13
26.580000000000002 1.8484423823234545e-11
26.59 6.412412244633469e-11
26.6 1.3665493452169532e-10
26.61 2.3547187910165736e-10
26.62 3.599510023303122e-10
26.63 5.094487830419427e-10
26.64 6.833034593399794e-10
26.650000000000002 8.808361302040059e-10
26.66 1.1013507062178525e-09
26.67 1.3441352072477884e-09
26.68 1.60846268036535e-09
26.69 1.8935910638240142e-09
26.7 2.1987651723553493e-09
26.71 2.523216471062039e-09
26.72 2.866164633416406e-09
26.73 3.2268175200269884e-09
26.740000000000002 3.60437377255158e-09
26.75 3.998070048143946e-09
26.76 4.407129822553099e-09
26.77 4.8307488904439e-09
26.78 5.268117999276153e-09
26.79 5.718424200383142e-09
26.8 6.180850930551064e-09
26.810000000000002 6.654579440380857e-09
26.82 7.138789402654367e-09
26.830000000000002 7.632659724564404e-09
26.84 8.135369389597729e-09
26.85 8.646098026348172e-09
26.86 9.164027069507425e-09
26.87 9.688340442878525e-09
26.88 1.0218224910982622e-08
26.89 1.0752871313165656e-08
26.900000000000002 1.1291475103016035e-08
26.91 1.1833237196386928e-08
26.92 1.2377364428265499e-08
26.93 1.2923070362861667e-08
26.94 1.34695764478904e-08
26.95 1.4016135813107555e-08
26.96 1.4562026472606199e-08
26.97 1.5106508963641822e-08
26.98 1.5648854358825057e-08
26.990000000000002 1.6188345330848865e-08
27.0 1.672427702054146e-08
27.01 1.725595735961973e-08
27.02 1.7782707317589197e-08
27.03 1.8303862551750623e-08
27.04 1.8818772371922477e-08
27.05 1.9326801874747115e-08
27.060000000000002 1.9827331010057185e-08
27.07 2.031975610380021e-08
27.080000000000002 2.0803489916178925e-08
27.09 2.127796170094359e-08
27.1 2.1742618342814935e-08
27.11 2.2196924452622894e-08
27.12 2.2640362432358742e-08
27.13 2.3072433093387175e-08
27.14 2.3492656203995504e-08
27.150000000000002 2.390057710915266e-08
27.16 2.4295777747616008e-08
27.17 2.467784272078082e-08
27.18 2.504637528891781e-08
27.19 2.540099880770036e-08
27.2 2.57413576266964e-08
27.21 2.6067116603103752e-08
27.22 2.6377961444845892e-08
27.23 2.667359928106559e-08
27.240000000000002 2.6953758166915558e-08
27.25 2.7218187211385902e-08
27.26 2.746665711607127e-08
27.27 2.7698959825298822e-08
27.28 2.7914908811002342e-08
27.29 2.8114339002831864e-08
27.3 2.8297106206804463e-08
27.310000000000002 2.846308812442719e-08
27.32 2.8612183533622995e-08
27.330000000000002 2.8744312151701115e-08
27.34 2.885941523161407e-08
27.35 2.8957450218995793e-08
27.36 2.903836107916093e-08
27.37 2.910213530743662e-08
27.38 2.9148788732537615e-08
27.39 2.9178357516753436e-08
27.400000000000002 2.9190897004390155e-08
27.41 2.9186482420335397e-08
27.42 2.9165208069253067e-08
27.43 2.912718735432649e-08
27.44 2.907255248453739e-08
27.45 2.900145397136567e-08
27.46 2.8914060614044276e-08
27.47 2.8810558648379174e-08
27.48 2.869115234143424e-08
27.490000000000002 2.855606239803867e-08
27.5 2.8405526670410852e-08
27.51 2.8239798894439424e-08
27.52 2.805914883527807e-08
27.53 2.786386200281021e-08
27.54 2.7654238375949625e-08
27.55 2.7430591364760817e-08
27.560000000000002 2.7193184299508497e-08
27.57 2.6942313541449057e-08
27.580000000000002 2.6678321240027666e-08
27.59 2.6401561304108885e-08
27.6 2.611239987111095e-08
27.61 2.5811214356539938e-08
27.62 2.5498393102938647e-08
27.63 2.5174334870569086e-08
27.64 2.483944835501026e-08
27.650000000000002 2.4494151591334876e-08
27.66 2.4138871536433996e-08
27.67 2.3774043237542405e-08
27.68 2.340010991301166e-08
27.69 2.3017521631209757e-08
27.7 2.2626735246173714e-08
27.71 2.2228213907428233e-08
27.72 2.182242598249202e-08
27.73 2.1409845112931036e-08
27.740000000000002 2.0990949109692017e-08
27.75 2.056621962204133e-08
27.76 2.0136087931942243e-08
27.77 1.9700959931931677e-08
27.78 1.926131068259295e-08
27.79 1.8817616945961406e-08
27.8 1.8370356884929353e-08
27.810000000000002 1.792000920439532e-08
27.82 1.7467052579469384e-08
27.830000000000002 1.7011965430175952e-08
27.84 1.6555225184250498e-08
27.85 1.6097307394300842e-08
27.86 1.5638686410134463e-08
27.87 1.5179833576814492e-08
27.88 1.4721217102427707e-08
27.89 1.4263302276076926e-08
27.900000000000002 1.3806549933694282e-08
27.91 1.3351416606427837e-08
27.92 1.2898353551934051e-08
27.93 1.2447806885173217e-08
27.94 1.2000216501241055e-08
27.95 1.155601588463044e-08
27.96 1.1115607435310728e-08
27.97 1.0679329215474635e-08
27.98 1.0247577841658974e-08
27.990000000000002 9.820748272303071e-09
28.0 9.399226976936265e-09
28.01 8.983392771745417e-09
28.02 8.57361509764502e-09
28.03 8.170254550696004e-09
28.04 7.773662439337903e-09
28.05 7.384180234122368e-09
28.060000000000002 7.002139371594545e-09
28.07 6.627860971783874e-09
28.080000000000002 6.2616554853166056e-09
28.09 5.903822338129531e-09
28.1 5.554649780684562e-09
28.11 5.214414418326229e-09
28.12 4.883381318712568e-09
28.13 4.5618029641234545e-09
28.14 4.249920126072942e-09
28.150000000000002 3.947960499668538e-09
28.16 3.656133872067505e-09
28.17 3.3745953158798698e-09
28.18 3.103522335086114e-09
28.19 2.8430901941522632e-09
28.2 2.5934622839652384e-09
28.21 2.354788798462459e-09
28.22 2.1272079793365948e-09
28.23 1.910844924575306e-09
28.240000000000002 1.705812003825871e-09
28.25 1.5122091158389927e-09
28.26 1.330122937065871e-09
28.27 1.159627394682058e-09
28.28 1.0007835170692018e-09
28.29 8.536390290146136e-10
28.3 7.182289429097713e-10
28.310000000000002 5.945753619879539e-10
28.32 4.826871104706933e-10
28.330000000000002 3.825602955453359e-10
28.34 2.941777260548009e-10
28.35 2.1750951601871968e-10
28.36 1.5251263776087595e-10
28.37 9.912510593958521e-11
28.38 5.727982793906906e-11
28.39 2.690232167004537e-11
28.400000000000002 7.907280816398839e-12
28.41 1.9778240081283032e-13
28.42 3.666035343889655e-12
28.43 1.8193551565229423e-11
28.44 4.3650888284032e-11
28.45 7.989832917895863e-11
28.46 1.2678564243666455e-10
28.47 1.8415238001256269e-10
28.48 2.518281739263367e-10
28.490000000000002 3.2963309276201494e-10
28.5 4.1737740216093414e-10
28.51 5.148618837686077e-10
28.52 6.218783251077603e-10
28.53 7.382096450645652e-10
28.54 8.636300746336163e-10
28.55 9.979049442550606e-10
28.560000000000002 1.1407919415636568e-09
28.57 1.2920523322307396e-09
28.580000000000002 1.451450070257752e-09
28.59 1.6187296596283692e-09
28.6 1.7936292970106209e-09
28.61 1.9758817548090678e-09
28.62 2.1652137007567877e-09
28.63 2.3613470471846505e-09
28.64 2.563998456496378e-09
28.650000000000002 2.772880014488587e-09
28.66 2.9876995492078714e-09
28.67 3.2081606742646786e-09
28.68 3.433963275504561e-09
28.69 3.6648038592268072e-09
28.7 3.90037562660137e-09
28.71 4.1403689152102e-09
28.72 4.384471411056205e-09
28.73 4.632368766199345e-09
28.740000000000002 4.88374439247362e-09
28.75 5.138280035836388e-09
28.76 5.3956560615338735e-09
28.77 5.655561269119153e-09
28.78 5.917707939070895e-09
28.79 6.181785627844044e-09
28.8 6.447482156858358e-09
28.810000000000002 6.714486441676548e-09
28.82 6.982488421958038e-09
28.830000000000002 7.251179288416364e-09
28.84 7.520252222976889e-09
28.85 7.789402164453611e-09
28.86 8.058326342579719e-09
28.87 8.326724520733354e-09
28.88 8.594299363238198e-09
28.89 8.860756278852118e-09
28.900000000000002 9.125804395227746e-09
28.91 9.389155942923018e-09
28.92 9.650527331498933e-09
28.93 9.909638900369895e-09
28.94 1.016621501022906e-08
28.95 1.0419984990803666e-08
28.96 1.0670682465762998e-08
28.97 1.0918048874776248e-08
28.98 1.116185160161679e-08
28.990000000000002 1.1401849791788446e-08
29.0 1.1637804277122438e-08
29.01 1.1869481655941874e-08
29.02 1.209665509287769e-08
29.03 1.2319103943666935e-08
29.04 1.253661442813061e-08
29.05 1.2748979531633248e-08
29.060000000000002 1.2955998853308157e-08
29.07 1.3157479593494553e-08
29.080000000000002 1.3353235802371897e-08
29.09 1.3543088891906615e-08
29.1 1.3726867994533275e-08
29.11 1.3904409398068419e-08
29.12 1.4075557568357156e-08
29.13 1.424016457506614e-08
29.14 1.4398089991598151e-08
29.150000000000002 1.4549202049469264e-08
29.16 1.4693376320867673e-08
29.17 1.4830496954806806e-08
29.18 1.4960456582393156e-08
29.19 1.508315624307343e-08
29.2 1.5198504729884853e-08
29.21 1.530641882441534e-08
29.22 1.540682389379231e-08
29.23 1.5499653636545695e-08
29.240000000000002 1.5584849918202242e-08
29.25 1.5662363029081677e-08
29.26 1.5732151514293805e-08
29.27 1.5794182128364654e-08
29.28 1.584843022446505e-08
29.29 1.589487893280221e-08
29.3 1.5933520035476038e-08
29.310000000000002 1.5964353062593306e-08
29.32 1.5987385795188406e-08
29.330000000000002 1.6002634109545458e-08
29.34 1.6010121740977763e-08
29.35 1.600988038928002e-08
29.36 1.60019494708255e-08
29.37 1.5986376090295468e-08
29.38 1.596320165696231e-08
29.39 1.5932468725327617e-08
29.400000000000002 1.5894242139924126e-08
29.41 1.5848594046342663e-08
29.42 1.5795603725444075e-08
29.43 1.5735357189643e-08
29.44 1.5667947115104576e-08
29.45 1.559347289249865e-08
29.46 1.5512040215328216e-08
29.47 1.5423761234197833e-08
29.48 1.5328754170498837e-08
29.490000000000002 1.5227143344056495e-08
29.5 1.511905862383253e-08
29.51 1.5004635766467244e-08
29.52 1.4884015915933775e-08
29.53 1.4757345717026954e-08
29.54 1.4624776577821228e-08
29.55 1.4486465021711103e-08
29.560000000000002 1.4342572335763722e-08
29.57 1.4193264261694143e-08
29.580000000000002 1.4038698984097887e-08
29.59 1.3879010282545493e-08
29.6 1.3714367087905603e-08
29.61 1.354494433985793e-08
29.62 1.3370920354694327e-08
29.63 1.3192476694835059e-08
29.64 1.300979785211979e-08
29.650000000000002 1.2823071336495327e-08
29.66 1.263248706039207e-08
29.67 1.2438237321268355e-08
29.68 1.2240516785225457e-08
29.69 1.203952192331732e-08
29.7 1.1835451161116249e-08
29.71 1.1628504337750237e-08
29.72 1.1418882680952762e-08
29.73 1.120678856066429e-08
29.740000000000002 1.0992425410834197e-08
29.75 1.0775996970289504e-08
29.76 1.0557707882759477e-08
29.77 1.0337762939777238e-08
29.78 1.0116361534213167e-08
29.79 9.893663725072158e-09
29.8 9.669858475687583e-09
29.810000000000002 9.445142952141188e-09
29.82 9.219713794527589e-09
29.830000000000002 8.993766398954933e-09
29.84 8.767495312750145e-09
29.85 8.541093816797143e-09
29.86 8.314753619886699e-09
29.87 8.088664689675758e-09
29.88 7.86301541089965e-09
29.89 7.63799209390324e-09
29.900000000000002 7.4137787750731886e-09
29.91 7.1905573162321895e-09
29.92 6.968506832397061e-09
29.93 6.747804041108685e-09
29.94 6.528622608353168e-09
29.95 6.311133131268814e-09
29.96 6.0955032698224785e-09
29.97 5.881897186798819e-09
29.98 5.6704746647379535e-09
29.990000000000002 5.461362543069683e-09
