0.0 0.049999999999999906
0.01 0.049822381207102084
0.02 0.04963020354974368
0.03 0.04942380025552803
0.04 0.04920350724721967
0.05 0.0489696641771048
0.06 0.048722611639909374
0.07 0.0484626932347022
0.08 0.04819025492404613
0.09 0.0479056423945642
0.1 0.047609203277056755
0.11 0.04730128611916826
0.12 0.04698223986205152
0.13 0.04665241362409034
0.14 0.04631215667132331
0.15 0.04596181805475931
0.16 0.045601746110033065
0.17 0.04523228844498822
0.18 0.044853791786768404
0.19 0.04446660170040971
0.2 0.044071062381859316
0.21 0.043667516457633684
0.22 0.043256304572049945
0.23 0.042837764728615155
0.24 0.04241223316618686
0.25 0.041980043796181726
0.26 0.04154152799217069
0.27 0.04109701442936066
0.28 0.04064682892503324
0.29 0.04019129355023529
0.3 0.039730727071052935
0.31 0.03926544529959604
0.32 0.038795760574348234
0.33 0.038321981636304195
0.34 0.037844413510492156
0.35000000000000003 0.037363357281697
0.36 0.03687910940644701
0.37 0.03639196250953737
0.38 0.03590220505405178
0.39 0.035410121160404026
0.4 0.0349159905124109
0.41000000000000003 0.03442008826859809
0.42 0.03392268497865464
0.43 0.03342404650495212
0.44 0.03292443394904687
0.45 0.032424103583080524
0.46 0.03192330678599975
0.47000000000000003 0.031422290116886284
0.48 0.030921295331144058
0.49 0.03042055894747661
0.5 0.029920312396360865
0.51 0.029420781985890043
0.52 0.02892218886564113
0.53 0.028424748994709245
0.54 0.027928673113829156
0.55 0.027434166721507128
0.56 0.026941430054086238
0.5700000000000001 0.026450658069668037
0.58 0.02596204044126621
0.59 0.025475762120815704
0.6 0.02499200276602702
0.61 0.0245109364457934
0.62 0.02403273195781945
0.63 0.023557552834311074
0.64 0.023085557350849065
0.65 0.02261689853837527
0.66 0.022151724198218994
0.67 0.021690176920094728
0.68 0.021232394103000887
0.6900000000000001 0.02077850797895034
0.7000000000000001 0.020328645699279543
0.71 0.01988292984271378
0.72 0.019441477637646545
0.73 0.0190044011747095
0.74 0.018571807557384037
0.75 0.01814379894109669
0.76 0.017720472574569227
0.77 0.0173019208433616
0.78 0.016888231315545177
0.79 0.016479486789440764
0.8 0.01607576534336322
0.81 0.015677140387308594
0.8200000000000001 0.015283680902048222
0.8300000000000001 0.014895451749145874
0.84 0.014512512908886041
0.85 0.014134919908627766
0.86 0.01376272391218357
0.87 0.013395971781428984
0.88 0.013034706139322935
0.89 0.012678965434285691
0.9 0.012328784005876281
0.91 0.011984192151717171
0.92 0.011645216195608654
0.93 0.011311878556786503
0.9400000000000001 0.010984198198930234
0.9500000000000001 0.010662190450832762
0.96 0.010345866657635074
0.97 0.010035234564495982
0.98 0.009730298390098362
0.99 0.009431058900858033
1.0 0.00913751348578596
1.01 0.008849656231957236
1.02 0.008567478000538246
1.03 0.008290966503325302
1.04 0.008020106379746997
1.05 0.007754879285098985
1.06 0.007495264133542616
1.07 0.007241236932024851
1.08 0.00699277087906168
1.09 0.006749836496112577
1.1 0.00651240170608762
1.11 0.00628043191196144
1.12 0.006053890075451478
1.1300000000000001 0.005832736795717851
1.1400000000000001 0.005616930388044443
1.1500000000000001 0.0054064269624584035
1.16 0.005201180502247785
1.17 0.00500114304802779
1.18 0.004806265064061149
1.19 0.004616494822063326
1.2 0.004431778746100214
1.21 0.0042520615324264655
1.22 0.004077286225483263
1.23 0.003907394293420748
1.24 0.0037423257031132112
1.25 0.003582018994634832
1.26 0.0034264113551631323
1.27 0.0032754386922806134
1.28 0.0031290357066431143
1.29 0.0029871359472906783
1.3 0.0028496718858012984
1.31 0.002716575020756642
1.32 0.002587775927271812
1.33 0.0024632043259443445
1.34 0.002342789151207572
1.35 0.002226458618858059
1.36 0.002114140292728158
1.37 0.002005761150481268
1.3800000000000001 0.0019012476484998493
1.3900000000000001 0.0018005257858438768
1.4000000000000001 0.001703521173044325
1.41 0.001610159300375405
1.42 0.001520365332669374
1.43 0.0014340641340652646
1.44 0.0013511804178274432
1.45 0.00127163880326241
1.46 0.0011953638714954223
1.47 0.0011222802200910181
1.48 0.0010523125165050953
1.49 0.0009853855503536603
1.5 0.0009214242844870942
1.51 0.0008603539048571453
1.52 0.0008020998654692246
1.53 0.0007465879179957939
1.54 0.0006937441947872658
1.55 0.0006434952422449906
1.56 0.0005957680609560787
1.57 0.0005504901482446273
1.58 0.000507589539458151
1.59 0.0004669948479842298
1.6 0.0004286353039927443
1.61 0.0003924407918969204
1.62 0.0003583418865308781
1.6300000000000001 0.00032626988803988524
1.6400000000000001 0.0002961568800053608
1.6500000000000001 0.00026793577159125136
1.6600000000000001 0.00024154024828604292
1.67 0.0002169048442305782
1.68 0.00019396497183264347
1.69 0.00017265694843924227
1.7 0.00015291802171434228
1.71 0.00013468639372928113
1.72 0.00011790124377218745
1.73 0.00010250274988469598
1.74 8.843210913345601e-05
1.75 7.56315565883835e-05
1.76 6.404437719043435e-05
1.77 5.361492968085184e-05
1.78 4.428866515021352e-05
1.79 3.6012137155423934e-05
1.8 2.873301473098897e-05
1.81 2.2400094216820654e-05
1.82 1.696330991411395e-05
1.83 1.2373743583960015e-05
1.84 8.583632803886923e-06
1.85 5.546378196992106e-06
1.86 3.2165495504200402e-06
1.87 1.549891044243701e-06
1.8800000000000001 5.033258452729152e-07
1.8900000000000001 3.4954128461873644e-08
1.9000000000000001 1.0405687429895566e-07
1.9100000000000001 6.710972101912254e-07
1.92 1.6977200754682677e-06
1.93 3.1467509078793744e-06
1.94 4.982193373312535e-06
1.95 7.169226160523047e-06
1.96 9.674198863902223e-06
1.97 1.246462697697577e-05
1.98 1.5509186019247237e-05
1.99 1.8777706327743025e-05
2.0 2.2241169007882877e-05
2.0100000000000002 2.5871690872210362e-05
2.02 2.9642517785993198e-05
2.0300000000000002 3.3528015163737136e-05
2.04 3.750365747247483e-05
2.05 4.154601703551227e-05
2.06 4.563275215784153e-05
2.07 4.974259460069526e-05
2.08 5.385533642917901e-05
2.09 5.7951816257423294e-05
2.1 6.201390491660484e-05
2.11 6.602449057103044e-05
2.12 6.996746330790483e-05
2.13 7.38276992255562e-05
2.14 7.759104404430738e-05
2.15 8.124429626726274e-05
2.16 8.477518992806073e-05
2.17 8.817237893321388e-05
2.18 9.14254171223601e-05
2.19 9.452473869035923e-05
2.2 9.746164064362763e-05
2.21 0.00010022826377962483
2.22 0.00010281757338560012
2.23 0.00010522333968459186
2.24 0.00010744011804931283
2.25 0.00010946322901178845
2.2600000000000002 0.00011128873808646713
2.27 0.000112913435436208
2.2800000000000002 0.00011433481539907964
2.29 0.00011555105590173136
2.3000000000000003 0.00011656099777968693
2.31 0.00011736412402849668
2.32 0.00011796053900409165
2.33 0.00011835094759870147
2.34 0.0001185366434381446
2.35 0.00011851952914974755
2.36 0.00011830201033151411
2.37 0.00011788700279717103
2.38 0.0001172779199811588
2.39 0.00011647865226584175
2.4 0.00011549354640492081
2.41 0.00011432738505555862
2.42 0.00011298536644018149
2.43 0.00011147308415159103
2.44 0.00010979650712157011
2.45 0.00010796195976309902
2.46 0.00010597610230812186
2.47 0.00010384591134978728
2.48 0.00010157866060798125
2.49 9.918190192935959e-05
2.5 9.66634465373057e-05
2.5100000000000002 9.403134654224505e-05
2.52 9.129390849067342e-05
2.5300000000000002 8.845966319020147e-05
2.54 8.553728958551193e-05
2.5500000000000003 8.25356360212642e-05
2.56 7.946370330772553e-05
2.57 7.633062783654176e-05
2.58 7.314566501678658e-05
2.59 6.991817304171678e-05
2.6 6.665759699686809e-05
2.61 6.337345331215369e-05
2.62 6.0075314572831905e-05
2.63 5.67727946887385e-05
2.64 5.3475534436241666e-05
2.65 5.019318737359366e-05
2.66 4.693540613715224e-05
2.67 4.3711829126217e-05
2.68 4.0532067577570084e-05
2.69 3.7405696537685506e-05
2.7 3.4342284887861705e-05
2.71 3.1351307916924805e-05
2.72 2.8442149667714037e-05
2.73 2.5624106328134364e-05
2.74 2.2906375358382018e-05
2.75 2.029804501062606e-05
2.7600000000000002 1.7808084244059445e-05
2.77 1.544533303322838e-05
2.7800000000000002 1.3218493076564992e-05
2.79 1.1136118899681031e-05
2.8000000000000003 9.206609358791609e-06
2.81 7.438199541366089e-06
2.82 5.838953067049306e-06
2.83 4.416754783731968e-06
2.84 3.179303863140451e-06
2.85 2.1341072909421797e-06
2.86 1.2884737528021844e-06
2.87 6.495104245354561e-07
2.88 2.2411386910148844e-07
2.89 1.8953063909841117e-08
2.9 4.047398481468766e-08
2.91 2.948954106168217e-07
2.92 7.882046631469374e-07
2.93 1.5261537043444575e-06
2.94 2.514255586996998e-06
2.95 3.7577812578724803e-06
2.96 5.2617567072314915e-06
2.97 7.030960463148784e-06
2.98 9.069921425603356e-06
2.99 1.1382917036858228e-05
3.0 1.3973971783745511e-05
3.0100000000000002 1.6846856027238292e-05
3.02 2.0005085155937012e-05
3.0300000000000002 2.345191905692547e-05
3.04 2.7190361245992174e-05
3.0500000000000003 3.1223116062472495e-05
3.06 3.555262872022855e-05
3.0700000000000003 4.0181103803253564e-05
3.08 4.5110486397586386e-05
3.09 5.034246283138009e-05
3.1 5.58784616787808e-05
3.11 6.171965502246943e-05
3.12 6.786695997020205e-05
3.13 7.432104041952929e-05
3.14 8.108230906553326e-05
3.15 8.815092964610007e-05
3.16 9.552681941890975e-05
3.17 0.00010320965186598214
3.18 0.00011119885961725917
3.19 0.00011949363759124199
3.2 0.0001280929463441773
3.21 0.00013699551562277971
3.22 0.00014619982669391088
3.23 0.00015570403849750596
3.24 0.00016550615272573673
3.25 0.00017560396181326085
3.2600000000000002 0.00018599504063993196
3.27 0.00019667675064668523
3.2800000000000002 0.00020764624410127622
3.29 0.00021890046850787936
3.3000000000000003 0.00023043617115645586
3.31 0.00024224990380564831
3.3200000000000003 0.0002543380274939895
3.33 0.0002666967174747726
3.34 0.0002793219682683465
3.35 0.00029220959882693236
3.36 0.0003053552578073694
3.37 0.00031875442894520496
3.38 0.000332402436526014
3.39 0.0003462944509487458
3.4 0.0003604253953438802
3.41 0.0003747899998590501
3.42 0.00038938294444684426
3.43 0.000404198770444961
3.44 0.0004192318859095809
3.45 0.0004344765711042312
3.46 0.0004499269840361978
3.47 0.0004655771660366445
3.48 0.00048142104738067154
3.49 0.0004974524529416276
3.5 0.000513665107877247
3.5100000000000002 0.0005300526433417111
3.52 0.0005466086022216394
3.5300000000000002 0.0005633264448897737
3.54 0.0005801995549740372
3.5500000000000003 0.0005972212451375303
3.56 0.0006143847628649335
3.5700000000000003 0.0006316832793718304
3.58 0.0006491097364238266
3.59 0.0006666571152538301
3.6 0.0006843183895883405
3.61 0.0007020864889354279
3.62 0.0007199543038968956
3.63 0.0007379146914563983
3.64 0.0007559604802422418
3.65 0.000774084475762344
3.66 0.0007922794656062861
3.67 0.0008105382246152981
3.68 0.0008288535200141368
3.69 0.0008472181165040706
3.7 0.0008656247813152995
3.71 0.0008840662892129168
3.72 0.0009025354274586096
3.73 0.0009210250007221678
3.74 0.0009395278359417142
3.75 0.0009580367072015462
3.7600000000000002 0.000976544296114764
3.77 0.0009950434536747654
3.7800000000000002 0.0010135270702111773
3.79 0.001031988074295994
3.8000000000000003 0.0010504194368916864
3.81 0.0010688141754339499
3.8200000000000003 0.001087165357845525
3.83 0.0011054661064805772
3.84 0.001123709601999548
3.85 0.001141889087170854
3.86 0.001159997870601212
3.87 0.0011780293303900354
3.88 0.0011959769177106658
3.89 0.0012138341603136864
3.9 0.0012315946659548667
3.91 0.0012492521257438764
3.92 0.001266800312884342
3.93 0.0012842329315612966
3.94 0.001301543819057508
3.95 0.0013187269705606623
3.96 0.0013357764740598473
3.97 0.0013526865129426177
3.98 0.0013694513685092446
3.99 0.001386065422405186
4.0 0.0014025231589709641
4.01 0.0014188191675090986
4.0200000000000005 0.0014349481444693307
4.03 0.00145090489555013
4.04 0.001466684337718266
4.05 0.001482281501145575
4.0600000000000005 0.001497691531063352
4.07 0.0015129096895343044
4.08 0.0015279313571424577
4.09 0.0015427520346009763
4.1 0.0015573673074170333
4.11 0.0015717727555176336
4.12 0.001585964187757763
4.13 0.00159993754814396
4.14 0.0016136889028342191
4.15 0.0016272144410761115
4.16 0.0016405104760655702
4.17 0.0016535734457294692
4.18 0.0016663999134315863
4.19 0.0016789865686027972
4.2 0.00169133022729712
4.21 0.0017034278326723586
4.22 0.0017152764553989182
4.23 0.0017268732939955261
4.24 0.0017382156750927573
4.25 0.0017493010536275312
4.26 0.0017601270129657988
4.2700000000000005 0.001770691264928636
4.28 0.0017809915718420902
4.29 0.0017910258083078494
4.3 0.001800792036346744
4.3100000000000005 0.0018102884428064896
4.32 0.0018195133389731118
4.33 0.001828465160119551
4.34 0.0018371424649953443
4.3500000000000005 0.001845543935256648
4.36 0.0018536683748387565
4.37 0.0018615147092721704
4.38 0.0018690819849431252
4.39 0.0018763693683002541
4.4 0.0018833761450075225
4.41 0.0018901017190466642
4.42 0.0018965456117678928
4.43 0.001902707460892196
4.44 0.001908587019464978
4.45 0.001914184146669641
4.46 0.0019194987515280745
4.47 0.0019245308935834787
4.48 0.0019292807544131242
4.49 0.001933748623164793
4.5 0.0019379348951908577
4.51 0.0019418400706450317
4.5200000000000005 0.0019454647530419734
4.53 0.0019488096477820044
4.54 0.0019518755606415042
4.55 0.001954663396231033
4.5600000000000005 0.0019571741564213332
4.57 0.001959408938739797
4.58 0.0019613689347380836
4.59 0.0019630554283322117
4.6000000000000005 0.0019644697941159743
4.61 0.0019656134956496513
4.62 0.001966488083725494
4.63 0.001967095183083082
4.64 0.001967436489218627
4.65 0.0019675137963844347
4.66 0.0019673289786715925
4.67 0.0019668839877767415
4.68 0.0019661808511335227
4.69 0.0019652216700300276
4.7 0.0019640086177125683
4.71 0.001962543937477579
4.72 0.001960829940752723
4.73 0.0019588690051678785
4.74 0.0019566635726177284
4.75 0.0019542161473176008
4.76 0.0019515292938515755
4.7700000000000005 0.0019486056352173188
4.78 0.0019454478508648537
4.79 0.0019420586747344593
4.8 0.0019384408938050053
4.8100000000000005 0.0019345973571094875
4.82 0.0019305309579703174
4.83 0.001926244632423458
4.84 0.0019217413614803364
4.8500000000000005 0.0019170241691773005
4.86 0.0019120961206289776
4.87 0.0019069603200856204
4.88 0.0019016199089972076
4.89 0.0018960780640846948
4.9 0.0018903379954177887
4.91 0.001884402944502695
4.92 0.0018782761823786277
4.93 0.001871961007725395
4.94 0.0018654607449808576
4.95 0.0018587787424727692
4.96 0.0018519183705612077
4.97 0.0018448830197962812
4.98 0.0018376761110837705
4.99 0.0018303011145169024
5.0 0.0018227614848806382
5.01 0.0018150606879813284
5.0200000000000005 0.0018072022018071933
5.03 0.0017991895148036993
5.04 0.0017910261241663311
5.05 0.001782715534152459
5.0600000000000005 0.0017742612544113974
5.07 0.0017656667983342623
5.08 0.001756935681423974
5.09 0.0017480714196856442
5.1000000000000005 0.001739077528038705
5.11 0.0017299575187500263
5.12 0.0017207148998901085
5.13 0.0017113531738114363
5.14 0.0017018758356501136
5.15 0.0016922863720594782
5.16 0.0016825883061891145
5.17 0.001672785149849497
5.18 0.001662880372245431
5.19 0.0016528774295880844
5.2 0.0016427797637710503
5.21 0.0016325908010700295
5.22 0.0016223139508677736
5.23 0.001611952604403468
5.24 0.0016015101335479336
5.25 0.0015909898896042385
5.26 0.0015803952021336935
5.2700000000000005 0.0015697293778087588
5.28 0.001558995699291469
5.29 0.00154819742413842
5.3 0.001537337783732915
5.3100000000000005 0.0015264199822437943
5.32 0.0015154471956107876
5.33 0.0015044225807479272
5.34 0.0014933493257956489
5.3500000000000005 0.0014822305450641997
5.36 0.001471069311416065
5.37 0.0014598686662546656
5.38 0.0014486316186978973
5.39 0.001437361144776491
5.4 0.0014260601866587959
5.41 0.0014147316519014415
5.42 0.0014033784127256733
5.43 0.0013920033053201573
5.44 0.001380609129169031
5.45 0.001369198646406642
5.46 0.001357774581197329
5.47 0.0013463396191418647
5.48 0.001334896406708981
5.49 0.0013234475506929584
5.5 0.0013119956176966124
5.51 0.0013005431861988076
5.5200000000000005 0.0012890928343539595
5.53 0.0012776470330318722
5.54 0.0012662082124222616
5.55 0.001254778762356825
5.5600000000000005 0.0012433610319695018
5.57 0.0012319573293793178
5.58 0.0012205699213944966
5.59 0.0012092010332389255
5.6000000000000005 0.0011978528482993536
5.61 0.0011865275078945282
5.62 0.0011752271110659178
5.63 0.0011639537143879782
5.64 0.0011527093318006755
5.65 0.001141495934461844
5.66 0.0011303154506198086
5.67 0.0011191697655066057
5.68 0.0011080607220867976
5.69 0.001096990133097265
5.7 0.0010859597619641143
5.71 0.0010749713250788953
5.72 0.0010640264958525214
5.73 0.0010531269047263335
5.74 0.0010422741392028048
5.75 0.0010314697438921598
5.76 0.0010207152205778253
5.7700000000000005 0.001010012028298108
5.78 0.0009993615834452407
5.79 0.0009887652598804739
5.8 0.0009782243890660916
5.8100000000000005 0.0009677402602125511
5.82 0.0009573141204415499
5.83 0.0009469471749647546
5.84 0.0009366405872770663
5.8500000000000005 0.0009263954793643052
5.86 0.000916212979980742
5.87 0.000906094278422833
5.88 0.0008960404183681325
5.89 0.0008860523985794559
5.9 0.0008761311803190917
5.91 0.0008662776876661032
5.92 0.000856492807841551
5.93 0.0008467773915426594
5.94 0.0008371322532853866
5.95 0.0008275581717546061
5.96 0.0008180558901622927
5.97 0.0008086261166134895
5.98 0.0007992695244785596
5.99 0.000789986752773756
6.0 0.0007807784065469135
6.01 0.0007716450572706895
6.0200000000000005 0.0007625872432414187
6.03 0.0007536054697185567
6.04 0.0007447001882066769
6.05 0.0007358718214257043
6.0600000000000005 0.0007271207719795024
6.07 0.0007184474108778878
6.08 0.000709852077962269
6.09 0.0007013350823348689
6.1000000000000005 0.0006928967027933705
6.11 0.000684537188269118
6.12 0.0006762567582698688
6.13 0.0006680556033258934
6.140000000000001 0.0006599338854393639
6.15 0.0006518917385375505
6.16 0.0006439292689277409
6.17 0.0006360465557559702
6.18 0.0006282436514669486
6.19 0.0006205205822664428
6.2 0.0006128773485861144
6.21 0.0006053139429038502
6.22 0.0005978304146673531
6.23 0.0005904267257709536
6.24 0.0005831028038063811
6.25 0.0005758585546605122
6.26 0.0005686938630023244
6.2700000000000005 0.0005616085927665684
6.28 0.0005546025876366125
6.29 0.0005476756715237872
6.3 0.0005408276490458334
6.3100000000000005 0.0005340583060011641
6.32 0.0005273674098413908
6.33 0.0005207547101406442
6.34 0.0005142199390618073
6.3500000000000005 0.0005077628118194816
6.36 0.0005013830271394463
6.37 0.0004950802677149615
6.38 0.0004888542006590748
6.390000000000001 0.00048270449565156887
6.4 0.0004766308163560544
6.41 0.00047063279370278786
6.42 0.0004647100453097665
6.43 0.00045886217597244407
6.44 0.0004530887780966643
6.45 0.00044738943212735936
6.46 0.00044176370697144446
6.47 0.0004362111604159207
6.48 0.0004307313395404376
6.49 0.00042532378112469967
6.5 0.0004199880120496144
6.51 0.00041472354969404775
6.5200000000000005 0.00040952990232505544
6.53 0.0004044065694828215
6.54 0.0003993530423596122
6.55 0.00039436880417302415
6.5600000000000005 0.0003894533309120856
6.57 0.00038460609559521665
6.58 0.0003798265620046804
6.59 0.00037511418632650735
6.6000000000000005 0.0003704684186362009
6.61 0.00036588870323634066
6.62 0.0003613744789888896
6.63 0.0003569251796416949
6.640000000000001 0.000352540234147344
6.65 0.0003482190669769694
6.66 0.00034396109842718854
6.67 0.0003397657449203534
6.68 0.00033563241929976395
6.69 0.00033156053111668866
6.7 0.00032754948691220316
6.71 0.00032359869049284826
6.72 0.0003197075431985632
6.73 0.0003158754441656888
6.74 0.0003121018020272818
6.75 0.0003083860423680144
6.76 0.00030472756792746143
6.7700000000000005 0.0003011257798169048
6.78 0.0002975800787312754
6.79 0.00029408986518188705
6.8 0.00029065453972320493
6.8100000000000005 0.0002872735031729124
6.82 0.00028394615682524743
6.83 0.00028067190265826207
6.84 0.0002774501435345005
6.8500000000000005 0.0002742802833954061
6.86 0.0002711617274494243
6.87 0.00026809388235348765
6.88 0.00026507615638947206
6.890000000000001 0.0002621079596332957
6.9 0.0002591887041187759
6.91 0.00025631780382856344
6.92 0.0002534946680092572
6.93 0.00025071871015032964
6.94 0.00024798934940432893
6.95 0.0002453060074494775
6.96 0.00024266810861522416
6.97 0.00024007508000265312
6.98 0.00023752635159954294
6.99 0.00023502135638911632
7.0 0.0002325595304552893
7.01 0.00023014031308064148
7.0200000000000005 0.0002277631468412776
7.03 0.0002254274776949134
7.04 0.00022313275506528722
7.05 0.0002208784319205053
7.0600000000000005 0.00021866396484782058
7.07 0.0002164888141225653
7.08 0.00021435244377306616
7.09 0.00021225433077782727
7.1000000000000005 0.0002101939901080329
7.11 0.00020817091220751323
7.12 0.00020618458817508317
7.13 0.00020423451396358976
7.140000000000001 0.00020232019043775994
7.15 0.00020044112342776713
7.16 0.00019859682377908888
7.17 0.00019678680739783176
7.18 0.00019501059529281398
7.19 0.00019326771361381778
7.2 0.00019155769368597343
7.21 0.00018988007204097726
7.22 0.0001882343904449999
7.23 0.00018662019592311126
7.24 0.00018503704078092625
7.25 0.00018348448262304508
7.26 0.00018196208436850256
7.2700000000000005 0.00018046938817340395
7.28 0.00017900593479614792
7.29 0.00017757129235683976
7.3 0.0001761650334816782
7.3100000000000005 0.0001747867352829089
7.32 0.00017343597933723066
7.33 0.00017211235166070954
7.34 0.0001708154426828378
7.3500000000000005 0.00016954484721797437
7.36 0.00016830016443443018
7.37 0.00016708099782261447
7.38 0.00016588695516038011
7.390000000000001 0.00016471764847753208
7.4 0.0001635726940175681
7.41 0.0001624517121988833
7.42 0.00016135432757391661
7.43 0.0001602801687866015
7.44 0.00015922887157658258
7.45 0.00015820010179633942
7.46 0.0001571935134705299
7.47 0.00015620875930993927
7.48 0.000155245496529126
7.49 0.0001543033868160841
7.5 0.00015338209630100328
7.51 0.00015248129552350182
7.5200000000000005 0.0001516006594001083
7.53 0.00015073986719017947
7.54 0.00014989860246194392
7.55 0.00014907655305790996
7.5600000000000005 0.0001482734110592205
7.57 0.00014748887275063422
7.58 0.00014672263858453525
7.59 0.00014597441314486738
7.6000000000000005 0.00014524390511111776
7.61 0.0001445308272220924
7.62 0.0001438348892359503
7.63 0.00014315579617763668
7.640000000000001 0.00014249326801562146
7.65 0.00014184702857168805
7.66 0.0001412168051663316
7.67 0.00014060232856995866
7.68 0.0001400033329568987
7.69 0.0001394195558578502
7.7 0.00013885073811383854
7.71 0.00013829662382960385
7.72 0.00013775696032879408
7.73 0.00013723149810817258
7.74 0.00013671999079320658
7.75 0.0001362221950942568
7.76 0.0001357378707630948
7.7700000000000005 0.00013526678054993305
7.78 0.00013480869016186444
7.79 0.00013436336793662927
7.8 0.00013393057767672415
7.8100000000000005 0.00013351008856534417
7.82 0.00013310167528042885
7.83 0.00013270511505283304
7.84 0.00013232018762160923
7.8500000000000005 0.00013194667519107143
7.86 0.00013158436238825798
7.87 0.00013123303622083853
7.88 0.0001308924860372396
7.890000000000001 0.00013056250348655787
7.9 0.00013024288247944372
7.91 0.00012993341915130008
7.92 0.0001296339118244897
7.930000000000001 0.0001293441609735409
7.94 0.00012906396918951294
7.95 0.0001287931411472652
7.96 0.00012853148357235694
7.97 0.0001282788064744956
7.98 0.0001280349256224441
7.99 0.00012779965540619768
8.0 0.00012757281190033023
8.01 0.0001273542132040088
8.02 0.00012714367942013704
8.03 0.00012694103263438759
8.040000000000001 0.00012674609689569856
8.05 0.00012655869819779963
8.06 0.00012637866446237392
8.07 0.00012620582552285917
8.08 0.00012604001310947618
8.09 0.00012588106083586282
8.1 0.00012572880418621445
8.11 0.00012558308050435868
8.120000000000001 0.00012544372898313366
8.13 0.00012531059065582027
8.14 0.00012518350836505758
8.15 0.00012506231747296676
8.16 0.00012494685445282264
8.17 0.00012483696388650503
8.18 0.0001247324918433974
8.19 0.00012463328586643369
8.2 0.00012453919495949463
8.21 0.00012445006957582157
8.22 0.00012436576160755955
8.23 0.00012428612437604888
8.24 0.0001242110126234491
8.25 0.0001241402825056465
8.26 0.00012407379158538116
8.27 0.00012401139882713217
8.28 0.0001239529645924286
8.290000000000001 0.00012389835063704446
8.3 0.00012384742010784072
8.31 0.00012380003754170876
8.32 0.00012375606913941472
8.33 0.00012371538431770086
8.34 0.0001236778526852089
8.35 0.00012364334495298165
8.36 0.0001236117332801892
8.370000000000001 0.00012358289128032093
8.38 0.00012355669402762826
8.39 0.00012353301806410262
8.4 0.0001235117414085671
8.41 0.00012349274356467273
8.42 0.00012347590553157643
8.43 0.0001234611098137224
8.44 0.00012344824043261995
8.45 0.00012343718293864828
8.46 0.00012342782442356821
8.47 0.0001234200535339845
8.48 0.00012341376048531551
8.49 0.00012340883707656625
8.5 0.00012340516431345004
8.51 0.00012340261350155327
8.52 0.00012340107385345762
8.53 0.0001234004358325047
8.540000000000001 0.00012340059091055927
8.55 0.000123401431563812
8.56 0.00012340285126843844
8.57 0.00012340474449727343
8.58 0.00012340700671709375
8.59 0.00012340953438548085
8.6 0.0001234122249492509
8.61 0.00012341497684278425
8.620000000000001 0.00012341768948638445
8.63 0.00012342026328622697
8.64 0.00012342259963327596
8.65 0.00012342460090381674
8.66 0.0001234261704593344
8.67 0.00012342721371027057
8.68 0.00012342765588339768
8.69 0.0001234274152466545
8.700000000000001 0.00012342640536500572
8.71 0.00012342454133388615
8.72 0.00012342173980044863
8.73 0.0001234179189840744
8.74 0.00012341299869775713
8.75 0.0001234069003692431
8.76 0.00012339954706279237
8.77 0.00012339086350034775
8.78 0.00012338077608356566
8.790000000000001 0.00012336921291557484
8.8 0.0001233561038224756
8.81 0.0001233413803756276
8.82 0.0001233249759134969
8.83 0.00012330682556333655
8.84 0.00012328686626352035
8.85 0.00012326502896508901
8.86 0.00012324122807351803
8.870000000000001 0.0001232153975626567
8.88 0.0001231874740674219
8.89 0.00012315739549090873
8.9 0.00012312510100451375
8.91 0.00012309053104812406
8.92 0.00012305362733026556
8.93 0.0001230143328282635
8.94 0.00012297259178777747
8.950000000000001 0.00012292834972361076
8.96 0.00012288155341941016
8.97 0.00012283215092708313
8.98 0.00012278009156766
8.99 0.00012272532593037878
9.0 0.00012266780587267493
9.01 0.00012260748451994527
9.02 0.00012254431628402809
9.03 0.00012247825896338944
9.040000000000001 0.00012240927146051853
9.05 0.00012233731276295283
9.06 0.00012226234319179675
9.07 0.00012218432440225507
9.08 0.0001221032193854969
9.09 0.00012201899246911882
9.1 0.00012193160931833844
9.11 0.00012184103693660669
9.120000000000001 0.00012174724366593049
9.13 0.00012165019918766642
9.14 0.00012154987452247298
9.15 0.00012144624202996626
9.16 0.00012133927540928201
9.17 0.000121228949698177
9.18 0.00012111524127247919
9.19 0.00012099812784555943
9.200000000000001 0.00012087758808419259
9.21 0.0001207535999971053
9.22 0.00012062614436526928
9.23 0.0001204952035587948
9.24 0.00012036076122147465
9.25 0.00012022280226693226
9.26 0.00012008131287482605
9.27 0.00011993628048676073
9.28 0.00011978769380131468
9.290000000000001 0.00011963554277023402
9.3 0.00011947981859290052
9.31 0.00011932051371175804
9.32 0.00011915762180690105
9.33 0.0001189911377904515
9.34 0.00011882105780136858
9.35 0.00011864737919902932
9.36 0.00011847010055741729
9.370000000000001 0.00011828922165891056
9.38 0.00011810474119949496
9.39 0.00011791665766462851
9.4 0.00011772497324298407
9.41 0.00011752969121794996
9.42 0.00011733081594439507
9.43 0.00011712835283790406
9.44 0.0001169223083644106
9.450000000000001 0.00011671269002876128
9.46 0.00011649950636421179
9.47 0.00011628276692068808
9.48 0.00011606248225389838
9.49 0.00011583866391320832
9.5 0.00011561132443058727
9.51 0.00011538047730837945
9.52 0.00011514613700728919
9.53 0.00011490831893443132
9.540000000000001 0.0001146670394310519
9.55 0.00011442231609098963
9.56 0.00011417417163111371
9.57 0.00011392262754982181
9.58 0.00011366770515615007
9.59 0.00011340942674178435
9.6 0.00011314781557089908
9.61 0.00011288289587035611
9.620000000000001 0.00011261469281941255
9.63 0.00011234323253962644
9.64 0.0001120685420841136
9.65 0.00011179064942695802
9.66 0.00011150958345235249
9.67 0.00011122537394381467
9.68 0.00011093805157283074
9.69 0.00011064764788749123
9.700000000000001 0.00011035419530138792
9.71 0.0001100577270818125
9.72 0.00010975827733799258
9.73 0.00010945587418540251
9.74 0.00010915053409713601
9.75 0.00010884228765704537
9.76 0.00010853116651658376
9.77 0.00010821720265287004
9.78 0.0001079004283444842
9.790000000000001 0.0001075808761457301
9.8 0.00010725857886291056
9.81 0.00010693356952913655
9.82 0.00010660588138039408
9.83 0.00010627554783105946
9.84 0.00010594260244991063
9.85 0.00010560707893671282
9.86 0.00010526901109759144
9.870000000000001 0.0001049284328226872
9.88 0.00010458537806179533
9.89 0.00010423988080206139
9.9 0.00010389197546813861
9.91 0.00010354171868448645
9.92 0.0001031891624696888
9.93 0.00010283434843035445
9.94 0.00010247731872527026
9.950000000000001 0.00010211811606030113
9.96 0.0001017567836835865
9.97 0.00010139336538043421
9.98 0.00010102790546774251
9.99 0.000100660448789207
10.0 0.00010029104070938526
10.01 9.991972710828023e-05
10.02 9.954655437570317e-05
10.03 9.917156940504081e-05
10.040000000000001 9.879481958763835e-05
10.05 9.841635280667931e-05
10.06 9.803621743052684e-05
10.07 9.765446230725668e-05
10.08 9.727113182168325e-05
10.09 9.688625075082464e-05
10.1 9.64998605577725e-05
10.11 9.611200516199819e-05
10.120000000000001 9.572272829913835e-05
10.13 9.53320735185368e-05
10.14 9.494008417932926e-05
10.15 9.454680344780225e-05
10.16 9.41522742938022e-05
10.17 9.375653948785409e-05
10.18 9.335964159811177e-05
10.19 9.296162298727713e-05
10.200000000000001 9.256252580969616e-05
10.21 9.216239200840644e-05
10.22 9.176126331258104e-05
10.23 9.135918123412499e-05
10.24 9.095618706557885e-05
10.25 9.055232187706302e-05
10.26 9.014762651345792e-05
10.27 8.974214159228593e-05
10.28 8.933590750095574e-05
10.290000000000001 8.892896439394865e-05
10.3 8.852135219064843e-05
10.31 8.811311057311741e-05
10.32 8.770427898329922e-05
10.33 8.729489662092933e-05
10.34 8.688500244144037e-05
10.35 8.647463920845398e-05
10.36 8.606386409886185e-05
10.370000000000001 8.56527199808877e-05
10.38 8.524124758776171e-05
10.39 8.482948748229479e-05
10.4 8.441748005357571e-05
10.41 8.40052655126872e-05
10.42 8.359288389004054e-05
10.43 8.318037503168493e-05
10.44 8.27677785957973e-05
10.450000000000001 8.235513404963261e-05
10.46 8.194248066631989e-05
10.47 8.152985752118286e-05
10.48 8.111730348926271e-05
10.49 8.070485724153906e-05
10.5 8.029255724252646e-05
10.51 7.988044174680933e-05
10.52 7.94685487963253e-05
10.53 7.90569162171257e-05
10.540000000000001 7.864558161715506e-05
10.55 7.823458238294216e-05
10.56 7.782395567694587e-05
10.57 7.74137384350615e-05
10.58 7.700396736406122e-05
10.59 7.659467893854181e-05
10.6 7.618590939912403e-05
10.61 7.577769474928584e-05
10.620000000000001 7.537006419625156e-05
10.63 7.496302467139421e-05
10.64 7.455660483087368e-05
10.65 7.41508358091409e-05
10.66 7.374574839414186e-05
10.67 7.334137302670088e-05
10.68 7.293773980136115e-05
10.69 7.25348784654722e-05
10.700000000000001 7.213281842001831e-05
10.71 7.173158871924979e-05
10.72 7.133121807121473e-05
10.73 7.093173483768526e-05
10.74 7.053316703483324e-05
10.75 7.013554233327966e-05
10.76 6.973888805839133e-05
10.77 6.934323119101721e-05
10.78 6.89485983677773e-05
10.790000000000001 6.855501588176952e-05
10.8 6.816250968268156e-05
10.81 6.777110537813796e-05
10.82 6.738082823362548e-05
10.83 6.699170317384876e-05
10.84 6.660375478300968e-05
10.85 6.621700730602854e-05
10.86 6.583148464896476e-05
10.870000000000001 6.544721038028237e-05
10.88 6.506420773156815e-05
10.89 6.468249667256325e-05
10.9 6.430208765186018e-05
10.91 6.39230001802469e-05
10.92 6.354525450905611e-05
10.93 6.316887051748248e-05
10.94 6.279386771438408e-05
10.950000000000001 6.242026524129127e-05
10.96 6.204808187331226e-05
10.97 6.167733602251927e-05
10.98 6.130804573910298e-05
10.99 6.094022871395207e-05
11.0 6.057390228137588e-05
11.01 6.020908342058411e-05
11.02 5.984578875859511e-05
11.03 5.94840345721449e-05
11.040000000000001 5.912383679058768e-05
11.05 5.8765210997534234e-05
11.06 5.840817243425549e-05
11.07 5.8052736001122304e-05
11.08 5.769891626070979e-05
11.09 5.734672744021115e-05
11.1 5.6996183433797795e-05
11.11 5.6647297805213596e-05
11.120000000000001 5.630008379057475e-05
11.13 5.595455430049221e-05
11.14 5.56107219231803e-05
11.15 5.526859892684109e-05
11.16 5.492819303768402e-05
11.17 5.4589499276999805e-05
11.18 5.425252535339736e-05
11.19 5.391728002970223e-05
11.200000000000001 5.358377170707699e-05
11.21 5.325200842874484e-05
11.22 5.2921997883982955e-05
11.23 5.259374741163874e-05
11.24 5.226726400469825e-05
11.25 5.1942554313550056e-05
11.26 5.161962464993435e-05
11.27 5.129848099101348e-05
11.28 5.097912898324557e-05
11.290000000000001 5.06615739457629e-05
11.3 5.034582087506002e-05
11.31 5.003187444807024e-05
11.32 4.971973902642528e-05
11.33 4.94094186600123e-05
11.34 4.910091709112337e-05
11.35 4.8794237758123526e-05
11.36 4.848938379908591e-05
11.370000000000001 4.818635805585187e-05
11.38 4.788516307776148e-05
11.39 4.758580112514208e-05
11.4 4.728827417348723e-05
11.41 4.6992583917005934e-05
11.42 4.66987317724989e-05
11.43 4.640671860934448e-05
11.44 4.611654427884044e-05
11.450000000000001 4.582820917091359e-05
11.46 4.554171349033069e-05
11.47 4.52570571792283e-05
11.48 4.49742399209049e-05
11.49 4.4693261143833284e-05
11.5 4.441412002469027e-05
11.51 4.41368154925556e-05
11.52 4.386134623212811e-05
11.53 4.358771068775115e-05
11.540000000000001 4.331590706659928e-05
11.55 4.3045933342474724e-05
11.56 4.277778725931538e-05
11.57 4.251146633450645e-05
11.58 4.22469678625745e-05
11.59 4.198428891876837e-05
11.6 4.172342636210406e-05
11.61 4.146437683909092e-05
11.620000000000001 4.120713678697468e-05
11.63 4.0951702437228184e-05
11.64 4.069806981867388e-05
11.65 4.044623476101095e-05
11.66 4.0196192898016726e-05
11.67 3.9947939670631916e-05
11.68 3.9701470330419635e-05
11.69 3.945677994269094e-05
11.700000000000001 3.9213863262923566e-05
11.71 3.897271454221876e-05
11.72 3.8733328212885686e-05
11.73 3.8495698564510426e-05
11.74 3.8259819714761036e-05
11.75 3.802568561162619e-05
11.76 3.779329003723896e-05
11.77 3.756262661016446e-05
11.78 3.7333688788599145e-05
11.790000000000001 3.710646987341651e-05
11.8 3.688096301099342e-05
11.81 3.66571611958859e-05
11.82 3.6435057273745235e-05
11.83 3.6214643944173716e-05
11.84 3.599591376345513e-05
11.85 3.5778859147062286e-05
11.86 3.556347237250977e-05
11.870000000000001 3.534974558217158e-05
11.88 3.51376707855163e-05
11.89 3.49272398619707e-05
11.9 3.4718444563307596e-05
11.91 3.4511276516295195e-05
11.92 3.430572722502596e-05
11.93 3.410178807344106e-05
11.94 3.3899450327884786e-05
11.950000000000001 3.369870513895111e-05
11.96 3.349954354453944e-05
11.97 3.330195786767961e-05
11.98 3.3105943653860635e-05
11.99 3.291149256944622e-05
12.0 3.271859587614416e-05
12.01 3.252724475051464e-05
12.02 3.233743028578911e-05
12.030000000000001 3.2149143494052124e-05
12.040000000000001 3.19623753074357e-05
12.05 3.1777116580619484e-05
12.06 3.159335809228099e-05
12.07 3.14110905467878e-05
12.08 3.1230304576034245e-05
12.09 3.105099074087814e-05
12.1 3.0873139533177385e-05
12.11 3.069674137713566e-05
12.120000000000001 3.052178663090488e-05
12.13 3.0348265588281756e-05
12.14 3.0176168480262108e-05
12.15 3.0005485476222206e-05
12.16 2.983620668577493e-05
12.17 2.9668322160356173e-05
12.18 2.950182189385541e-05
12.19 2.9336695825002684e-05
12.200000000000001 2.9172933838009577e-05
12.21 2.901052576446267e-05
12.22 2.8849461384101993e-05
12.23 2.8689730426361467e-05
12.24 2.853132404201375e-05
12.25 2.8374236605559645e-05
12.26 2.8218458640870067e-05
12.27 2.8063980352160175e-05
12.280000000000001 2.791079191673566e-05
12.290000000000001 2.7758883486143308e-05
12.3 2.760824518681284e-05
12.31 2.7458867121179283e-05
12.32 2.7310739368066345e-05
12.33 2.7163851984239422e-05
12.34 2.7018195004561724e-05
12.35 2.6873758443004755e-05
12.36 2.673053229347664e-05
12.370000000000001 2.6588506530307414e-05
12.38 2.6447671109583893e-05
12.39 2.6308015968839592e-05
12.4 2.6169531028870548e-05
12.41 2.6032206193433906e-05
12.42 2.5896031350620095e-05
12.43 2.5760996372953e-05
12.44 2.5627091118207452e-05
12.450000000000001 2.5494305430327768e-05
12.46 2.536262913926425e-05
12.47 2.5232052062252545e-05
12.48 2.5102564003992318e-05
12.49 2.49741547570354e-05
12.5 2.4846814102840505e-05
12.51 2.4720533600271384e-05
12.52 2.4595308505552787e-05
12.530000000000001 2.4471129636232606e-05
12.540000000000001 2.4347987512198833e-05
12.55 2.4225872665243134e-05
12.56 2.4104775639239955e-05
12.57 2.3984686990404566e-05
12.58 2.3865597287406684e-05
12.59 2.374749711143726e-05
12.6 2.3630377056226698e-05
12.61 2.3514227728533166e-05
12.620000000000001 2.3399039747786995e-05
12.63 2.3284803746685245e-05
12.64 2.317151037093323e-05
12.65 2.3059150279421473e-05
12.66 2.294771414441954e-05
12.67 2.2837192651268146e-05
12.68 2.272757649897806e-05
12.69 2.26188564000601e-05
12.700000000000001 2.25110230802697e-05
12.71 2.2404067279217527e-05
12.72 2.229797974968601e-05
12.73 2.2192751258577788e-05
12.74 2.20883725860232e-05
12.75 2.1984834525932365e-05
12.76 2.1882127885793513e-05
12.77 2.1780243486877685e-05
12.780000000000001 2.1679174331808247e-05
12.790000000000001 2.157891761816284e-05
12.8 2.1479465420785708e-05
12.81 2.1380809528627823e-05
12.82 2.1282941769697455e-05
12.83 2.1185854010427e-05
12.84 2.108953815544573e-05
12.85 2.0993986147409358e-05
12.86 2.089918996677799e-05
12.870000000000001 2.0805141630998638e-05
12.88 2.0711833194868648e-05
12.89 2.0619256749817086e-05
12.9 2.052740442370221e-05
12.91 2.0436268380686143e-05
12.92 2.034584082059518e-05
12.93 2.0256113979023882e-05
12.94 2.016708012671231e-05
12.950000000000001 2.0078731569266733e-05
12.96 1.9991060647242456e-05
12.97 1.9904059735337612e-05
12.98 1.9817721242471227e-05
12.99 1.973203761134433e-05
13.0 1.9647001318166303e-05
13.01 1.956260487229102e-05
13.02 1.9478840816158742e-05
13.030000000000001 1.9395701724633438e-05
13.040000000000001 1.9313180205206195e-05
13.05 1.9231268941228424e-05
13.06 1.9149960727042614e-05
13.07 1.906924828847835e-05
13.08 1.898912437750533e-05
13.09 1.8909581777418454e-05
13.1 1.8830613302808774e-05
13.11 1.8752211798979315e-05
13.120000000000001 1.867437014221136e-05
13.13 1.8597081238823365e-05
13.14 1.8520338025189605e-05
13.15 1.8444133467861168e-05
13.16 1.8368460562472218e-05
13.17 1.8293312334302907e-05
13.18 1.8218681837525643e-05
13.19 1.8144562154898472e-05
13.200000000000001 1.807094639804741e-05
13.21 1.7997827706555704e-05
13.22 1.792519924809742e-05
13.23 1.785305421809656e-05
13.24 1.7781385839704938e-05
13.25 1.771018736298948e-05
13.26 1.763945206540926e-05
13.27 1.7569173250869645e-05
13.280000000000001 1.7499344250338118e-05
13.290000000000001 1.7429958420626945e-05
13.3 1.7361009145004658e-05
13.31 1.729248983269125e-05
13.32 1.722439695114224e-05
13.33 1.7156732031214667e-05
13.34 1.708949005359891e-05
13.35 1.702266572162171e-05
13.36 1.6956253797575233e-05
13.370000000000001 1.6890249102252588e-05
13.38 1.6824646514010215e-05
13.39 1.6759440968733188e-05
13.4 1.669462745905242e-05
13.41 1.663020103393354e-05
13.42 1.6566156797999474e-05
13.43 1.650248991143504e-05
13.44 1.6439195589142575e-05
13.450000000000001 1.6376269100251868e-05
13.46 1.6313705768171774e-05
13.47 1.6251500969241463e-05
13.48 1.6189650133142854e-05
13.49 1.6128148742011565e-05
13.5 1.606699232999066e-05
13.51 1.6006176482960023e-05
13.52 1.5945696837636487e-05
13.530000000000001 1.588554908209987e-05
13.540000000000001 1.5825728954154544e-05
13.55 1.5766232242023313e-05
13.56 1.5707054783055483e-05
13.57 1.564819246397623e-05
13.58 1.5589641220003624e-05
13.59 1.5531396492817363e-05
13.6 1.5473452938965203e-05
13.61 1.541580638665099e-05
13.620000000000001 1.5358452756209298e-05
13.63 1.530138800892849e-05
13.64 1.5244608146750167e-05
13.65 1.518810921158787e-05
13.66 1.5131887285555617e-05
13.67 1.5075938490086236e-05
13.68 1.5020258986008991e-05
13.69 1.4964844973238637e-05
13.700000000000001 1.4909692690202956e-05
13.71 1.4854798413922992e-05
13.72 1.4800158459437121e-05
13.73 1.4745769179705208e-05
13.74 1.4691626965166685e-05
13.75 1.4637728243573154e-05
13.76 1.458406947969608e-05
13.77 1.4530647175127736e-05
13.780000000000001 1.4477457867849257e-05
13.790000000000001 1.442449813211788e-05
13.8 1.4371764578233193e-05
13.81 1.4319253852083068e-05
13.82 1.4266962635057796e-05
13.83 1.4214887643835845e-05
13.84 1.4163025630017836e-05
13.85 1.4111373379940492e-05
13.86 1.4059928376759009e-05
13.870000000000001 1.4008689077139348e-05
13.88 1.3957652658497764e-05
13.89 1.3906816285880197e-05
13.9 1.3856177164954606e-05
13.91 1.380573254143938e-05
13.92 1.3755479701222165e-05
13.93 1.370541596962217e-05
13.94 1.3655538711495122e-05
13.950000000000001 1.360584533053287e-05
13.96 1.355633326942298e-05
13.97 1.350700000945582e-05
13.98 1.3457843069922173e-05
13.99 1.3408860008190873e-05
14.0 1.33600484194989e-05
14.01 1.3311405936307797e-05
14.02 1.3262930228456326e-05
14.030000000000001 1.3214619002513417e-05
14.040000000000001 1.3166470001850592e-05
14.05 1.3118481006141932e-05
14.06 1.3070649831345427e-05
14.07 1.3022974329104497e-05
14.08 1.2975452387045498e-05
14.09 1.2928081927895182e-05
14.1 1.288086090955225e-05
14.11 1.283378732507218e-05
14.120000000000001 1.2786859201976801e-05
14.13 1.2740075103534303e-05
14.14 1.2693434281605288e-05
14.15 1.2646935071445025e-05
14.16 1.2600575813352926e-05
14.17 1.2554354885996582e-05
14.18 1.2508270706409596e-05
14.19 1.246232172961298e-05
14.200000000000001 1.2416506448047898e-05
14.21 1.2370823391671514e-05
14.22 1.2325271127574915e-05
14.23 1.2279848259382897e-05
14.24 1.2234553427730149e-05
14.25 1.2189385308886917e-05
14.26 1.2144342615602079e-05
14.27 1.2099424095995525e-05
14.280000000000001 1.2054628533930255e-05
14.290000000000001 1.200995474796851e-05
14.3 1.1965401591999738e-05
14.31 1.1920967954177648e-05
14.32 1.1876652757317023e-05
14.33 1.1832454957924447e-05
14.34 1.1788373546517059e-05
14.35 1.1744407547297723e-05
14.36 1.1700556017263386e-05
14.370000000000001 1.1656818047083278e-05
14.38 1.1613192759426204e-05
14.39 1.1569679310052122e-05
14.4 1.1526276429000334e-05
14.41 1.148298233062759e-05
14.42 1.143979609001533e-05
14.43 1.1396716835149721e-05
14.44 1.135374372071259e-05
14.450000000000001 1.1310875927949583e-05
14.46 1.1268112664483253e-05
14.47 1.1225453164158232e-05
14.48 1.118289668662403e-05
14.49 1.1140442517575296e-05
14.5 1.1098089968101296e-05
14.51 1.1055838374579227e-05
14.52 1.1013687098606565e-05
14.530000000000001 1.0971635526764272e-05
14.540000000000001 1.0929683070216942e-05
14.55 1.0887829164842044e-05
14.56 1.0846073270614088e-05
14.57 1.080441487197022e-05
14.58 1.0762853476853958e-05
14.59 1.0721388617355738e-05
14.6 1.0680019848785484e-05
14.61 1.0638746749781032e-05
14.620000000000001 1.0597568922267363e-05
14.63 1.0556485990971748e-05
14.64 1.0515497603291258e-05
14.65 1.0474603429179137e-05
14.66 1.0433803161045713e-05
14.67 1.039309659176652e-05
14.68 1.0352483622492678e-05
14.69 1.0311964039780991e-05
14.700000000000001 1.0271537648664586e-05
14.71 1.0231204276276752e-05
14.72 1.0190963771752925e-05
14.73 1.0150816005536365e-05
14.74 1.0110760869668292e-05
14.75 1.0070798277190054e-05
14.76 1.003092816242849e-05
14.77 9.991150480335867e-06
14.780000000000001 9.951465206259162e-06
14.790000000000001 9.911872336358348e-06
14.8 9.87237188635132e-06
14.81 9.832963892375405e-06
14.82 9.793648410311249e-06
14.83 9.754425515232047e-06
14.84 9.715295301943906e-06
14.85 9.676257884072082e-06
14.86 9.637313394341568e-06
14.870000000000001 9.598461984147537e-06
14.88 9.55970382349007e-06
14.89 9.5210391004635e-06
14.9 9.482468021459588e-06
14.91 9.44399081074989e-06
14.92 9.4056077103524e-06
14.93 9.367318979504628e-06
14.94 9.329123624371135e-06
14.950000000000001 9.291019402855004e-06
14.96 9.253006190981187e-06
14.97 9.215083918152943e-06
14.98 9.177252519451283e-06
14.99 9.139511935075083e-06
15.0 9.101862110911813e-06
15.01 9.064302997964643e-06
15.02 9.026834552760968e-06
15.030000000000001 8.989456736857148e-06
15.040000000000001 8.952169517034963e-06
15.05 8.91497286515221e-06
15.06 8.877866758236382e-06
15.07 8.840851178074398e-06
15.08 8.803926111695948e-06
15.09 8.767091550790189e-06
15.1 8.730347491950558e-06
15.11 8.69369393655204e-06
15.120000000000001 8.657130890620196e-06
15.13 8.62065836499705e-06
15.14 8.584276374900461e-06
15.15 8.54798494029146e-06
15.16 8.511784085433842e-06
15.17 8.47567383920056e-06
15.18 8.439654234782077e-06
15.19 8.403725309674443e-06
15.200000000000001 8.367887105713116e-06
15.21 8.332140494532892e-06
15.22 8.29648709688071e-06
15.23 8.260927233621216e-06
15.24 8.225461211987597e-06
15.25 8.190089350042489e-06
15.26 8.154811976198318e-06
15.27 8.119629429593307e-06
15.280000000000001 8.084542059432062e-06
15.290000000000001 8.049550225483221e-06
15.3 8.0146542970731e-06
15.31 7.979854653801695e-06
15.32 7.945151684750134e-06
15.33 7.910545788791627e-06
15.34 7.876037373905163e-06
15.35 7.841626857706986e-06
15.36 7.807314666743266e-06
15.370000000000001 7.77310123668178e-06
15.38 7.73898701203566e-06
15.39 7.704972445912945e-06
15.4 7.671058000250329e-06
15.41 7.637244145072223e-06
15.42 7.603531358807555e-06
15.43 7.569920128286086e-06
15.44 7.536410948035845e-06
15.450000000000001 7.503004320485226e-06
15.46 7.469700755859555e-06
15.47 7.436500771965983e-06
15.48 7.40340382525146e-06
15.49 7.370408512390398e-06
15.5 7.337515046092202e-06
15.51 7.304723662857797e-06
15.52 7.2720345976702225e-06
15.530000000000001 7.239448084171577e-06
15.540000000000001 7.20696435423389e-06
15.55 7.174583638417092e-06
15.56 7.142306165663697e-06
15.57 7.110132163490931e-06
15.58 7.07806185754902e-06
15.59 7.046095472273452e-06
15.6 7.014233230156824e-06
15.610000000000001 6.98247535239698e-06
15.620000000000001 6.950822058313056e-06
15.63 6.919273565759868e-06
15.64 6.887830090785514e-06
15.65 6.85649184782827e-06
15.66 6.825259049775788e-06
15.67 6.79413190755743e-06
15.68 6.763110630721072e-06
15.69 6.732195426826593e-06
15.700000000000001 6.70138650175965e-06
15.71 6.67068405972018e-06
15.72 6.640088303094252e-06
15.73 6.609599432658977e-06
15.74 6.5792176471822245e-06
15.75 6.548942955458175e-06
15.76 6.51877522825123e-06
15.77 6.48871460410096e-06
15.780000000000001 6.458761222196156e-06
15.790000000000001 6.428915218167257e-06
15.8 6.399176724474929e-06
15.81 6.369545870323545e-06
15.82 6.340022781748571e-06
15.83 6.3106075816328315e-06
15.84 6.281300389686557e-06
15.85 6.252101322252665e-06
15.860000000000001 6.223010492597322e-06
15.870000000000001 6.194028010946158e-06
15.88 6.165153984208664e-06
15.89 6.136388516253359e-06
15.9 6.107731707837537e-06
15.91 6.079183656457427e-06
15.92 6.0507444567016455e-06
15.93 6.022414199983181e-06
15.94 5.994192974561512e-06
15.950000000000001 5.966080865801729e-06
15.96 5.9380779559154145e-06
15.97 5.910184323961289e-06
15.98 5.882400046280413e-06
15.99 5.85472519594888e-06
16.0 5.827159843043881e-06
16.01 5.7997040546849035e-06
16.02 5.772357752529666e-06
16.03 5.745120763615396e-06
16.04 5.717993106756037e-06
16.05 5.6909747987623615e-06
16.06 5.6640658524056194e-06
16.07 5.6372662767373814e-06
16.080000000000002 5.610576076731967e-06
16.09 5.583995253606068e-06
16.1 5.557523804672164e-06
16.11 5.53116172343133e-06
16.12 5.5049089997039925e-06
16.13 5.478765619448649e-06
16.14 5.45273156493946e-06
16.15 5.4268068149160905e-06
16.16 5.400991344173007e-06
16.17 5.375285124085971e-06
16.18 5.349688122341422e-06
16.19 5.324200303103875e-06
16.2 5.29882162693591e-06
16.21 5.273552050923504e-06
16.22 5.248391528771008e-06
16.23 5.223340010430564e-06
16.240000000000002 5.198397442525817e-06
16.25 5.173563768653532e-06
16.26 5.148838928524481e-06
16.27 5.124222858834916e-06
16.28 5.099715492704309e-06
16.29 5.075316275362238e-06
16.3 5.051024376068495e-06
16.31 5.026839590310892e-06
16.32 5.0027617117791995e-06
16.330000000000002 4.978790527683345e-06
16.34 4.954925818603361e-06
16.35 4.931167358889887e-06
16.36 4.907514916462508e-06
16.37 4.883968253184675e-06
16.38 4.86052712462973e-06
16.39 4.83719128035868e-06
16.4 4.8139604638395336e-06
16.41 4.790834412566128e-06
16.42 4.767812858509591e-06
16.43 4.744895527522032e-06
16.44 4.722082139760461e-06
16.45 4.6993724098977775e-06
16.46 4.676766047040587e-06
16.47 4.654262754655476e-06
16.48 4.631862230842663e-06
16.490000000000002 4.609564168528337e-06
16.5 4.58736825498956e-06
16.51 4.565274172790368e-06
16.52 4.543281598778448e-06
16.53 4.52139020512359e-06
16.54 4.499599658973992e-06
16.55 4.477909622432842e-06
16.56 4.456320716268551e-06
16.57 4.434834025681409e-06
16.580000000000002 4.413449441724275e-06
16.59 4.392166850853427e-06
16.6 4.37098614169463e-06
16.61 4.349907204509061e-06
16.62 4.328929931465657e-06
16.63 4.308054216390017e-06
16.64 4.287279955123057e-06
16.65 4.266607044840125e-06
16.66 4.2460353847887e-06
16.67 4.225564875705518e-06
16.68 4.205195420120154e-06
16.69 4.184926922032577e-06
16.7 4.164759287173577e-06
16.71 4.144692422879646e-06
16.72 4.1247262378872e-06
16.73 4.104860642766038e-06
16.740000000000002 4.0850955493319276e-06
16.75 4.065430870953861e-06
16.76 4.045866522577914e-06
16.77 4.0264024204759215e-06
16.78 4.007038482653361e-06
16.79 3.98777462811209e-06
16.8 3.968610777630322e-06
16.81 3.949546852989377e-06
16.82 3.930582777761241e-06
16.830000000000002 3.911717052459181e-06
16.84 3.892947589909232e-06
16.85 3.874273972210218e-06
16.86 3.855695778877963e-06
16.87 3.837212581826949e-06
16.88 3.818823944749935e-06
16.89 3.800529423823992e-06
16.9 3.7823285671579904e-06
16.91 3.7642209155220544e-06
16.92 3.7462060021452477e-06
16.93 3.7282833528922994e-06
16.94 3.7104524863926236e-06
16.95 3.692712913964209e-06
16.96 3.6750641400574904e-06
16.97 3.6575056620324377e-06
16.98 3.6400369703619515e-06
16.990000000000002 3.6226575489402106e-06
17.0 3.6053668747892866e-06
17.01 3.588164418506269e-06
17.02 3.571049644095648e-06
17.03 3.5540220094398573e-06
17.04 3.5370809659408375e-06
17.05 3.520225958841827e-06
17.06 3.503456427476079e-06
17.07 3.4867718049563443e-06
17.080000000000002 3.4701715186989755e-06
17.09 3.45365499023571e-06
17.1 3.4372227682168653e-06
17.11 3.420875784912328e-06
17.12 3.4046137096042234e-06
17.13 3.388436210821806e-06
17.14 3.372342958676399e-06
17.150000000000002 3.3563336254086983e-06
17.16 3.340407884901749e-06
17.17 3.324565412853118e-06
17.18 3.3088058869876116e-06
17.19 3.293128986418684e-06
17.2 3.2775343923689953e-06
17.21 3.2620217876842567e-06
17.22 3.2465908569687552e-06
17.23 3.2312412866714393e-06
17.240000000000002 3.215972764920253e-06
17.25 3.2007849814414714e-06
17.26 3.185677627885828e-06
17.27 3.1706503974822213e-06
17.28 3.1557029852376413e-06
17.29 3.1408350877754065e-06
17.3 3.1260464035181776e-06
17.31 3.111336632365732e-06
17.32 3.096705476100022e-06
17.330000000000002 3.08215263789967e-06
17.34 3.0676778228675393e-06
17.35 3.0532807376926815e-06
17.36 3.038961090307728e-06
17.37 3.0247180988983956e-06
17.38 3.0105508466615923e-06
17.39 2.9964589360396802e-06
17.400000000000002 2.9824419678543563e-06
17.41 2.968499542020924e-06
17.42 2.954631256653394e-06
17.43 2.9408367084992476e-06
17.44 2.927115493154978e-06
17.45 2.913467204753188e-06
17.46 2.899891435989262e-06
17.47 2.8863877783648784e-06
17.48 2.8729558223473863e-06
17.490000000000002 2.859595156703672e-06
17.5 2.8463053695984564e-06
17.51 2.833086047517681e-06
17.52 2.8199367760146574e-06
17.53 2.806857139630919e-06
17.54 2.7938467217116913e-06
17.55 2.780905104470509e-06
17.56 2.7680318693153443e-06
17.57 2.755226596505133e-06
17.580000000000002 2.7424888653301838e-06
17.59 2.7298182542394647e-06
17.6 2.7172143404687217e-06
17.61 2.7046767007495465e-06
17.62 2.6922049106833587e-06
17.63 2.6797985452423068e-06
17.64 2.6674575329826717e-06
17.650000000000002 2.6551818769393522e-06
17.66 2.6429712271082515e-06
17.67 2.630825234676052e-06
17.68 2.6187435522269722e-06
17.69 2.6067258339231795e-06
17.7 2.594771735028498e-06
17.71 2.582880912711913e-06
17.72 2.5710530250683174e-06
17.73 2.559287731793104e-06
17.740000000000002 2.547584694021377e-06
17.75 2.535943574174431e-06
17.76 2.5243640361635776e-06
17.77 2.512845745271863e-06
17.78 2.5013883680432593e-06
17.79 2.48999157245191e-06
17.8 2.4786550280003587e-06
17.81 2.467378405289879e-06
17.82 2.4561613765070652e-06
17.830000000000002 2.445003615122207e-06
17.84 2.433904795899806e-06
17.85 2.422864594998973e-06
17.86 2.4118826899516364e-06
17.87 2.400958759664492e-06
17.88 2.3900924842973565e-06
17.89 2.3792835453622643e-06
17.900000000000002 2.36853162565321e-06
17.91 2.357836246481273e-06
17.92 2.3471969059982167e-06
17.93 2.33661325657272e-06
17.94 2.3260849507393457e-06
17.95 2.31561164147642e-06
17.96 2.305192982075279e-06
17.97 2.2948286262142095e-06
17.98 2.2845182279387184e-06
17.990000000000002 2.2742614417842633e-06
18.0 2.2640579225272116e-06
18.01 2.253907325224522e-06
18.02 2.2438093056209715e-06
18.03 2.2337635196145343e-06
18.04 2.2237696237764745e-06
18.05 2.213827274879284e-06
18.06 2.2039361300689626e-06
18.07 2.1940958473263454e-06
18.080000000000002 2.1843060844535913e-06
18.09 2.174566500350722e-06
18.1 2.1648767537304093e-06
18.11 2.155236504446014e-06
18.12 2.1456454122408507e-06
18.13 2.136103137618476e-06
18.14 2.1266093414161642e-06
18.150000000000002 2.117163685216904e-06
18.16 2.1077658306843487e-06
18.17 2.098415440435165e-06
18.18 2.0891122186339484e-06
18.19 2.0798558738136528e-06
18.2 2.0706460785777482e-06
18.21 2.0614825060526155e-06
18.22 2.052364830135503e-06
18.23 2.0432927257018263e-06
18.240000000000002 2.034265868189702e-06
18.25 2.025283933783503e-06
18.26 2.0163465997572252e-06
18.27 2.0074535437619506e-06
18.28 1.9986044443796565e-06
18.29 1.9897989811041347e-06
18.3 1.9810368340558455e-06
18.31 1.9723176841640643e-06
18.32 1.9636412130166108e-06
18.330000000000002 1.955007103401408e-06
18.34 1.946415038399656e-06
18.35 1.937864702215462e-06
18.36 1.92935577968123e-06
18.37 1.9208879565037716e-06
18.38 1.9124609192576946e-06
18.39 1.904074355099281e-06
18.400000000000002 1.8957279521690518e-06
18.41 1.8874213992245469e-06
18.42 1.879154386120194e-06
18.43 1.8709266033703747e-06
18.44 1.8627377425316054e-06
18.45 1.8545880292610527e-06
18.46 1.8464777086316672e-06
18.47 1.8384065814555607e-06
18.48 1.8303744524466713e-06
18.490000000000002 1.8223811301394492e-06
18.5 1.8144264268400668e-06
18.51 1.8065101585673302e-06
18.52 1.7986321450973479e-06
18.53 1.7907922097667485e-06
18.54 1.7829901797236734e-06
18.55 1.7752258856441492e-06
18.56 1.7674991617395693e-06
18.57 1.7598098457360933e-06
18.580000000000002 1.7521577791287848e-06
18.59 1.7445428063802768e-06
18.6 1.736964775994566e-06
18.61 1.7294235393519293e-06
18.62 1.7219189515167623e-06
18.63 1.7144508708272091e-06
18.64 1.7070191589339768e-06
18.650000000000002 1.6996236807227064e-06
18.66 1.692264304365039e-06
18.67 1.684940901222772e-06
18.68 1.6776533457722904e-06
18.69 1.6704015159233225e-06
18.7 1.6631852923283024e-06
18.71 1.6560045576742783e-06
18.72 1.6488583406519541e-06
18.73 1.6417456863463634e-06
18.740000000000002 1.6346663198389634e-06
18.75 1.6276199643038827e-06
18.76 1.6206063409474232e-06
18.77 1.6136251696188993e-06
18.78 1.6066761680127734e-06
18.79 1.599759052487229e-06
18.8 1.5928735376114075e-06
18.81 1.5860193361688776e-06
18.82 1.5791961595575978e-06
18.830000000000002 1.5724037175559452e-06
18.84 1.5656417182197168e-06
18.85 1.5589098682768868e-06
18.86 1.5522078728722778e-06
18.87 1.5455354357520913e-06
18.88 1.5388922590169269e-06
18.89 1.5322780436477284e-06
18.900000000000002 1.5256924888929933e-06
18.91 1.5191352930346525e-06
18.92 1.5126061526816049e-06
18.93 1.5061047632840621e-06
18.94 1.4996308189434886e-06
18.95 1.4931840124606313e-06
18.96 1.4867640356300976e-06
18.97 1.4803705787700284e-06
18.98 1.474003333727181e-06
18.990000000000002 1.4676629585459212e-06
19.0 1.4613500485164506e-06
19.01 1.4550644747738598e-06
19.02 1.4488061126917114e-06
19.03 1.4425748418142766e-06
19.04 1.4363705456083616e-06
19.05 1.430193111620734e-06
19.06 1.4240424316213458e-06
19.07 1.4179184011203208e-06
19.080000000000002 1.4118209196161292e-06
19.09 1.405749890682974e-06
19.1 1.399705221332738e-06
19.11 1.3936868228390858e-06
19.12 1.3876946099402503e-06
19.13 1.3817285012969992e-06
19.14 1.375788419227873e-06
19.150000000000002 1.3698742896714553e-06
19.16 1.363986042084023e-06
19.17 1.3581236097184044e-06
19.18 1.3522869292775753e-06
19.19 1.3464759409497883e-06
19.2 1.340690588439472e-06
19.21 1.3349308188939386e-06
19.22 1.3291965828002772e-06
19.23 1.3234878340904121e-06
19.240000000000002 1.317804530003735e-06
19.25 1.3121466287608404e-06
19.26 1.3065135597896014e-06
19.27 1.300904813267582e-06
19.28 1.2953202594203359e-06
19.29 1.2897597691884479e-06
19.3 1.2842232134850726e-06
19.31 1.2787104638844029e-06
19.32 1.2732213919747258e-06
19.330000000000002 1.267755869833304e-06
19.34 1.2623137698777312e-06
19.35 1.2568949648158415e-06
19.36 1.2514993276684788e-06
19.37 1.2461267318251154e-06
19.38 1.2407770510257463e-06
19.39 1.2354501592119196e-06
19.400000000000002 1.2301459308182786e-06
19.41 1.2248642404020897e-06
19.42 1.2196049632553834e-06
19.43 1.2143679744989946e-06
19.44 1.2091531499072066e-06
19.45 1.203960365492177e-06
19.46 1.1987894977166574e-06
19.47 1.1936404232881044e-06
19.48 1.1885130190441868e-06
19.490000000000002 1.1834071625571206e-06
19.5 1.1783227314479108e-06
19.51 1.1732596036879766e-06
19.52 1.168217658154805e-06
19.53 1.1631968226119083e-06
19.54 1.158197017938874e-06
19.55 1.1532181325544935e-06
19.56 1.148260055563316e-06
19.57 1.1433226763440853e-06
19.580000000000002 1.1384058851145011e-06
19.59 1.133509572597718e-06
19.6 1.128633630211105e-06
19.61 1.1237779497618025e-06
19.62 1.1189424237528995e-06
19.63 1.1141269453148047e-06
19.64 1.1093314079460136e-06
19.650000000000002 1.1045557059837603e-06
19.66 1.0997997342210774e-06
19.67 1.0950633877687774e-06
19.68 1.0903465627144305e-06
19.69 1.0856491555824316e-06
19.7 1.0809710631995602e-06
19.71 1.0763121832017353e-06
19.72 1.0716724138145738e-06
19.73 1.067051653516637e-06
19.740000000000002 1.0624498016636053e-06
19.75 1.0578667580656573e-06
19.76 1.0533024229091893e-06
19.77 1.0487566971168795e-06
19.78 1.04422948205517e-06
19.79 1.039720679856383e-06
19.8 1.035230221782318e-06
19.81 1.0307580340327424e-06
19.82 1.0263040253838613e-06
19.830000000000002 1.0218681050923979e-06
19.84 1.0174501831188313e-06
19.85 1.0130501702280102e-06
19.86 1.0086679774755662e-06
19.87 1.0043035171926947e-06
19.88 9.999567017146029e-07
19.89 9.956274442903717e-07
19.900000000000002 9.913156589282405e-07
19.91 9.870212601921025e-07
19.92 9.827441631481615e-07
19.93 9.784842836504026e-07
19.94 9.742415380219454e-07
19.95 9.700158433906042e-07
19.96 9.658071174487373e-07
19.97 9.616152783325756e-07
19.98 9.57440245105451e-07
19.990000000000002 9.53281937079737e-07
20.0 9.491402744400473e-07
20.01 9.450151778253851e-07
20.02 9.409065685754732e-07
20.03 9.36814368461005e-07
20.04 9.327385000773179e-07
20.05 9.286788863441427e-07
20.06 9.246354514737959e-07
20.07 9.206081701273886e-07
20.080000000000002 9.165970061439594e-07
20.09 9.126018938871014e-07
20.1 9.086227681594011e-07
20.11 9.046595649831726e-07
20.12 9.007122207423113e-07
20.13 8.967806728559088e-07
20.14 8.928648595042752e-07
20.150000000000002 8.889647197440811e-07
20.16 8.850801931270438e-07
20.17 8.812112201044432e-07
20.18 8.77357742155708e-07
20.19 8.735197010635186e-07
20.2 8.696970397110201e-07
20.21 8.65889701409943e-07
20.22 8.620976304174422e-07
20.23 8.583207718047998e-07
20.240000000000002 8.545590710300329e-07
20.25 8.50812474520869e-07
20.26 8.470809293133815e-07
20.27 8.433643833410378e-07
20.28 8.396627848522662e-07
20.29 8.359760831215838e-07
20.3 8.323042278940516e-07
20.31 8.286471697914162e-07
20.32 8.250048599502038e-07
20.330000000000002 8.21377251281237e-07
20.34 8.17764392021538e-07
20.35 8.141663062921113e-07
20.36 8.105829641544488e-07
20.37 8.070143369019126e-07
20.38 8.034603970317631e-07
20.39 7.999211179099235e-07
20.400000000000002 7.963964741914331e-07
20.41 7.928864412271724e-07
20.42 7.893909959474877e-07
20.43 7.859101157570636e-07
20.44 7.824437792451839e-07
20.45 7.789919663608305e-07
20.46 7.755546575311184e-07
20.47 7.721318345146715e-07
20.48 7.687234799386676e-07
20.490000000000002 7.653295771761076e-07
20.5 7.619501109976373e-07
20.51 7.58585066718497e-07
20.52 7.552344307735831e-07
20.53 7.518981904551785e-07
20.54 7.485763338864991e-07
20.55 7.452688502725775e-07
20.56 7.419757294727623e-07
20.57 7.386969625210269e-07
20.580000000000002 7.354325410104676e-07
20.59 7.321824575273099e-07
20.6 7.289466977498937e-07
20.61 7.257247717141384e-07
20.62 7.225163305776697e-07
20.63 7.193212884130202e-07
20.64 7.161395579543834e-07
20.650000000000002 7.129710503260209e-07
20.66 7.098156754633666e-07
20.67 7.066733415696247e-07
20.68 7.035439555588829e-07
20.69 7.004274229243821e-07
20.7 6.973236479587176e-07
20.71 6.942325331823563e-07
20.72 6.911539803270078e-07
20.73 6.880878894734675e-07
20.740000000000002 6.850341593294968e-07
20.75 6.819926875387128e-07
20.76 6.789633705054894e-07
20.77 6.759461031603364e-07
20.78 6.729407793633303e-07
20.79 6.699472918038265e-07
20.8 6.669655318743118e-07
20.81 6.639953899671507e-07
20.82 6.610367551370191e-07
20.830000000000002 6.580895153360136e-07
20.84 6.551535575887498e-07
20.85 6.522287675766797e-07
20.86 6.493150300960582e-07
20.87 6.464122420285793e-07
20.88 6.43520973073262e-07
20.89 6.406415722773947e-07
20.900000000000002 6.377740342464753e-07
20.91 6.349183556454978e-07
20.92 6.320745353536141e-07
20.93 6.292425745198617e-07
20.94 6.264224761337112e-07
20.95 6.236142454476342e-07
20.96 6.208178897320737e-07
20.97 6.180334183886345e-07
20.98 6.152608427667451e-07
20.990000000000002 6.125001761043514e-07
21.0 6.097514337402034e-07
21.01 6.070146328634595e-07
21.02 6.042897926935545e-07
21.03 6.015769342941515e-07
21.04 5.988760804017832e-07
21.05 5.961872561008764e-07
21.06 5.9351048760191e-07
21.07 5.908458036106546e-07
21.080000000000002 5.881932340819356e-07
21.09 5.855528110923621e-07
21.1 5.829245682200551e-07
21.11 5.80308540809192e-07
21.12 5.777047659559129e-07
21.13 5.75113282409495e-07
21.14 5.725341163249605e-07
21.150000000000002 5.699666792563507e-07
21.16 5.674106038864864e-07
21.17 5.648658327161147e-07
21.18 5.623323065097417e-07
21.19 5.598099651643487e-07
21.2 5.572987470236893e-07
21.21 5.547985892644818e-07
21.22 5.523094278319534e-07
21.23 5.498311973737039e-07
21.240000000000002 5.473638315347715e-07
21.25 5.449072623695613e-07
21.26 5.424614211322286e-07
21.27 5.400262377917701e-07
21.28 5.376016410135374e-07
21.29 5.351875585553507e-07
21.3 5.327839168513281e-07
21.31 5.30390641546234e-07
21.32 5.280076567156671e-07
21.330000000000002 5.256348859448957e-07
21.34 5.232722511727727e-07
21.35 5.209196736810163e-07
21.36 5.185770736303879e-07
21.37 5.162443701682996e-07
21.38 5.139214813967212e-07
21.39 5.116083245369795e-07
21.400000000000002 5.093048156911795e-07
21.41 5.070108795402297e-07
21.42 5.04726786983373e-07
21.43 5.024526745259455e-07
21.44 5.001885118158158e-07
21.45 4.979342694753875e-07
21.46 4.956899186812002e-07
21.47 4.934554311461481e-07
21.48 4.912307796467821e-07
21.490000000000002 4.890159373117475e-07
21.5 4.868108779652598e-07
21.51 4.846155762807899e-07
21.52 4.824300073501481e-07
21.53 4.802541470254416e-07
21.54 4.780879719326809e-07
21.55 4.7593145897993194e-07
21.56 4.737845859281481e-07
21.57 4.716473312382438e-07
21.580000000000002 4.695196737872502e-07
21.59 4.67401593210869e-07
21.6 4.6529306957387474e-07
21.61 4.6319408364523147e-07
21.62 4.6110461679829164e-07
21.63 4.5902465094292515e-07
21.64 4.5695416851624943e-07
21.650000000000002 4.548931525613425e-07
21.66 4.5284158677305055e-07
21.67 4.507994551507179e-07
21.68 4.4876673872752855e-07
21.69 4.4674329475075667e-07
21.7 4.447290326003452e-07
21.71 4.4272391798558155e-07
21.72 4.4072791722989937e-07
21.73 4.387409960600959e-07
21.740000000000002 4.367631206784995e-07
21.75 4.3479425660032526e-07
21.76 4.328343699843166e-07
21.77 4.308834265091322e-07
21.78 4.2894139195231e-07
21.79 4.270082321274375e-07
21.8 4.2508391268162313e-07
21.81 4.231683992438149e-07
21.82 4.212616576174631e-07
21.830000000000002 4.193636533447254e-07
21.84 4.174743520523271e-07
21.85 4.1559371925824814e-07
21.86 4.137217206472729e-07
21.87 4.1185832155051904e-07
21.88 4.1000348758934513e-07
21.89 4.081571842743585e-07
21.900000000000002 4.063193770681905e-07
21.91 4.04490031389725e-07
21.92 4.026691126661399e-07
21.93 4.008565863223364e-07
21.94 3.9905241774770795e-07
21.95 3.972565673623159e-07
21.96 3.95468851562377e-07
21.97 3.936891502523887e-07
21.98 3.9191740534443064e-07
21.990000000000002 3.901535584463554e-07
22.0 3.883975501203568e-07
22.01 3.8664932071027017e-07
22.02 3.8490880976103665e-07
22.03 3.831759559498561e-07
22.04 3.8145069781607205e-07
22.05 3.797329728855159e-07
22.06 3.7802271833474324e-07
22.07 3.7631987066295445e-07
22.080000000000002 3.7462436582193616e-07
22.09 3.72936139292606e-07
22.1 3.7125512579466334e-07
22.11 3.6958125974498974e-07
22.12 3.679144746929967e-07
22.13 3.6625470403533165e-07
22.14 3.646018804791436e-07
22.150000000000002 3.629559361138031e-07
22.16 3.613168027882048e-07
22.17 3.596844116273215e-07
22.18 3.5805869345086885e-07
22.19 3.564395783920999e-07
22.2 3.5482699628725054e-07
22.21 3.5322087655367514e-07
22.22 3.516211686371406e-07
22.23 3.500283361202697e-07
22.240000000000002 3.4844260301565696e-07
22.25 3.4686397972036754e-07
22.26 3.4529247812750295e-07
22.27 3.437281123278425e-07
22.28 3.4217089812222344e-07
22.29 3.406208530896829e-07
22.3 3.3907799660963e-07
22.31 3.3754234990445494e-07
22.32 3.360139358297358e-07
22.330000000000002 3.344927791087515e-07
22.34 3.32978906019256e-07
22.35 3.314723445350747e-07
22.36 3.299731245644125e-07
22.37 3.2848127724436314e-07
22.38 3.2699683557695656e-07
22.39 3.2551983422110043e-07
22.400000000000002 3.240503092779624e-07
22.41 3.2258829842790474e-07
22.42 3.211338409548248e-07
22.43 3.1968697764342673e-07
22.44 3.182477507701143e-07
22.45 3.1681620417389755e-07
22.46 3.153923830034487e-07
22.47 3.139763340663233e-07
22.48 3.125681053882325e-07
22.490000000000002 3.1116771305369486e-07
22.5 3.0977442626024766e-07
22.51 3.0838788184515747e-07
22.52 3.0700801406885556e-07
22.53 3.0563475521006847e-07
22.54 3.0426803580699876e-07
22.55 3.029077840423656e-07
22.56 3.015539266757101e-07
22.57 3.002063881311478e-07
22.580000000000002 2.988650912152187e-07
22.59 2.9752995675676967e-07
22.6 2.9620090392755297e-07
22.61 2.9487785003563154e-07
22.62 2.935607104901424e-07
22.63 2.9224939911078225e-07
22.64 2.909438278906381e-07
22.650000000000002 2.8964390711463646e-07
22.66 2.883495455458093e-07
22.67 2.870606500888118e-07
22.68 2.857771261262419e-07
22.69 2.8449887743185005e-07
22.7 2.832258060704129e-07
22.71 2.8195781272510835e-07
22.72 2.806947963950772e-07
22.73 2.79436654611288e-07
22.740000000000002 2.7818328339268084e-07
22.75 2.76934577377627e-07
22.76 2.75690462374226e-07
22.77 2.744515203080447e-07
22.78 2.732179941699318e-07
22.79 2.7198987691485e-07
22.8 2.707671631531762e-07
22.81 2.695498489910524e-07
22.82 2.683379320242061e-07
22.830000000000002 2.671314114032191e-07
22.84 2.6593028760438144e-07
22.85 2.647345625688487e-07
22.86 2.63544239733867e-07
22.87 2.623593239237565e-07
22.88 2.611798212868652e-07
22.89 2.60005739428817e-07
22.900000000000002 2.5883708730680246e-07
22.91 2.576738752744644e-07
22.92 2.565161147562579e-07
22.93 2.55363818789931e-07
22.94 2.542170015873142e-07
22.95 2.5307567857280966e-07
22.96 2.519398666005028e-07
22.97 2.508095836189811e-07
22.98 2.496848489818497e-07
22.990000000000002 2.4856568310691225e-07
23.0 2.47452107596355e-07
23.01 2.463441453949859e-07
23.02 2.4524182050264997e-07
23.03 2.441451372671606e-07
23.04 2.4305372353476684e-07
23.05 2.419674109203061e-07
23.06 2.4088616853128056e-07
23.07 2.398099648642446e-07
23.080000000000002 2.3873876782323604e-07
23.09 2.3767254480363924e-07
23.1 2.3661126286457328e-07
23.11 2.355548880321836e-07
23.12 2.345033863256768e-07
23.13 2.3345672312138173e-07
23.14 2.324148630826017e-07
23.150000000000002 2.3137777061871994e-07
23.16 2.3034540956048087e-07
23.17 2.2931774315565348e-07
23.18 2.2829473436528948e-07
23.19 2.2727634540537682e-07
23.2 2.2626253843861495e-07
23.21 2.252532747664131e-07
23.22 2.2424851542075623e-07
23.23 2.232482210858715e-07
23.240000000000002 2.222523517639687e-07
23.25 2.2126086715097042e-07
23.26 2.202737266663278e-07
23.27 2.1929088896317783e-07
23.28 2.183123126554094e-07
23.29 2.1733795566112463e-07
23.3 2.163677874650197e-07
23.31 2.154019694083041e-07
23.32 2.1444055482662322e-07
23.330000000000002 2.1348353038835605e-07
23.34 2.12530883265602e-07
23.35 2.115826010236463e-07
23.36 2.1063867175301603e-07
23.37 2.0969908406693206e-07
23.38 2.0876382679773254e-07
23.39 2.078328894302827e-07
23.400000000000002 2.0690626182084124e-07
23.41 2.0598393418339933e-07
23.42 2.0506589727171823e-07
23.43 2.0415214220840475e-07
23.44 2.0324266053120673e-07
23.45 2.0233744421930492e-07
23.46 2.0143648556835867e-07
23.47 2.0053977747185644e-07
23.48 1.9964731310442027e-07
23.490000000000002 1.9875908595351878e-07
23.5 1.978750898982886e-07
23.51 1.9699531956363482e-07
23.52 1.9611976950474836e-07
23.53 1.9524843483437106e-07
23.54 1.9438131108282528e-07
23.55 1.93518394062868e-07
23.56 1.9265968005931786e-07
23.57 1.9180515700793202e-07
23.580000000000002 1.9095468568620108e-07
23.59 1.901082012773208e-07
23.6 1.892656814950276e-07
23.61 1.884271037663949e-07
23.62 1.8759244527081012e-07
23.63 1.8676168304600964e-07
23.64 1.8593479394194605e-07
23.650000000000002 1.851117545836e-07
23.66 1.842925415037949e-07
23.67 1.8347713075819684e-07
23.68 1.8266549841521127e-07
23.69 1.8185762038348645e-07
23.7 1.8105347238627206e-07
23.71 1.8025302977087067e-07
23.72 1.7945626802119436e-07
23.73 1.7866316209157662e-07
23.740000000000002 1.7787368708965714e-07
23.75 1.770878177342265e-07
23.76 1.763055286019364e-07
23.77 1.7552679430787345e-07
23.78 1.747515889381963e-07
23.79 1.7397988670792095e-07
23.8 1.732116616879188e-07
23.81 1.7244688748442637e-07
23.82 1.7168553800400417e-07
23.830000000000002 1.7092758671470717e-07
23.84 1.7017300916425272e-07
23.85 1.6942181183877188e-07
23.86 1.686739856822492e-07
23.87 1.6792951250952422e-07
23.88 1.6718837388655797e-07
23.89 1.6645055173755891e-07
23.900000000000002 1.657160280423551e-07
23.91 1.6498478492952716e-07
23.92 1.642568043133902e-07
23.93 1.635320686646177e-07
23.94 1.6281056012021995e-07
23.95 1.6209226103182503e-07
23.96 1.6137715401080876e-07
23.97 1.6066522158002185e-07
23.98 1.5995644615806898e-07
23.990000000000002 1.592508107785143e-07
24.0 1.5854829797499635e-07
24.01 1.5784889083106097e-07
24.02 1.5715257222973086e-07
24.03 1.5645932521275588e-07
24.04 1.5576913302045754e-07
24.05 1.550819786676975e-07
24.060000000000002 1.543978455912276e-07
24.07 1.5371671717434848e-07
24.080000000000002 1.530385767599743e-07
24.09 1.5236340800888013e-07
24.1 1.516911943929731e-07
24.11 1.510219198358931e-07
24.12 1.503555678967442e-07
24.13 1.4969212257473518e-07
24.14 1.4903156767188562e-07
24.150000000000002 1.4837388737816968e-07
24.16 1.477190655850265e-07
24.17 1.4706708655070786e-07
24.18 1.464179345955904e-07
24.19 1.4577159391300932e-07
24.2 1.4512804899288333e-07
24.21 1.4448728425151382e-07
24.22 1.4384928431160717e-07
24.23 1.4321403367441202e-07
24.240000000000002 1.4258151727125287e-07
24.25 1.419517197005771e-07
24.26 1.4132463046359427e-07
24.27 1.407002933842712e-07
24.28 1.4007871361782658e-07
24.29 1.3945987933087134e-07
24.3 1.3884377893713315e-07
24.310000000000002 1.3823040075666465e-07
24.32 1.3761973308273868e-07
24.330000000000002 1.3701176452488983e-07
24.34 1.3640648348435037e-07
24.35 1.358038784112772e-07
24.36 1.3520393806531268e-07
24.37 1.3460665081535279e-07
24.38 1.340120055679493e-07
24.39 1.3341999091531667e-07
24.400000000000002 1.3283059552269042e-07
24.41 1.3224380828775898e-07
24.42 1.3165961797713074e-07
24.43 1.310780133675514e-07
24.44 1.3049898356406304e-07
24.45 1.29922517320616e-07
24.46 1.293486037754019e-07
24.47 1.287772318495008e-07
24.48 1.2820839061271827e-07
24.490000000000002 1.2764206921820785e-07
24.5 1.270782568125366e-07
24.51 1.2651694267256557e-07
24.52 1.259581158532196e-07
24.53 1.2540176565811246e-07
24.54 1.24847881513969e-07
24.55 1.2429645269922238e-07
24.560000000000002 1.2374746853445408e-07
24.57 1.2320091865593817e-07
24.580000000000002 1.22656792409762e-07
24.59 1.221150791659467e-07
24.6 1.2157576865907634e-07
24.61 1.2103885047473856e-07
24.62 1.2050431423766064e-07
24.63 1.199721495285242e-07
24.64 1.1944234611739385e-07
24.650000000000002 1.1891489367851782e-07
24.66 1.1838978205950829e-07
24.67 1.1786700111486212e-07
24.68 1.1734653862288322e-07
24.69 1.1682836200931361e-07
24.7 1.16312453902009e-07
24.71 1.157988032161677e-07
24.72 1.1528739868562807e-07
24.73 1.1477822924835668e-07
24.740000000000002 1.1427128367646425e-07
24.75 1.1376655107575183e-07
24.76 1.1326402029159508e-07
24.77 1.1276368061953045e-07
24.78 1.1226552087883145e-07
24.79 1.1176953042610219e-07
24.8 1.1127569854281157e-07
24.810000000000002 1.1078401421744997e-07
24.82 1.1029446697754597e-07
24.830000000000002 1.0980704604637392e-07
24.84 1.0932174086047074e-07
24.85 1.0883854092389204e-07
24.86 1.0835743558172228e-07
24.87 1.0787841447915309e-07
24.88 1.074014671760765e-07
24.89 1.0692658331256126e-07
24.900000000000002 1.0645375253932844e-07
24.91 1.0598296462069638e-07
24.92 1.0551420930417828e-07
24.93 1.0504747637656259e-07
24.94 1.0458275580962971e-07
24.95 1.041200373312417e-07
24.96 1.0365931095475812e-07
24.97 1.0320056680391035e-07
24.98 1.0274379474249228e-07
24.990000000000002 1.0228898505616085e-07
25.0 1.0183612769604244e-07
25.01 1.0138521289816465e-07
25.02 1.0093623087548869e-07
25.03 1.0048917200886445e-07
25.04 1.0004402642253829e-07
25.05 9.960078461903471e-08
25.060000000000002 9.915943697188525e-08
25.07 9.871997379068062e-08
25.080000000000002 9.828238574025039e-08
25.09 9.784666318791903e-08
25.1 9.741280351051361e-08
25.11 9.69808630168871e-08
25.12 9.655085219040715e-08
25.13 9.612276508411642e-08
25.14 9.569659605352288e-08
25.150000000000002 9.527233922273864e-08
25.16 9.484998891279403e-08
25.17 9.442953926504e-08
25.18 9.401098468084625e-08
25.19 9.359431922244406e-08
25.2 9.317953739607261e-08
25.21 9.276663327719044e-08
25.22 9.235560128652027e-08
25.23 9.194643551713893e-08
25.240000000000002 9.153913061826476e-08
25.25 9.113368064266937e-08
25.26 9.073007993669921e-08
25.27 9.032832296357774e-08
25.28 8.992840391282156e-08
25.29 8.953031722304275e-08
25.3 8.913405721649136e-08
25.310000000000002 8.873961837905066e-08
25.32 8.834699490552276e-08
25.330000000000002 8.795618131597041e-08
25.34 8.756717194020598e-08
25.35 8.717996121589285e-08
25.36 8.67945435431268e-08
25.37 8.64109134141608e-08
25.38 8.602906510408212e-08
25.39 8.564899326763851e-08
25.400000000000002 8.527069212928501e-08
25.41 8.489415637838254e-08
25.42 8.451938027638451e-08
25.43 8.414635846215514e-08
25.44 8.37750853711081e-08
25.45 8.340555552463426e-08
25.46 8.303776344678084e-08
25.47 8.267170346977254e-08
25.48 8.230737041315587e-08
25.490000000000002 8.194475866428724e-08
25.5 8.158386277082232e-08
25.51 8.122467737550136e-08
25.52 8.086717791279678e-08
25.53 8.051119305195844e-08
25.54 8.015667945395605e-08
25.55 7.980363281317885e-08
25.560000000000002 7.945204840421297e-08
25.57 7.910192164738844e-08
25.580000000000002 7.875324817583707e-08
25.59 7.840602336240082e-08
25.6 7.806024272100347e-08
25.61 7.771590192922912e-08
25.62 7.737299621132982e-08
25.63 7.703152130048214e-08
25.64 7.669147276167577e-08
25.650000000000002 7.635284588136887e-08
25.66 7.601563646860506e-08
25.67 7.56798399756712e-08
25.68 7.534545206304812e-08
25.69 7.501246806381466e-08
25.7 7.468088389380833e-08
25.71 7.435069488591827e-08
25.72 7.402189683669265e-08
25.73 7.369448525566423e-08
25.740000000000002 7.336845569478516e-08
25.75 7.304380393694269e-08
25.76 7.272052553801921e-08
25.77 7.239861616177524e-08
25.78 7.207807144906752e-08
25.79 7.175888706319579e-08
25.8 7.144105871429731e-08
25.810000000000002 7.112458205182112e-08
25.82 7.080945276535886e-08
25.830000000000002 7.04956665757814e-08
25.84 7.018321923973826e-08
25.85 6.987210642833545e-08
25.86 6.956232371171261e-08
25.87 6.925386710155074e-08
25.88 6.894673225735486e-08
25.89 6.864091482505037e-08
25.900000000000002 6.833641060717565e-08
25.91 6.803321547576647e-08
25.92 6.77313250896231e-08
25.93 6.743073535634314e-08
25.94 6.713144188946144e-08
25.95 6.683344064558152e-08
25.96 6.653672749142654e-08
25.97 6.624129801310105e-08
25.98 6.59471482474124e-08
25.990000000000002 6.565427403587608e-08
26.0 6.536267119303801e-08
26.01 6.507233553065231e-08
26.02 6.478326289671254e-08
26.03 6.449544925302641e-08
26.04 6.42088904043278e-08
26.05 6.39235823235646e-08
26.060000000000002 6.363952088250151e-08
26.07 6.335670197718936e-08
26.080000000000002 6.307512154414682e-08
26.09 6.279477558247815e-08
26.1 6.251565989363753e-08
26.11 6.223777047418134e-08
26.12 6.196110326426034e-08
26.13 6.16856542802989e-08
26.14 6.141141952937016e-08
26.150000000000002 6.113839492449271e-08
26.16 6.086657649472188e-08
26.17 6.059595886498989e-08
26.18 6.032652559835811e-08
26.19 6.005826962853888e-08
26.2 5.979118714873576e-08
26.21 5.952527421687094e-08
26.22 5.926052704474205e-08
26.23 5.89969417428551e-08
26.240000000000002 5.873451462053169e-08
26.25 5.8473241636570854e-08
26.26 5.821311920212787e-08
26.27 5.795414332842295e-08
26.28 5.7696310371588115e-08
26.29 5.743961644473147e-08
26.3 5.718405779025224e-08
26.310000000000002 5.692963066819502e-08
26.32 5.6676331321853495e-08
26.330000000000002 5.642415594261517e-08
26.34 5.617310087566163e-08
26.35 5.592316226378101e-08
26.36 5.567433648020863e-08
26.37 5.542661982556535e-08
26.38 5.5180008465488886e-08
26.39 5.493449882029602e-08
26.400000000000002 5.4690087107991427e-08
26.41 5.444676971189349e-08
26.42 5.4204542918203204e-08
26.43 5.3963403041554746e-08
26.44 5.372334640278936e-08
26.45 5.348436940037717e-08
26.46 5.3246468474882434e-08
26.47 5.300963976787357e-08
26.48 5.2773879806000505e-08
26.490000000000002 5.253918498526679e-08
26.5 5.2305551593201556e-08
26.51 5.207297604239666e-08
26.52 5.184145483892928e-08
26.53 5.1610984349204254e-08
26.54 5.138156095895233e-08
26.55 5.115318109621524e-08
26.560000000000002 5.092584116781146e-08
26.57 5.0699537755170224e-08
26.580000000000002 5.047426721230936e-08
26.59 5.025002600464847e-08
26.6 5.002681059741742e-08
26.61 4.9804617562206315e-08
26.62 4.95834432461483e-08
26.63 4.9363284251109814e-08
26.64 4.914413696306555e-08
26.650000000000002 4.892599813081846e-08
26.66 4.870886407388163e-08
26.67 4.8492731355767853e-08
26.68 4.8277596548121447e-08
26.69 4.806345612801718e-08
26.7 4.785030670382672e-08
26.71 4.763814490590392e-08
26.72 4.742696720248731e-08
26.73 4.721677022260259e-08
26.740000000000002 4.700755054285431e-08
26.75 4.679930468563689e-08
26.76 4.659202944615713e-08
26.77 4.6385721298210095e-08
26.78 4.6180376748523487e-08
26.79 4.597599264220451e-08
26.8 4.577256565709508e-08
26.810000000000002 4.557009212783291e-08
26.82 4.5368561140974456e-08
26.830000000000002 4.516788224020432e-08
26.84 4.496802896223457e-08
26.85 4.4768998651068025e-08
26.86 4.4570788897607466e-08
26.87 4.437339705328251e-08
26.88 4.417682056615229e-08
26.89 4.398105707525816e-08
26.900000000000002 4.378610394864513e-08
26.91 4.3591958765642124e-08
26.92 4.339861890613906e-08
26.93 4.320608195911425e-08
26.94 4.301434551818098e-08
26.95 4.282340687470406e-08
26.96 4.2633263768880906e-08
26.97 4.244391357119599e-08
26.98 4.225535397766548e-08
26.990000000000002 4.206758224959469e-08
27.0 4.1880596146479836e-08
27.01 4.169439314329537e-08
27.02 4.150897083453548e-08
27.03 4.132432674275755e-08
27.04 4.114045830161438e-08
27.05 4.095736322742383e-08
27.060000000000002 4.0775039122567655e-08
27.07 4.0593483403595374e-08
27.080000000000002 4.041269369825908e-08
27.09 4.023266770418769e-08
27.1 4.005340285693137e-08
27.11 3.9874896711234744e-08
27.12 3.969714708671303e-08
27.13 3.952015142696659e-08
27.14 3.934390730548319e-08
27.150000000000002 3.916841248487613e-08
27.16 3.899366435789668e-08
27.17 3.881966076616937e-08
27.18 3.864639916377065e-08
27.19 3.847387733257196e-08
27.2 3.830209278985874e-08
27.21 3.813104318830618e-08
27.22 3.79607262075048e-08
27.23 3.7791139547658495e-08
27.240000000000002 3.7622280759093776e-08
27.25 3.745414753373395e-08
27.26 3.728673746959687e-08
27.27 3.7120048418661194e-08
27.28 3.695407788544588e-08
27.29 3.678882369798227e-08
27.3 3.6624283303082674e-08
27.310000000000002 3.646045459217715e-08
27.32 3.629733523947585e-08
27.330000000000002 3.613492282303376e-08
27.34 3.597321516356385e-08
27.35 3.581220986670049e-08
27.36 3.5651904744876065e-08
27.37 3.5492297496451334e-08
27.38 3.533338569217646e-08
27.39 3.517516729367005e-08
27.400000000000002 3.501763991490127e-08
27.41 3.486080127151035e-08
27.42 3.47046491912847e-08
27.43 3.454918126482892e-08
27.44 3.439439532963403e-08
27.45 3.424028922376023e-08
27.46 3.4086860572289765e-08
27.47 3.393410737088519e-08
27.48 3.3782029962926884e-08
27.490000000000002 3.363062660828391e-08
27.5 3.3479895321145126e-08
27.51 3.332983362301081e-08
27.52 3.318043946850646e-08
27.53 3.303171047629042e-08
27.54 3.288364466036181e-08
27.55 3.273623942504577e-08
27.560000000000002 3.25894929331346e-08
27.57 3.244340271984375e-08
27.580000000000002 3.2297966699994934e-08
27.59 3.215318265865799e-08
27.6 3.200904839945615e-08
27.61 3.186556178460024e-08
27.62 3.1722720479369286e-08
27.63 3.1580522418873155e-08
27.64 3.1438965448680155e-08
27.650000000000002 3.1298047280283446e-08
27.66 3.115776591740933e-08
27.67 3.101811896250733e-08
27.68 3.087910453440537e-08
27.69 3.074072029278529e-08
27.7 3.060296418224372e-08
27.71 3.046583406276886e-08
27.72 3.0329327761375604e-08
27.73 3.019344315011391e-08
27.740000000000002 3.005817805221752e-08
27.75 2.992353050004922e-08
27.76 2.9789498261426485e-08
27.77 2.965607924188755e-08
27.78 2.9523271282121816e-08
27.79 2.93910724564507e-08
27.8 2.9259480496696155e-08
27.810000000000002 2.912849338159362e-08
27.82 2.899810902338984e-08
27.830000000000002 2.886832532548176e-08
27.84 2.8739140209941704e-08
27.85 2.8610551574244163e-08
27.86 2.8482557507198206e-08
27.87 2.8355155723468282e-08
27.88 2.822834438909931e-08
27.89 2.8102121316035786e-08
27.900000000000002 2.7976484424371362e-08
27.91 2.7851431708616624e-08
27.92 2.7726961266999646e-08
27.93 2.7603070846128185e-08
27.94 2.747975857197234e-08
27.95 2.7357022476718717e-08
27.96 2.723486032163891e-08
27.97 2.7113270247610798e-08
27.98 2.6992250281481292e-08
27.990000000000002 2.687179835411831e-08
28.0 2.6751912434892495e-08
28.01 2.6632590565504335e-08
28.02 2.6513830859957043e-08
28.03 2.639563109829246e-08
28.04 2.6277989543279897e-08
28.05 2.6160904119512446e-08
28.060000000000002 2.6044372875466855e-08
28.07 2.5928393832975604e-08
28.080000000000002 2.581296508621456e-08
28.09 2.5698084561579307e-08
28.1 2.55837503630984e-08
28.11 2.5469960687025343e-08
28.12 2.5356710259854978e-08
28.13 2.5243952968259848e-08
28.14 2.5131672629465432e-08
28.150000000000002 2.5019867768590856e-08
28.16 2.490853687789037e-08
28.17 2.4797678369563444e-08
28.18 2.4687290789329047e-08
28.19 2.4577372743811205e-08
28.2 2.4467922582827105e-08
28.21 2.4358938932733253e-08
28.22 2.4250420220948607e-08
28.23 2.414236499262293e-08
28.240000000000002 2.4034771782240148e-08
28.25 2.3927639145155072e-08
28.26 2.382096548104464e-08
28.27 2.3714749405016758e-08
28.28 2.3608989340627917e-08
28.29 2.350368407747481e-08
28.3 2.339883175582545e-08
28.310000000000002 2.3294431359673984e-08
28.32 2.319048105323574e-08
28.330000000000002 2.3086979636231146e-08
28.34 2.298392553668903e-08
28.35 2.2881317253124907e-08
28.36 2.2779153423835058e-08
28.37 2.267743260702033e-08
28.38 2.2576153373431206e-08
28.39 2.2475314154796352e-08
28.400000000000002 2.2374913736240127e-08
28.41 2.227495051348213e-08
28.42 2.2175423111496506e-08
28.43 2.207633012042741e-08
28.44 2.1977670014544886e-08
28.45 2.187944154681315e-08
28.46 2.178164328287338e-08
28.47 2.1684273620843977e-08
28.48 2.1587331253366854e-08
28.490000000000002 2.1490814876201007e-08
28.5 2.1394722979716885e-08
28.51 2.1299054148949336e-08
28.52 2.1203806983434415e-08
28.53 2.1108980224725108e-08
28.54 2.1014572242831868e-08
28.55 2.092058193792646e-08
28.560000000000002 2.0827007668147322e-08
28.57 2.073384820303341e-08
28.580000000000002 2.064110200988877e-08
28.59 2.054876794954218e-08
28.6 2.0456844410205138e-08
28.61 2.0365330242935048e-08
28.62 2.0274223839941404e-08
28.63 2.0183523957332606e-08
28.64 2.0093229368049292e-08
28.650000000000002 2.000333842387377e-08
28.66 1.9913849957445555e-08
28.67 1.9824762598170476e-08
28.68 1.973607503007104e-08
28.69 1.9647785789636942e-08
28.7 1.955989366599054e-08
28.71 1.947239718381728e-08
28.72 1.938529504143759e-08
28.73 1.929858596957598e-08
28.740000000000002 1.9212268708416634e-08
28.75 1.912634168751981e-08
28.76 1.9040803771956227e-08
28.77 1.895565308184129e-08
28.78 1.8870880315777455e-08
28.79 1.8786481307609456e-08
28.8 1.8702454784497494e-08
28.810000000000002 1.8618799615266338e-08
28.82 1.8535514480970492e-08
28.830000000000002 1.845259824001283e-08
28.84 1.8370049562971757e-08
28.85 1.828786726007091e-08
28.86 1.820605017980627e-08
28.87 1.812459705253643e-08
28.88 1.8043506593346296e-08
28.89 1.7962777674733368e-08
28.900000000000002 1.7882409072863788e-08
28.91 1.7802399643633213e-08
28.92 1.7722748000211538e-08
28.93 1.764345312278465e-08
28.94 1.756451374882622e-08
28.95 1.7485928628142725e-08
28.96 1.7407696667844823e-08
28.97 1.732981666102576e-08
28.98 1.7252287300164823e-08
28.990000000000002 1.717510750268614e-08
29.0 1.7098276047547672e-08
29.01 1.702179184379809e-08
29.02 1.694565361064226e-08
29.03 1.6869860206659244e-08
29.04 1.67944103901665e-08
29.05 1.6719303146188165e-08
29.060000000000002 1.6644537186759822e-08
29.07 1.657011136768226e-08
29.080000000000002 1.64960245768351e-08
29.09 1.6422275570164113e-08
29.1 1.6348863276829917e-08
29.11 1.627578652537917e-08
29.12 1.620304406621466e-08
29.13 1.6130634883859078e-08
29.14 1.6058557799283218e-08
29.150000000000002 1.598681163824192e-08
29.16 1.591539524082859e-08
29.17 1.5844307539158303e-08
29.18 1.5773547331325187e-08
29.19 1.5703113519154412e-08
29.2 1.5633005040778373e-08
29.21 1.5563220702368504e-08
29.22 1.5493759261225827e-08
29.23 1.5424619764661893e-08
29.240000000000002 1.5355801078465706e-08
29.25 1.5287302055334525e-08
29.26 1.5219121492861037e-08
29.27 1.5151258520688395e-08
29.28 1.5083711674398277e-08
29.29 1.5016480205904737e-08
29.3 1.4949562792914805e-08
29.310000000000002 1.488295845285671e-08
29.32 1.4816665938315195e-08
29.330000000000002 1.4750684305695557e-08
29.34 1.4685012499350797e-08
29.35 1.4619649208453384e-08
29.36 1.4554593551167482e-08
29.37 1.4489844327267732e-08
29.38 1.4425400555090383e-08
29.39 1.4361261123002947e-08
29.400000000000002 1.429742490834118e-08
29.41 1.4233890901739965e-08
29.42 1.4170657060169384e-08
29.43 1.410770558453987e-08
29.44 1.404502923225894e-08
29.45 1.3982627016282485e-08
29.46 1.3920497985114681e-08
29.47 1.3858641260822819e-08
29.48 1.3797055959023185e-08
29.490000000000002 1.3735741223480668e-08
29.5 1.3674696162059509e-08
29.51 1.3613919815173023e-08
29.52 1.3553411328253058e-08
29.53 1.3493169817078532e-08
29.54 1.3433194395205748e-08
29.55 1.3373484216008336e-08
29.560000000000002 1.3314038329589667e-08
29.57 1.3254855926823211e-08
29.580000000000002 1.3195936113282835e-08
29.59 1.313727794485884e-08
29.6 1.3078880618306492e-08
29.61 1.3020743247114334e-08
29.62 1.2962864978218543e-08
29.63 1.2905244944758825e-08
29.64 1.284788223024553e-08
29.650000000000002 1.2790776090631367e-08
29.66 1.2733925496479924e-08
29.67 1.2677329689717042e-08
29.68 1.2620987898444985e-08
29.69 1.25648990632356e-08
29.7 1.250906244978586e-08
29.71 1.2453477206753115e-08
29.72 1.2398142518451412e-08
29.73 1.2343057349033996e-08
29.740000000000002 1.2288221180292887e-08
29.75 1.2233632877136171e-08
29.76 1.2179291647459295e-08
29.77 1.2125196788401096e-08
29.78 1.2071347363224448e-08
29.79 1.2017742635146212e-08
29.8 1.1964381548234789e-08
29.810000000000002 1.1911263546321568e-08
29.82 1.1858387608969017e-08
29.830000000000002 1.180575292813481e-08
29.84 1.1753358657761782e-08
29.85 1.1701204146312189e-08
29.86 1.1649288450570798e-08
29.87 1.1597610649250367e-08
29.88 1.1546170146093911e-08
29.89 1.1494966003740888e-08
29.900000000000002 1.144399730671809e-08
29.91 1.1393263428844552e-08
29.92 1.1342763458536639e-08
29.93 1.1292496620887954e-08
29.94 1.1242462059758251e-08
29.95 1.1192659017845866e-08
29.96 1.1143086730259718e-08
29.97 1.1093744342485865e-08
29.98 1.10446310398819e-08
29.990000000000002 1.0995746007629232e-08
