0.0 89.86961743952902
0.01 63.87168357458841
0.02 46.153767169378256
0.03 33.703414475373094
0.04 24.775155871689652
0.05 18.285698026832268
0.06 13.526981975560659
0.07 10.017745327957774
0.08 7.421168056226742
0.09 5.496409318326056
0.1 4.068600350237994
0.11 3.0094265600292456
0.12 2.224078949374871
0.13 1.6422073439538207
0.14 1.2114905956208015
0.15 0.8929802372900907
0.16 0.6576828769646469
0.17 0.48402907108631804
0.18 0.3559882670374291
0.19 0.261660679522579
0.2 0.19222418780376085
0.21 0.14114678785682483
0.22 0.10359813718706716
0.23 0.07601044481692606
0.24 0.05575132049068335
0.25 0.04088044488646568
0.26 0.02996888669099012
0.27 0.02196515252861807
0.28 0.016096031100863554
0.29 0.011793294304582718
0.3 0.008639579844268538
0.31 0.0063284801514815435
0.32 0.004635137357774174
0.33 0.0033945975901123254
0.34 0.0024858892402343452
0.35000000000000003 0.001820319374420083
0.36 0.001332875768080666
0.37 0.0009759136517475294
0.38 0.0007145220836170302
0.39 0.0005231243721056624
0.4 0.00038298470324244605
0.41000000000000003 0.0002803799251729752
0.42 0.0002052593700944321
0.43 0.0001502626377368432
0.44 0.00010999985763239864
0.45 8.052436871164828e-05
0.46 5.894642562705183e-05
0.47000000000000003 4.315024759644986e-05
0.48 3.1586783359619866e-05
0.49 2.3121943677733474e-05
0.5 1.6925463124185e-05
0.51 1.2389519375759027e-05
0.52 9.06914548730411e-06
0.53 6.638601151437704e-06
0.54 4.859429980750116e-06
0.55 3.557073463006953e-06
0.56 2.6037499478134762e-06
0.5700000000000001 1.9059205889326574e-06
0.58 1.3951135228234676e-06
0.59 1.0212066334704555e-06
0.6 7.475102197229132e-07
0.61 5.47167322631786e-07
0.62 4.0051865868099844e-07
0.63 2.9317369130763894e-07
0.64 2.145986230653477e-07
0.65 1.5708278949245496e-07
0.66 1.1498205191137196e-07
0.67 8.416495827090032e-08
0.68 6.160733267729957e-08
0.6900000000000001 4.509551588374338e-08
0.7000000000000001 3.3009138716890185e-08
0.71 2.4162113674076378e-08
0.72 1.7686242104085494e-08
0.73 1.2946015807944027e-08
0.74 9.476252754744412e-09
0.75 6.936447183230598e-09
0.76 5.0773544724073685e-09
0.77 3.716531729385022e-09
0.78 2.720433854620939e-09
0.79 1.991308131728151e-09
0.8 1.457601271302973e-09
0.81 1.0669375204124328e-09
0.8200000000000001 7.809787535452068e-10
0.8300000000000001 5.71662144799225e-10
0.84 4.184462075758556e-10
0.85 3.062949428466747e-10
0.86 2.242022706291092e-10
0.87 1.6411193964756318e-10
0.88 1.201269202576405e-10
0.89 8.79306941076262e-11
0.9 6.436364850794849e-11
0.91 4.711300471358139e-11
0.92 3.448585101607081e-11
0.93 2.5243007072784506e-11
0.9400000000000001 1.8477415610515813e-11
0.9500000000000001 1.3525127364881046e-11
0.96 9.900143678956839e-12
0.97 7.246722475735247e-12
0.98 5.304467102613555e-12
0.99 3.882772005207491e-12
1.0 2.8421174293451415e-12
1.01 2.0803774863975797e-12
1.02 1.5227979087322492e-12
1.03 1.1146599510299416e-12
1.04 8.159105010563609e-13
1.05 5.972314196232041e-13
1.06 4.3716236984850093e-13
1.07 3.199947811980967e-13
1.08 2.3423026998881526e-13
1.09 1.7145223162399233e-13
1.1 1.2549986692324194e-13
1.11 9.18635846340261e-14
1.12 6.724244722619815e-14
1.1300000000000001 4.922022938092462e-14
1.1400000000000001 3.6028298783671036e-14
1.1500000000000001 2.6372049241760986e-14
1.16 1.9303852930684712e-14
1.17 1.413006378404504e-14
1.18 1.0342945692095151e-14
1.19 7.570845200023146e-15
1.2 5.541718843213396e-15
1.21 4.056435830196961e-15
1.22 2.9692360996068168e-15
1.23 2.173425978774662e-15
1.24 1.590907670006868e-15
1.25 1.1645150279201603e-15
1.26 8.524034900062719e-16
1.27 6.239436094224966e-16
1.28 4.567151968413904e-16
1.29 3.343070878041819e-16
1.3 2.4470661306298484e-16
1.31 1.79120720619037e-16
1.32 1.3111305882961916e-16
1.33 9.5972337181272e-17
1.34 7.024997804290068e-17
1.35 5.1421686289173443e-17
1.36 3.763972451610845e-17
1.37 2.7551583074698048e-17
1.3800000000000001 2.0167249884943616e-17
1.3900000000000001 1.4762054391454728e-17
1.4000000000000001 1.0805551133566868e-17
1.41 7.909463832298083e-18
1.42 5.789581423557763e-18
1.43 4.23786665829675e-18
1.44 3.1020401130171243e-18
1.45 2.2706360625826654e-18
1.46 1.6620636551589063e-18
1.47 1.2165998943280474e-18
1.48 8.90528649900229e-19
1.49 6.518505220898088e-19
1.5 4.771425413386953e-19
1.51 3.492595265937012e-19
1.52 2.5565152202551903e-19
1.53 1.8713219178686408e-19
1.54 1.3697730772531898e-19
1.55 1.0026485904166541e-19
1.56 7.339202474909409e-20
1.57 5.372160643572408e-20
1.58 3.9323223577771687e-20
1.59 2.878387328936504e-20
1.6 2.1069263558707008e-20
1.61 1.5422311738364763e-20
1.62 1.128884731507245e-20
1.6300000000000001 8.263227709629609e-21
1.6400000000000001 6.048530046997476e-21
1.6500000000000001 4.427412267338718e-21
1.6600000000000001 3.240783997545044e-21
1.67 2.3721940231819465e-21
1.68 1.7364022063434346e-21
1.69 1.2710143406186929e-21
1.7 9.303590194464233e-22
1.71 6.810056168555491e-22
1.72 4.984835321580911e-22
1.73 3.6488073766578806e-22
1.74 2.6708595997771755e-22
1.75 1.9550198915283934e-22
1.76 1.4310384479178612e-22
1.77 1.0474937100604879e-22
1.78 7.667460466996779e-23
1.79 5.612439430262865e-23
1.8 4.108201991252901e-23
1.81 3.0071279718280294e-23
1.82 2.2011621283968862e-23
1.83 1.6112100186222886e-23
1.84 1.1793759717279496e-23
1.85 8.63281426141201e-24
1.86 6.3190605759796485e-24
1.87 4.625435617372966e-24
1.8800000000000001 3.3857334319263964e-24
1.8900000000000001 2.4782943316751967e-24
1.9000000000000001 1.8140656722992014e-24
1.9100000000000001 1.3278625631160984e-24
1.92 9.719708682269037e-25
1.93 7.114647215181361e-25
1.94 5.20779034137377e-25
1.95 3.8120063327714482e-25
1.96 2.7903182210780705e-25
1.97 2.0424613957080316e-25
1.98 1.495044013777706e-25
1.99 1.0943446019735935e-25
2.0 8.010400341610397e-26
2.0100000000000002 5.863465083772561e-26
2.02 4.291948132733208e-26
2.0300000000000002 3.141626753274697e-26
2.04 2.299612751984973e-26
2.05 1.6832740565312946e-26
2.06 1.2321255163268433e-26
2.07 9.018931184100246e-27
2.08 6.60169103112361e-27
2.09 4.832315889853088e-27
2.1 3.5371659699365816e-27
2.11 2.5891401522713685e-27
2.12 1.8952027654568867e-27
2.13 1.3872534165616603e-27
2.14 1.0154438758947405e-27
2.15 7.432861601075258e-28
2.16 5.440717393864546e-28
2.17 3.9825046326193436e-28
2.18 2.9151198271610497e-28
2.19 2.1338138660540046e-28
2.2 1.561912334628956e-28
2.21 1.1432909776603741e-28
2.22 8.368678770374724e-29
2.23 6.125718275590743e-29
2.24 4.4839126248629623e-29
2.25 3.2821412155894695e-29
2.2600000000000002 2.4024667428482832e-29
2.27 1.7585612779477878e-29
2.2800000000000002 1.2872343717153593e-29
2.29 9.422317825962227e-30
2.3000000000000003 6.89696260170062e-30
2.31 5.0484492253264245e-30
2.32 3.695371579137485e-30
2.33 2.7049437358684975e-30
2.34 1.979968849552657e-30
2.35 1.449300624339991e-30
2.36 1.0608612858666369e-30
2.37 7.765308652669041e-31
2.38 5.684062494745321e-31
2.39 4.160628751448865e-31
2.4 3.0455033918762035e-31
2.41 2.2292522270100585e-31
2.42 1.6317714519331962e-31
2.43 1.1944265611053793e-31
2.44 8.742981795544184e-32
2.45 6.39970117597467e-32
2.46 4.684463046994481e-32
2.47 3.428940420068086e-32
2.48 2.509921048885276e-32
2.49 1.8372158450954315e-32
2.5 1.3448080619782473e-32
2.5100000000000002 9.843746603805815e-33
2.52 7.205440682546059e-33
2.5300000000000002 5.2742494823684556e-33
2.54 3.860653196361514e-33
2.5500000000000003 2.8259268266321877e-33
2.56 2.0685262372196198e-33
2.57 1.5141229963004036e-33
2.58 1.1083100647575879e-33
2.59 8.112624949520813e-34
2.6 5.938291608493396e-34
2.61 4.346719766650372e-34
2.62 3.181718577572915e-34
2.63 2.3289592268042743e-34
2.64 1.704755134017602e-34
2.65 1.2478492682532695e-34
2.66 9.13402614374599e-35
2.67 6.685938415576659e-35
2.68 4.893983419074129e-35
2.69 3.5823054622179127e-35
2.7 2.622181426814906e-35
2.71 1.919388368091877e-35
2.72 1.404956830939522e-35
2.73 1.0284024482059355e-35
2.74 7.5277159567151e-36
2.75 5.510149030064985e-36
2.7600000000000002 4.033327307792732e-36
2.77 2.952321086603117e-36
2.7800000000000002 2.1610445007923972e-36
2.79 1.581844656259413e-36
2.8000000000000003 1.157881068908558e-36
2.81 8.475475543263204e-37
2.82 6.203891540619503e-37
2.83 4.541134010865375e-37
2.84 3.3240262131628122e-37
2.85 2.4331257873818577e-37
2.86 1.781003132219518e-37
2.87 1.3036613945014393e-37
2.88 9.54256059839419e-38
2.89 6.984978090023877e-38
2.9 5.112874936976969e-38
2.91 3.742530010008595e-38
2.92 2.7394628361664594e-38
2.93 2.0052361933417685e-38
2.94 1.4677958532610356e-38
2.95 1.0743994517971802e-38
2.96 7.864405526541743e-39
2.97 5.756599575925146e-39
2.98 4.213724554984154e-39
2.99 3.084368539290475e-39
3.0 2.2577007970091757e-39
3.0100000000000002 1.652595279677037e-39
3.02 1.2096692183609128e-39
3.0300000000000002 8.85455523106559e-40
3.04 6.481370869817405e-40
3.0500000000000003 4.744243754303425e-40
3.06 3.472698793562656e-40
3.0700000000000003 2.5419513699885805e-40
3.08 1.8606614484862984e-40
3.09 1.361969810578529e-40
3.1 9.969367433480851e-41
3.11 7.297392809428904e-41
3.12 5.341556740728081e-41
3.13 3.909920866196395e-41
3.14 2.861989850890171e-41
3.15 2.0949237048285426e-41
3.16 1.5334454549820967e-41
3.17 1.1224537475925583e-41
3.18 8.216154095283993e-42
3.19 6.014073030825303e-42
3.2 4.4021903679801324e-42
3.21 3.222322033106109e-42
3.22 2.3586802062367453e-42
3.23 1.726510341963048e-42
3.24 1.263773678612084e-42
3.25 9.25058988605205e-43
3.2600000000000002 6.771260921805672e-43
3.27 4.95643791757598e-43
3.2800000000000002 3.6280210014760306e-43
3.29 2.6556443571048444e-43
3.3000000000000003 1.9438826149444757e-43
3.31 1.4228861671835294e-43
3.3200000000000003 1.041526391149914e-43
3.33 7.623780794840351e-44
3.34 5.580466717084992e-44
3.35 4.084798555799059e-44
3.36 2.9899970893786065e-44
3.37 2.1886226388815331e-44
3.38 1.6020313439236137e-44
3.39 1.1726573513948504e-44
3.4 8.583635201621702e-45
3.41 6.283062412637408e-45
3.42 4.5990856267562096e-45
3.43 3.366445725525838e-45
3.44 2.464176086868114e-45
3.45 1.8037313778893638e-45
3.46 1.3202980505008201e-45
3.47 9.664337847224545e-46
3.48 7.07411678672616e-46
3.49 5.1781228164133146e-46
3.5 3.7902902525121205e-46
3.5100000000000002 2.7744224514627057e-46
3.52 2.0308259859726176e-46
3.5300000000000002 1.4865271087779887e-46
3.54 1.0881103848361456e-46
3.5500000000000003 7.964767023734498e-47
3.56 5.830062338015662e-47
3.5700000000000003 4.267497939847043e-47
3.58 3.123729663720422e-47
3.59 2.286512413022193e-47
3.6 1.6736848503969954e-47
3.61 1.2251063945661705e-47
3.62 8.96755250936813e-48
3.63 6.564082790275031e-48
3.64 4.804787352242629e-48
3.65 3.517015588906635e-48
3.66 2.574390445570647e-48
3.67 1.8844062526052e-48
3.68 1.3793505685849263e-48
3.69 1.0096591371553881e-48
3.7 7.390518382046825e-49
3.71 5.409722939690083e-49
3.72 3.959817264686062e-49
3.73 2.8985130929098075e-49
3.74 2.121658043337869e-49
3.75 1.5530144969403487e-49
3.7600000000000002 1.1367779248311235e-49
3.77 8.3210044267409745e-50
3.7800000000000002 6.09082153668034e-50
3.79 4.458368856585207e-50
3.8000000000000003 3.263443649048761e-50
3.81 2.388780469517699e-50
3.8200000000000003 1.7485431786794914e-50
3.83 1.2799013081030265e-50
3.84 9.36864115486672e-51
3.85 6.857672269961926e-51
3.86 5.019689428255736e-51
3.87 3.674319938926095e-51
3.88 2.6895343240948895e-51
3.89 1.9686894447734835e-51
3.9 1.4410443083922465e-51
3.91 1.0548178151016555e-51
3.92 7.721071563005724e-52
3.93 5.65168176224903e-52
3.94 4.136926653391137e-52
3.95 3.0281538939176485e-52
3.96 2.2165527149803934e-52
3.97 1.622475643709944e-52
3.98 1.187622201196023e-52
3.99 8.693175137893397e-53
4.0 6.363243622591595e-53
4.01 4.657776791353671e-53
4.0200000000000005 3.409406573881387e-53
4.03 2.4956226343013586e-53
4.04 1.82674966973708e-53
4.05 1.3371470149447358e-53
4.0600000000000005 9.787669154651487e-54
4.07 7.164393025614928e-54
4.08 5.244203355717893e-54
4.09 3.838659986658492e-54
4.1 2.809828203383164e-54
4.11 2.0567423423713686e-54
4.12 1.5054974029408994e-54
4.13 1.101996289748453e-54
4.14 8.066409282719937e-55
4.15 5.904462594080317e-55
4.16 4.321957552981765e-55
4.17 3.1635930945695444e-55
4.18 2.3156917080555898e-55
4.19 1.695043555368094e-55
4.2 1.2407405720719105e-55
4.21 9.081991800800829e-56
4.22 6.647850237707117e-56
4.23 4.86610357642975e-56
4.24 3.5618979323923647e-56
4.25 2.6072434919457994e-56
4.26 1.9084540756978405e-56
4.2700000000000005 1.396953130882841e-56
4.28 1.0225438876069357e-56
4.29 7.484832375310572e-57
4.3 5.478759040612674e-57
4.3100000000000005 4.0103504153421867e-57
4.32 2.9355024257532716e-57
4.33 2.1487335517208342e-57
4.34 1.572833268944048e-57
4.3500000000000005 1.1512848998499829e-57
4.36 8.427192804183845e-58
4.37 6.168549467481056e-58
4.38 4.5152642661588035e-58
4.39 3.3050900378976666e-58
4.4 2.419264856872408e-58
4.41 1.7708571871225444e-58
4.42 1.2962347501040726e-58
4.43 9.488198933238128e-59
4.44 6.945186355285806e-59
4.45 5.083748122172471e-59
4.46 3.721209719595681e-59
4.47 2.7238567774077426e-59
4.48 1.993812846601886e-59
4.49 1.4594341744569148e-59
4.5 1.0682788573676162e-59
4.51 7.81960390589934e-60
4.5200000000000005 5.723805617180215e-60
4.53 4.189719982945443e-60
4.54 3.066797635965069e-60
4.55 2.2448392203407253e-60
4.5600000000000005 1.6431808431318382e-60
4.57 1.2027780247111157e-60
4.58 8.804112966474884e-61
4.59 6.444448063895096e-61
4.6000000000000005 4.717216942397734e-61
4.61 3.452915666480837e-61
4.62 2.5274704863941688e-61
4.63 1.8500617091827383e-61
4.64 1.354210997204287e-61
4.65 9.912574352771697e-62
4.66 7.255821323418518e-62
4.67 5.311127180867552e-62
4.68 3.8876469904664248e-62
4.69 2.8456857852936993e-62
4.7 2.082989429976903e-62
4.71 1.5247097862379404e-62
4.72 1.1160593994350983e-62
4.73 8.169348647920666e-63
4.74 5.979812307934795e-63
4.75 4.377112151680657e-63
4.76 3.2039652420139787e-63
4.7700000000000005 2.3452433742396932e-63
4.78 1.7166748291433235e-63
4.79 1.2565742649074283e-63
4.8 9.197891507592971e-64
4.8100000000000005 6.732686682206042e-64
4.82 4.928202286723668e-64
4.83 3.607353041254213e-64
4.84 2.640515791996354e-64
4.8500000000000005 1.9328087847364614e-64
4.86 1.4147803280244862e-64
4.87 1.0355930666147342e-64
4.88 7.580349955233103e-65
4.89 5.548676144736881e-65
4.9 4.0615284440684374e-65
4.91 2.9729637974320246e-65
4.92 2.176154583811716e-65
4.93 1.5929049579195732e-65
4.94 1.1659770054204117e-65
4.95 8.534736303066944e-66
4.96 6.247269322144705e-66
4.97 4.5728857456774114e-66
4.98 3.347267896534284e-66
4.99 2.4501382702947756e-66
5.0 1.7934559554610742e-66
5.01 1.3127766310885497e-66
5.0200000000000005 9.609282446466013e-67
5.03 7.033817250341606e-67
5.04 5.1486243001838034e-67
5.05 3.7686978835220296e-67
5.0600000000000005 2.7586172362111508e-67
5.07 2.019256860358836e-67
5.08 1.4780587225309897e-67
5.09 1.081911682529409e-67
5.1000000000000005 7.919393667859323e-68
5.11 5.796849879641384e-68
5.12 4.243187033809961e-68
5.13 3.105934529566828e-68
5.14 2.2734867035294494e-68
5.15 1.6641502716561682e-68
5.16 1.2181272590484636e-68
5.17 8.916466526548749e-69
5.18 6.526688794499672e-69
5.19 4.777415638068415e-69
5.2 3.4969799997352173e-69
5.21 2.5597247643899976e-69
5.22 1.8736712448820794e-69
5.23 1.3714927412262131e-69
5.24 1.0039073526767893e-69
5.25 7.348416382120082e-70
5.26 5.378905053442314e-70
5.2700000000000005 3.9372591412135397e-70
5.28 2.882000963216429e-70
5.29 2.1095714694106058e-70
5.3 1.5441673480860475e-70
5.3100000000000005 1.1303019752922725e-70
5.32 8.273601672339083e-71
5.33 6.056123596071186e-71
5.34 4.432970604991807e-71
5.3500000000000005 3.244852598032958e-71
5.36 2.375172163583815e-71
5.37 1.7385821501054575e-71
5.38 1.2726100191846432e-71
5.39 9.31527026681453e-72
5.4 6.818605765762579e-72
5.41 4.991093468809217e-72
5.42 3.653388224829382e-72
5.43 2.674212696021979e-72
5.44 1.9574742960416446e-72
5.45 1.4328350266842275e-72
5.46 1.0488087725313929e-72
5.47 7.677086481367808e-73
5.48 5.6194854949724606e-73
5.49 4.113359580466846e-73
5.5 3.0109032318626576e-73
5.51 2.2039255490064306e-73
5.5200000000000005 1.6132327914631304e-73
5.53 1.1808566040831951e-73
5.54 8.643652216753268e-74
5.55 6.326993759093206e-74
5.5600000000000005 4.631242560871854e-74
5.57 3.3899840073030415e-74
5.58 2.48140567433519e-74
5.59 1.816343117654309e-74
5.6000000000000005 1.3295296110475628e-74
5.61 9.73191116519378e-75
5.62 7.123579207280838e-75
5.63 5.214328394600948e-75
5.64 3.81679206696424e-75
5.65 2.793821290106151e-75
5.66 2.0450255775287304e-75
5.67 1.4969209475054498e-75
5.68 1.0957184827920312e-75
5.69 8.020456895421096e-76
5.7 5.870826295399573e-76
5.71 4.2973364036696146e-76
5.72 3.1455708680692977e-76
5.73 2.302499771159732e-76
5.74 1.6853873012388685e-76
5.75 1.233672372417439e-76
5.76 9.030253884951543e-77
5.7700000000000005 6.609979038996408e-77
5.78 4.838382558521785e-77
5.79 3.541606659339947e-77
5.8 2.5923906548872664e-77
5.8100000000000005 1.897582073329155e-77
5.82 1.3889950259741085e-77
5.83 1.0167187018140699e-77
5.84 7.442193091321812e-78
5.8500000000000005 5.447547872355712e-78
5.86 3.987504416703893e-78
5.87 2.9187795767560273e-78
5.88 2.1364927351554993e-78
5.89 1.5638732173278366e-78
5.9 1.1447263075749116e-78
5.91 8.379185120218513e-79
5.92 6.133408729605585e-79
5.93 4.489541895145517e-79
5.94 3.2862617374536117e-79
5.95 2.4054828887395643e-79
5.96 1.7607690410266213e-79
5.97 1.288850413507788e-79
5.98 9.434146953371124e-80
5.99 6.905621304458995e-80
6.0 5.0547872358039725e-80
6.01 3.700010885732821e-80
6.0200000000000005 2.708339622599994e-80
6.03 1.9824545759120685e-80
6.04 1.4511201301193509e-80
6.05 1.0621931304876176e-80
6.0600000000000005 7.775057509279327e-81
6.07 5.691198477705395e-81
6.08 4.1658521591613924e-81
6.09 3.0493268298362214e-81
6.1000000000000005 2.2320509129710873e-81
6.11 1.6338200383599576e-81
6.12 1.195926088528782e-81
6.13 8.753958059294207e-82
6.140000000000001 6.407735598288468e-82
6.15 4.690344095718233e-82
6.16 3.433245239100434e-82
6.17 2.513072096899356e-82
6.18 1.839522354036351e-82
6.19 1.3464963839176175e-82
6.2 9.856104808539308e-83
6.21 7.214486660133143e-83
6.22 5.280870970866971e-83
6.23 3.865500003631692e-83
6.24 2.8294746000249217e-83
6.25 2.0711231418094107e-83
6.26 1.5160238824907025e-83
6.2700000000000005 1.1097014783361508e-83
6.28 8.122809839897038e-84
6.29 5.945746760115908e-84
6.3 4.352176799928252e-84
6.3100000000000005 3.1857130251311617e-84
6.32 2.331883088632387e-84
6.33 1.706895346866921e-84
6.34 1.2494158645254301e-84
6.3500000000000005 9.145493339080118e-85
6.36 6.694332190741827e-85
6.37 4.900127507447134e-85
6.38 3.586802821414806e-85
6.390000000000001 2.625473410672802e-85
6.4 1.921798039467055e-85
6.41 1.4067206658752932e-85
6.42 1.029693542797764e-85
6.43 7.537166530639237e-86
6.44 5.517066675608531e-86
6.45 4.038390896549382e-86
6.46 2.9560275400395706e-86
6.47 2.1637575562431814e-86
6.48 1.5838305627343785e-86
6.49 1.1593347157650385e-86
6.5 8.486115969738432e-87
6.51 6.211680136251754e-87
6.5200000000000005 4.546835118998959e-87
6.53 3.3281993190070747e-87
6.54 2.4361804237751977e-87
6.55 1.783239069634898e-87
6.5600000000000005 1.3052980593877715e-87
6.57 9.554540683041002e-88
6.58 6.993747290692056e-88
6.59 5.119293829883477e-88
6.6000000000000005 3.747228521047729e-88
6.61 2.742902059457282e-88
6.62 2.0077536412621604e-88
6.63 1.469638578637018e-88
6.640000000000001 1.0757482927339971e-88
6.65 7.874278793044424e-89
6.66 5.7638266246283815e-89
6.67 4.21901462113859e-89
6.68 3.0882407699986724e-89
6.69 2.2605351983605183e-89
6.7 1.6546700091098517e-89
6.71 1.211187881981805e-89
6.72 8.865671568246441e-90
6.73 6.489507823295256e-90
6.74 4.7501998539451965e-90
6.75 3.4770585484807696e-90
6.76 2.5451426300563145e-90
6.7700000000000005 1.8629973919075728e-90
6.78 1.3636796780138884e-90
6.79 9.981883347265157e-91
6.8 7.30655422712781e-91
6.8100000000000005 5.348262729255988e-91
6.82 3.914829525927389e-91
6.83 2.865582899141618e-91
6.84 2.0975537497786346e-91
6.8500000000000005 1.5353705993039746e-91
6.86 1.1238629176753303e-91
6.87 8.226468959991323e-92
6.88 6.021623321257326e-92
6.890000000000001 4.407717041109008e-92
6.9 3.2263674557490004e-92
6.91 2.361641380885285e-92
6.92 1.728677867107614e-92
6.93 1.265360266979912e-92
6.94 9.262203419833306e-93
6.95 6.779761814011007e-93
6.96 4.9626604136438155e-93
6.97 3.63257575365721e-93
6.98 2.6589783515670125e-93
6.99 1.9463230373060536e-93
7.0 1.4246725112732395e-93
7.01 1.0428339620266712e-93
7.0200000000000005 7.633351972126601e-94
7.03 5.587472642061765e-94
7.04 4.0899267634703265e-94
7.05 2.993750842666936e-94
7.0600000000000005 2.1913703169500536e-94
7.07 1.6040425935152888e-94
7.08 1.1741295489446469e-94
7.09 8.594411415745118e-95
7.1000000000000005 6.290950402319896e-95
7.11 4.604859489498709e-95
7.12 3.370672086399873e-95
7.13 2.4672697049595357e-95
7.140000000000001 1.8059958491876774e-95
7.15 1.3219556016623694e-95
7.16 9.676470815548162e-96
7.17 7.082997895421727e-96
7.18 5.184623623928655e-96
7.19 3.7950487235318655e-96
7.2 2.777905564351808e-96
7.21 2.0333755602681456e-96
7.22 1.4883933500672034e-96
7.23 1.0894764389870366e-96
7.24 7.974766287784615e-97
7.25 5.837381614596307e-97
7.26 4.272855515104131e-97
7.2700000000000005 3.12765130984457e-97
7.28 2.2893829855453498e-97
7.29 1.6757860564593622e-97
7.3 1.2266444385908417e-97
7.3100000000000005 8.978810707524742e-98
7.32 6.572323583366621e-98
7.33 4.810819460563759e-98
7.34 3.521430980774026e-98
7.3500000000000005 2.577622430857393e-98
7.36 1.8867720061346035e-98
7.37 1.3810822564688295e-98
7.38 1.0109267006990482e-98
7.390000000000001 7.399796713044866e-99
7.4 5.416514506593516e-99
7.41 3.964788566207099e-99
7.42 2.902151993794461e-99
7.43 2.12432165156855e-99
7.44 1.5549642089635773e-99
7.45 1.1382050780175074e-99
7.46 8.331450924444947e-100
7.47 6.09846818003433e-100
7.48 4.463966058273211e-100
7.49 3.267540697294196e-100
7.5 2.391779433153583e-100
7.51 1.750738364664837e-100
7.5200000000000005 1.281508143695289e-100
7.53 9.380402894590944e-101
7.54 6.86628164618008e-101
7.55 5.025991332616995e-101
7.5600000000000005 3.678932816511092e-101
7.57 2.692910865279125e-101
7.58 1.971161010549618e-101
7.59 1.4428534488861988e-101
7.6000000000000005 1.0561420725251987e-101
7.61 7.730764882732032e-102
7.62 5.658777093236059e-102
7.63 4.142120304610367e-102
7.640000000000001 3.0319555506740986e-102
7.65 2.219335457502779e-102
7.66 1.6245125598341926e-102
7.67 1.1891131861735062e-102
7.68 8.704088872517354e-103
7.69 6.37123227474023e-103
7.7 4.663624337161846e-103
7.71 3.4136868693985364e-103
7.72 2.4987557315553063e-103
7.73 1.8290430390530352e-103
7.74 1.3388257189214202e-103
7.75 9.799956957674866e-104
7.76 7.17338747045045e-104
7.7700000000000005 5.250787123194088e-104
7.78 3.843479182837216e-104
7.79 2.8133557659668594e-104
7.8 2.0593244530223905e-104
7.8100000000000005 1.5073874602412456e-104
7.82 1.1033797767795691e-104
7.83 8.076536152233366e-105
7.84 5.911875275503094e-105
7.8500000000000005 4.327383498857757e-105
7.86 3.167564786723937e-105
7.87 2.3185989133483486e-105
7.88 1.6971715759412572e-105
7.890000000000001 1.2422982438231209e-105
7.9 9.093393670289863e-106
7.91 6.656196195560546e-106
7.92 4.872212663413971e-106
7.930000000000001 3.5663696712189517e-106
7.94 2.6105167221659977e-106
7.95 1.910850019756663e-106
7.96 1.3987069176765672e-106
7.97 1.0238276271444233e-106
7.98 7.494229111595334e-107
7.99 5.485637277998596e-107
8.0 4.01538515805568e-107
8.01 2.93918776441893e-107
8.02 2.1514311515493008e-107
8.03 1.5748078621890818e-107
8.040000000000001 1.1527302656310797e-107
8.05 8.437772614716564e-108
8.06 6.176293693363339e-108
8.07 4.520932896455061e-108
8.08 3.309239370564788e-108
8.09 2.4223020917393528e-108
8.1 1.77308038694204e-108
8.11 1.2978620913054665e-108
8.120000000000001 9.500110770233311e-109
8.13 6.953905599933747e-109
8.14 5.090130448194866e-109
8.15 3.7258814643512055e-109
8.16 2.7272764082733067e-109
8.17 1.9963159532289512e-109
8.18 1.4612664022711127e-109
8.19 1.0696200142830846e-109
8.2 7.829420926785348e-110
8.21 5.730991495130842e-110
8.22 4.194979912869286e-110
8.23 3.070647807509272e-110
8.24 2.2476574747915276e-110
8.25 1.6452437533316735e-110
8.26 1.2042880368718573e-110
8.27 8.815165976565263e-111
8.28 6.452538663112389e-111
8.290000000000001 4.723139111577225e-111
8.3 3.457250584927171e-111
8.31 2.530643566623188e-111
8.32 1.852384345297967e-111
8.33 1.3559111239374693e-111
8.34 9.925018966415061e-112
8.35 7.264930550731397e-112
8.36 5.317794966997164e-112
8.370000000000001 3.892527686747148e-112
8.38 2.8492583648161614e-112
8.39 2.085604492195531e-112
8.4 1.5266239634771005e-112
8.41 1.1174605418159186e-112
8.42 8.179604751332912e-113
8.43 5.98731958618416e-113
8.44 4.3826073406863376e-113
8.45 3.207987618860351e-113
8.46 2.3481876797907442e-113
8.47 1.718830006420104e-113
8.48 1.2581518148641255e-113
8.49 9.209438881874567e-114
8.5 6.741139146879707e-114
8.51 4.934389334732933e-114
8.52 3.611881846111257e-114
8.53 2.643830793496586e-114
8.540000000000001 1.9352353046006802e-114
8.55 1.4165564957429734e-114
8.56 1.0368931885756724e-114
8.57 7.589866607831831e-115
8.58 5.555642158649717e-115
8.59 4.066627437578013e-115
8.6 2.976696166493675e-115
8.61 2.1788866090213735e-115
8.620000000000001 1.5949047499075621e-115
8.63 1.1674408162159845e-115
8.64 8.545451127698749e-116
8.65 6.255112375853214e-116
8.66 4.578626716117073e-116
8.67 3.3514701808503156e-116
8.68 2.4532142647904048e-116
8.69 1.7957075266128574e-116
8.700000000000001 1.3144247395810726e-116
8.71 9.62134629619644e-117
8.72 7.042647765504003e-117
8.73 5.1550880741672705e-117
8.74 3.773429246680463e-117
8.75 2.7620805066467003e-117
8.76 2.0217919103448594e-117
8.77 1.4799143322938524e-117
8.78 1.0832699545994855e-117
8.790000000000001 7.929335968514918e-118
8.8 5.804127460069211e-118
8.81 4.2485140882535665e-118
8.82 3.109833835019324e-118
8.83 2.2763409230935327e-118
8.84 1.6662395076547266e-118
8.85 1.2196565412074836e-118
8.86 8.927660589467013e-119
8.870000000000001 6.534882641781666e-119
8.88 4.783413382923959e-119
8.89 3.501370238180402e-119
8.9 2.5629383378363905e-119
8.91 1.8760235212844977e-119
8.92 1.3732145641020705e-119
8.93 1.0051676952167979e-119
8.94 7.357641856705555e-120
8.950000000000001 5.385657930427563e-120
8.96 3.942202122429253e-120
8.97 2.885619134160791e-120
8.98 2.112219903707852e-120
8.99 1.5461059530703142e-120
9.0 1.1317209983313514e-120
9.01 8.283988658866444e-121
9.02 6.063726678343e-121
9.03 4.438535920772498e-121
9.040000000000001 3.2489263063830908e-121
9.05 2.3781540428474337e-121
9.06 1.740764830645883e-121
9.07 1.2742077010222576e-121
9.08 9.326965002745464e-122
9.09 6.82716609644192e-122
9.1 4.997359472742019e-122
9.11 3.657974823963896e-122
9.120000000000001 2.677570001865754e-122
9.13 1.9599317819039564e-122
9.14 1.434633860941281e-122
9.15 1.0501254859799308e-122
9.16 7.686724580590804e-123
9.17 5.626540405570925e-123
9.18 4.11852364470834e-123
9.19 3.0146832314980157e-123
9.200000000000001 2.2066924389160335e-123
9.21 1.6152581037676935e-123
9.22 1.182339095279029e-123
9.23 8.654503778464139e-124
9.24 6.3349369018181725e-124
9.25 4.6370567946227414e-124
9.26 3.3942399190093956e-124
9.27 2.484520923090153e-124
9.28 1.8186234221987271e-124
9.290000000000001 1.331198751852737e-124
9.3 9.744128967568322e-125
9.31 7.132522412934346e-125
9.32 5.220874655942313e-125
9.33 3.821583809345292e-125
9.34 2.7973287570171105e-125
9.35 2.0475929785183662e-125
9.36 1.498800237605504e-125
9.370000000000001 1.0970940884313596e-125
9.38 8.030526074602245e-126
9.39 5.8781967485649294e-126
9.4 4.302731439241204e-126
9.41 3.1495199344517465e-126
9.42 2.305390414805628e-126
9.43 1.6875031989923074e-126
9.44 1.2352211704885405e-126
9.450000000000001 9.041590800741566e-127
9.46 6.618277451941788e-127
9.47 4.844456843511275e-127
9.48 3.546052923749448e-127
9.49 2.5956452383047145e-127
9.5 1.899964368272805e-127
9.51 1.3907388218676516e-127
9.52 1.0179951281971726e-127
9.53 7.451536296667346e-128
9.540000000000001 5.454386926082929e-128
9.55 3.9925104777028915e-128
9.56 2.922443920936478e-128
9.57 2.1391749674086005e-128
9.58 1.5658365617915684e-128
9.59 1.1461634394559456e-128
9.6 8.389704660123723e-129
9.61 6.141108838501833e-129
9.620000000000001 4.4951782326226616e-129
9.63 3.290387432373742e-129
9.64 2.4085028212122744e-129
9.65 1.762979575813142e-129
9.66 1.2904684841389908e-129
9.67 9.445990931505752e-130
9.68 6.91429087767428e-130
9.69 5.06113320325504e-130
9.700000000000001 3.704656016685636e-130
9.71 2.7117397726537332e-130
9.72 1.9849434229445524e-130
9.73 1.4529419201737574e-130
9.74 1.063526647155753e-130
9.75 7.784818604965926e-131
9.76 5.698343419443415e-131
9.77 4.1710821245338906e-131
9.78 3.053155067882079e-131
9.790000000000001 2.234853112506315e-131
9.8 1.635871196658154e-131
9.81 1.1974274985145002e-131
9.82 8.764948103052884e-132
9.83 6.415780107314427e-132
9.84 4.6962325277287644e-132
9.85 3.437555462562568e-132
9.86 2.516227100856103e-132
9.870000000000001 1.8418317586540204e-132
9.88 1.348186825439071e-132
9.89 9.868478528221571e-133
9.9 7.223543994375828e-133
9.91 5.287500772227906e-133
9.92 3.870352895763721e-133
9.93 2.83302682742397e-133
9.94 2.073723306649699e-133
9.950000000000001 1.5179271551240118e-133
9.96 1.111094638746916e-133
9.97 8.133007516762893e-134
9.98 5.953211271212387e-134
9.99 4.357640684168007e-134
