0.005 8.409174810487071e-16
0.025151515151515154 4.009264636980691e-08
0.0453030303030303 3.40759185187224e-05
0.06545454545454546 0.0009931157553223924
0.08560606060606062 0.007197384333584427
0.10575757575757577 0.02798101708454499
0.12590909090909091 0.07739570955909696
0.14606060606060609 0.16831439109243468
0.16621212121212123 0.30194857282323645
0.18636363636363637 0.4631453892071694
0.20651515151515154 0.626495587264409
0.22666666666666668 0.7674989118968878
0.24681818181818183 0.8705893276546354
0.26696969696969697 0.9309599584096783
0.28712121212121217 0.9520112283026145
0.3072727272727273 0.9414891212712865
0.32742424242424245 0.908284475998626
0.3475757575757576 0.8605070630682152
0.36772727272727274 0.8046715173317337
0.38787878787878793 0.7455626368819286
0.4080303030303031 0.6864478337021844
0.4281818181818182 0.6294096689484759
0.44833333333333336 0.5756573595053422
0.4684848484848485 0.5257994591615806
0.48863636363636365 0.4800499550757064
0.5087878787878788 0.43837227526531986
0.5289393939393939 0.40058348439762825
0.5490909090909092 0.36642171011175373
0.5692424242424243 0.33559001494787855
0.5893939393939395 0.3077841018303854
0.6095454545454546 0.28270816157209067
0.6296969696969698 0.26008397436267017
0.6498484848484849 0.23965504484543132
0.67 0.22119054758553192
0.6901515151515152 0.2044780496978314
0.7103030303030303 0.18933426728724334
0.7304545454545455 0.17558941736066677
0.7506060606060606 0.16309743641091135
0.7707575757575759 0.15172556307753765
0.790909090909091 0.14135837081783714
0.8110606060606061 0.13189237379651356
0.8312121212121213 0.12323611572345282
0.8513636363636364 0.11530791569374224
0.8715151515151516 0.10803652529906436
0.8916666666666667 0.10135680322994307
0.9118181818181819 0.09521231716337002
0.931969696969697 0.08955120883167637
0.9521212121212121 0.08432881824190477
0.9722727272727273 0.07950413246942398
0.9924242424242425 0.07504090730000354
1.0125757575757575 0.07090637226011079
1.0327272727272727 0.06707141635704064
1.0528787878787877 0.0635096307899945
1.073030303030303 0.060197329172232486
1.0931818181818183 0.05711338672800397
1.1133333333333333 0.05423834467988174
1.1334848484848485 0.05155498354906213
1.1536363636363636 0.049047419833485977
1.1737878787878788 0.04670186801409175
1.1939393939393939 0.0445048386022905
1.214090909090909 0.042444968187197875
1.2342424242424241 0.04051176918407105
1.2543939393939394 0.038695326943336605
1.2745454545454544 0.03698694510397563
1.2946969696969697 0.03537860721102776
1.314848484848485 0.03386299796761725
1.335 0.0324331683501663
1.3551515151515152 0.031083556150691666
1.3753030303030302 0.0298079204968731
1.3954545454545455 0.028601742867758136
1.4156060606060605 0.0274597079547333
1.4357575757575758 0.026377872904647503
1.4559090909090908 0.02535214302700792
1.476060606060606 0.024378851249201673
1.496212121212121 0.02345461979487646
1.5163636363636364 0.0225763229973518
1.5365151515151516 0.021740952463203355
1.5566666666666666 0.020946360648871152
1.576818181818182 0.020189317655414128
1.596969696969697 0.019467898726349603
1.6171212121212122 0.01878041948779376
1.6372727272727272 0.018124094697421822
1.6574242424242425 0.017497657113867846
1.6775757575757575 0.016899228412575407
1.6977272727272728 0.016327280350483434
1.7178787878787878 0.01578031869286982
1.738030303030303 0.015256778387849817
1.7581818181818183 0.014756118773251017
1.7783333333333333 0.014276061287756714
1.7984848484848486 0.013816200213393446
1.8186363636363636 0.013375308377990532
1.8387878787878789 0.012952206368765318
1.858939393939394 0.012546678961269864
1.8790909090909091 0.012157097281919266
1.8992424242424242 0.01178258196337624
1.9193939393939394 0.011423196275944254
1.9395454545454545 0.011077611026877194
1.9596969696969697 0.010745412662981397
1.979848484848485 0.010425492426306675
