0.005 1.3746756154015496e-16
0.025151515151515154 6.5947976455487894e-09
0.0453030303030303 5.664728950729127e-06
0.06545454545454546 0.00018287769899746185
0.08560606060606062 0.0017732060157788722
0.10575757575757577 0.010698194769561239
0.12590909090909091 0.0447883714760743
0.14606060606060609 0.13319349486218054
0.16621212121212123 0.29806845570864626
0.18636363636363637 0.5341160852429502
0.20651515151515154 0.8074804295563317
0.22666666666666668 1.0733746912247335
0.24681818181818183 1.295439894580119
0.26696969696969697 1.4550719913225114
0.28712121212121217 1.5495419220990445
0.3072727272727273 1.5866248120939799
0.32742424242424245 1.5783626755234723
0.3475757575757576 1.537220775720204
0.36772727272727274 1.47412147205148
0.38787878787878793 1.3977695414078841
0.4080303030303031 1.31444155148277
0.4281818181818182 1.22904791855403
0.44833333333333336 1.1442552727893913
0.4684848484848485 1.0624455445769094
0.48863636363636365 0.9845940029835025
0.5087878787878788 0.9113984891023945
0.5289393939393939 0.8431412419239603
0.5490909090909092 0.7798389952936706
0.5692424242424243 0.7214210342170553
0.5893939393939395 0.6674808745461941
0.6095454545454546 0.6179952876702293
0.6296969696969698 0.572432299048392
0.6498484848484849 0.5307138723274347
0.67 0.4923969002454287
0.6901515151515152 0.4572128381699101
0.7103030303030303 0.42486744436195056
0.7304545454545455 0.39522911654596193
0.7506060606060606 0.36793303842330466
0.7707575757575759 0.34286422700114194
0.790909090909091 0.3197800201910345
0.8110606060606061 0.2985259599553395
0.8312121212121213 0.2789203960358745
0.8513636363636364 0.26083708355095286
0.8715151515151516 0.2441474898992084
0.8916666666666667 0.22872004053345601
0.9118181818181819 0.2144501055950064
0.931969696969697 0.2012490191682269
0.9521212121212121 0.18901551175935008
0.9722727272727273 0.17767281069544277
0.9924242424242425 0.167147298298914
1.0125757575757575 0.15737198519885515
1.0327272727272727 0.14828592308550276
1.0528787878787877 0.13983361227087504
1.073030303030303 0.13196445133668455
1.0931818181818183 0.12463232402313723
1.1133333333333333 0.11779512485355428
1.1334848484848485 0.11141440197595376
1.1536363636363636 0.10545501337847807
1.1737878787878788 0.09988482223753328
1.1939393939393939 0.09467440045040677
1.214090909090909 0.08979681202390452
1.2342424242424241 0.085227361064598
1.2543939393939394 0.08094338581340338
1.2745454545454544 0.07692410125761856
1.2946969696969697 0.07315040934328598
1.314848484848485 0.06960475447087813
1.335 0.06627099686927367
1.3551515151515152 0.06313427135909391
1.3753030303030302 0.06018090086464978
1.3954545454545455 0.05739826288649859
1.4156060606060605 0.054774729546173045
1.4357575757575758 0.052299564398104334
1.4559090909090908 0.04996285216297295
1.476060606060606 0.047755429692584374
1.496212121212121 0.045668825691303414
1.5163636363636364 0.043695197624904834
1.5365151515151516 0.04182728627439711
1.5566666666666666 0.0400585441235243
1.576818181818182 0.03838201334251224
1.596969696969697 0.03679298111311506
1.6171212121212122 0.03528536125517469
1.6372727272727272 0.03385433866250786
1.6574242424242425 0.032495403992921786
1.6775757575757575 0.031200858149149455
1.6977272727272728 0.029978053364800913
1.7178787878787878 0.028806588467852112
1.738030303030303 0.0276987922667849
1.7581818181818183 0.026638143986121795
1.7783333333333333 0.025627601481528005
1.7984848484848486 0.02466817011910343
1.8186363636363636 0.023755079974569746
1.8387878787878789 0.02287588787957455
1.858939393939394 0.02204563761934424
1.8790909090909091 0.021243248868808615
1.8992424242424242 0.0204870168907442
1.9193939393939394 0.01975909869507949
1.9395454545454545 0.019061231687553613
1.9596969696969697 0.018396792805726564
1.979848484848485 0.017759143579414837
