0.0 0.006939878408754249
0.01 0.013938639308665455
0.02 0.0209911302360328
0.03 0.028092345147761457
0.04 0.03523741957544717
0.05 0.04242162974502813
0.06 0.049640386433497934
0.07 0.0568892449438532
0.08 0.06416388933405612
0.09 0.07146013194614427
0.1 0.07877392101812981
0.11 0.08610132139851676
0.12 0.09343852100262541
0.13 0.10078183501250995
0.14 0.10812768483030562
0.15 0.1154726088447828
0.16 0.12281325782927213
0.17 0.1301463816385871
0.18 0.13746883814022037
0.19 0.14477758714121117
0.2 0.15206968457368183
0.21 0.1593422815580614
0.22 0.16659262181204226
0.23 0.17381803654233277
0.24 0.1810159435766517
0.25 0.188183846155006
0.26 0.19531932990057563
0.27 0.20242006069157698
0.28 0.2094837771152047
0.29 0.21650829124356746
0.3 0.22349149021771675
0.31 0.23043133217414852
0.32 0.23732584455049066
0.33 0.24417311850922624
0.34 0.25097130855380334
0.35000000000000003 0.2577186347595657
0.36 0.2644133793143239
0.37 0.2710538852501055
0.38 0.2776385504136116
0.39 0.2841658261678208
0.4 0.2906342227728672
0.41000000000000003 0.29704230504453727
0.42 0.303388691371725
0.43 0.30967204965734435
0.44 0.3158910951206918
0.45 0.32204459529739404
0.46 0.3281313665728589
0.47000000000000003 0.33415027344274545
0.48 0.3401002252776854
0.49 0.34598017338810344
0.5 0.3517891167132763
0.51 0.35752609858908885
0.52 0.36319020615606173
0.53 0.368780567646502
0.54 0.3742963486250782
0.55 0.3797367585439448
0.56 0.38510104759132197
0.5700000000000001 0.39038850613803205
0.58 0.39559846333925125
0.59 0.400730284520709
0.6 0.40578337494410605
0.61 0.4107571780696535
0.62 0.4156511751397401
0.63 0.42046488348326755
0.64 0.4251978517473352
0.65 0.42984966678006736
0.66 0.4344199511320638
0.67 0.4389083624177224
0.68 0.4433145930596782
0.6900000000000001 0.4476383700596751
0.7000000000000001 0.4518794547939232
0.71 0.45603764098121274
0.72 0.4601127486188848
0.73 0.46410463468542035
0.74 0.4680131893007627
0.75 0.47183833486631144
0.76 0.47558002586230097
0.77 0.4792382486581008
0.78 0.48281302133402315
0.79 0.4863043910230409
0.8 0.4897124245886717
0.81 0.4930372251715144
0.8200000000000001 0.4962789266234048
0.8300000000000001 0.4994376920919059
0.84 0.5025137137677994
0.85 0.5055072126359144
0.86 0.5084184382283543
0.87 0.5112476663904808
0.88 0.5139951903990508
0.89 0.5166613358089163
0.9 0.5192464556679108
0.91 0.5217509289571163
0.92 0.524175160247727
0.93 0.5265195793552387
0.9400000000000001 0.5287846409904428
0.9500000000000001 0.5309708231550185
0.96 0.5330786203225896
0.97 0.5351085537955422
0.98 0.5370611684077364
0.99 0.5389370310818695
1.0 0.5407367303847445
1.01 0.5424608760769255
1.02 0.5441100986565985
1.03 0.5456850483384296
1.04 0.5471863911533065
1.05 0.5486148138916568
1.06 0.5499710223034826
1.07 0.5512557399905852
1.08 0.5524697078782937
1.09 0.553613683680966
1.1 0.5546884413613026
1.11 0.5556947704846357
1.12 0.5566334749422055
1.1300000000000001 0.5575053734814978
1.1400000000000001 0.5583112989124994
1.1500000000000001 0.5590520973943794
1.16 0.5597286278523202
1.17 0.5603417613889363
1.18 0.5608923806904403
1.19 0.5613813796277991
1.2 0.5618096644068925
1.21 0.562178150443203
1.22 0.562487762184587
1.23 0.5627394328723131
1.24 0.5629341039368096
1.25 0.5630727243894053
1.26 0.5631562502102425
1.27 0.5631856440973736
1.28 0.5632094094886972
1.29 0.5632853574463339
1.3 0.5634125071354463
1.31 0.5635898733167686
1.32 0.5638164669399325
1.33 0.5640912957394445
1.34 0.5644133648331758
1.35 0.5647816768944307
1.36 0.5651952272288812
1.37 0.5656530115759483
1.3800000000000001 0.5661540261224302
1.3900000000000001 0.5666972666850438
1.4000000000000001 0.5672817292669522
1.41 0.567906410615994
1.42 0.5685703087845466
1.43 0.5692724232667647
1.44 0.5700117488091828
1.45 0.5707872843257965
1.46 0.5715980332476778
1.47 0.5724430021804114
1.48 0.5733212014057409
1.49 0.5742316453844712
1.5 0.5751733532606247
1.51 0.5761453489904865
1.52 0.577146654314411
1.53 0.5781762980825235
1.54 0.5792333171276861
1.55 0.5803167544377378
1.56 0.5814256595918488
1.57 0.5825590891980985
1.58 0.583716107332309
1.59 0.5848957856771301
1.6 0.5860971961966898
1.61 0.5873194201360851
1.62 0.5885615495133261
1.6300000000000001 0.5898226849155397
1.6400000000000001 0.5911019358672216
1.6500000000000001 0.5923984211998937
1.6600000000000001 0.5937112694232178
1.67 0.5950396188384768
1.68 0.5963826090056418
1.69 0.597739390291153
1.7 0.5991091262894639
1.71 0.6004909908542361
1.72 0.6018841683867475
1.73 0.6032878541258935
1.74 0.604701254439819
1.75 0.606123587022316
1.76 0.60755407653692
1.77 0.6089919593458604
1.78 0.610436485362482
1.79 0.6118869164199373
1.8 0.6133425265238144
1.81 0.6148026021065147
1.82 0.6162664422834013
1.83 0.6177333589461688
1.84 0.6192026652013397
1.85 0.6206736859125627
1.86 0.6221457632983745
1.87 0.6236182517535697
1.8800000000000001 0.6250905179861688
1.8900000000000001 0.6265619411559229
1.9000000000000001 0.6280319130143487
1.9100000000000001 0.6294998380361606
1.92 0.6309651323467624
1.93 0.6324272248122252
1.94 0.6338855578954521
1.95 0.6353395871803614
1.96 0.6367887815068872
1.97 0.6382326231073455
1.98 0.6396706077441372
1.99 0.6411022448111002
2.0 0.6425270482285912
2.0100000000000002 0.6439445428207651
2.02 0.645354271274258
2.0300000000000002 0.6467557889768811
2.04 0.6481486640519901
2.05 0.6495324773937011
2.06 0.6509068227029059
2.07 0.6522713065214002
2.08 0.6536255461613699
2.09 0.654969170916013
2.1 0.6563018240296192
2.11 0.6576231613747588
2.12 0.6589328514654973
2.13 0.6602305754710196
2.14 0.6615160272296108
2.15 0.6627889132627865
2.16 0.6640489475067156
2.17 0.6652958535348185
2.18 0.6665293705383606
2.19 0.6677492494679936
2.2 0.6689552529778854
2.21 0.6701471553697556
2.22 0.6713247425367743
2.23 0.6724878119072788
2.24 0.6736361724386082
2.25 0.6747696445473244
2.2600000000000002 0.6758880599828544
2.27 0.6769912618120245
2.2800000000000002 0.6780791043620171
2.29 0.6791514531628726
2.3000000000000003 0.6802081848895388
2.31 0.6812491873034301
2.32 0.6822743529574055
2.33 0.6832835796615229
2.34 0.6842767806665907
2.35 0.6852538787564804
2.36 0.6862148060674911
2.37 0.687159503929699
2.38 0.6880879227075589
2.39 0.6890000216397464
2.4 0.6898957722840061
2.41 0.6907751587385651
2.42 0.6916381705202627
2.43 0.6924848061705734
2.44 0.6933150731856286
2.45 0.6941289879115995
2.46 0.6949265754393205
2.47 0.6957078694981439
2.48 0.6964729074401637
2.49 0.6972217285844158
2.5 0.6979543851098755
2.5100000000000002 0.6986709362686064
2.52 0.6993714480959946
2.5300000000000002 0.7000559932114162
2.54 0.7007246506181346
2.5500000000000003 0.7013775055024456
2.56 0.7020146517870987
2.57 0.7026361934329003
2.58 0.7032422371308479
2.59 0.7038328956006725
2.6 0.7044082875285049
2.61 0.7049685374157977
2.62 0.7055137754276379
2.63 0.7060441372404663
2.64 0.7065597623129748
2.65 0.7070607924700092
2.66 0.707547376393652
2.67 0.7080196672795407
2.68 0.7084778225686587
2.69 0.7089220037583799
2.7 0.7093523762130692
2.71 0.7097691089742607
2.72 0.7101723750772796
2.73 0.7105623519105306
2.74 0.7109392193269655
2.75 0.7113031602177027
2.7600000000000002 0.7116543603705539
2.77 0.7119930082899577
2.7800000000000002 0.7123192950166584
2.79 0.7126334139471513
2.8000000000000003 0.7129355618320802
2.81 0.7132259402487549
2.82 0.7135047509493921
2.83 0.7137721976032847
2.84 0.7140284857734949
2.85 0.7142738227653892
2.86 0.714508417475081
2.87 0.7147324802377969
2.88 0.7149462217281324
2.89 0.7151498511406932
2.9 0.715343580095077
2.91 0.7155276208212181
2.92 0.7157021858373439
2.93 0.7158674877716401
2.94 0.7160237391839563
2.95 0.7161711523875636
2.96 0.7163099418995376
2.97 0.7164403299470441
2.98 0.7165625336204652
2.99 0.716676769626561
3.0 0.7167832547365331
3.0100000000000002 0.7168822056899192
3.02 0.7169738390985964
3.0300000000000002 0.7170583713509011
3.04 0.7171360165936146
3.0500000000000003 0.7172069815959471
3.06 0.7172714760774492
3.0700000000000003 0.717329708778216
3.08 0.7173818867620557
3.09 0.7174282152550469
3.1 0.717468897484257
3.11 0.7175041345166266
3.12 0.7175341275099403
3.13 0.7175590851482418
3.14 0.7175792087716952
3.15 0.7175946972982361
3.16 0.7176057480491456
3.17 0.7176125566821336
3.18 0.7176153171245763
3.19 0.7176164127422479
3.2 0.7176211746181757
3.21 0.7176294170942222
3.22 0.7176409555299442
3.23 0.71765560739575
3.24 0.71767319258598
3.25 0.7176935335048812
3.2600000000000002 0.7177164551524426
3.27 0.7177417852100929
3.2800000000000002 0.7177693535914059
3.29 0.7177989901355604
3.3000000000000003 0.7178305288280385
3.31 0.7178638066605276
3.3200000000000003 0.7178986633473652
3.33 0.7179349413841024
3.34 0.7179724861059604
3.35 0.7180111457461865
3.36 0.7180507707692045
3.37 0.7180912100760967
3.38 0.7181323173927594
3.39 0.7181739496274169
3.4 0.7182159662808235
3.41 0.7182582294631845
3.42 0.7183006039110102
3.43 0.7183429570039032
3.44 0.7183851596818606
3.45 0.718427092151884
3.46 0.7184686350002241
3.47 0.7185096713305521
3.48 0.718550087824535
3.49 0.7185897748169595
3.5 0.7186286263708219
3.5100000000000002 0.7186665403523863
3.52 0.7187034166994112
3.5300000000000002 0.7187391438813137
3.54 0.7187736192925367
3.5500000000000003 0.7188067451716026
3.56 0.7188384259482057
3.5700000000000003 0.7188685681810286
3.58 0.718897080495549
3.59 0.7189238735218391
3.6 0.7189488611094249
3.61 0.7189719718014854
3.62 0.7189931323494041
3.63 0.7190122703875323
3.64 0.7190293168963848
3.65 0.7190442062547938
3.66 0.7190568762920816
3.67 0.7190672683402533
3.68 0.7190753263417803
3.69 0.7190809865957237
3.7 0.7190841917973443
3.71 0.7190848893620786
3.72 0.7190867497130573
3.73 0.7190912160016691
3.74 0.7190983340417401
3.75 0.7191081474877917
3.7600000000000002 0.7191206975775858
3.77 0.7191360191011951
3.7800000000000002 0.7191541457201953
3.79 0.7191751096268861
3.8000000000000003 0.7191989405242869
3.81 0.719225665634891
3.8200000000000003 0.7192553097093898
3.83 0.7192878950353653
3.84 0.7193234415855423
3.85 0.7193619693292277
3.86 0.7194034954164648
3.87 0.7194480342312544
3.88 0.7194955980611205
3.89 0.7195461971281937
3.9 0.7195998396202684
3.91 0.7196565317218365
3.92 0.7197162776716539
3.93 0.7197790803467109
3.94 0.719844940651734
3.95 0.7199138575159374
3.96 0.7199858280981549
3.97 0.7200608478231945
3.98 0.7201389104181738
3.99 0.7202200079488346
4.0 0.7203041308507403
4.01 0.7203912678280746
4.0200000000000005 0.7204814060399078
4.03 0.7205745311570105
4.04 0.7206706273504523
4.05 0.7207696773264413
4.0600000000000005 0.7208716623611493
4.07 0.7209765623355239
4.08 0.7210843558077313
4.09 0.7211950214085449
4.1 0.7213085364902391
4.11 0.7214248768270836
4.12 0.7215440171697546
4.13 0.7216659312939996
4.14 0.7217905920492994
4.15 0.7219179714075317
4.16 0.7220480404391019
4.17 0.7221807656662975
4.18 0.7223161125891844
4.19 0.7224540470356189
4.2 0.7225945336495522
4.21 0.7227375359009526
4.22 0.7228830160957188
4.23 0.7230309353855868
4.24 0.723181253851264
4.25 0.7233339361780479
4.26 0.7234889468128478
4.2700000000000005 0.7236462473017791
4.28 0.72380579895451
4.29 0.7239675629155289
4.3 0.7241315002354373
4.3100000000000005 0.7242975719422673
4.32 0.7244657390678471
4.33 0.724635956756442
4.34 0.7248081788858661
4.3500000000000005 0.7249823617617399
4.36 0.7251584610759079
4.37 0.7253364319107063
4.38 0.7255162287432303
4.39 0.7256978054496049
4.4 0.7258811153217478
4.41 0.7260661146263675
4.42 0.7262527602715955
4.43 0.7264410070939481
4.44 0.726630809941526
4.45 0.7268221237203131
4.46 0.7270149034405025
4.47 0.727209104262842
4.48 0.7274046815435276
4.49 0.7276015893045028
4.5 0.7277997811254151
4.51 0.7279992116847085
4.5200000000000005 0.7281998357669393
4.53 0.7284016082895711
4.54 0.7286044843297863
4.55 0.7288084191513156
4.5600000000000005 0.7290133682312839
4.57 0.7292192864096415
4.58 0.7294261282619965
4.59 0.7296338491512567
4.6000000000000005 0.7298424045971977
4.61 0.7300517502916799
4.62 0.7302618421138787
4.63 0.7304726361455279
4.64 0.7306840886861748
4.65 0.7308961582575139
4.66 0.7311088051567332
4.67 0.7313219886505337
4.68 0.7315356686818071
4.69 0.7317498059155324
4.7 0.7319643617827046
4.71 0.7321792985242894
4.72 0.7323945792352011
4.73 0.732610162928975
4.74 0.7328260048581042
4.75 0.7330420649635092
4.76 0.7332583031628961
4.7700000000000005 0.7334746792959358
4.78 0.7336911530912034
4.79 0.7339076841331108
4.8 0.73412423182883
4.8100000000000005 0.7343407615096774
4.82 0.734557245244349
4.83 0.7347736496647371
4.84 0.7349899424563637
4.8500000000000005 0.7352060924932738
4.86 0.7354220699077045
4.87 0.7356378461597871
4.88 0.7358533941072815
4.89 0.7360686823876822
4.9 0.7362836734945312
4.91 0.7364983368966721
4.92 0.7367126424237194
4.93 0.7369265601163459
4.94 0.7371400601928846
4.95 0.7373531130159167
4.96 0.7375656890588499
4.97 0.7377777617146203
4.98 0.737989308924671
4.99 0.7382003056515882
5.0 0.7384107275130216
5.01 0.7386205509027294
5.0200000000000005 0.7388297530132196
5.03 0.7390383118584055
5.04 0.7392462062962654
5.05 0.739453415183129
5.0600000000000005 0.7396599166628908
5.07 0.7398656908035084
5.08 0.7400707183966141
5.09 0.7402749809144759
5.1000000000000005 0.7404784605140035
5.11 0.7406811400407547
5.12 0.7408830030329429
5.13 0.7410840325302266
5.14 0.7412842097226752
5.15 0.7414835180405395
5.16 0.7416819413307559
5.17 0.7418794637367221
5.18 0.7420760696741207
5.19 0.7422717438067348
5.2 0.7424664710222519
5.21 0.7426602388731255
5.22 0.742853041144397
5.23 0.7430448682962699
5.24 0.7432357115102941
5.25 0.7434255630120469
5.26 0.743614416110746
5.2700000000000005 0.7438022652388748
5.28 0.7439891059918174
5.29 0.7441749320854115
5.3 0.7443597297826697
5.3100000000000005 0.744543491380414
5.32 0.7447262097813669
5.33 0.7449078779537203
5.34 0.7450884888827178
5.3500000000000005 0.7452680355222201
5.36 0.7454465107462526
5.37 0.7456239094908339
5.38 0.7458002335969746
5.39 0.7459754810014207
5.4 0.7461496498399486
5.41 0.746322738944528
5.42 0.746494747864178
5.43 0.7466656768858217
5.44 0.7468355270551488
5.45 0.7470042989138129
5.46 0.7471719890504475
5.47 0.7473385972159204
5.48 0.7475041237595708
5.49 0.7476685692302035
5.5 0.7478319343516517
5.51 0.7479942199983259
5.5200000000000005 0.7481554271707566
5.53 0.7483155577307645
5.54 0.7484746168403625
5.55 0.7486326082154579
5.5600000000000005 0.7487895357150327
5.57 0.7489454036408557
5.58 0.7491002167430202
5.59 0.7492539802254831
5.6000000000000005 0.7494066997516028
5.61 0.7495583811868851
5.62 0.7497090295879834
5.63 0.7498586510465355
5.64 0.7500072521105644
5.65 0.7501548396442734
5.66 0.7503014208218608
5.67 0.7504470031213281
5.68 0.7505915943182886
5.69 0.7507352021209023
5.7 0.7508778325129569
5.71 0.7510194925768471
5.72 0.7511601896613687
5.73 0.7512999311174753
5.74 0.7514387242738905
5.75 0.7515765764127139
5.76 0.7517134947450207
5.7700000000000005 0.7518494869669838
5.78 0.7519845644079832
5.79 0.7521187368364389
5.8 0.7522520137996395
5.8100000000000005 0.7523844051403331
5.82 0.752515921005943
5.83 0.7526465718577854
5.84 0.7527763684802894
5.8500000000000005 0.7529053214034477
5.86 0.7530334370977397
5.87 0.7531607239050883
5.88 0.7532871906681963
5.89 0.7534128460298092
5.9 0.7535376984026477
5.91 0.7536617559393355
5.92 0.7537850265023183
5.93 0.7539075184121247
5.94 0.7540292464557128
5.95 0.7541502229151995
5.96 0.7542704593141591
5.97 0.7543899676148705
5.98 0.7545087602490408
5.99 0.7546268501485386
6.0 0.7547442507761334
6.01 0.7548609753619886
6.0200000000000005 0.7549770295397482
6.03 0.7550924218219432
6.04 0.7552071619594035
6.05 0.7553212593297296
6.0600000000000005 0.7554347228947081
6.07 0.7555475611577169
6.08 0.7556597821211222
6.09 0.7557713937644783
6.1000000000000005 0.7558824098680941
6.11 0.7559928420724622
6.12 0.7561027007515019
6.13 0.7562119963945911
6.140000000000001 0.756320739621573
6.15 0.7564289411977667
6.16 0.7565366120489817
6.17 0.7566437630801266
6.18 0.7567504024839846
6.19 0.7568565392233577
6.2 0.756962182820478
6.21 0.7570673426525937
6.22 0.7571720279404932
6.23 0.7572762477370227
6.24 0.7573800109156057
6.25 0.7574833262216554
6.26 0.7575862033371564
6.2700000000000005 0.7576886515609773
6.28 0.7577906798044383
6.29 0.7578922968933678
6.3 0.7579935115671779
6.3100000000000005 0.7580943324779402
6.32 0.7581947681894613
6.33 0.7582948271877203
6.34 0.7583945181261157
6.3500000000000005 0.7584938495417103
6.36 0.7585928298356955
6.37 0.7586914673512195
6.38 0.7587897703749014
6.390000000000001 0.7588877471383475
6.4 0.7589854058196681
6.41 0.759082754485933
6.42 0.7591797994294774
6.43 0.7592765469671435
6.44 0.7593730037159031
6.45 0.7594691760083536
6.46 0.759565069877512
6.47 0.7596606910416042
6.48 0.7597560448888535
6.49 0.7598511365505715
6.5 0.7599459742476595
6.51 0.7600405658922236
6.5200000000000005 0.7601349181908529
6.53 0.7602290379341246
6.54 0.7603229320158325
6.55 0.7604166074522202
6.5600000000000005 0.7605100714012177
6.57 0.7606033311083933
6.58 0.7606963899539814
6.59 0.7607892511576612
6.6000000000000005 0.7608819192699424
6.61 0.7609743984860355
6.62 0.7610666926233053
6.63 0.7611588050987212
6.640000000000001 0.761250738906304
6.65 0.7613424966399369
6.66 0.7614340842635743
6.67 0.7615255078947929
6.68 0.7616167719142098
6.69 0.7617078807508064
6.7 0.7617988389006118
6.71 0.7618896509453904
6.72 0.7619803215713333
6.73 0.7620708555708591
6.74 0.7621612553752162
6.75 0.7622515229300544
6.76 0.7623416612840974
6.7700000000000005 0.7624316732862664
6.78 0.7625215615762304
6.79 0.7626113285749567
6.8 0.7627009764752589
6.8100000000000005 0.7627905072352882
6.82 0.7628799235525193
6.83 0.7629692282256261
6.84 0.7630584233658679
6.8500000000000005 0.7631475109738161
6.86 0.7632364929415829
6.87 0.7633253710550545
6.88 0.7634141469961204
6.890000000000001 0.7635028223454002
6.9 0.7635913993222718
6.91 0.7636798804070475
6.92 0.7637682676192047
6.93 0.7638565630159841
6.94 0.7639447687039151
6.95 0.7640328868503419
6.96 0.7641209196949527
6.97 0.7642088695613116
6.98 0.7642967362210127
6.99 0.7643845178822346
7.0 0.7644722143976682
7.01 0.7645598252498204
7.0200000000000005 0.7646473495268282
7.03 0.7647347858983241
7.04 0.7648221325912968
7.05 0.7649093873659467
7.0600000000000005 0.7649965516038855
7.07 0.7650836294419239
7.08 0.765170621740291
7.09 0.7652575296244045
7.1000000000000005 0.7653443545259938
7.11 0.765431098218573
7.12 0.7655177628529183
7.13 0.7656043509925526
7.140000000000001 0.7656908617395081
7.15 0.765777290869379
7.16 0.765863637645789
7.17 0.7659499010537835
7.18 0.7660360797539445
7.19 0.7661221720567476
7.2 0.766208175896912
7.21 0.7662940888077477
7.22 0.7663799103201514
7.23 0.7664656423513284
7.24 0.766551284260222
7.25 0.766636835443844
7.26 0.7667222953816463
7.2700000000000005 0.7668076636508674
7.28 0.7668929399418812
7.29 0.7669781240735507
7.3 0.7670632150957603
7.3100000000000005 0.7671482109517155
7.32 0.767233110636695
7.33 0.767317913123713
7.34 0.7674026173416558
7.3500000000000005 0.767487222173899
7.36 0.7675717264569225
7.37 0.7676561289789264
7.38 0.7677404282420359
7.390000000000001 0.7678246223131475
7.4 0.767908709459724
7.41 0.7679926878388514
7.42 0.7680765554822905
7.43 0.7681603102903711
7.44 0.7682439500258845
7.45 0.7683274723079754
7.46 0.7684108758727426
7.47 0.768494161693533
7.48 0.7685773290810879
7.49 0.7686603774862342
7.5 0.7687433065947653
7.51 0.768826116348934
7.5200000000000005 0.7689088069689476
7.53 0.7689913789744676
7.54 0.7690738313647633
7.55 0.769156159460912
7.5600000000000005 0.7692383613509898
7.57 0.7693204350596113
7.58 0.7694023783683196
7.59 0.7694841887931483
7.6000000000000005 0.7695658635621824
7.61 0.7696473995931125
7.62 0.7697287949846352
7.63 0.7698100512846385
7.640000000000001 0.7698911674961972
7.65 0.7699721425851479
7.66 0.7700529756810691
7.67 0.7701336660945581
7.68 0.770214213334508
7.69 0.7702946171253896
7.7 0.7703748764025918
7.71 0.770454987404016
7.72 0.7705349482334954
7.73 0.7706147570447739
7.74 0.7706944118574157
7.75 0.7707739105444745
7.76 0.7708532508201613
7.7700000000000005 0.7709324302275095
7.78 0.7710114469749512
7.79 0.7710903018808202
7.8 0.7711689941095091
7.8100000000000005 0.7712475227848961
7.82 0.7713258871991263
7.83 0.7714040868275742
7.84 0.7714821213438089
7.8500000000000005 0.7715599906345609
7.86 0.7716376942382634
7.87 0.7717152297544368
7.88 0.7717925961058861
7.890000000000001 0.7718697923822703
7.9 0.7719468176581693
7.91 0.7720236709873847
7.92 0.7721003513972384
7.930000000000001 0.7721768578828712
7.94 0.7722531894445078
7.95 0.7723293452251814
7.96 0.7724053242327688
7.97 0.7724811254262987
7.98 0.7725567477293833
7.99 0.77263219002624
8.0 0.7727074511577123
8.01 0.7727825299172913
8.02 0.7728574253105873
8.03 0.7729321375996179
8.040000000000001 0.7730066664199303
8.05 0.7730810113660412
8.06 0.7731551721398556
8.07 0.7732291485586535
8.08 0.7733029405630785
8.09 0.773376548225128
8.1 0.7734499713279318
8.11 0.7735232073482395
8.120000000000001 0.7735962549072373
8.13 0.773669112788487
8.14 0.7737417796248134
8.15 0.7738142538841765
8.16 0.7738865338555422
8.17 0.7739586176347518
8.18 0.7740305037865316
8.19 0.7741021951303558
8.2 0.7741736925828339
8.21 0.7742449967352834
8.22 0.7743161084968619
8.23 0.7743870291204707
8.24 0.7744577602286634
8.25 0.7745283038395573
8.26 0.7745986616075373
8.27 0.7746688295978206
8.28 0.7747388064028202
8.290000000000001 0.774808591325844
8.3 0.7748781834155518
8.31 0.7749475814380753
8.32 0.7750167838491318
8.33 0.7750857887661345
8.34 0.7751545945049125
8.35 0.7752232040616731
8.36 0.7752916184578251
8.370000000000001 0.7753598379893006
8.38 0.7754278631285471
8.39 0.7754956945418726
8.4 0.7755633331067933
8.41 0.7756307799293817
8.42 0.7756980361143867
8.43 0.775765100410007
8.44 0.7758319725508562
8.45 0.7758986527656031
8.46 0.7759651412597286
8.47 0.7760314382094212
8.48 0.7760975437554709
8.49 0.7761634579971626
8.5 0.7762291809883972
8.51 0.776294712757493
8.52 0.7763600532664658
8.53 0.7764252024086643
8.540000000000001 0.7764901600090446
8.55 0.7765549258183118
8.56 0.7766194995070625
8.57 0.7766838806599259
8.58 0.7767480689520164
8.59 0.776812066742008
8.6 0.7768758757639749
8.61 0.7769394973066146
8.620000000000001 0.7770029329086005
8.63 0.7770661843781557
8.64 0.7771292538126301
8.65 0.7771921436180792
8.66 0.7772548562404064
8.67 0.7773173890649397
8.68 0.7773797406059062
8.69 0.7774419105586567
8.700000000000001 0.7775038983047621
8.71 0.7775657028813175
8.72 0.7776273229502431
8.73 0.7776887567675803
8.74 0.7777500024114704
8.75 0.7778110635898687
8.76 0.7778719429661642
8.77 0.777932641605678
8.78 0.7779931608415304
8.790000000000001 0.7780535023017936
8.8 0.7781136679366513
8.81 0.7781736600455584
8.82 0.778233481159553
8.83 0.778293129792491
8.84 0.7783526050350804
8.85 0.7784119073509281
8.86 0.7784710370750915
8.870000000000001 0.7785299943982211
8.88 0.7785887793507028
8.89 0.7786473917867983
8.9 0.7787058314233629
8.91 0.7787641000154021
8.92 0.7788221991617579
8.93 0.7788801296777967
8.94 0.778937892443927
8.950000000000001 0.7789954884122549
8.96 0.7790529186132429
8.97 0.7791101841623684
8.98 0.7791672862558671
8.99 0.7792242255466754
9.0 0.7792810027278809
9.01 0.779337618784986
9.02 0.7793940747272191
9.03 0.7794503715875333
9.040000000000001 0.7795065104226048
9.05 0.7795624923128316
9.06 0.7796183183495508
9.07 0.7796739884766136
9.08 0.7797295024488634
9.09 0.7797848604273564
9.1 0.7798400624174886
9.11 0.7798951082563249
9.120000000000001 0.7799499975999297
9.13 0.7800047299106929
9.14 0.7800593044614368
9.15 0.7801137230811682
9.16 0.7801679881276229
9.17 0.7802221006651061
9.18 0.7802760619450994
9.19 0.7803298734250262
9.200000000000001 0.7803835367870201
9.21 0.7804370539566944
9.22 0.7804904271153775
9.23 0.7805436561166847
9.24 0.7805967401196832
9.25 0.7806496797436938
9.26 0.780702475505973
9.27 0.7807551278093149
9.28 0.7808076369296535
9.290000000000001 0.780860003003663
9.3 0.780912226016945
9.31 0.7809643071221357
9.32 0.7810162479704115
9.33 0.7810680493482878
9.34 0.7811197120787747
9.35 0.7811712370258797
9.36 0.7812226250991101
9.370000000000001 0.7812738772579788
9.38 0.7813249945165076
9.39 0.7813759778261509
9.4 0.7814268279582443
9.41 0.7814775455980408
9.42 0.7815281312878984
9.43 0.7815785854272569
9.44 0.7816289082726238
9.450000000000001 0.7816790999375602
9.46 0.7817291603926679
9.47 0.7817790894655741
9.48 0.7818288868409183
9.49 0.7818785520603392
9.5 0.7819280845224604
9.51 0.7819774844352568
9.52 0.7820267558504074
9.53 0.782075899793454
9.540000000000001 0.7821249167922347
9.55 0.7821738073621909
9.56 0.7822225720063659
9.57 0.7822712112154042
9.58 0.7823197254675495
9.59 0.782368115228643
9.6 0.7824163809521233
9.61 0.7824645230790234
9.620000000000001 0.7825125420379705
9.63 0.7825604382531115
9.64 0.782608212573551
9.65 0.7826558657664198
9.66 0.7827033983861761
9.67 0.7827508109873439
9.68 0.7827981041245121
9.69 0.7828452783523346
9.700000000000001 0.7828923342255302
9.71 0.7829392722988818
9.72 0.7829860931272374
9.73 0.783032797265508
9.74 0.783079385268669
9.75 0.7831258576917596
9.76 0.7831722149305325
9.77 0.7832184570664442
9.78 0.7832645844904974
9.790000000000001 0.7833105976012804
9.8 0.7833564967867445
9.81 0.7834022824242021
9.82 0.7834479548803264
9.83 0.7834935145111491
9.84 0.7835389616620607
9.85 0.7835842966678079
9.86 0.7836295198524944
9.870000000000001 0.783674631529578
9.88 0.7837196320164515
9.89 0.783764521825966
9.9 0.7838093013688655
9.91 0.783853970991501
9.92 0.7838985310348779
9.93 0.7839429818346557
9.94 0.7839873237211471
9.950000000000001 0.7840315570193177
9.96 0.7840756820487852
9.97 0.784119699123819
9.98 0.7841636085533396
9.99 0.7842074106409176
10.0 0.784251105684774
10.01 0.784294694239213
10.02 0.7843381770556315
10.03 0.7843815545781666
10.040000000000001 0.7844248272545663
10.05 0.7844679955387646
10.06 0.7845110598908838
10.07 0.7845540207772332
10.08 0.7845968786703112
10.09 0.7846396340488039
10.1 0.7846822873975866
10.11 0.7847248392077237
10.120000000000001 0.7847672899764692
10.13 0.784809640012859
10.14 0.7848518884658461
10.15 0.7848940352496925
10.16 0.7849360804492147
10.17 0.7849780241250512
10.18 0.7850198663136613
10.19 0.7850616070273218
10.200000000000001 0.7851032462541264
10.21 0.7851447839579833
10.22 0.7851862200786129
10.23 0.7852275545315465
10.24 0.7852687872081232
10.25 0.7853099179812476
10.26 0.7853509480201977
10.27 0.7853918785395791
10.28 0.7854327099178424
10.290000000000001 0.785473442551002
10.3 0.7855140768526385
10.31 0.7855546132538994
10.32 0.7855950522035007
10.33 0.7856353941677271
10.34 0.785675639630435
10.35 0.7857157890930521
10.36 0.7857558430745795
10.370000000000001 0.7857958021115925
10.38 0.7858356663750838
10.39 0.78587543495118
10.4 0.7859151078863346
10.41 0.7859546853086056
10.42 0.785994167330752
10.43 0.7860335540502333
10.44 0.7860728455492079
10.450000000000001 0.7861120418945313
10.46 0.7861511431377567
10.47 0.7861901493151315
10.48 0.7862290604475979
10.49 0.7862678765407912
10.5 0.7863065976123145
10.51 0.7863452243440122
10.52 0.7863837571867726
10.53 0.7864221963414982
10.540000000000001 0.786460542011911
10.55 0.7864987944045503
10.56 0.7865369537287749
10.57 0.7865750201967617
10.58 0.7866129940235073
10.59 0.7866508754268263
10.6 0.7866886646273531
10.61 0.7867263618485414
10.620000000000001 0.7867639673166643
10.63 0.7868014812281048
10.64 0.786838903739681
10.65 0.7868762350605383
10.66 0.786913475402276
10.67 0.7869506249775509
10.68 0.7869876840000788
10.69 0.7870246526846332
10.700000000000001 0.787061531247046
10.71 0.7870983199042076
10.72 0.7871350188740663
10.73 0.7871716283756292
10.74 0.7872081486289609
10.75 0.7872445798011068
10.76 0.787280921576624
10.77 0.7873171739080478
10.78 0.7873533368429939
10.790000000000001 0.7873894104177944
10.8 0.7874253946574952
10.81 0.7874612895758566
10.82 0.7874970951753514
10.83 0.787532811447165
10.84 0.7875684383711941
10.85 0.7876039759160461
10.86 0.7876394240390383
10.870000000000001 0.7876747826861967
10.88 0.7877100525793082
10.89 0.7877452347125674
10.9 0.7877803294003773
10.91 0.7878153369747054
10.92 0.787850257785164
10.93 0.7878850921990099
10.94 0.7879198406011463
10.950000000000001 0.7879545033941235
10.96 0.78798908099814
10.97 0.7880235738510439
10.98 0.7880579824083335
10.99 0.7880923071431585
11.0 0.7881265482274108
11.01 0.7881607045308033
11.02 0.788194775929175
11.03 0.7882287624431351
11.040000000000001 0.7882626640748238
11.05 0.7882964808079106
11.06 0.7883302126075935
11.07 0.7883638594205975
11.08 0.7883974211751736
11.09 0.7884308977810972
11.1 0.7884642891296675
11.11 0.7884975950937059
11.120000000000001 0.7885308155461465
11.13 0.7885639513653537
11.14 0.7885970032479923
11.15 0.7886299714036531
11.16 0.7886628560526416
11.17 0.7886956574259796
11.18 0.7887283757654044
11.19 0.7887610113233716
11.200000000000001 0.7887935643630531
11.21 0.7888260351583398
11.22 0.7888584239938411
11.23 0.788890731164886
11.24 0.7889229569775233
11.25 0.7889551016406288
11.26 0.7889871651611071
11.27 0.789019147766044
11.28 0.789051049698327
11.290000000000001 0.7890828712043271
11.3 0.789114612533899
11.31 0.7891462739403815
11.32 0.7891778556805967
11.33 0.7892093580148511
11.34 0.7892407812069356
11.35 0.789272125524125
11.36 0.7893033912371789
11.370000000000001 0.7893345785716255
11.38 0.7893656870685091
11.39 0.7893967165778056
11.4 0.7894276671322814
11.41 0.7894585387504874
11.42 0.7894893314367575
11.43 0.7895200451812074
11.44 0.7895506799597348
11.450000000000001 0.7895812357340175
11.46 0.789611712451513
11.47 0.7896421100454575
11.48 0.7896724284348656
11.49 0.7897026675245288
11.5 0.7897328278416654
11.51 0.7897629103917048
11.52 0.7897929154310136
11.53 0.7898228432235617
11.540000000000001 0.7898526940471762
11.55 0.7898824681935418
11.56 0.7899121659682017
11.57 0.7899417876905582
11.58 0.7899713336938733
11.59 0.7900008043252699
11.6 0.790030199945732
11.61 0.7900595209301056
11.620000000000001 0.7900887675336826
11.63 0.7901179392258085
11.64 0.790147036010445
11.65 0.790176058018071
11.66 0.790205005372209
11.67 0.7902338781894253
11.68 0.7902626765793284
11.69 0.7902914006445698
11.700000000000001 0.7903200504808429
11.71 0.7903486261768825
11.72 0.7903771278144646
11.73 0.7904055554684062
11.74 0.7904339092086616
11.75 0.7904621895758783
11.76 0.7904903971209774
11.77 0.7905185320849151
11.78 0.7905465947086638
11.790000000000001 0.7905745852332133
11.8 0.790602503899569
11.81 0.790630350948753
11.82 0.7906581266218043
11.83 0.7906858311597778
11.84 0.7907134648037442
11.85 0.7907410277947915
11.86 0.7907685203740228
11.870000000000001 0.7907959427825579
11.88 0.7908232952615323
11.89 0.7908505780520976
11.9 0.7908777913954211
11.91 0.7909049355326861
11.92 0.7909320107050916
11.93 0.790959017125052
11.94 0.7909859545094563
11.950000000000001 0.7910128228467187
11.96 0.7910396223025987
11.97 0.7910663530428674
11.98 0.7910930152333091
11.99 0.7911196090397199
12.0 0.7911461346279083
12.01 0.7911725921636952
12.02 0.7911989818129134
12.030000000000001 0.7912253037414076
12.040000000000001 0.7912515581150354
12.05 0.7912777450996658
12.06 0.7913038648611798
12.07 0.7913299175654706
12.08 0.7913559033784435
12.09 0.7913818224660152
12.1 0.7914076749941148
12.11 0.7914334611286828
12.120000000000001 0.791459181040742
12.13 0.7914848349290423
12.14 0.7915104229690446
12.15 0.791535945331085
12.16 0.7915614021855119
12.17 0.7915867937026854
12.18 0.7916121200529771
12.19 0.7916373814067709
12.200000000000001 0.7916625779344609
12.21 0.7916877098064546
12.22 0.7917127771931698
12.23 0.7917377802650358
12.24 0.7917627191924942
12.25 0.7917875941459971
12.26 0.7918124052960086
12.27 0.7918371528130035
12.280000000000001 0.7918618368674687
12.290000000000001 0.7918864576299018
12.3 0.7919110152708116
12.31 0.7919355100208513
12.32 0.7919599422344418
12.33 0.7919843121175372
12.34 0.7920086198658749
12.35 0.7920328656752043
12.36 0.7920570497412865
12.370000000000001 0.7920811722598947
12.38 0.7921052334268136
12.39 0.79212923343784
12.4 0.7921531724887824
12.41 0.7921770507754604
12.42 0.7922008684937062
12.43 0.7922246258393626
12.44 0.7922483230082847
12.450000000000001 0.7922719601963388
12.46 0.7922955375994026
12.47 0.7923190554133652
12.48 0.7923425138341271
12.49 0.7923659130576004
12.5 0.7923892529740421
12.51 0.7924125333110221
12.52 0.7924357541865706
12.530000000000001 0.7924589157212918
12.540000000000001 0.7924820180357988
12.55 0.7925050612507127
12.56 0.7925280454866629
12.57 0.7925509708642879
12.58 0.7925738375042337
12.59 0.7925966455271554
12.6 0.7926193950537156
12.61 0.7926420862045859
12.620000000000001 0.7926647191004458
12.63 0.7926872938619828
12.64 0.7927098106098932
12.65 0.7927322694648808
12.66 0.7927546705476581
12.67 0.7927770139789453
12.68 0.7927992998831903
12.69 0.7928215286814966
12.700000000000001 0.7928437007205323
12.71 0.792865816171446
12.72 0.7928878752053956
12.73 0.7929098779935484
12.74 0.7929318247070818
12.75 0.7929537155171823
12.76 0.7929755505950463
12.77 0.7929973301118797
12.780000000000001 0.7930190542388976
12.790000000000001 0.7930407231473248
12.8 0.7930623370083955
12.81 0.7930838959933528
12.82 0.79310540027345
12.83 0.793126850019949
12.84 0.7931482454041212
12.85 0.7931695865972472
12.86 0.793190873770617
12.870000000000001 0.7932121070941025
12.88 0.7932332867198857
12.89 0.7932544128112119
12.9 0.7932754855367393
12.91 0.7932965050651346
12.92 0.7933174715650735
12.93 0.7933383852052407
12.94 0.7933592461543295
12.950000000000001 0.7933800545810421
12.96 0.7934008106540895
12.97 0.7934215145421917
12.98 0.7934421664140767
12.99 0.7934627664384817
13.0 0.7934833147841527
13.01 0.7935038116198436
13.02 0.7935242571143175
13.030000000000001 0.7935446514363459
13.040000000000001 0.7935649947547085
13.05 0.7935852872381941
13.06 0.7936055289374783
13.07 0.7936257193953411
13.08 0.7936458586188435
13.09 0.7936659466939853
13.1 0.7936859837067713
13.11 0.7937059697432132
13.120000000000001 0.7937259048893275
13.13 0.7937457892311366
13.14 0.7937656228546693
13.15 0.793785405845959
13.16 0.7938051382910455
13.17 0.7938248202759741
13.18 0.7938444518867956
13.19 0.7938640332095668
13.200000000000001 0.7938835643303495
13.21 0.7939030453352115
13.22 0.7939224763102262
13.23 0.7939418573414722
13.24 0.7939611885150342
13.25 0.7939804701286279
13.26 0.7939997028143293
13.27 0.794018886756219
13.280000000000001 0.7940380221171495
13.290000000000001 0.7940571090599808
13.3 0.7940761477475807
13.31 0.7940951383428247
13.32 0.794114081008596
13.33 0.794132975907785
13.34 0.7941518232032899
13.35 0.7941706230580168
13.36 0.7941893756348785
13.370000000000001 0.794208081096796
13.38 0.7942267396066973
13.39 0.7942453513275181
13.4 0.794263916422201
13.41 0.7942824350536967
13.42 0.7943009073849624
13.43 0.7943193335789633
13.44 0.7943377134806427
13.450000000000001 0.794356046845411
13.46 0.7943743337658067
13.47 0.7943925743347418
13.48 0.7944107686451324
13.49 0.7944289167899004
13.5 0.7944470188619727
13.51 0.7944650749542814
13.52 0.794483085159764
13.530000000000001 0.7945010495713624
13.540000000000001 0.7945189682820241
13.55 0.7945368413847018
13.56 0.7945546689723533
13.57 0.7945724511379406
13.58 0.7945901879744319
13.59 0.7946078795747998
13.6 0.7946255260320217
13.61 0.7946431274390807
13.620000000000001 0.7946606838909342
13.63 0.7946781955648919
13.64 0.7946956626083823
13.65 0.7947130851277214
13.66 0.7947304632292308
13.67 0.7947477970192373
13.68 0.7947650866040723
13.69 0.7947823320900734
13.700000000000001 0.7947995335835829
13.71 0.7948166911909479
13.72 0.7948338050185211
13.73 0.7948508751726605
13.74 0.7948679017597289
13.75 0.7948848848860943
13.76 0.79490182465813
13.77 0.794918721182214
13.780000000000001 0.7949355745647294
13.790000000000001 0.7949523849120648
13.8 0.7949691523306132
13.81 0.7949858769545037
13.82 0.795002559175173
13.83 0.7950191992048139
13.84 0.7950357971886663
13.85 0.7950523532719764
13.86 0.7950688675999957
13.870000000000001 0.7950853403179825
13.88 0.7951017715712
13.89 0.7951181615049177
13.9 0.7951345102644112
13.91 0.7951508179949613
13.92 0.7951670848418548
13.93 0.7951833109503845
13.94 0.7951994964658483
13.950000000000001 0.7952156415335506
13.96 0.7952317462988004
13.97 0.7952478109069135
13.98 0.7952638355032108
13.99 0.7952798202330184
14.0 0.7952957651077796
14.01 0.7953116696845584
14.02 0.795327533972001
14.030000000000001 0.7953433580373092
14.040000000000001 0.7953591419476876
14.05 0.7953748857703454
14.06 0.7953905895724946
14.07 0.7954062534213512
14.08 0.7954218773841342
14.09 0.7954374615280669
14.1 0.7954530059203756
14.11 0.7954685106282903
14.120000000000001 0.7954839757190442
14.13 0.7954994012598746
14.14 0.7955147873180219
14.15 0.79553013396073
14.16 0.7955454412552463
14.17 0.7955607092688218
14.18 0.7955759380687109
14.19 0.7955911279152933
14.200000000000001 0.7956062792966856
14.21 0.7956213923518907
14.22 0.7956364672093977
14.23 0.7956515039977002
14.24 0.7956665028452965
14.25 0.7956814638806899
14.26 0.7956963872323886
14.27 0.7957112730289049
14.280000000000001 0.7957261213987568
14.290000000000001 0.7957409324704662
14.3 0.7957557063725598
14.31 0.7957704432335693
14.32 0.795785143182031
14.33 0.7957998063464853
14.34 0.7958144328554779
14.35 0.7958290228375589
14.36 0.7958435764212827
14.370000000000001 0.7958580937351377
14.38 0.7958725746847877
14.39 0.7958870191615475
14.4 0.795901427249786
14.41 0.795915799033875
14.42 0.7959301345981907
14.43 0.7959444340271123
14.44 0.7959586974050226
14.450000000000001 0.7959729248163072
14.46 0.795987116345356
14.47 0.796001272076562
14.48 0.7960153920943218
14.49 0.796029476483035
14.5 0.796043525327105
14.51 0.7960575387109384
14.52 0.7960715167189453
14.530000000000001 0.796085459435539
14.540000000000001 0.7960993669451363
14.55 0.796113239332157
14.56 0.7961270766750758
14.57 0.7961408788985516
14.58 0.7961546459978165
14.59 0.796168378033305
14.6 0.7961820750654538
14.61 0.7961957371547024
14.620000000000001 0.7962093643614935
14.63 0.7962229567462721
14.64 0.7962365143694862
14.65 0.7962500372915865
14.66 0.7962635255730262
14.67 0.7962769792742616
14.68 0.7962903984557513
14.69 0.7963037831779571
14.700000000000001 0.7963171335013433
14.71 0.7963304494863763
14.72 0.7963437311935262
14.73 0.796356978683265
14.74 0.7963701920160677
14.75 0.7963833713003549
14.76 0.7963965169855919
14.77 0.7964096292598153
14.780000000000001 0.7964227082356219
14.790000000000001 0.7964357540256124
14.8 0.7964487667423913
14.81 0.7964617464985664
14.82 0.7964746934067495
14.83 0.7964876075795557
14.84 0.7965004891296039
14.85 0.7965133381695165
14.86 0.7965261548119196
14.870000000000001 0.7965389391694427
14.88 0.7965516913547189
14.89 0.7965644114803848
14.9 0.7965770996590809
14.91 0.7965897560034505
14.92 0.796602380626141
14.93 0.7966149736398029
14.94 0.7966275350194415
14.950000000000001 0.7966400643721587
14.96 0.7966525617040427
14.97 0.7966650270598593
14.98 0.7966774604843767
14.99 0.7966898620223646
15.0 0.7967022317185949
15.01 0.7967145696178421
15.02 0.7967268757648824
15.030000000000001 0.7967391502044942
15.040000000000001 0.7967513929814577
15.05 0.7967636041405554
15.06 0.7967757837265721
15.07 0.7967879317842939
15.08 0.7968000483585099
15.09 0.7968121334940106
15.1 0.7968241872355888
15.11 0.7968362096280391
15.120000000000001 0.7968482007161586
15.13 0.7968601607307433
15.14 0.7968720900586724
15.15 0.7968839888014816
15.16 0.796895857055945
15.17 0.796907694918839
15.18 0.796919502486944
15.19 0.7969312798570423
15.200000000000001 0.7969430271259198
15.21 0.7969547443903648
15.22 0.7969664317471693
15.23 0.796978089293127
15.24 0.7969897171250354
15.25 0.7970013153396944
15.26 0.7970128840339072
15.27 0.7970244233044794
15.280000000000001 0.7970359332482194
15.290000000000001 0.7970474139619388
15.3 0.7970588655424519
15.31 0.7970702880863897
15.32 0.7970816816465992
15.33 0.7970930462806285
15.34 0.7971043820773293
15.35 0.7971156891255554
15.36 0.797126967514164
15.370000000000001 0.7971382173320146
15.38 0.7971494386679692
15.39 0.7971606316108922
15.4 0.797171796249651
15.41 0.7971829326731152
15.42 0.797194040970157
15.43 0.7972051212296514
15.44 0.7972161735404754
15.450000000000001 0.7972271979915089
15.46 0.7972381946716343
15.47 0.7972491636697363
15.48 0.7972601050747022
15.49 0.797271018975422
15.5 0.7972819054452127
15.51 0.7972927642840426
15.52 0.7973035954404288
15.530000000000001 0.7973143989615918
15.540000000000001 0.7973251748947543
15.55 0.79733592328714
15.56 0.7973466441859748
15.57 0.7973573376384865
15.58 0.797368003691904
15.59 0.7973786423934586
15.6 0.7973892537903826
15.610000000000001 0.7973998379299105
15.620000000000001 0.7974103948592784
15.63 0.797420924625724
15.64 0.7974314272764865
15.65 0.7974419028588071
15.66 0.7974523514199285
15.67 0.7974627730070952
15.68 0.797473167667553
15.69 0.7974835355156641
15.700000000000001 0.7974938770377124
15.71 0.7975041924087759
15.72 0.7975144817343539
15.73 0.7975247451199473
15.74 0.7975349826710603
15.75 0.7975451944931992
15.76 0.7975553806918727
15.77 0.7975655413725927
15.780000000000001 0.797575676640873
15.790000000000001 0.7975857866022301
15.8 0.797595871362183
15.81 0.7976059310262531
15.82 0.7976159656999644
15.83 0.7976259754888431
15.84 0.797635960498418
15.85 0.7976459208342205
15.860000000000001 0.7976558566017841
15.870000000000001 0.7976657679066449
15.88 0.7976756546854072
15.89 0.7976855165220086
15.9 0.79769535342111
15.91 0.797705165416925
15.92 0.797714952543668
15.93 0.7977247148355551
15.94 0.7977344523268032
15.950000000000001 0.7977441650516309
15.96 0.7977538530442577
15.97 0.7977635163389046
15.98 0.7977731549697938
15.99 0.797782768971149
16.0 0.7977923583771944
16.01 0.7978019232221564
16.02 0.7978114635402619
16.03 0.7978209793657395
16.04 0.797830470732819
16.05 0.7978399376757309
16.06 0.7978493802287078
16.07 0.7978587985275287
16.080000000000002 0.7978681927635621
16.09 0.797877562997152
16.1 0.7978869092877262
16.11 0.797896231694714
16.12 0.7979055302775465
16.13 0.7979148050956564
16.14 0.7979240562084777
16.15 0.797933283675446
16.16 0.797942487555999
16.17 0.7979516679095748
16.18 0.7979608247956144
16.19 0.7979699582735592
16.2 0.7979790684028528
16.21 0.7979881552429402
16.22 0.7979972188532678
16.23 0.7980062592932835
16.240000000000002 0.7980152766224368
16.25 0.798024270901321
16.26 0.7980332422857471
16.27 0.7980421909082885
16.28 0.798051116844626
16.29 0.7980600201704416
16.3 0.7980689009614199
16.31 0.798077759293246
16.32 0.7980865952416076
16.330000000000002 0.7980954088821937
16.34 0.798104200290695
16.35 0.7981129695428039
16.36 0.7981217167142145
16.37 0.7981304418806227
16.38 0.7981391451177257
16.39 0.7981478265012225
16.4 0.7981564861068141
16.41 0.7981651240102022
16.42 0.7981737402870911
16.43 0.7981823350131861
16.44 0.7981909082340682
16.45 0.7981994596151146
16.46 0.7982079890575985
16.47 0.7982164965799051
16.48 0.7982249822004205
16.490000000000002 0.798233445937532
16.5 0.7982418878096273
16.51 0.7982503078350952
16.52 0.7982587060323252
16.53 0.7982670824197073
16.54 0.7982754370156332
16.55 0.7982837698384943
16.56 0.7982920809066838
16.57 0.7983003702385949
16.580000000000002 0.7983086378526223
16.59 0.7983168837671609
16.6 0.7983251080006071
16.61 0.7983333105713574
16.62 0.7983414914978094
16.63 0.7983496509016789
16.64 0.7983577893549
16.65 0.7983659070197732
16.66 0.7983740039879169
16.67 0.7983820803509517
16.68 0.7983901362004993
16.69 0.7983981716281835
16.7 0.7984061867256298
16.71 0.7984141815844653
16.72 0.7984221562963189
16.73 0.7984301109528203
16.740000000000002 0.7984380456456026
16.75 0.7984459604662989
16.76 0.7984538555065449
16.77 0.7984617308579774
16.78 0.7984695866122352
16.79 0.7984774228609586
16.8 0.7984852396957893
16.81 0.7984930372083713
16.82 0.7985008153880488
16.830000000000002 0.7985085740600221
16.84 0.7985163132679608
16.85 0.7985240330661304
16.86 0.7985317335087974
16.87 0.7985394146502287
16.88 0.7985470765446939
16.89 0.7985547192464622
16.9 0.7985623428098044
16.91 0.798569947288993
16.92 0.7985775327383009
16.93 0.7985850992120019
16.94 0.7985926467643718
16.95 0.7986001754496869
16.96 0.7986076853222244
16.97 0.7986151764362631
16.98 0.7986226488460826
16.990000000000002 0.7986301026059636
17.0 0.7986375377701879
17.01 0.798644954214601
17.02 0.7986523517624583
17.03 0.7986597304282427
17.04 0.7986670902266828
17.05 0.7986744311725079
17.06 0.798681753280448
17.07 0.7986890565652334
17.080000000000002 0.7986963410415955
17.09 0.7987036067242655
17.1 0.798710853627976
17.11 0.7987180817674597
17.12 0.7987252911574503
17.13 0.7987324818126815
17.14 0.7987396537478881
17.150000000000002 0.7987468069778053
17.16 0.798753941517169
17.17 0.7987610573807156
17.18 0.7987681545831821
17.19 0.7987752331486456
17.2 0.7987822935038545
17.21 0.7987893359317534
17.22 0.7987963605123314
17.23 0.7988033673255792
17.240000000000002 0.7988103564514889
17.25 0.7988173279700536
17.26 0.7988242819612676
17.27 0.7988312185051271
17.28 0.7988381376816287
17.29 0.7988450395707707
17.3 0.7988519242525527
17.31 0.7988587918069756
17.32 0.7988656423140411
17.330000000000002 0.7988724758537528
17.34 0.7988792925061149
17.35 0.7988860923511334
17.36 0.7988928754688149
17.37 0.7988996419391677
17.38 0.7989063917888486
17.39 0.7989131245417042
17.400000000000002 0.7989198400698747
17.41 0.7989265383775366
17.42 0.7989332194688666
17.43 0.7989398833480419
17.44 0.79894653001924
17.45 0.7989531594866394
17.46 0.798959771754418
17.47 0.798966366826755
17.48 0.7989729447078296
17.490000000000002 0.7989795054018215
17.5 0.7989860489129105
17.51 0.7989925752452773
17.52 0.7989990844031024
17.53 0.7990055763905675
17.54 0.7990120512118538
17.55 0.7990185088711437
17.56 0.7990249493726193
17.57 0.7990313728141538
17.580000000000002 0.7990377796158405
17.59 0.7990441698790595
17.6 0.7990505436632149
17.61 0.7990569010277122
17.62 0.799063242031957
17.63 0.7990695667353563
17.64 0.799075875197318
17.650000000000002 0.7990821674772512
17.66 0.7990884436345652
17.67 0.7990947037286711
17.68 0.7991009478189802
17.69 0.7991071759649053
17.7 0.7991133882258593
17.71 0.799119584661257
17.72 0.7991257653305133
17.73 0.7991319302930443
17.740000000000002 0.7991380796082669
17.75 0.7991442133355992
17.76 0.7991503315363001
17.77 0.7991564342738382
17.78 0.7991625216083253
17.79 0.7991685935997707
17.8 0.7991746503081842
17.81 0.7991806917935763
17.82 0.7991867181159592
17.830000000000002 0.7991927293353446
17.84 0.7991987255117462
17.85 0.7992047067051783
17.86 0.7992106729756558
17.87 0.7992166243831946
17.88 0.7992225609878115
17.89 0.7992284828495241
17.900000000000002 0.7992343900283505
17.91 0.7992402825843103
17.92 0.7992461605774236
17.93 0.7992520240677111
17.94 0.7992578731151363
17.95 0.7992637075216606
17.96 0.7992695270697878
17.97 0.7992753317680853
17.98 0.7992811216251213
17.990000000000002 0.7992868966494646
18.0 0.7992926568496838
18.01 0.799298402234348
18.02 0.7993041328120265
18.03 0.7993098485912896
18.04 0.7993155495807072
18.05 0.7993212357888498
18.06 0.7993269072242885
18.07 0.7993325638955942
18.080000000000002 0.7993382058113387
18.09 0.7993438329800938
18.1 0.7993494454104316
18.11 0.799355043110925
18.12 0.7993606260901466
18.13 0.799366194373565
18.14 0.799371748434153
18.150000000000002 0.7993772885418303
18.16 0.7993828147750999
18.17 0.7993883272124654
18.18 0.799393825932432
18.19 0.7993993110135051
18.2 0.7994047825341919
18.21 0.7994102405729996
18.22 0.7994156852084368
18.23 0.7994211165190128
18.240000000000002 0.7994265345832385
18.25 0.7994319394796245
18.26 0.7994373312866833
18.27 0.7994427100829279
18.28 0.7994480759468721
18.29 0.7994534289570308
18.3 0.7994587691919197
18.31 0.7994640967300555
18.32 0.7994694115809216
18.330000000000002 0.7994747132557827
18.34 0.7994800016458791
18.35 0.7994852767536884
18.36 0.7994905385816884
18.37 0.7994957871323571
18.38 0.7995010224081726
18.39 0.7995062444116137
18.400000000000002 0.7995114531451591
18.41 0.7995166486112877
18.42 0.7995218308124785
18.43 0.7995269997512112
18.44 0.7995321554299654
18.45 0.799537297851221
18.46 0.7995424270174581
18.47 0.7995475429311573
18.48 0.7995526455947989
18.490000000000002 0.7995577350108638
18.5 0.7995628111818331
18.51 0.7995678741583193
18.52 0.799572924121339
18.53 0.7995779611112039
18.54 0.7995829851543524
18.55 0.7995879962772233
18.56 0.7995929945062558
18.57 0.7995979798678894
18.580000000000002 0.7996029523885646
18.59 0.7996079120947215
18.6 0.7996128590128011
18.61 0.7996177931692445
18.62 0.7996227145904936
18.63 0.7996276233029903
18.64 0.7996325193331774
18.650000000000002 0.7996374027074975
18.66 0.7996422734523942
18.67 0.799647131594311
18.68 0.7996519771596919
18.69 0.7996568101749819
18.7 0.7996616307605612
18.71 0.7996664391173035
18.72 0.7996712353006038
18.73 0.7996760193633335
18.740000000000002 0.7996807913583649
18.75 0.7996855513385702
18.76 0.7996902993568225
18.77 0.7996950354659953
18.78 0.7996997597189632
18.79 0.7997044721686006
18.8 0.7997091728677834
18.81 0.7997138618693872
18.82 0.7997185392262887
18.830000000000002 0.7997232049913647
18.84 0.7997278592174931
18.85 0.799732501957552
18.86 0.7997371332644204
18.87 0.7997417531909774
18.88 0.7997463617886865
18.89 0.7997509587467367
18.900000000000002 0.7997555437900797
18.91 0.7997601169053514
18.92 0.7997646780791874
18.93 0.7997692272982236
18.94 0.7997737645490959
18.95 0.7997782898184401
18.96 0.7997828030928925
18.97 0.7997873043590892
18.98 0.7997917936036661
18.990000000000002 0.7997962708132599
19.0 0.7998007359745067
19.01 0.7998051890740429
19.02 0.7998096300985053
19.03 0.7998140590345303
19.04 0.7998184758687544
19.05 0.7998228805878147
19.06 0.7998272731783479
19.07 0.7998316536579081
19.080000000000002 0.7998360225976424
19.09 0.7998403802703624
19.1 0.799844726747188
19.11 0.7998490620992407
19.12 0.7998533863976414
19.13 0.7998576997135126
19.14 0.7998620021179774
19.150000000000002 0.799866293682159
19.16 0.7998705744771815
19.17 0.7998748445741697
19.18 0.7998791040442491
19.19 0.7998833529585457
19.2 0.799887591388186
19.21 0.7998918194042973
19.22 0.7998960370780077
19.23 0.7999002444804455
19.240000000000002 0.79990444168274
19.25 0.7999086287560208
19.26 0.7999128057120011
19.27 0.7999169722285744
19.28 0.7999211282616309
19.29 0.7999252738301177
19.3 0.799929408952982
19.31 0.7999335336491722
19.32 0.7999376479376354
19.330000000000002 0.7999417518373204
19.34 0.7999458453671754
19.35 0.7999499285461492
19.36 0.7999540013931907
19.37 0.7999580639272494
19.38 0.7999621161672744
19.39 0.7999661581322157
19.400000000000002 0.7999701898410231
19.41 0.7999742113126469
19.42 0.7999782225660377
19.43 0.7999822236201464
19.44 0.7999862144939235
19.45 0.799990195190609
19.46 0.799994165680173
19.47 0.7999981259720518
19.48 0.8000020760785074
19.490000000000002 0.8000060160118023
19.5 0.8000099457841993
19.51 0.8000138654079609
19.52 0.8000177748953501
19.53 0.8000216742586301
19.54 0.8000255635100644
19.55 0.8000294426619164
19.56 0.8000333117264502
19.57 0.8000371707159296
19.580000000000002 0.8000410196426188
19.59 0.8000448585187822
19.6 0.8000486873566844
19.61 0.8000525061685901
19.62 0.8000563149667644
19.63 0.8000601137634725
19.64 0.8000639027852754
19.650000000000002 0.8000676823793188
19.66 0.8000714526134524
19.67 0.8000752135534451
19.68 0.8000789652650676
19.69 0.8000827078140904
19.7 0.8000864412662846
19.71 0.8000901656874218
19.72 0.8000938811432744
19.73 0.8000975876996148
19.740000000000002 0.8001012854222164
19.75 0.8001049743768525
19.76 0.8001086546292976
19.77 0.800112326245326
19.78 0.800115989290713
19.79 0.8001196438312341
19.8 0.8001232899326656
19.81 0.8001269276607836
19.82 0.8001305570751477
19.830000000000002 0.8001341776931139
19.84 0.800137789160591
19.85 0.8001413914506671
19.86 0.8001449845364299
19.87 0.8001485683909678
19.88 0.8001521429873683
19.89 0.8001557082987192
19.900000000000002 0.8001592642981084
19.91 0.8001628109586234
19.92 0.8001663482533519
19.93 0.8001698761553817
19.94 0.8001733946378
19.95 0.8001769036736947
19.96 0.800180403236153
19.97 0.8001838932982622
19.98 0.8001873738331098
19.990000000000002 0.8001908448137831
20.0 0.8001943062133695
20.01 0.8001977580417259
20.02 0.8002012007808987
20.03 0.8002046346219401
20.04 0.8002080596091505
20.05 0.8002114757868313
20.06 0.8002148831992839
20.07 0.8002182818908103
20.080000000000002 0.8002216719057128
20.09 0.8002250532882939
20.1 0.8002284260828562
20.11 0.8002317903337033
20.12 0.8002351460851385
20.13 0.8002384933814658
20.14 0.8002418322669894
20.150000000000002 0.8002451627860139
20.16 0.8002484849828438
20.17 0.8002517989017848
20.18 0.8002551045871421
20.19 0.8002584020832216
20.2 0.8002616914092932
20.21 0.8002649724740591
20.22 0.8002682452863554
20.23 0.800271509872554
20.240000000000002 0.8002747662590267
20.25 0.8002780144721457
20.26 0.8002812545382836
20.27 0.8002844864838129
20.28 0.8002877103351065
20.29 0.8002909261185376
20.3 0.8002941338604793
20.31 0.8002973335873053
20.32 0.8003005253253893
20.330000000000002 0.8003037091011053
20.34 0.8003068849408272
20.35 0.8003100528709297
20.36 0.8003132129177871
20.37 0.8003163651077745
20.38 0.8003195094672667
20.39 0.8003226459083908
20.400000000000002 0.8003257741571134
20.41 0.8003288941855259
20.42 0.8003320059779268
20.43 0.8003351095186144
20.44 0.8003382047918873
20.45 0.8003412917820439
20.46 0.8003443704733827
20.47 0.8003474408502023
20.48 0.8003505028968008
20.490000000000002 0.8003535565974769
20.5 0.8003566019365289
20.51 0.8003596388982557
20.52 0.8003626674669553
20.53 0.8003656876269267
20.54 0.800368699362468
20.55 0.800371702657878
20.56 0.8003746974974553
20.57 0.800377683865498
20.580000000000002 0.8003806621487506
20.59 0.8003836328579219
20.6 0.8003865960677214
20.61 0.8003895518522107
20.62 0.8003925002854516
20.63 0.8003954414415061
20.64 0.8003983753944371
20.650000000000002 0.8004013022183076
20.66 0.8004042219871811
20.67 0.8004071347751216
20.68 0.8004100406561933
20.69 0.8004129397044608
20.7 0.8004158319939895
20.71 0.8004187175988448
20.72 0.8004215965930923
20.73 0.800424469050799
20.740000000000002 0.8004273350460314
20.75 0.8004301946528563
20.76 0.8004330479330384
20.77 0.8004358944009532
20.78 0.8004387337632561
20.79 0.8004415660051036
20.8 0.8004443911116519
20.81 0.8004472090680571
20.82 0.8004500198594756
20.830000000000002 0.8004528234710635
20.84 0.8004556198879773
20.85 0.800458409095373
20.86 0.8004611910784071
20.87 0.8004639658222357
20.88 0.8004667333120149
20.89 0.8004694935329011
20.900000000000002 0.8004722464700504
20.91 0.8004749921086193
20.92 0.8004777304337637
20.93 0.80048046143064
20.94 0.8004831850844043
20.95 0.8004859014051258
20.96 0.8004886106413639
20.97 0.800491312877426
20.98 0.800494008134425
20.990000000000002 0.8004966964334739
21.0 0.8004993777956859
21.01 0.8005020522421749
21.02 0.800504719794054
21.03 0.800507380472437
21.04 0.8005100342984379
21.05 0.8005126812931705
21.06 0.8005153214777491
21.07 0.8005179548732879
21.080000000000002 0.8005205815009014
21.09 0.8005232013817043
21.1 0.8005258145368113
21.11 0.8005284209873371
21.12 0.8005310207543969
21.13 0.8005336138591059
21.14 0.8005362003638392
21.150000000000002 0.8005387804747731
21.16 0.800541354256521
21.17 0.800543921754758
21.18 0.8005464830151597
21.19 0.8005490380834018
21.2 0.8005515870051606
21.21 0.8005541298261118
21.22 0.8005566665919321
21.23 0.8005591973482982
21.240000000000002 0.8005617221408869
21.25 0.8005642410153755
21.26 0.800566754017441
21.27 0.8005692611927616
21.28 0.8005717625870146
21.29 0.8005742582458782
21.3 0.800576748215031
21.31 0.8005792325401513
21.32 0.8005817112669175
21.330000000000002 0.8005841841776516
21.34 0.8005866507331271
21.35 0.8005891108788656
21.36 0.8005915645758411
21.37 0.800594011785028
21.38 0.8005964524673997
21.39 0.8005988865839306
21.400000000000002 0.8006013140955942
21.41 0.8006037349633641
21.42 0.800606149148214
21.43 0.8006085566111172
21.44 0.8006109573130469
21.45 0.8006133512149765
21.46 0.800615738277879
21.47 0.8006181184627277
21.48 0.8006204917304952
21.490000000000002 0.8006228580421546
21.5 0.8006252173586786
21.51 0.8006275696411119
21.52 0.8006299153310272
21.53 0.8006322549116145
21.54 0.800634588440212
21.55 0.800636915974158
21.56 0.8006392375707914
21.57 0.8006415532874511
21.580000000000002 0.8006438631814765
21.59 0.800646167310207
21.6 0.8006484657309823
21.61 0.8006507585011424
21.62 0.8006530456780275
21.63 0.8006553273189785
21.64 0.8006576034813356
21.650000000000002 0.8006598742224403
21.66 0.8006621395996336
21.67 0.8006643996702572
21.68 0.8006666544916528
21.69 0.8006689041211622
21.7 0.8006711486033171
21.71 0.8006733876349549
21.72 0.8006756210689099
21.73 0.8006778489081035
21.740000000000002 0.8006800711554566
21.75 0.8006822878138904
21.76 0.8006844988863263
21.77 0.8006867043756855
21.78 0.800688904284889
21.79 0.8006910986168586
21.8 0.8006932873745154
21.81 0.800695470560781
21.82 0.8006976481785769
21.830000000000002 0.8006998202308246
21.84 0.8007019867204459
21.85 0.800704147650362
21.86 0.800706303023495
21.87 0.8007084528427665
21.88 0.8007105971110983
21.89 0.8007127358233419
21.900000000000002 0.800714868915254
21.91 0.8007169963674299
21.92 0.8007191181737813
21.93 0.80072123432822
21.94 0.8007233448246575
21.95 0.8007254496570058
21.96 0.8007275488191765
21.97 0.8007296423050815
21.98 0.8007317301086326
21.990000000000002 0.8007338122237415
22.0 0.8007358886443203
22.01 0.8007379593642806
22.02 0.8007400243775346
22.03 0.8007420836779937
22.04 0.8007441372595703
22.05 0.8007461851161761
22.06 0.8007482272417231
22.07 0.8007502636301235
22.080000000000002 0.8007522944164233
22.09 0.8007543201232693
22.1 0.8007563408571943
22.11 0.8007583566829989
22.12 0.8007603676654848
22.13 0.8007623738694531
22.14 0.8007643753597056
22.150000000000002 0.8007663722010442
22.16 0.8007683644582712
22.17 0.800770352196189
22.18 0.8007723354796003
22.19 0.8007743143733075
22.2 0.8007762889421143
22.21 0.8007782592508238
22.22 0.8007802253642397
22.23 0.8007821873471656
22.240000000000002 0.8007841452644057
22.25 0.8007860991807643
22.26 0.8007880491610456
22.27 0.8007899949180503
22.28 0.8007919358566558
22.29 0.8007938719320439
22.3 0.8007958031093135
22.31 0.8007977293535642
22.32 0.8007996506298953
22.330000000000002 0.8008015669034058
22.34 0.8008034781391947
22.35 0.8008053843023611
22.36 0.8008072853580042
22.37 0.8008091812712225
22.38 0.8008110720071148
22.39 0.8008129575307796
22.400000000000002 0.800814837807316
22.41 0.8008167128018223
22.42 0.8008185824793971
22.43 0.8008204468051385
22.44 0.8008223057441451
22.45 0.8008241592627957
22.46 0.8008260076837947
22.47 0.8008278512977727
22.48 0.8008296901352654
22.490000000000002 0.8008315242268094
22.5 0.8008333536029407
22.51 0.800835178294196
22.52 0.8008369983311119
22.53 0.8008388137442249
22.54 0.8008406245640718
22.55 0.8008424308211899
22.56 0.8008442325461158
22.57 0.8008460297693869
22.580000000000002 0.8008478225215404
22.59 0.8008496108331136
22.6 0.8008513947346441
22.61 0.8008531742566695
22.62 0.8008549494297273
22.63 0.8008567202843557
22.64 0.8008584868478927
22.650000000000002 0.8008602490892155
22.66 0.8008620070084406
22.67 0.8008637606271759
22.68 0.8008655099670294
22.69 0.8008672550496092
22.7 0.8008689958965234
22.71 0.80087073252938
22.72 0.8008724649697874
22.73 0.8008741932393539
22.740000000000002 0.8008759173596883
22.75 0.8008776373523988
22.76 0.8008793532390941
22.77 0.8008810650413827
22.78 0.8008827727808736
22.79 0.8008844764791756
22.8 0.8008861761578976
22.81 0.8008878718386487
22.82 0.8008895635430379
22.830000000000002 0.8008912512303992
22.84 0.80089293450534
22.85 0.8008946132664607
22.86 0.8008962874800127
22.87 0.800897957112247
22.88 0.8008996221294146
22.89 0.8009012824977666
22.900000000000002 0.8009029381835537
22.91 0.8009045891530272
22.92 0.8009062353724375
22.93 0.8009078768080358
22.94 0.8009095134260723
22.95 0.8009111451927977
22.96 0.8009127720744629
22.97 0.800914394037318
22.98 0.8009160110476137
22.990000000000002 0.8009176230716003
23.0 0.8009192300755279
23.01 0.8009208320256471
23.02 0.800922429126659
23.03 0.8009240220954067
23.04 0.8009256110446162
23.05 0.8009271960429277
23.06 0.800928777158981
23.07 0.8009303544614161
23.080000000000002 0.8009319280188736
23.09 0.8009334978999939
23.1 0.8009350641734179
23.11 0.8009366269077863
23.12 0.8009381861717405
23.13 0.8009397420339218
23.14 0.8009412945629717
23.150000000000002 0.8009428438275316
23.16 0.8009443898962438
23.17 0.8009459328377503
23.18 0.800947472720693
23.19 0.8009490096137146
23.2 0.8009505435854579
23.21 0.8009520743221424
23.22 0.8009536012889034
23.23 0.8009551244543027
23.240000000000002 0.8009566437908816
23.25 0.8009581592711807
23.26 0.8009596708677406
23.27 0.8009611785531017
23.28 0.8009626822998052
23.29 0.8009641820803909
23.3 0.8009656778673997
23.31 0.8009671696333722
23.32 0.8009686573508482
23.330000000000002 0.8009701409923686
23.34 0.8009716205304734
23.35 0.800973095937703
23.36 0.8009745671865975
23.37 0.8009760342496972
23.38 0.8009774970995421
23.39 0.8009789557112701
23.400000000000002 0.800980410297281
23.41 0.8009818610153938
23.42 0.8009833078788436
23.43 0.8009847509008643
23.44 0.8009861900946905
23.45 0.8009876254735566
23.46 0.8009890570506972
23.47 0.8009904848393471
23.48 0.8009919088527407
23.490000000000002 0.8009933291041128
23.5 0.8009947456066979
23.51 0.800996158373731
23.52 0.8009975674184469
23.53 0.8009989727540803
23.54 0.8010003743938664
23.55 0.8010017723510402
23.56 0.8010031666388363
23.57 0.8010045572704901
23.580000000000002 0.8010059442749861
23.59 0.801007327887135
23.6 0.8010087082157671
23.61 0.8010100853051693
23.62 0.801011459199629
23.63 0.8010128299434343
23.64 0.8010141975808722
23.650000000000002 0.8010155621562309
23.66 0.8010169237137982
23.67 0.8010182822978621
23.68 0.8010196379527106
23.69 0.8010209907226322
23.7 0.801022340651915
23.71 0.8010236877848474
23.72 0.8010250321657183
23.73 0.801026373838816
23.740000000000002 0.8010277128484293
23.75 0.8010290492388472
23.76 0.8010303830543585
23.77 0.8010317142024475
23.78 0.801033041978295
23.79 0.8010343662290188
23.8 0.8010356868998315
23.81 0.8010370039359449
23.82 0.8010383172825709
23.830000000000002 0.8010396268849214
23.84 0.8010409326882076
23.85 0.8010422346376416
23.86 0.8010435326784344
23.87 0.8010448267557975
23.88 0.8010461168149423
23.89 0.8010474028010798
23.900000000000002 0.801048684659421
23.91 0.8010499623351772
23.92 0.801051235773559
23.93 0.8010525049197772
23.94 0.8010537697190426
23.95 0.8010550301165659
23.96 0.8010562863590499
23.97 0.8010575391920414
23.98 0.8010587887058944
23.990000000000002 0.8010600349577347
24.0 0.8010612780046884
24.01 0.8010625179038815
24.02 0.80106375471244
24.03 0.8010649884874903
24.04 0.801066219286159
24.05 0.8010674471655724
24.060000000000002 0.8010686721828576
24.07 0.8010698943951409
24.080000000000002 0.8010711138595494
24.09 0.8010723306332102
24.1 0.8010735447732504
24.11 0.8010747563367976
24.12 0.8010759653809788
24.13 0.8010771719629217
24.14 0.8010783761397541
24.150000000000002 0.8010795776940949
24.16 0.801080776320328
24.17 0.8010819720134625
24.18 0.8010831647690213
24.19 0.8010843545825271
24.2 0.801085541449503
24.21 0.8010867253654713
24.22 0.8010879063259553
24.23 0.8010890843264779
24.240000000000002 0.8010902593625615
24.25 0.8010914314297293
24.26 0.8010926005235043
24.27 0.8010937666394089
24.28 0.8010949297729663
24.29 0.8010960899196994
24.3 0.8010972470751309
24.310000000000002 0.8010984012347837
24.32 0.8010995523941806
24.330000000000002 0.8011007005472172
24.34 0.8011018456130293
24.35 0.8011029875365712
24.36 0.8011041263011924
24.37 0.8011052618902429
24.38 0.8011063942870722
24.39 0.80110752347503
24.400000000000002 0.801108649437466
24.41 0.8011097721577298
24.42 0.8011108916191709
24.43 0.8011120078051392
24.44 0.8011131206989843
24.45 0.8011142302840557
24.46 0.8011153365437028
24.47 0.8011164394612754
24.48 0.801117539020123
24.490000000000002 0.8011186352035949
24.5 0.8011197279950407
24.51 0.8011208173778099
24.52 0.8011219033927577
24.53 0.80112298663997
24.54 0.8011240673366095
24.55 0.8011251455503144
24.560000000000002 0.801126221348722
24.57 0.8011272947994701
24.580000000000002 0.801128365970197
24.59 0.8011294349285403
24.6 0.8011305017421384
24.61 0.8011315664786294
24.62 0.8011326292056518
24.63 0.8011336899908443
24.64 0.8011347489018453
24.650000000000002 0.8011358060062937
24.66 0.8011368613718287
24.67 0.8011379150660888
24.68 0.8011389671567135
24.69 0.8011400177113419
24.7 0.8011410667976133
24.71 0.8011421142903256
24.72 0.8011431593831746
24.73 0.801144201937189
24.740000000000002 0.8011452419040728
24.75 0.8011462792355293
24.76 0.8011473138832625
24.77 0.8011483457989758
24.78 0.8011493749343725
24.79 0.8011504012411562
24.8 0.8011514246710306
24.810000000000002 0.8011524451756984
24.82 0.801153462706863
24.830000000000002 0.8011544772162278
24.84 0.8011554886554955
24.85 0.8011564969763691
24.86 0.8011575021305518
24.87 0.8011585040697462
24.88 0.8011595027456554
24.89 0.8011604981099819
24.900000000000002 0.8011614903471629
24.91 0.8011624799307231
24.92 0.8011634669019383
24.93 0.8011644512879201
24.94 0.8011654331157805
24.95 0.801166412412631
24.96 0.8011673892055835
24.97 0.80116836352175
24.98 0.8011693353882425
24.990000000000002 0.8011703048321729
25.0 0.8011712718806534
25.01 0.801172236560796
25.02 0.8011731988997126
25.03 0.8011741589245158
25.04 0.8011751166623176
25.05 0.8011760721402302
25.060000000000002 0.8011770253853664
25.07 0.8011779764248379
25.080000000000002 0.8011789252857541
25.09 0.8011798719534362
25.1 0.8011808164091113
25.11 0.8011817586714649
25.12 0.8011826987591825
25.13 0.8011836366909494
25.14 0.8011845724854512
25.150000000000002 0.8011855061613732
25.16 0.8011864377374011
25.17 0.8011873672322204
25.18 0.8011882946645166
25.19 0.8011892200529755
25.2 0.8011901434162829
25.21 0.8011910647731242
25.22 0.8011919841421853
25.23 0.801192901542152
25.240000000000002 0.8011938169917099
25.25 0.801194730509545
25.26 0.8011956421143429
25.27 0.8011965518097318
25.28 0.8011974591804253
25.29 0.8011983639969411
25.3 0.8011992662122833
25.310000000000002 0.801200165779456
25.32 0.8012010626514627
25.330000000000002 0.8012019567813077
25.34 0.8012028481219945
25.35 0.8012037366265267
25.36 0.8012046222479079
25.37 0.801205504939142
25.38 0.8012063846532321
25.39 0.8012072613431819
25.400000000000002 0.8012081349619947
25.41 0.801209005462674
25.42 0.8012098727982231
25.43 0.8012107369216449
25.44 0.8012115977859429
25.45 0.8012124553441201
25.46 0.8012133096462697
25.47 0.8012141614638413
25.48 0.8012150110237746
25.490000000000002 0.801215858388953
25.5 0.8012167036222606
25.51 0.8012175467865811
25.52 0.8012183879447985
25.53 0.8012192271597967
25.54 0.8012200644944598
25.55 0.8012209000116721
25.560000000000002 0.8012217337743178
25.57 0.8012225658452815
25.580000000000002 0.8012233962874473
25.59 0.8012242251637
25.6 0.8012250525369242
25.61 0.8012258784700046
25.62 0.8012267030258262
25.63 0.8012275262672737
25.64 0.8012283482572322
25.650000000000002 0.801229168891048
25.66 0.8012299875976819
25.67 0.8012308043042807
25.68 0.8012316189888035
25.69 0.8012324316292092
25.7 0.8012332422034577
25.71 0.8012340506895077
25.72 0.8012348570653187
25.73 0.8012356613088498
25.740000000000002 0.8012364633980602
25.75 0.8012372633109088
25.76 0.801238061025355
25.77 0.8012388565193577
25.78 0.801239649770876
25.79 0.801240440757869
25.8 0.8012412294582956
25.810000000000002 0.8012420158501148
25.82 0.8012427999112858
25.830000000000002 0.8012435816197672
25.84 0.8012443610455299
25.85 0.8012451383406941
25.86 0.8012459135121782
25.87 0.8012466865641842
25.88 0.8012474575009151
25.89 0.8012482263265731
25.900000000000002 0.8012489930453608
25.91 0.8012497576614805
25.92 0.801250520179135
25.93 0.8012512806025268
25.94 0.8012520389358584
25.95 0.8012527951833324
25.96 0.8012535493491509
25.97 0.8012543014375172
25.98 0.8012550514526333
25.990000000000002 0.8012557993987022
26.0 0.8012565452799263
26.01 0.8012572891005083
26.02 0.8012580308654034
26.03 0.8012587708083563
26.04 0.801259509144535
26.05 0.8012602459203428
26.060000000000002 0.8012609811821831
26.07 0.801261714976459
26.080000000000002 0.8012624473495739
26.09 0.801263178347931
26.1 0.8012639080179342
26.11 0.8012646364059868
26.12 0.8012653635584923
26.13 0.8012660895218545
26.14 0.801266814342477
26.150000000000002 0.8012675380667637
26.16 0.8012682607411182
26.17 0.8012689824119446
26.18 0.8012697031256467
26.19 0.8012704229286286
26.2 0.8012711418672943
26.21 0.8012718599538218
26.22 0.8012725765621644
26.23 0.8012732914043978
26.240000000000002 0.8012740044293313
26.25 0.8012747155857747
26.26 0.8012754248225378
26.27 0.8012761320884302
26.28 0.8012768373322612
26.29 0.8012775405028405
26.3 0.8012782415489775
26.310000000000002 0.8012789404194816
26.32 0.8012796370631619
26.330000000000002 0.8012803314288278
26.34 0.8012810234652887
26.35 0.8012817131213538
26.36 0.8012824003458319
26.37 0.8012830850875323
26.38 0.8012837672952638
26.39 0.8012844469178357
26.400000000000002 0.8012851240008272
26.41 0.8012857991486922
26.42 0.8012864725049202
26.43 0.8012871441053935
26.44 0.8012878139859934
26.45 0.8012884821826022
26.46 0.801289148731102
26.47 0.801289813667375
26.48 0.8012904770273029
26.490000000000002 0.8012911388467683
26.5 0.801291799161653
26.51 0.8012924580078397
26.52 0.8012931154212103
26.53 0.8012937714376475
26.54 0.8012944260930333
26.55 0.8012950794232502
26.560000000000002 0.801295731464181
26.57 0.8012963822517079
26.580000000000002 0.8012970318217134
26.59 0.8012976801129175
26.6 0.8012983268523833
26.61 0.8012989720154521
26.62 0.8012996155959298
26.63 0.8013002575876218
26.64 0.8013008979843343
26.650000000000002 0.8013015367798728
26.66 0.8013021739680432
26.67 0.8013028095426509
26.68 0.801303443497502
26.69 0.8013040758264022
26.7 0.8013047065231571
26.71 0.8013053355815722
26.72 0.8013059629954539
26.73 0.8013065887586074
26.740000000000002 0.8013072128648385
26.75 0.8013078353079529
26.76 0.8013084560817565
26.77 0.8013090751800549
26.78 0.8013096925261314
26.79 0.8013103080014033
26.8 0.8013109215810533
26.810000000000002 0.8013115332410483
26.82 0.8013121429573556
26.830000000000002 0.8013127507059425
26.84 0.8013133564627767
26.85 0.8013139602038247
26.86 0.801314561905054
26.87 0.8013151615424322
26.88 0.8013157590919258
26.89 0.8013163545295022
26.900000000000002 0.8013169478311288
26.91 0.8013175389727724
26.92 0.8013181279304001
26.93 0.8013187146799793
26.94 0.8013192991974767
26.95 0.8013198814588592
26.96 0.8013204614448486
26.97 0.8013210395914816
26.98 0.8013216162333003
26.990000000000002 0.8013221914246301
27.0 0.8013227652197962
27.01 0.8013233376731238
27.02 0.8013239088389378
27.03 0.801324478771564
27.04 0.8013250475253275
27.05 0.8013256151545541
27.060000000000002 0.8013261817135688
27.07 0.8013267472566976
27.080000000000002 0.8013273118382658
27.09 0.8013278755125991
27.1 0.8013284383340232
27.11 0.8013290003568639
27.12 0.8013295616354469
27.13 0.8013301222240982
27.14 0.8013306821771434
27.150000000000002 0.8013312415071431
27.16 0.8013317996711142
27.17 0.8013323564637698
27.18 0.8013329118555917
27.19 0.8013334658170613
27.2 0.801334018318661
27.21 0.8013345693308719
27.22 0.801335118824176
27.23 0.8013356667690548
27.240000000000002 0.8013362131359899
27.25 0.8013367578954632
27.26 0.8013373010179561
27.27 0.80133784247395
27.28 0.8013383822339267
27.29 0.801338920268368
27.3 0.8013394565477546
27.310000000000002 0.8013399910425686
27.32 0.8013405237232912
27.330000000000002 0.801341054560404
27.34 0.8013415835974078
27.35 0.8013421112090268
27.36 0.8013426374728079
27.37 0.8013431624126988
27.38 0.8013436860526472
27.39 0.8013442084166009
27.400000000000002 0.8013447295285074
27.41 0.8013452494123147
27.42 0.8013457680919701
27.43 0.8013462855914218
27.44 0.8013468019346175
27.45 0.801347317145505
27.46 0.801347831248032
27.47 0.8013483442661464
27.48 0.8013488562237963
27.490000000000002 0.8013493671449294
27.5 0.8013498770534936
27.51 0.801350385973437
27.52 0.8013508939287074
27.53 0.8013514009236025
27.54 0.8013519069294072
27.55 0.801352411960484
27.560000000000002 0.8013529160334285
27.57 0.8013534191648368
27.580000000000002 0.8013539213713046
27.59 0.8013544226694275
27.6 0.8013549230758015
27.61 0.8013554226070224
27.62 0.8013559212796859
27.63 0.8013564191103884
27.64 0.8013569161157251
27.650000000000002 0.8013574123122923
27.66 0.8013579077166861
27.67 0.801358402345502
27.68 0.8013588962153361
27.69 0.8013593893427844
27.7 0.8013598817444431
27.71 0.8013603734369078
27.72 0.801360864192002
27.73 0.8013613536995661
27.740000000000002 0.8013618419203965
27.75 0.801362328815816
27.76 0.801362814347148
27.77 0.8013632984757153
27.78 0.8013637811628411
27.79 0.8013642623698484
27.8 0.8013647420580603
27.810000000000002 0.8013652201887996
27.82 0.8013656967233895
27.830000000000002 0.8013661716231526
27.84 0.8013666448494121
27.85 0.8013671163634907
27.86 0.8013675861267112
27.87 0.8013680541003965
27.88 0.8013685202458695
27.89 0.8013689845244525
27.900000000000002 0.8013694469070387
27.91 0.8013699078186908
27.92 0.8013703675303364
27.93 0.8013708260774375
27.94 0.8013712834954562
27.95 0.8013717398198548
27.96 0.801372195086095
27.97 0.8013726493296395
27.98 0.8013731025859503
27.990000000000002 0.8013735548904896
28.0 0.8013740062787198
28.01 0.8013744567861033
28.02 0.8013749064481023
28.03 0.8013753553001793
28.04 0.8013758033777966
28.05 0.8013762507164164
28.060000000000002 0.8013766973515014
28.07 0.8013771433185142
28.080000000000002 0.8013775886529169
28.09 0.8013780333490617
28.1 0.8013784769951322
28.11 0.8013789194558055
28.12 0.8013793607053419
28.13 0.8013798007180014
28.14 0.8013802394680443
28.150000000000002 0.8013806769297306
28.16 0.8013811130773205
28.17 0.8013815478850742
28.18 0.8013819813272518
28.19 0.8013824133781132
28.2 0.8013828440119187
28.21 0.801383273202928
28.22 0.8013837009254015
28.23 0.8013841271535991
28.240000000000002 0.8013845518617807
28.25 0.801384975024206
28.26 0.8013853966151356
28.27 0.8013858166088292
28.28 0.8013862350291531
28.29 0.8013866520775248
28.3 0.8013870677822215
28.310000000000002 0.8013874821476265
28.32 0.8013878951781231
28.330000000000002 0.8013883068780955
28.34 0.8013887172519266
28.35 0.8013891263040003
28.36 0.8013895340387001
28.37 0.8013899404604092
28.38 0.8013903455735116
28.39 0.801390749382391
28.400000000000002 0.8013911518914304
28.41 0.801391553105014
28.42 0.8013919530275249
28.43 0.8013923516633469
28.44 0.8013927490168636
28.45 0.8013931450924586
28.46 0.8013935398945156
28.47 0.8013939335158375
28.48 0.8013943261609476
28.490000000000002 0.8013947178686708
28.5 0.8013951086722526
28.51 0.8013954986049392
28.52 0.801395887699976
28.53 0.8013962759906087
28.54 0.8013966635100837
28.55 0.8013970502916463
28.560000000000002 0.8013974363685425
28.57 0.8013978217740183
28.580000000000002 0.8013982065413194
28.59 0.8013985907036919
28.6 0.8013989742943817
28.61 0.8013993573466346
28.62 0.8013997398936968
28.63 0.8014001219688142
28.64 0.801400503605233
28.650000000000002 0.801400884836186
28.66 0.8014012653973169
28.67 0.8014016449916779
28.68 0.8014020235921572
28.69 0.801402401171644
28.7 0.8014027777030266
28.71 0.8014031531591941
28.72 0.8014035275130348
28.73 0.8014039007374375
28.740000000000002 0.8014042728052908
28.75 0.8014046436894835
28.76 0.8014050133629038
28.77 0.8014053817984408
28.78 0.8014057489689826
28.79 0.8014061148474181
28.8 0.8014064794066359
28.810000000000002 0.8014068426195242
28.82 0.8014072044589716
28.830000000000002 0.8014075648978668
28.84 0.8014079239233329
28.85 0.8014082819285302
28.86 0.8014086391286225
28.87 0.8014089955602737
28.88 0.801409351260148
28.89 0.8014097062649098
28.900000000000002 0.8014100606112231
28.91 0.8014104143357521
28.92 0.8014107674751609
28.93 0.8014111200661143
28.94 0.801411472145276
28.95 0.8014118237493104
28.96 0.8014121749148819
28.97 0.801412525678655
28.98 0.8014128760772938
28.990000000000002 0.8014132261474627
29.0 0.8014135759258264
29.01 0.8014139254490489
29.02 0.8014142747537949
29.03 0.8014146238329911
29.04 0.8014149723498238
29.05 0.80141532021509
29.060000000000002 0.8014156674152723
29.07 0.8014160139368534
29.080000000000002 0.8014163597663156
29.09 0.8014167048901416
29.1 0.8014170492948139
29.11 0.8014173929668151
29.12 0.8014177358926279
29.13 0.8014180780587343
29.14 0.8014184194516173
29.150000000000002 0.8014187600577592
29.16 0.8014190998636428
29.17 0.8014194388557503
29.18 0.8014197770205642
29.19 0.8014201143445672
29.2 0.8014204508142416
29.21 0.8014207864160698
29.22 0.8014211211321566
29.23 0.8014214549322536
29.240000000000002 0.8014217877992412
29.25 0.8014221197173628
29.26 0.8014224506708607
29.27 0.8014227806439774
29.28 0.8014231096209562
29.29 0.8014234375860393
29.3 0.8014237645234695
29.310000000000002 0.8014240904174895
29.32 0.8014244152523418
29.330000000000002 0.8014247390122692
29.34 0.8014250616815143
29.35 0.8014253832443197
29.36 0.8014257036849282
29.37 0.801426022987582
29.38 0.8014263411365241
29.39 0.8014266581159971
29.400000000000002 0.8014269739102434
29.41 0.8014272886516953
29.42 0.8014276026077889
29.43 0.8014279158099068
29.44 0.8014282282848534
29.45 0.801428540059433
29.46 0.8014288511604497
29.47 0.8014291616147082
29.48 0.8014294714490129
29.490000000000002 0.8014297806901679
29.5 0.801430089364978
29.51 0.8014303975002471
29.52 0.8014307051227801
29.53 0.8014310122593814
29.54 0.8014313189368553
29.55 0.8014316251820063
29.560000000000002 0.8014319310216389
29.57 0.8014322364825577
29.580000000000002 0.8014325415915672
29.59 0.8014328463744654
29.6 0.8014331505215022
29.61 0.8014334537471727
29.62 0.8014337560161131
29.63 0.8014340572929599
29.64 0.8014343575423495
29.650000000000002 0.8014346567289178
29.66 0.8014349548173012
29.67 0.8014352517721358
29.68 0.801435547558058
29.69 0.8014358421397039
29.7 0.8014361354817094
29.71 0.8014364275487112
29.72 0.8014367183053451
29.73 0.8014370077162473
29.740000000000002 0.8014372957460539
29.75 0.801437582359401
29.76 0.8014378675209247
29.77 0.801438151195261
29.78 0.8014384333694506
29.79 0.8014387144570121
29.8 0.8014389946474846
29.810000000000002 0.8014392739707898
29.82 0.8014395524568491
29.830000000000002 0.801439830135584
29.84 0.801440107036916
29.85 0.801440383190767
29.86 0.8014406586270582
29.87 0.8014409333757112
29.88 0.8014412074666477
29.89 0.8014414809297891
29.900000000000002 0.8014417537950572
29.91 0.8014420260923738
29.92 0.8014422978516603
29.93 0.8014425691028386
29.94 0.80144283987583
29.95 0.8014431102005564
29.96 0.8014433801069395
29.97 0.8014436496182441
29.98 0.8014439187187529
