0.0 0.001981881335626043
0.01 0.004286994733882372
0.02 0.006909626647674192
0.03 0.009843700708349121
0.04 0.013082771288701691
0.05 0.016620072482273325
0.06 0.020448556400586137
0.07 0.02456090976484579
0.08 0.028949585385031812
0.09 0.033606838181799645
0.1 0.03852473600012316
0.11 0.04369520993742977
0.12 0.049110058360537216
0.13 0.054760989528394644
0.14 0.060639640376600336
0.15 0.06673759005435717
0.16 0.07304640193434755
0.17 0.07955762792690972
0.18 0.08626283093857982
0.19 0.09315360244869099
0.2 0.10022158017104633
0.21 0.10745846036200597
0.22 0.11485601048830697
0.23 0.1224060807975365
0.24 0.13010061593575006
0.25 0.13793166354553865
0.26 0.1458913799560189
0.27 0.15397203740119245
0.28 0.1621660294490523
0.29 0.17046587579596456
0.3 0.17886422489615908
0.31 0.1873538567357433
0.32 0.19592768476015862
0.33 0.20457875893642086
0.34 0.2133002647891605
0.35000000000000003 0.22208552312981128
0.36 0.23092799008506837
0.37 0.23982125500342605
0.38 0.24875903854258144
0.39 0.2577351934315494
0.4 0.2667437016814621
0.41000000000000003 0.27577867243513465
0.42 0.28483433902859034
0.43 0.29390505767607594
0.44 0.30298530490142006
0.45 0.3120696750032232
0.46 0.3211528751158679
0.47000000000000003 0.33022972411883744
0.48 0.3392951512837286
0.49 0.3483441930605857
0.5 0.3573719892346689
0.51 0.3663737781266531
0.52 0.3753448980624407
0.53 0.3842807834891629
0.54 0.39317696255736784
0.55 0.4020290548827702
0.56 0.4108327694050963
0.5700000000000001 0.41958390128497447
0.58 0.4282783307961328
0.59 0.43691202194558354
0.6 0.44548102047918187
0.61 0.4539814523941192
0.62 0.46240952260240703
0.63 0.4707615137377473
0.64 0.47903378508607214
0.65 0.48722277177650336
0.66 0.49532498404828446
0.67 0.5033370066885604
0.68 0.5112554986314111
0.6900000000000001 0.5190771927128409
0.7000000000000001 0.5267988955802466
0.71 0.5344174877544101
0.72 0.5419299238416081
0.73 0.5493332328929853
0.74 0.5566245114754497
0.75 0.5638009087364095
0.76 0.5708596619583028
0.77 0.5777980832774817
0.78 0.5846135587680407
0.79 0.5913035490892653
0.8 0.597865590221365
0.81 0.6042972942832706
0.8200000000000001 0.6105963504259271
0.8300000000000001 0.616760525794187
0.84 0.6227876665500915
0.85 0.628675701232758
0.86 0.6344226441478249
0.87 0.640026588894632
0.88 0.6454857131697169
0.89 0.6507982802289348
0.9 0.6559626401914218
0.91 0.660977231351005
0.92 0.6658405814861379
0.93 0.6705513091593506
0.9400000000000001 0.6751081249971597
0.9500000000000001 0.6795098329413688
0.96 0.6837553221384504
0.97 0.6878435658419215
0.98 0.6917736437524143
0.99 0.6955447315710187
1.0 0.6991561015798261
1.01 0.7026071233234094
1.02 0.7058972641927188
1.03 0.7090260899038096
1.04 0.7119932648641705
1.05 0.7147985524198529
1.06 0.7174418149770267
1.07 0.7199230246591038
1.08 0.7222422598621625
1.09 0.7243996897449391
1.1 0.72639558345728
1.11 0.7282303097444432
1.12 0.729904336392173
1.1300000000000001 0.731418229523426
1.1400000000000001 0.7327726527447759
1.1500000000000001 0.7339683661411186
1.16 0.7350062251178937
1.17 0.7358871791158791
1.18 0.7366122791414901
1.19 0.737182669722593
1.2 0.7375995801483175
1.21 0.7378643282496381
1.22 0.7379783184641723
1.23 0.7380135971650608
1.24 0.7381965734835764
1.25 0.7385255961335824
1.26 0.7389989363054998
1.27 0.7396147902537719
1.28 0.7403712813556029
1.29 0.7412664255356803
1.3 0.7422981712424016
1.31 0.74346441597897
1.32 0.7447629921306566
1.33 0.7461916697337097
1.34 0.7477481593143536
1.35 0.7494301147929262
1.36 0.751235136448301
1.37 0.7531607739378839
1.3800000000000001 0.7552045293686473
1.3900000000000001 0.7573638590868612
1.4000000000000001 0.7596361460999488
1.41 0.7620187403294086
1.42 0.7645089638535377
1.43 0.7671041034227986
1.44 0.7698014133989339
1.45 0.7725981187054645
1.46 0.7754914177872063
1.47 0.7784784855767879
1.48 0.781556476466504
1.49 0.7847225272841972
1.5 0.7879737562100624
1.51 0.7913072166801424
1.52 0.7947199690152691
1.53 0.7982090751193301
1.54 0.8017715882309038
1.55 0.8054045553426821
1.56 0.8091050196004658
1.57 0.8128700226828102
1.58 0.816696607162668
1.59 0.8205818188526329
1.6 0.8245227091356279
1.61 0.828516332393539
1.62 0.8325597139447152
1.6300000000000001 0.836649907341604
1.6400000000000001 0.8407839837059266
1.6500000000000001 0.8449590267842386
1.6600000000000001 0.8491721348153454
1.67 0.8534204223823494
1.68 0.8577010222522427
1.69 0.8620110872060192
1.7 0.8663477918623523
1.71 0.8707083344979158
1.72 0.8750899299418591
1.73 0.8794897735252241
1.74 0.8839051128371312
1.75 0.8883332271997039
1.76 0.8927714232337006
1.77 0.8972170361954703
1.78 0.901667431308221
1.79 0.9061200050902082
1.8 0.9105721866823671
1.81 0.9150214391778042
1.82 0.9194652609554632
1.83 0.9239011795067189
1.84 0.9283267338805192
1.85 0.9327395178009268
1.86 0.937137164849391
1.87 0.9415173473402128
1.8800000000000001 0.9458777773998156
1.8900000000000001 0.9502162080483255
1.9000000000000001 0.9545304342845097
1.9100000000000001 0.9588182941749551
1.92 0.963077669948198
1.93 0.9673064890943429
1.94 0.9715027151876087
1.95 0.9756643350547327
1.96 0.9797894003517282
1.97 0.9838760105430988
1.98 0.9879223124754135
1.99 0.9919265011819196
2.0 0.9958868206772465
2.0100000000000002 0.999801564741325
2.02 1.0036690776914987
2.0300000000000002 1.0074877551416563
2.04 1.0112560447470686
2.05 1.0149724429952587
2.06 1.0186354938287638
2.07 1.022243800049914
2.08 1.025796018521711
2.09 1.0292908605691329
2.1 1.0327270925063008
2.11 1.0361035361327808
2.12 1.0394190691968777
2.13 1.0426726258237229
2.14 1.0458631969059122
2.15 1.0489898304544132
2.16 1.0520516287291304
2.17 1.0550477487684073
2.18 1.057977408256095
2.19 1.0608398823682985
2.2 1.0636345038112578
2.21 1.0663606628236049
2.22 1.0690178071204675
2.23 1.0716054417773107
2.24 1.0741231290514694
2.25 1.076570488139423
2.2600000000000002 1.0789471948702323
2.27 1.0812529903855013
2.2800000000000002 1.0834876756771883
2.29 1.0856511017548889
2.3000000000000003 1.087743175738017
2.31 1.0897638603285424
2.32 1.0917131732143959
2.33 1.093591186402504
2.34 1.095398025480564
2.35 1.0971338688068089
2.36 1.0987989466271646
2.37 1.100393540237557
2.38 1.1019179933611054
2.39 1.103372700151646
2.4 1.1047580975098117
2.41 1.1060746703830002
2.42 1.1073229506022253
2.43 1.1085035156525922
2.44 1.10961698737788
2.45 1.110664030619847
2.46 1.1116453517929812
2.47 1.1125616973955352
2.48 1.1134138532052975
2.49 1.1142026673142096
2.5 1.114929020989314
2.5100000000000002 1.1155938223653397
2.52 1.1161980143660124
2.5300000000000002 1.1167425731449896
2.54 1.1172285064825784
2.5500000000000003 1.1176568521395605
2.56 1.1180286761694875
2.57 1.1183450711908292
2.58 1.1186071546203638
2.59 1.1188160683878343
2.6 1.1189730010493972
2.61 1.119079154432025
2.62 1.119135743416754
2.63 1.1191440012228508
2.64 1.119182824736434
2.65 1.1192674647883405
2.66 1.1193966434096445
2.67 1.1195690711951019
2.68 1.1197834490697267
2.69 1.120038470069663
2.7 1.1203328179433936
2.71 1.120665140715399
2.72 1.1210340951498177
2.73 1.1214383404754884
2.74 1.1218765336088998
2.75 1.1223473306767129
2.7600000000000002 1.122849388534419
2.77 1.1233813662806456
2.7800000000000002 1.1239419267666773
2.79 1.1245297381008366
2.8000000000000003 1.1251434751474108
2.81 1.1257818170318579
2.82 1.1264434275468986
2.83 1.127126993165154
2.84 1.1278312140861637
2.85 1.128554801832635
2.86 1.1292964804513357
2.87 1.1300549876977422
2.88 1.1308290762045734
2.89 1.131617514634372
2.9 1.1324190888163295
2.91 1.1332326028675963
2.92 1.1340568747706599
2.93 1.134890719893772
2.94 1.1357329878108038
2.95 1.1365825505225624
2.96 1.1374383009472737
2.97 1.1382991537016751
2.98 1.1391640458589325
2.99 1.140031937683773
3.0 1.1409018133452273
3.0100000000000002 1.1417726816073837
3.02 1.1426435764985603
3.0300000000000002 1.1435135532529825
3.04 1.144381680432503
3.0500000000000003 1.14524706214653
3.06 1.1461088295129929
3.0700000000000003 1.146966140217954
3.08 1.147818178904684
3.09 1.1486641575376058
3.1 1.149503315741454
3.11 1.1503349211159992
3.12 1.1511582695266571
3.13 1.151972685371309
3.14 1.1527775174477493
3.15 1.1535721354328083
3.16 1.1543559441585456
3.17 1.1551283769895506
3.18 1.1558888955717597
3.19 1.1566369898490034
3.2 1.1573721780530641
3.21 1.158094006667428
3.22 1.158802050364913
3.23 1.1594959119193236
3.24 1.1601752220912793
3.25 1.1608396388394198
3.2600000000000002 1.1614888470511184
3.27 1.1621225597571043
3.2800000000000002 1.1627405171402696
3.29 1.1633424862704513
3.3000000000000003 1.1639282608241908
3.31 1.16449766077873
3.3200000000000003 1.165050532080285
3.33 1.1655867462866065
3.34 1.166106200183847
3.35 1.1666088153777208
3.36 1.1670945401463966
3.37 1.167563348141452
3.38 1.1680152348449686
3.39 1.1684502190447124
3.4 1.1688683423341304
3.41 1.169269668586627
3.42 1.1696542834053716
3.43 1.1700222935485711
3.44 1.1703738263301342
3.45 1.1707090289956452
3.46 1.1710280681066065
3.47 1.1713311372418023
3.48 1.171618449984262
3.49 1.171890233185652
3.5 1.1721467313109233
3.5100000000000002 1.172388205776349
3.52 1.1726149342668355
3.5300000000000002 1.1728272100324033
3.54 1.173025341163737
3.5500000000000003 1.1732096498467044
3.56 1.1733804715957366
3.5700000000000003 1.1735381546972545
3.58 1.1736830710791588
3.59 1.1738156035800504
3.6 1.1739361413551683
3.61 1.1740450842199535
3.62 1.174142841895565
3.63 1.1742298332383592
3.64 1.1743064854532432
3.65 1.1743732332908192
3.66 1.1744305182282342
3.67 1.17447878763366
3.68 1.1745184946470055
3.69 1.1745501128434728
3.7 1.1745741162559888
3.71 1.1745909779347021
3.72 1.1746011742880498
3.73 1.1746051843265126
3.74 1.1746068797561502
3.75 1.1746137987460796
3.7600000000000002 1.174625459112319
3.77 1.1746413791891703
3.7800000000000002 1.1746610786333025
3.79 1.1746840778939334
3.8000000000000003 1.1747098838920744
3.81 1.1747380123932887
3.8200000000000003 1.1747679859013622
3.83 1.1747993305502678
3.84 1.1748315767916007
3.85 1.174864260084586
3.86 1.174896921588645
3.87 1.1749291088584923
3.88 1.1749603765417493
3.89 1.1749902870790283
3.9 1.175018409268839
3.91 1.1750443048522863
3.92 1.175067552207227
3.93 1.175087741379962
3.94 1.1751044719124255
3.95 1.1751173533848525
3.96 1.1751260059537127
3.97 1.1751300608848458
3.98 1.1751309606879492
3.99 1.1751371601607756
4.0 1.17514899155939
4.01 1.175166776464506
4.0200000000000005 1.1751908353124856
4.03 1.1752214679663993
4.04 1.175258959437498
4.05 1.1753035810092844
4.0600000000000005 1.175355589886569
4.07 1.175415228855371
4.08 1.1754827259537215
4.09 1.1755582941534188
4.1 1.175642131052789
4.11 1.175734418580499
4.12 1.1758353253611085
4.13 1.1759450126613071
4.14 1.1760636199766747
4.15 1.1761912703730732
4.16 1.176328071048758
4.17 1.17647411320843
4.18 1.17662947195268
4.19 1.176794206182842
4.2 1.1769683585212662
4.21 1.1771519552470218
4.22 1.1773450062470343
4.23 1.1775475067586119
4.24 1.1777594395465385
4.25 1.1779807681992227
4.26 1.178211440196085
4.2700000000000005 1.1784513871759479
4.28 1.178700525032469
4.29 1.1789587540269602
4.3 1.1792259589185567
4.3100000000000005 1.179502009111706
4.32 1.179786758820931
4.33 1.1800800472528274
4.34 1.18038169915529
4.3500000000000005 1.1806915251883514
4.36 1.1810093212489288
4.37 1.1813348691929957
4.38 1.1816679371222967
4.39 1.182008279676624
4.4 1.1823556383432636
4.41 1.1827097417835446
4.42 1.1830703061764358
4.43 1.1834370355791186
4.44 1.1838096223044767
4.45 1.1841877450892166
4.46 1.1845710698423724
4.47 1.1849592538099192
4.48 1.1853519437768025
4.49 1.1857487764791896
4.5 1.1861493790418063
4.51 1.186553369430176
4.5200000000000005 1.1869603569177074
4.53 1.1873699425675726
4.54 1.1877817197293299
4.55 1.1881952745467035
4.5600000000000005 1.188610181385084
4.57 1.1890260064522071
4.58 1.1894423132177065
4.59 1.1898586593775533
4.6000000000000005 1.1902745973655473
4.61 1.1906896748763154
4.62 1.191103435399794
4.63 1.191515418767171
4.64 1.191925161708275
4.65 1.1923321984203954
4.66 1.192736061055674
4.67 1.19313627220433
4.68 1.1935323528958146
4.69 1.1939238270779935
4.7 1.1943102181147616
4.71 1.1946910493221732
4.72 1.195065844511904
4.73 1.195434128542052
4.74 1.1957954278753098
4.75 1.196149271144525
4.76 1.1964951897256837
4.7700000000000005 1.1968327179870237
4.78 1.1971613840253141
4.79 1.1974807215023806
4.8 1.1977902717338804
4.8100000000000005 1.198089580542501
4.82 1.198378198761512
4.83 1.1986556827413468
4.84 1.198921594859254
4.8500000000000005 1.1991755040320817
4.86 1.1994169862322401
4.87 1.1996456250069059
4.88 1.1998610112925554
4.89 1.2000627335891445
4.9 1.2002503923389327
4.91 1.2004235994399455
4.92 1.2005819757544576
4.93 1.2007251515304096
4.94 1.2008527668216487
4.95 1.2009644719070527
4.96 1.201059927708602
4.97 1.2011388062084571
4.98 1.2012007908651106
4.99 1.2012455759221303
5.0 1.201272857641923
5.01 1.2012823488027982
5.0200000000000005 1.2012909213562535
5.03 1.2013178183894018
5.04 1.2013632879742215
5.05 1.2014275651909245
5.0600000000000005 1.20151087183447
5.07 1.2016134161259195
5.08 1.2017353924285845
5.09 1.201876980968911
5.1000000000000005 1.2020383489554687
5.11 1.2022196572452766
5.12 1.2024210478581097
5.13 1.2026426473239014
5.14 1.202884567665674
5.15 1.2031469062374551
5.16 1.2034297455703
5.17 1.2037331532263893
5.18 1.2040571816611734
5.19 1.2044018680935318
5.2 1.2047672343839235
5.21 1.205153288288223
5.22 1.2055600274348428
5.23 1.205987430745692
5.24 1.2064354614603254
5.25 1.206904067633001
5.26 1.207393182120337
5.2700000000000005 1.2079027225794043
5.28 1.2084325914762508
5.29 1.208982676104861
5.3 1.2095528486165603
5.3100000000000005 1.2101429660598702
5.32 1.210752871318028
5.33 1.2113823946579705
5.34 1.2120313498959352
5.3500000000000005 1.2126995361564958
5.36 1.2133867381380237
5.37 1.214092726245453
5.38 1.214817256734892
5.39 1.215560071870118
5.4 1.2163209000909998
5.41 1.2170994561938977
5.42 1.2178954415240903
5.43 1.2187085440268717
5.44 1.2195384383472285
5.45 1.2203847865303734
5.46 1.221247238031631
5.47 1.222125429957123
5.48 1.223018987325682
5.49 1.2239275233430973
5.5 1.2248506396887653
5.51 1.2257879268148402
5.5200000000000005 1.2267389642579614
5.53 1.2277033209636583
5.54 1.2286805538547694
5.55 1.2296702080198982
5.5600000000000005 1.2306718207111427
5.57 1.231684919682129
5.58 1.2327090235190805
5.59 1.233743642007061
5.6000000000000005 1.2347882765081084
5.61 1.2358424203513647
5.62 1.2369055592353166
5.63 1.2379771716422499
5.64 1.2390567292650325
5.65 1.2401436936321262
5.66 1.2412375181591224
5.67 1.2423376533725001
5.68 1.2434435442160787
5.69 1.2445546304797557
5.7 1.2456703472392638
5.71 1.2467901253064375
5.72 1.2479133916900904
5.73 1.2490395700676074
5.74 1.2501680812673452
5.75 1.2512983437306218
5.76 1.2524297680538174
5.7700000000000005 1.2535617622063284
5.78 1.254693735999078
5.79 1.2558250981382757
5.8 1.25695525669422
5.8100000000000005 1.258083619578108
5.82 1.2592095950269098
5.83 1.260332592096371
5.84 1.2614520211621882
5.8500000000000005 1.2625672944294117
5.86 1.263677826283291
5.87 1.2647830263890854
5.88 1.265882307983605
5.89 1.2669750905101564
5.9 1.2680607969664892
5.91 1.2691388543734075
5.92 1.2702086942479436
5.93 1.2712697530810766
5.94 1.272321472819984
5.95 1.2733633013547963
5.96 1.2743946930098207
5.97 1.2754151086321412
5.98 1.2764240081599254
5.99 1.2774208610515794
6.0 1.2784051468358022
6.01 1.2793763530237972
6.0200000000000005 1.2803339755335363
6.03 1.2812775191142174
6.04 1.282206497770825
6.05 1.2831204351886958
6.0600000000000005 1.2840188651579902
6.07 1.2849013319979525
6.08 1.2857673902936868
6.09 1.2866165980799185
6.1000000000000005 1.287448527721199
6.11 1.2882627647425262
6.12 1.2890589064143274
6.13 1.2898365620881
6.140000000000001 1.2905953535274908
6.15 1.291334915234679
6.16 1.292054894771928
6.17 1.2927549530781592
6.18 1.2934347647804083
6.19 1.2940940175873588
6.2 1.2947324069180652
6.21 1.2953496455785918
6.22 1.295945461632089
6.23 1.296519597557292
6.24 1.2970718104562073
6.25 1.2976018722528946
6.26 1.2981095698832226
6.2700000000000005 1.298594705475478
6.28 1.299057096521712
6.29 1.2994965760397117
6.3 1.2999129917895014
6.3100000000000005 1.300306202904655
6.32 1.300676086773465
6.33 1.301022536887254
6.34 1.3013454624041947
6.3500000000000005 1.301644788204274
6.36 1.301920454932349
6.37 1.3021724190292419
6.38 1.3024006527508278
6.390000000000001 1.3026051441750803
6.4 1.3027858971970434
6.41 1.3029429308484555
6.42 1.3030762778154512
6.43 1.303185987794762
6.44 1.303272126072257
6.45 1.303334773274553
6.46 1.3033740252665502
6.47 1.3033899930359556
6.48 1.3033971835070741
6.49 1.303427391383658
6.5 1.303480461131893
6.51 1.3035562226862494
6.5200000000000005 1.3036544916027883
6.53 1.303775069221781
6.54 1.3039177429683426
6.55 1.3040822865256272
6.5600000000000005 1.3042684600614651
6.57 1.304476010469768
6.58 1.3047046716240795
6.59 1.3049541646431693
6.6000000000000005 1.3052241981685473
6.61 1.3055144686537858
6.62 1.305824660665524
6.63 1.3061544460981955
6.640000000000001 1.306503484102123
6.65 1.3068714241342423
6.66 1.3072579048721769
6.67 1.3076625545179057
6.68 1.3080849911421442
6.69 1.3085248230385866
6.7 1.308981649087875
6.71 1.3094550591311744
6.72 1.3099446343532244
6.73 1.3104499476747455
6.74 1.3109705616074459
6.75 1.311506029208122
6.76 1.3120558985258512
6.7700000000000005 1.3126197105639192
6.78 1.313196999666621
6.79 1.3137872939207547
6.8 1.3143901155639734
6.8100000000000005 1.3150049813999014
6.82 1.3156314032199243
6.83 1.3162688882315712
6.84 1.3169169394883355
6.8500000000000005 1.3175750525360745
6.86 1.3182427183223584
6.87 1.3189194270059585
6.88 1.3196046658452212
6.890000000000001 1.3202979196119662
6.9 1.3209986710094301
6.91 1.321706401094216
6.92 1.3224205897022179
6.93 1.3231407158784878
6.94 1.3238662583110279
6.95 1.3245966956626654
6.96 1.325331499193327
6.97 1.3260701405839195
6.98 1.326812095757686
6.99 1.327556841494897
7.0 1.328303855794437
7.01 1.3290526182354785
7.0200000000000005 1.329802610339252
7.03 1.3305533159309457
7.04 1.3313042215017532
7.05 1.332054816571105
7.0600000000000005 1.3328045940983448
7.07 1.3335530521720516
7.08 1.3342996928254767
7.09 1.3350440222439621
7.1000000000000005 1.3357855516182213
7.11 1.3365237975236972
7.12 1.337258282301017
7.13 1.3379885344375912
7.140000000000001 1.338714088950417
7.15 1.3394344877701432
7.16 1.3401492801264547
7.17 1.3408580216711854
7.18 1.3415602577061898
7.19 1.34225554694374
7.2 1.3429434597406598
7.21 1.3436235736247155
7.22 1.3442954734947907
7.23 1.344958751815003
7.24 1.3456130088028309
7.25 1.3462578526113032
7.26 1.3468928995053207
7.2700000000000005 1.3475177740321582
7.28 1.348132110011489
7.29 1.3487355571189215
7.3 1.3493277710167026
7.3100000000000005 1.3499084156661951
7.32 1.3504771648889946
7.33 1.3510337025793673
7.34 1.3515777229143038
7.3500000000000005 1.3521089305612404
7.36 1.3526270408834962
7.37 1.35313178014348
7.38 1.3536228857037116
7.390000000000001 1.3541001038186233
7.4 1.3545631785590186
7.41 1.3550118722404065
7.42 1.355445959448499
7.43 1.3558652252733854
7.44 1.3562694653522958
7.45 1.3566584859045658
7.46 1.3570321037588269
7.47 1.357390146372444
7.48 1.3577324518432272
7.49 1.3580588689134312
7.5 1.3583692584417137
7.51 1.3586634975195733
7.5200000000000005 1.3589414706688054
7.53 1.3592030731095854
7.54 1.3594482112961865
7.55 1.3596768029385575
7.5600000000000005 1.3598887770188453
7.57 1.3600840738028692
7.58 1.360262644846559
7.59 1.3604244529973566
7.6000000000000005 1.360569472390589
7.61 1.3606976858343833
7.62 1.3608090807598325
7.63 1.3609036602069873
7.640000000000001 1.3609814379951428
7.65 1.361042438233859
7.66 1.3610866952054943
7.67 1.3611142532392895
7.68 1.36112516657699
7.69 1.3611308339239958
7.7 1.361153008326038
7.71 1.3611916066950533
7.72 1.3612465344593767
7.73 1.3613176842723842
7.74 1.361404942643221
7.75 1.3615081869212988
7.76 1.3616272853358988
7.7700000000000005 1.3617620971533373
7.78 1.3619124728406382
7.79 1.3620782542357404
7.8 1.362259274724268
7.8100000000000005 1.3624553594228965
7.82 1.3626663253693405
7.83 1.3628919807134963
7.84 1.3631321248993746
7.8500000000000005 1.3633865508339074
7.86 1.363655043985662
7.87 1.3639373825790742
7.88 1.3642333378050708
7.890000000000001 1.3645426740377562
7.9 1.3648651490571961
7.91 1.3652005142783412
7.92 1.3655485149861193
7.930000000000001 1.3659088905767423
7.94 1.3662813731282197
7.95 1.3666656884488613
7.96 1.3670615582856263
7.97 1.3674686992572922
7.98 1.3678868231016115
7.99 1.3683156369278369
8.0 1.3687548434746422
8.01 1.3692041413734777
8.02 1.369663225417398
8.03 1.370131786835398
8.040000000000001 1.3706095135426748
8.05 1.3710960860286017
8.06 1.3715911812748
8.07 1.3720944757218505
8.08 1.3726056430992393
8.09 1.3731243546757128
8.1 1.373650279512968
8.11 1.3741830847227055
8.120000000000001 1.3747224357270806
8.13 1.37526799652257
8.14 1.3758194299472906
8.15 1.3763763979504442
8.16 1.3769385618134717
8.17 1.3775055824848281
8.18 1.3780771208743081
8.19 1.37865283811582
8.2 1.3792323958552533
8.21 1.3798154565419256
8.22 1.380401683723626
8.23 1.3809907423452665
8.24 1.3815822990511628
8.25 1.3821760224909505
8.26 1.3827715827527833
8.27 1.3833686359455986
8.28 1.3839668445786248
8.290000000000001 1.3845658775025413
8.3 1.385165405236239
8.31 1.3857651001122644
8.32 1.3863646364183904
8.33 1.3869636905352978
8.34 1.3875619410703663
8.35 1.3881590689875656
8.36 1.3887547577334334
8.370000000000001 1.3893486949045877
8.38 1.3899405875941184
8.39 1.390530140140743
8.4 1.3911170579755257
8.41 1.3917010514768335
8.42 1.3922818362514229
8.43 1.3928591334188638
8.44 1.3934326698992876
8.45 1.3940021787044399
8.46 1.3945673992320198
8.47 1.3951280775632822
8.48 1.395683963037531
8.49 1.3962347867710319
8.5 1.3967802986120585
8.51 1.3973202576075
8.52 1.3978544281174512
8.53 1.398382579859036
8.540000000000001 1.3989044879421857
8.55 1.3994199328973522
8.56 1.3999287006951209
8.57 1.4004305827576997
8.58 1.4009253759622546
8.59 1.401412886022891
8.6 1.401892939422464
8.61 1.4023653599688797
8.620000000000001 1.4028299768613144
8.63 1.4032866264722816
8.64 1.4037351524717667
8.65 1.4041754059499116
8.66 1.4046072455382168
8.67 1.405030537529242
8.68 1.4054451559947716
8.69 1.405850982902424
8.700000000000001 1.4062479037046538
8.71 1.4066357982103963
8.72 1.4070145629400326
8.73 1.4073841021143012
8.74 1.407744326625961
8.75 1.4080951539812543
8.76 1.4084365082330264
8.77 1.4087683199054915
8.78 1.4090905259106328
8.790000000000001 1.4094030694562236
8.8 1.4097058999454641
8.81 1.4099989778125592
8.82 1.4102822794579137
8.83 1.410555780019503
8.84 1.410819461284267
8.85 1.4110733120902594
8.86 1.411317328312573
8.870000000000001 1.411551512846288
8.88 1.4117758755864476
8.89 1.4119904334050513
8.9 1.4121952101250697
8.91 1.4123902364914793
8.92 1.4125755449647048
8.93 1.412751168217091
8.94 1.4129171512759486
8.950000000000001 1.4130735449518483
8.96 1.4132204055671613
8.97 1.413357794797456
8.98 1.4134857795055311
8.99 1.4136044315680982
9.0 1.4137138276951304
9.01 1.4138140492418927
9.02 1.4139051820136646
9.03 1.4139873232699554
9.040000000000001 1.4140605795557921
9.05 1.4141250557706204
9.06 1.414180861647465
9.07 1.4142281116547226
9.08 1.4142669248822832
9.09 1.4142974249253786
9.1 1.414319739766176
9.11 1.4143340016531343
9.120000000000001 1.4143403469781348
9.13 1.4143417778139362
9.14 1.4143508447043809
9.15 1.4143674050883226
9.16 1.4143913106630117
9.17 1.4144224102326015
9.18 1.4144605499015226
9.19 1.4145055732723089
9.200000000000001 1.4145573216478569
9.21 1.4146156342380993
9.22 1.41468034837108
9.23 1.4147512997084046
9.24 1.414828322334698
9.25 1.4149112407149698
9.26 1.4149998779602357
9.27 1.415094059267647
9.28 1.4151936082437777
9.290000000000001 1.4152983470449092
9.3 1.4154080965174936
9.31 1.4155226763387823
9.32 1.4156419051576152
9.33 1.4157656007353558
9.34 1.4158935800869705
9.35 1.4160256597046081
9.36 1.4161616577201475
9.370000000000001 1.416301391641358
9.38 1.416444678320503
9.39 1.4165913348177726
9.4 1.4167411785663813
9.41 1.4168940275387072
9.42 1.4170497004134712
9.43 1.417208016743955
9.44 1.4173687971272537
9.450000000000001 1.417531863374563
9.46 1.4176970384278014
9.47 1.417864143312339
9.48 1.4180330017673055
9.49 1.4182034399305823
9.5 1.4183752856289704
9.51 1.4185483685178697
9.52 1.4187225202205156
9.53 1.4188975744667716
9.540000000000001 1.4190733672314837
9.55 1.4192497368724026
9.56 1.419426524267674
9.57 1.4196035718502176
9.58 1.4197807156803455
9.59 1.4199577983633258
9.6 1.4201346662705134
9.61 1.420311167945857
9.620000000000001 1.4204871541447817
9.63 1.4206624778688155
9.64 1.4208369943959662
9.65 1.4210105613068515
9.66 1.4211830385065947
9.67 1.421354288242488
9.68 1.4215241771318352
9.69 1.421692585050448
9.700000000000001 1.4218593889094693
9.71 1.422024467751593
9.72 1.422187704245506
9.73 1.4223489847953905
9.74 1.4225081996509505
9.75 1.422665243017959
9.76 1.4228200131693385
9.77 1.4229724125567802
9.78 1.4231223479229087
9.790000000000001 1.4232697269234056
9.8 1.4234144490941834
9.81 1.4235564259042501
9.82 1.4236955732374443
9.83 1.4238318102771248
9.84 1.4239650594772149
9.85 1.4240952465280454
9.86 1.4242223003170014
9.870000000000001 1.4243461528839745
9.88 1.424466739371629
9.89 1.4245839979704795
9.9 1.4246978730301931
9.91 1.42480831951782
9.92 1.424915290111146
9.93 1.4250187408213626
9.94 1.4251186314190014
9.950000000000001 1.4252149254460438
9.96 1.4253075902267818
9.97 1.4253965968774354
9.98 1.4254819203145204
9.99 1.4255635392619777
10.0 1.425641436257061
10.01 1.4257155941467015
10.02 1.4257859940541295
10.03 1.425852625223238
10.040000000000001 1.4259154800409135
10.05 1.425974553803434
10.06 1.426029844630937
10.07 1.426081353377298
10.08 1.4261290835354212
10.09 1.4261730411379343
10.1 1.4262132346532936
10.11 1.4262496748772866
10.120000000000001 1.4262823799761772
10.13 1.4263113751324212
10.14 1.4263366829151118
10.15 1.4263583286804624
10.16 1.4263763405748406
10.17 1.426390749496845
10.18 1.426401589058663
10.19 1.4264088955467187
10.200000000000001 1.4264127078816031
10.21 1.4264130675772841
10.22 1.4264161164553568
10.23 1.426422531975614
10.24 1.4264322719425948
10.25 1.4264452889309596
10.26 1.4264615338583313
10.27 1.4264809560995546
10.28 1.4265035036045464
10.290000000000001 1.4265291230197388
10.3 1.4265577598131198
10.31 1.4265893584028757
10.32 1.426623862289638
10.33 1.4266612141192527
10.34 1.4267013471061092
10.35 1.4267441926647053
10.36 1.4267896854011128
10.370000000000001 1.4268377585455176
10.38 1.4268883439942963
10.39 1.4269413723511213
10.4 1.426996772967099
10.41 1.4270544739799422
10.42 1.4271144023521765
10.43 1.4271764839083856
10.44 1.4272406436142837
10.450000000000001 1.4273068141872913
10.46 1.4273749267080689
10.47 1.4274449088721048
10.48 1.4275166884774606
10.49 1.4275901935576432
10.5 1.427665352517671
10.51 1.4277420942733463
10.52 1.4278203483937282
10.53 1.42790004524681
10.540000000000001 1.427981116148407
10.55 1.4280634927642712
10.56 1.4281470948324628
10.57 1.4282318464774264
10.58 1.4283176757153553
10.59 1.4284045107916143
10.6 1.4284922802062516
10.61 1.4285809127369076
10.620000000000001 1.428670337459119
10.63 1.42876048376402
10.64 1.4288512813734382
10.65 1.4289426603523847
10.66 1.429034551889202
10.67 1.4291268954082355
10.68 1.4292196279623925
10.69 1.429312686158978
10.700000000000001 1.429406007856612
10.71 1.4294995322451658
10.72 1.4295931999264602
10.73 1.429686952995725
10.74 1.4297807351238185
10.75 1.4298744916402084
10.76 1.429968169616708
10.77 1.4300617167828682
10.78 1.430155075181693
10.790000000000001 1.430248192263816
10.8 1.4303410179033265
10.81 1.4304335032814155
10.82 1.430525600893785
10.83 1.4306172645555397
10.84 1.4307084494035605
10.85 1.4307991118963543
10.86 1.4308892098113868
10.870000000000001 1.4309787022398874
10.88 1.4310675506194088
10.89 1.4311557221692455
10.9 1.43124318297383
10.91 1.4313299004110687
10.92 1.4314158436452464
10.93 1.431500983656549
10.94 1.4315852932700608
10.950000000000001 1.4316687471842358
10.96 1.4317513219988447
10.97 1.4318329962423948
10.98 1.4319137503990187
10.99 1.4319935654576361
11.0 1.4320724201338348
11.01 1.4321502978608103
11.02 1.4322271839063192
11.03 1.4323030650597637
11.040000000000001 1.4323779296040453
11.05 1.4324517672848074
11.06 1.4325245692770627
11.07 1.4325963281492142
11.08 1.4326670378244588
11.09 1.4327366935395822
11.1 1.4328052932925086
11.11 1.4328728391677439
11.120000000000001 1.4329393323506585
11.13 1.433004775434886
11.14 1.4330691725157418
11.15 1.433132529173227
11.16 1.4331948524540077
11.17 1.4332561508523747
11.18 1.4333164342901825
11.19 1.433375714095762
11.200000000000001 1.4334340029818176
11.21 1.4334913143564867
11.22 1.4335476621605014
11.23 1.4336030623323777
11.24 1.4336575319697173
11.25 1.4337110892758882
11.26 1.4337637535178
11.27 1.433815544982108
11.28 1.433866484929835
11.290000000000001 1.4339165955494275
11.3 1.4339658999082272
11.31 1.4340144219023765
11.32 1.4340621850658442
11.33 1.4341092128927346
11.34 1.4341555303711555
11.35 1.4342011629100244
11.36 1.4342461362614642
11.370000000000001 1.4342904764419862
11.38 1.4343342096513367
11.39 1.4343773621890086
11.4 1.4344199603684167
11.41 1.4344620304287399
11.42 1.4345035984726007
11.43 1.4345446991981319
11.44 1.4345853693708823
11.450000000000001 1.4346256410534775
11.46 1.434665547012292
11.47 1.434705120734993
11.48 1.4347443964506605
11.49 1.4347834091524951
11.5 1.4348221946231092
11.51 1.4348607894624024
11.52 1.4348992311180218
11.53 1.4349375576782484
11.540000000000001 1.4349757946907757
11.55 1.4350139684270573
11.56 1.4350521105010814
11.57 1.4350902518737594
11.58 1.4351284227381735
11.59 1.4351666524008304
11.6 1.4352049691589246
11.61 1.4352434001736092
11.620000000000001 1.4352819713392706
11.63 1.4353207071488125
11.64 1.4353596312290253
11.65 1.4353987813142481
11.66 1.4354381907513991
11.67 1.4354778875271197
11.68 1.4355178993386994
11.69 1.4355582536098563
11.700000000000001 1.4355989775096305
11.71 1.4356400979743953
11.72 1.4356816417329845
11.73 1.4357236353349356
11.74 1.4357661051818498
11.75 1.435809076711309
11.76 1.4358525644111637
11.77 1.435896585965225
11.78 1.435941160512213
11.790000000000001 1.4359863060196163
11.8 1.4360320392183337
11.81 1.436078375535747
11.82 1.4361253290272142
11.83 1.4361729123059948
11.84 1.4362211364715927
11.85 1.4362700110365285
11.86 1.4363195452210573
11.870000000000001 1.4363697572901302
11.88 1.4364206593133741
11.89 1.436472260720017
11.9 1.4365245701775633
11.91 1.4365775956228604
11.92 1.4366313442961882
11.93 1.43668582277838
11.94 1.436741037030968
11.950000000000001 1.4367969924393602
11.96 1.436853693859047
11.97 1.4369111438745388
11.98 1.436969335425161
11.99 1.4370282656869051
12.0 1.4370879316654017
12.01 1.4371483290393396
12.02 1.437209452124831
12.030000000000001 1.4372712938387724
12.040000000000001 1.4373338456612013
12.05 1.4373970975966504
12.06 1.4374610381344968
12.07 1.4375256542083075
12.08 1.4375909335579287
12.09 1.4376568705801926
12.1 1.4377234531091492
12.11 1.437790667515338
12.120000000000001 1.4378584994329922
12.13 1.4379269338095984
12.14 1.4379959549583234
12.15 1.4380655466133059
12.16 1.438135691987815
12.17 1.4382063738352773
12.18 1.4382775745131706
12.19 1.4383492732296363
12.200000000000001 1.4384214424200148
12.21 1.4384940587573285
12.22 1.4385670982930439
12.23 1.4386405361276053
12.24 1.4387143464068777
12.25 1.4387885023180684
12.26 1.4388629760851348
12.27 1.4389377389636737
12.280000000000001 1.439012761235297
12.290000000000001 1.4390880122014875
12.3 1.439163463175582
12.31 1.4392390889612978
12.32 1.4393148598192147
12.33 1.4393907455826587
12.34 1.4394667158273295
12.35 1.4395427399319565
12.36 1.439618787141225
12.370000000000001 1.4396948266309793
12.38 1.4397708275756969
12.39 1.4398467592182402
12.4 1.4399225909418818
12.41 1.4399982882652667
12.42 1.440073813369057
12.43 1.4401491322821685
12.44 1.4402242107515764
12.450000000000001 1.4402990142296732
12.46 1.4403735078841637
12.47 1.4404476566072248
12.48 1.4405214250239344
12.49 1.4405947774999694
12.5 1.4406676781485672
12.51 1.4407400908380996
12.52 1.4408119826708656
12.530000000000001 1.4408833219947246
12.540000000000001 1.4409540749288914
12.55 1.4410242078924054
12.56 1.4410936876572762
12.57 1.441162481402978
12.58 1.4412305567722896
12.59 1.4412978819284887
12.6 1.4413644256138889
12.61 1.4414301572097268
12.620000000000001 1.441495046760713
12.63 1.4415590614404346
12.64 1.44162216882238
12.65 1.4416843387688898
12.66 1.4417455416224234
12.67 1.4418057482279694
12.68 1.4418649299549298
12.69 1.441923058718487
12.700000000000001 1.4419801070004414
12.71 1.4420360478695309
12.72 1.442090855001224
12.73 1.4421445027254416
12.74 1.442196966948877
12.75 1.4422482241572407
12.76 1.4422982512767886
12.77 1.4423470260435354
12.780000000000001 1.4423945270305008
12.790000000000001 1.4424407336748541
12.8 1.4424856263049701
12.81 1.4425291861673841
12.82 1.4425713954536523
12.83 1.442612237327115
12.84 1.4426516958646338
12.85 1.4426897547795876
12.86 1.442726399172561
12.870000000000001 1.4427616154525333
12.88 1.4427953909742022
12.89 1.442827714049226
12.9 1.4428585739567612
12.91 1.4428879609532883
12.92 1.442915866281736
12.93 1.442942282179893
12.94 1.4429672018881143
12.950000000000001 1.442990619671582
12.96 1.4430125309585453
12.97 1.4430329321455935
12.98 1.4430518206415506
12.99 1.4430691949022323
13.0 1.443085054435451
13.01 1.44309939980537
13.02 1.443112232636215
13.030000000000001 1.443123555615335
13.040000000000001 1.4431333724956201
13.05 1.4431416880972692
13.06 1.4431485082605544
13.07 1.4431538395960246
13.08 1.4431576899203802
13.09 1.443160068129657
13.1 1.4431609841522337
13.11 1.4431615193609284
13.120000000000001 1.4431634938244824
13.13 1.4431668945523421
13.14 1.4431717075474264
13.15 1.443177917814516
13.16 1.4431855093694137
13.17 1.4431944653746547
13.18 1.4432047685412945
13.19 1.4432164003393981
13.200000000000001 1.443229341300296
13.21 1.4432435710860176
13.22 1.4432590685088684
13.23 1.4432758115520046
13.24 1.4432937773910108
13.25 1.4433129424164821
13.26 1.4433332822576017
13.27 1.4433547718067232
13.280000000000001 1.443377384702107
13.290000000000001 1.4434010923984908
13.3 1.4434258666501145
13.31 1.4434516784963445
13.32 1.443478498178752
13.33 1.4435062951533215
13.34 1.4435350381029173
13.35 1.4435646949500192
13.36 1.443595232869716
13.370000000000001 1.4436266183029633
13.38 1.4436588169701017
13.39 1.4436917959264628
13.4 1.4437255252547556
13.41 1.4437599716152598
13.42 1.4437951013979315
13.43 1.4438308809187712
13.44 1.443867276487761
13.450000000000001 1.4439042544791634
13.46 1.4439417814041784
13.47 1.4439798239859627
13.48 1.4440183492370071
13.49 1.444057324538873
13.5 1.444096711208248
13.51 1.4441364636995055
13.52 1.4441765435452854
13.530000000000001 1.4442169117633556
13.540000000000001 1.4442575287204027
13.55 1.4442983540929064
13.56 1.4443393468251007
13.57 1.4443804650840182
13.58 1.4444216662116207
13.59 1.4444629066740122
13.6 1.444504142007739
13.61 1.4445453371625707
13.620000000000001 1.4445864624293554
13.63 1.444627479810495
13.64 1.444668351848963
13.65 1.444709041728786
13.66 1.4447495133752555
13.67 1.4447897315589966
13.68 1.444829662003894
13.69 1.4448692714988727
13.700000000000001 1.4449085280135379
13.71 1.4449474007649419
13.72 1.4449858483353035
13.73 1.4450238280065346
13.74 1.4450613042629186
13.75 1.44509824172819
13.76 1.445134605144396
13.77 1.4451703593480683
13.780000000000001 1.4452054692436922
13.790000000000001 1.445239899774487
13.8 1.445273615890487
13.81 1.4453065825139289
13.82 1.445338764691352
13.83 1.4453701366878238
13.84 1.4454006725480821
13.85 1.4454303432524684
13.86 1.4454591206987206
13.870000000000001 1.445486977761134
13.88 1.4455138883515246
13.89 1.4455398274819877
13.9 1.4455647713294577
13.91 1.445588697302068
13.92 1.4456115841073123
13.93 1.445633411386024
13.94 1.4456541508197907
13.950000000000001 1.4456737772994823
13.96 1.4456922692154803
13.97 1.4457096055339336
13.98 1.445725765772676
13.99 1.4457407299747493
14.0 1.4457544786795367
14.01 1.4457669928915047
14.02 1.4457782540465534
14.030000000000001 1.4457882439759746
14.040000000000001 1.4457969455783266
14.05 1.4458043505920426
14.06 1.445810448373319
14.07 1.4458152274437055
14.08 1.4458186774634727
14.09 1.4458207892713872
14.1 1.445821554925759
14.11 1.4458221421047646
14.120000000000001 1.4458240874915436
14.13 1.4458273951101996
14.14 1.4458320675884229
14.15 1.4458381071910495
14.16 1.445845522756779
14.17 1.4458543182089634
14.18 1.4458644953755273
14.19 1.4458760553488508
14.200000000000001 1.4458889985171859
14.21 1.4459033245982484
14.22 1.4459190326749833
14.23 1.4459361212335013
14.24 1.4459545882031908
14.25 1.445974430999003
14.26 1.4459956453189589
14.27 1.4460182203253598
14.280000000000001 1.446042147929272
14.290000000000001 1.4460674197777559
14.3 1.4460940265311826
14.31 1.4461219578518887
14.32 1.4461512023923206
14.33 1.446181747782668
14.34 1.4462135806179868
14.35 1.446246686444812
14.36 1.4462810497472594
14.370000000000001 1.4463166547250401
14.38 1.446353487093498
14.39 1.4463915298997447
14.4 1.4464307651654646
14.41 1.4464711741026297
14.42 1.446512737127103
14.43 1.4465554338729605
14.44 1.4465992432075307
14.450000000000001 1.4466441432471535
14.46 1.4466901113736566
14.47 1.4467371242515523
14.48 1.4467851597231114
14.49 1.4468341990737597
14.5 1.446884220076782
14.51 1.4469352002107005
14.52 1.4469871169251496
14.530000000000001 1.4470399477169613
14.540000000000001 1.447093670209157
14.55 1.4471482622328478
14.56 1.4472037019120438
14.57 1.447259967751372
14.58 1.4473170387267056
14.59 1.4473748862211497
14.6 1.4474334707525889
14.61 1.447492762887217
14.620000000000001 1.447552732474721
14.63 1.4476133483203515
14.64 1.4476745781083165
14.65 1.4477363883207255
14.66 1.4477987441520856
14.67 1.4478616094193453
14.68 1.4479249464674897
14.69 1.4479887160706815
14.700000000000001 1.4480528910619084
14.71 1.4481174538495036
14.72 1.448182373735325
14.73 1.4482476204391284
14.74 1.4483131642707379
14.75 1.4483789762531027
14.76 1.4484450282507764
14.77 1.448511293103814
14.780000000000001 1.4485777447670904
14.790000000000001 1.4486443584550412
14.8 1.448711110777566
14.81 1.4487779640451288
14.82 1.4488448762482709
14.83 1.4489118159439789
14.84 1.4489787513907828
14.85 1.4490456504999776
14.86 1.449112480782966
14.870000000000001 1.449179209294719
14.88 1.4492458025733514
14.89 1.449312226575817
14.9 1.449378446609718
14.91 1.4494444274290377
14.92 1.449510146943863
14.93 1.4495755834186759
14.94 1.4496407090429155
14.950000000000001 1.449705496770003
14.96 1.4497699203983538
14.97 1.449833954655578
14.98 1.4498975752858652
14.99 1.4499607591405543
15.0 1.4500234842718902
15.01 1.4500857300299637
15.02 1.450147476673159
15.030000000000001 1.4502086914173113
15.040000000000001 1.4502693446964472
15.05 1.4503294122260044
15.06 1.450388869819015
15.07 1.4504476933380763
15.08 1.45050585864381
15.09 1.4505633415398078
15.1 1.4506201177140643
15.11 1.4506761626768951
15.120000000000001 1.450731451695343
15.13 1.4507859606646525
15.14 1.4508396794308303
15.15 1.4508925936870105
15.16 1.4509446863407525
15.17 1.4509959413053477
15.18 1.4510463435666747
15.19 1.4510958792527755
15.200000000000001 1.451144535706155
15.21 1.4511923015588073
15.22 1.4512391668099593
15.23 1.4512851229065407
15.24 1.4513301613042546
15.25 1.4513742612074254
15.26 1.4514174087048415
15.27 1.451459592903366
15.280000000000001 1.4515008032432317
15.290000000000001 1.4515410294488447
15.3 1.451580261476401
15.31 1.4516184894583177
15.32 1.4516557036444748
15.33 1.4516918943402737
15.34 1.4517270518415055
15.35 1.451761168393965
15.36 1.4517942480001458
15.370000000000001 1.451826288827448
15.38 1.451857288361523
15.39 1.4518872450714255
15.4 1.4519161584528073
15.41 1.4519440290730543
15.42 1.4519708586183755
15.43 1.451996649942836
15.44 1.4520214071193416
15.450000000000001 1.4520451354925665
15.46 1.4520678391192443
15.47 1.4520895131981941
15.48 1.45211016010789
15.49 1.4521297835550107
15.5 1.4521483875659815
15.51 1.4521659764359698
15.52 1.4521825546751908
15.530000000000001 1.4521981269525222
15.540000000000001 1.452212698036427
15.55 1.4522262727331847
15.56 1.4522388558224344
15.57 1.4522504552512074
15.58 1.4522610873805513
15.59 1.4522707627664178
15.6 1.45227949219584
15.610000000000001 1.4522872872222323
15.620000000000001 1.452294160191508
15.63 1.4523001242697666
15.64 1.4523051934725613
15.65 1.4523093826957378
15.66 1.4523127077478513
15.67 1.4523151853841554
15.68 1.4523168296314852
15.69 1.4523176491240397
15.700000000000001 1.4523176583704045
15.71 1.452318444482444
15.72 1.4523200109400345
15.73 1.4523223426550929
15.74 1.4523254245162847
15.75 1.452329241443137
15.76 1.4523337784422885
15.77 1.4523390206658737
15.780000000000001 1.452344953472046
15.790000000000001 1.4523515580601418
15.8 1.4523588112476538
15.81 1.4523666944668434
15.82 1.452375188795012
15.83 1.4523842748874316
15.84 1.4523939329626467
15.85 1.4524041427864216
15.860000000000001 1.452414883654331
15.870000000000001 1.4524261343729938
15.88 1.4524378732399523
15.89 1.4524500780221938
15.9 1.4524627305569495
15.91 1.4524758146920584
15.92 1.4524893106334797
15.93 1.4525031987029322
15.94 1.4525174593814516
15.950000000000001 1.4525320733541807
15.96 1.4525470215567404
15.97 1.4525622852231839
15.98 1.4525778459355314
15.99 1.452593685674889
16.0 1.452609786842758
16.01 1.452626126869858
16.02 1.45264268264491
16.03 1.4526594340655805
16.04 1.4526763609583875
16.05 1.452693443067878
16.06 1.4527106600444615
16.07 1.4527279914308986
16.080000000000002 1.4527454166474438
16.09 1.452762914975647
16.1 1.4527804655408065
16.11 1.4527980474012188
16.12 1.4528156441364513
16.13 1.452833238960179
16.14 1.452850813462372
16.15 1.4528683495490124
16.16 1.4528858294714968
16.17 1.4529032358569405
16.18 1.452920551739384
16.19 1.4529377605919007
16.2 1.452954846359605
16.21 1.4529717934935622
16.22 1.452988586809244
16.23 1.4530052081872125
16.240000000000002 1.4530216408159522
16.25 1.4530378692105441
16.26 1.453053878169699
16.27 1.4530696527768243
16.28 1.4530851784004393
16.29 1.4531004406939365
16.3 1.4531154255946903
16.31 1.4531301193225117
16.32 1.4531445083774515
16.330000000000002 1.453158579647963
16.34 1.4531723215487984
16.35 1.4531857223568563
16.36 1.4531987704682194
16.37 1.4532114546791786
16.38 1.4532237641933348
16.39 1.4532356886285849
16.4 1.4532472180239913
16.41 1.4532583428465335
16.42 1.453269053997744
16.43 1.453279342820227
16.44 1.4532892010074894
16.45 1.4532986200232574
16.46 1.4533075920850667
16.47 1.453316109914356
16.48 1.4533241666271386
16.490000000000002 1.4533317557325949
16.5 1.4533388711312585
16.51 1.453345507112792
16.52 1.4533516583533574
16.53 1.453357319912578
16.54 1.4533624872300914
16.55 1.4533671561861075
16.56 1.4533713233334589
16.57 1.4533749854353153
16.580000000000002 1.4533781396158312
16.59 1.453380783391308
16.6 1.4533829146676
16.61 1.4533845317372476
16.62 1.4533856332763322
16.63 1.45338621834106
16.64 1.4533862863640679
16.65 1.4533867355776808
16.66 1.4533877017917851
16.67 1.4533891842095545
16.68 1.4533911817953162
16.69 1.4533936931510925
16.7 1.4533967165051909
16.71 1.4534002497154874
16.72 1.4534042902728945
16.73 1.4534088353050079
16.740000000000002 1.4534138815799356
16.75 1.4534194255103108
16.76 1.4534254631574834
16.77 1.4534319904872757
16.78 1.4534390036481941
16.79 1.453446498081746
16.8 1.4534544689439168
16.81 1.4534629111398625
16.82 1.453471819336266
16.830000000000002 1.4534811879741554
16.84 1.4534910112821888
16.85 1.4535012832904013
16.86 1.4535119978444198
16.87 1.4535231486201388
16.88 1.4535347281588773
16.89 1.4535467275563807
16.9 1.4535591388605054
16.91 1.4535719538240832
16.92 1.4535851638755304
16.93 1.4535987601147673
16.94 1.453612733308746
16.95 1.4536270738865882
16.96 1.4536417719343269
16.97 1.4536568171892603
16.98 1.4536721990339125
16.990000000000002 1.4536879099894338
17.0 1.4537039448904678
17.01 1.4537202954628403
17.02 1.453736953657504
17.03 1.4537539117108287
17.04 1.4537711621979146
17.05 1.453788698087955
17.06 1.4538065128016573
17.07 1.4538246002707118
17.080000000000002 1.453842954999321
17.09 1.4538615721117665
17.1 1.4538804374847758
17.11 1.4538995343979033
17.12 1.4539188521483777
17.13 1.4539383794921137
17.14 1.4539581045787904
17.150000000000002 1.4539780148832835
17.16 1.4539980971334459
17.17 1.454018337234241
17.18 1.4540387201882268
17.19 1.4540592300123907
17.2 1.4540798498671936
17.21 1.4541005770517146
17.22 1.4541214085311722
17.23 1.4541423345682953
17.240000000000002 1.4541633459311885
17.25 1.4541844339747665
17.26 1.45420559072617
17.27 1.4542268089741677
17.28 1.4542480823625425
17.29 1.4542694054874596
17.3 1.454290773998822
17.31 1.4543121841377424
17.32 1.4543336180487716
17.330000000000002 1.4543550612667815
17.34 1.454376504405758
17.35 1.4543979378839453
17.36 1.4544193518773054
17.37 1.4544407362699618
17.38 1.4544620806016213
17.39 1.4544833740119774
17.400000000000002 1.4545046051820942
17.41 1.454525762272771
17.42 1.454546833688987
17.43 1.4545678189881703
17.44 1.4545887137829963
17.45 1.454609511148152
17.46 1.4546302046218562
17.47 1.454650788251986
17.48 1.4546712566442939
17.490000000000002 1.45469160501272
17.5 1.4547118292317924
17.51 1.45473192589112
17.52 1.4547518923519775
17.53 1.4547717256023276
17.54 1.454791413152156
17.55 1.454810947468373
17.56 1.4548303228743114
17.57 1.4548495336140213
17.580000000000002 1.4548685738122575
17.59 1.4548874374321454
17.6 1.4549061182305218
17.61 1.454924609710954
17.62 1.4549429050744362
17.63 1.4549609971677615
17.64 1.4549788801378167
17.650000000000002 1.4549965572064811
17.66 1.4550140264714784
17.67 1.4550312852013734
17.68 1.4550483311177604
17.69 1.4550651624322455
17.7 1.455081777885234
17.71 1.455098176786527
17.72 1.4551143590577267
17.73 1.4551303252764485
17.740000000000002 1.4551460767223412
17.75 1.4551616132881262
17.76 1.4551769276875177
17.77 1.4551920180390687
17.78 1.4552068831844853
17.79 1.4552215219445908
17.8 1.4552359330852846
17.81 1.4552501152816621
17.82 1.455264067080292
17.830000000000002 1.4552777868596574
17.84 1.4552912727887515
17.85 1.455304522783839
17.86 1.4553175369063311
17.87 1.45533032099178
17.88 1.4553428764407057
17.89 1.455355204630924
17.900000000000002 1.455367307281383
17.91 1.4553791864751993
17.92 1.45539084468394
17.93 1.4554022847931611
17.94 1.4554135101291912
17.95 1.4554245244871677
17.96 1.4554353321603242
17.97 1.4554459354271947
17.98 1.4554563329623826
17.990000000000002 1.455466527220829
18.0 1.455476520790986
18.01 1.4554863162486282
18.02 1.4554959161315475
18.03 1.4555053229130328
18.04 1.4555145389741253
18.05 1.4555235665746526
18.06 1.4555324078230405
18.07 1.4555410646449038
18.080000000000002 1.455549540217374
18.09 1.455557838930694
18.1 1.4555659635502907
18.11 1.4555739167907158
18.12 1.4555817013191577
18.13 1.4555893197451122
18.14 1.455596774609962
18.150000000000002 1.45560406837646
18.16 1.4556112034181174
18.17 1.4556181820085
18.18 1.4556250063104457
18.19 1.455631682638147
18.2 1.4556382193395099
18.21 1.4556446219496266
18.22 1.4556508965223571
18.23 1.455657049683555
18.240000000000002 1.4556630886868545
18.25 1.4556690214720163
18.26 1.4556748567258329
18.27 1.4556806039455907
18.28 1.4556862735050937
18.29 1.4556918766161162
18.3 1.4556974107356988
18.31 1.4557028719229532
18.32 1.4557082635460288
18.330000000000002 1.4557135882273604
18.34 1.4557188477353966
18.35 1.4557240428711113
18.36 1.4557291733493047
18.37 1.4557342376746911
18.38 1.4557392330127743
18.39 1.4557441550555115
18.400000000000002 1.4557489984701792
18.41 1.4557537790766575
18.42 1.4557585095401766
18.43 1.4557631940614106
18.44 1.4557678374088747
18.45 1.4557724450179006
18.46 1.4557770230952012
18.47 1.4557815787290198
18.48 1.455786120004871
18.490000000000002 1.4557906561268628
18.5 1.4557951975446124
18.51 1.4557997548875583
18.52 1.455804318206149
18.53 1.4558088839589858
18.54 1.455813454439977
18.55 1.4558180313684492
18.56 1.4558226158101493
18.57 1.4558272080941024
18.580000000000002 1.4558318077253187
18.59 1.4558364132933557
18.6 1.4558410223767309
18.61 1.455845631443187
18.62 1.4558502374489402
18.63 1.4558548541171559
18.64 1.455859487603634
18.650000000000002 1.4558641405533304
18.66 1.4558688159708373
18.67 1.4558735172864141
18.68 1.455878248425591
18.69 1.455883013882349
18.7 1.4558878187958728
18.71 1.4558926690308776
18.72 1.4558975712615096
18.73 1.4559025306517197
18.740000000000002 1.4559075371809784
18.75 1.4559125890512656
18.76 1.4559176864352446
18.77 1.4559228289522157
18.78 1.455928015601991
18.79 1.455933244695427
18.8 1.4559385137816105
18.81 1.4559438195717018
18.82 1.4559491578594337
18.830000000000002 1.455954523438264
18.84 1.4559599134071577
18.85 1.4559653387766514
18.86 1.455970801256871
18.87 1.4559763012221714
18.88 1.4559818393759065
18.89 1.4559874168142284
18.900000000000002 1.455993035093239
18.91 1.4559986962995008
18.92 1.456004403123903
18.93 1.4560101589388819
18.94 1.456015967879
18.95 1.4560218306544181
18.96 1.4560277361432774
18.97 1.4560336821650048
18.98 1.4560396670376483
18.990000000000002 1.4560456886389934
19.0 1.4560517443541474
19.01 1.456057831020345
19.02 1.456063944868981
19.03 1.4560700814648697
19.04 1.4560762356427257
19.05 1.456082401440872
19.06 1.4560885769829395
19.07 1.456094769280497
19.080000000000002 1.4561009772977727
19.09 1.4561071998509092
19.1 1.4561134360525751
19.11 1.4561196853639637
19.12 1.4561259476493993
19.13 1.4561322232335496
19.14 1.4561385129612476
19.150000000000002 1.456144818259917
19.16 1.456151141204609
19.17 1.4561574788613854
19.18 1.4561638218902004
19.19 1.4561701678548147
19.2 1.4561765141586016
19.21 1.45618285788102
19.22 1.4561891957359239
19.23 1.4561955240276168
19.240000000000002 1.4562018386046522
19.25 1.4562081348113793
19.26 1.456214407437232
19.27 1.456220650663766
19.28 1.4562268643958391
19.29 1.4562330523346385
19.3 1.456239212635285
19.31 1.4562453436994185
19.32 1.4562514442260286
19.330000000000002 1.4562575132547153
19.34 1.456263550211039
19.35 1.4562695549539626
19.36 1.4562755278253783
19.37 1.4562814697017274
19.38 1.4562873820300797
19.39 1.4562932598739187
19.400000000000002 1.4562990969039167
19.41 1.4563048910361114
19.42 1.456310640003955
19.43 1.4563163413263638
19.44 1.4563219922739108
19.45 1.4563275898331651
19.46 1.4563331306691722
19.47 1.4563386110860828
19.48 1.4563440269859214
19.490000000000002 1.4563493739403688
19.5 1.4563546540625953
19.51 1.4563598691654687
19.52 1.4563650181333183
19.53 1.456370100104763
19.54 1.4563751145049384
19.55 1.4563800610793214
19.56 1.4563849399291633
19.57 1.456389751548521
19.580000000000002 1.4563944968628948
19.59 1.456399177269466
19.6 1.4564037943998431
19.61 1.4564083435337627
19.62 1.4564128215892862
19.63 1.4564172276625693
19.64 1.45642156073599
19.650000000000002 1.456425819651373
19.66 1.4564300030816935
19.67 1.4564341095012645
19.68 1.4564381371544053
19.69 1.4564420840225925
19.7 1.456445947790091
19.71 1.456449726275205
19.72 1.4564534231513557
19.73 1.4564570398906782
19.740000000000002 1.4564605766524321
19.75 1.456464033807236
19.76 1.4564674119597307
19.77 1.4564707119724083
19.78 1.456473934990606
19.79 1.456477082468665
19.8 1.4564801561972545
19.81 1.4564831583318596
19.82 1.4564860908633823
19.830000000000002 1.4564889516499153
19.84 1.4564917408227407
19.85 1.4564944593392024
19.86 1.4564971081685676
19.87 1.4564996882795072
19.88 1.4565022006268047
19.89 1.4565046461372861
19.900000000000002 1.4565070256949795
19.91 1.456509340125497
19.92 1.4565115901796437
19.93 1.456513776861939
19.94 1.456515902903945
19.95 1.4565179700024686
19.96 1.4565199796701658
19.97 1.4565219334643194
19.98 1.4565238329856407
19.990000000000002 1.4565256798770927
20.0 1.4565274758227387
20.01 1.4565292225466155
20.02 1.4565309218116302
20.03 1.456532575418481
20.04 1.4565341852450195
20.05 1.4565357533486714
20.06 1.4565372817379207
20.07 1.4565387724590344
20.080000000000002 1.4565402276088906
20.09 1.4565416493357017
20.1 1.4565430398398223
20.11 1.4565444013746516
20.12 1.4565457362476246
20.13 1.4565470468212942
20.14 1.4565483355145035
20.150000000000002 1.456549604600848
20.16 1.4565508559292997
20.17 1.4565520917341142
20.18 1.4565533142753964
20.19 1.4565545258094512
20.2 1.456555728584288
20.21 1.4565569248349715
20.22 1.456558116778812
20.23 1.4565593066103995
20.240000000000002 1.45656049649648
20.25 1.4565616885706747
20.26 1.4565628852654382
20.27 1.4565640894920062
20.28 1.4565653037037576
20.29 1.45656653036381
20.3 1.4565677719605146
20.31 1.4565690310092267
20.32 1.456570310054238
20.330000000000002 1.456571611670868
20.34 1.4565729384677188
20.35 1.4565742930890886
20.36 1.4565756782175456
20.37 1.4565770959262583
20.38 1.456578547726832
20.39 1.4565800357478722
20.400000000000002 1.4565815620502052
20.41 1.4565831286139141
20.42 1.4565847373296086
20.43 1.4565863899893683
20.44 1.456588088277363
20.45 1.456589833760144
20.46 1.456591627876612
20.47 1.4565934719278617
20.48 1.4565953682880366
20.490000000000002 1.4565973197297628
20.5 1.4565993281292895
20.51 1.4566013953684622
20.52 1.4566035233407544
20.53 1.456605713957713
20.54 1.4566079691558198
20.55 1.4566102909037664
20.56 1.4566126812101459
20.57 1.4566151421315596
20.580000000000002 1.456617675761305
20.59 1.4566202820377736
20.6 1.4566229606702885
20.61 1.4566257123330986
20.62 1.4566285375003698
20.63 1.4566314364287107
20.64 1.45663440913896
20.650000000000002 1.4566374553972452
20.66 1.4566405746953006
20.67 1.4566437662300558
20.68 1.4566470288824849
20.69 1.456650361375429
20.7 1.4566537683580396
20.71 1.456657253615206
20.72 1.4566608188515002
20.73 1.4566644660977353
20.740000000000002 1.4566681977573073
20.75 1.4566720166547378
20.76 1.4566759260864168
20.77 1.4566799298735404
20.78 1.4566840324172525
20.79 1.4566882387559816
20.8 1.456692553810713
20.81 1.4566969693172707
20.82 1.456701481061247
20.830000000000002 1.4567060881192646
20.84 1.4567107889302593
20.85 1.4567155812156916
20.86 1.4567204618958443
20.87 1.4567254270022114
20.88 1.456730471585976
20.89 1.4567355896225764
20.900000000000002 1.4567407739123623
20.91 1.456746017898306
20.92 1.45675133287219
20.93 1.4567567218531086
20.94 1.456762184315159
20.95 1.4567677201608071
20.96 1.456773329800584
20.97 1.4567790142370707
20.98 1.4567847751531724
20.990000000000002 1.4567906150046797
21.0 1.4567965371171152
21.01 1.4568025457868734
21.02 1.456808643711983
21.03 1.4568148177082179
21.04 1.4568210636214474
21.05 1.4568273794386073
21.06 1.4568337627428312
21.07 1.4568402106587908
21.080000000000002 1.456846719795004
21.09 1.4568532861831098
21.1 1.4568599052141118
21.11 1.4568665715715872
21.12 1.4568732791618642
21.13 1.4568800238983728
21.14 1.4568868128791526
21.150000000000002 1.4568936456223744
21.16 1.456900520652626
21.17 1.45690743677422
21.18 1.456914393118013
21.19 1.4569213891906057
21.2 1.456928424925929
21.21 1.4569355007392149
21.22 1.4569426175833484
21.23 1.45694977700761
21.240000000000002 1.456956977891577
21.25 1.4569642103581608
21.26 1.4569714712984092
21.27 1.4569787579460607
21.28 1.456986067214447
21.29 1.4569933956543313
21.3 1.457000739409523
21.31 1.457008094170266
21.32 1.457015455124399
21.330000000000002 1.4570228169062915
21.34 1.457030173543553
21.35 1.457037522496097
21.36 1.4570448682200772
21.37 1.4570522087669275
21.38 1.4570595421319947
21.39 1.4570668665803796
21.400000000000002 1.4570741806885064
21.41 1.4570814833877817
21.42 1.4570887740103395
21.43 1.4570960523368772
21.44 1.4571033186465752
21.45 1.4571105737691101
21.46 1.4571178145318309
21.47 1.4571250329775347
21.48 1.457132226548815
21.490000000000002 1.4571393925945733
21.5 1.4571465282590905
21.51 1.4571536304507553
21.52 1.4571606958090786
21.53 1.4571677206699893
21.54 1.4571747010294147
21.55 1.4571816325051403
21.56 1.4571885102969588
21.57 1.4571953339005987
21.580000000000002 1.4572021054005948
21.59 1.4572088229475326
21.6 1.4572154848922199
21.61 1.4572220898173416
21.62 1.4572286365670224
21.63 1.4572351242778245
21.64 1.4572415524111828
21.650000000000002 1.4572479207872746
21.66 1.4572542296203306
21.67 1.4572604795387603
21.68 1.4572666670067027
21.69 1.457272787792398
21.7 1.4572788404015544
21.71 1.4572848232801499
21.72 1.4572907347961614
21.73 1.4572965732201757
21.740000000000002 1.4573023367048858
21.75 1.4573080232634734
21.76 1.457313630746875
21.77 1.4573191568199326
21.78 1.4573245989829449
21.79 1.4573299569852076
21.8 1.4573352303319171
21.81 1.457340417446046
21.82 1.45734551673973
21.830000000000002 1.4573505266132767
21.84 1.4573554454542683
21.85 1.4573602716367529
21.86 1.457365003520532
21.87 1.4573696394505375
21.88 1.4573741777563038
21.89 1.4573786168720824
21.900000000000002 1.457382957956629
21.91 1.457387201690208
21.92 1.4573913481605858
21.93 1.4573953977583778
21.94 1.4573993512072598
21.95 1.4574032095954956
21.96 1.4574069744087879
21.97 1.4574106475644508
21.98 1.4574142314469012
21.990000000000002 1.4574177289444745
22.0 1.4574211428368624
22.01 1.457424468353738
22.02 1.4574277038055234
22.03 1.4574308492241401
22.04 1.457433904432932
22.05 1.457436869005266
22.06 1.4574397422209544
22.07 1.4574425230205117
22.080000000000002 1.4574452099572361
22.09 1.4574478011471206
22.1 1.457450294216592
22.11 1.457452687432131
22.12 1.4574549876046408
22.13 1.4574571971317223
22.14 1.4574593170811951
22.150000000000002 1.4574613487681425
22.16 1.4574632937860352
22.17 1.4574651540395747
22.18 1.4574669317792566
22.19 1.4574686296376618
22.2 1.4574702506674635
22.21 1.4574717983811614
22.22 1.4574732753901307
22.23 1.457474677755925
22.240000000000002 1.4574760057056728
22.25 1.4574772601989472
22.26 1.4574784420519908
22.27 1.4574795519107422
22.28 1.4574805902224852
22.29 1.4574815572061206
22.3 1.4574824528210595
22.31 1.4574832767347434
22.32 1.4574840282887818
22.330000000000002 1.4574847081827003
22.34 1.4574853225512185
22.35 1.457485873640658
22.36 1.4574863634197075
22.37 1.457486794073338
22.38 1.4574871680284887
22.39 1.4574874879810955
22.400000000000002 1.457487756924461
22.41 1.4574879781789631
22.42 1.4574881554231045
22.43 1.457488292725903
22.44 1.4574883922415278
22.45 1.4574884512767152
22.46 1.4574884712622374
22.47 1.4574884887879853
22.48 1.4574885424659476
22.490000000000002 1.4574886311452868
22.5 1.457488753913691
22.51 1.4574889101291046
22.52 1.4574890994528906
22.53 1.4574893218844145
22.54 1.4574895777970585
22.55 1.4574898650004078
22.56 1.4574901773938878
22.57 1.4574905128366655
22.580000000000002 1.4574908691432535
22.59 1.457491243956794
22.6 1.4574916347251181
22.61 1.4574920386755068
22.62 1.4574924527881519
22.63 1.4574928737683204
22.64 1.4574932980172195
22.650000000000002 1.4574937216015647
22.66 1.4574941436334405
22.67 1.4574945657834557
22.68 1.4574949864235476
22.69 1.4574954040657624
22.7 1.457495817402762
22.71 1.4574962253322985
22.72 1.4574966269828802
22.73 1.4574970217406196
22.740000000000002 1.4574974092772697
22.75 1.457497789579446
22.76 1.4574981629767205
22.77 1.4574985259337188
22.78 1.4574988735863719
22.79 1.4574992039092722
22.8 1.4574995147159382
22.81 1.4574998036339677
22.82 1.4575000680788606
22.830000000000002 1.457500305226518
22.84 1.457500511984408
22.85 1.4575006849614054
22.86 1.4575008204363036
22.87 1.457500914395441
22.88 1.4575009689713128
22.89 1.4575009865625983
22.900000000000002 1.4575010065000376
22.91 1.457501064161015
22.92 1.4575011593489577
22.93 1.457501291431835
22.94 1.4575014592960798
22.95 1.4575016612985028
22.96 1.4575018952161938
22.97 1.4575021581944183
22.98 1.4575024470237736
22.990000000000002 1.4575027682255186
23.0 1.4575031264985352
23.01 1.4575035230301976
23.02 1.4575039593388919
23.03 1.4575044373285346
23.04 1.457504959345917
23.05 1.4575055282408849
23.06 1.4575061474293443
23.07 1.4575068209591
23.080000000000002 1.457507553578525
23.09 1.4575083500300938
23.1 1.4575092035013173
23.11 1.457510111172747
23.12 1.4575110732459005
23.13 1.457512089596219
23.14 1.4575131597256579
23.150000000000002 1.4575142827127026
23.16 1.4575154571598083
23.17 1.4575166811382685
23.18 1.457517952130506
23.19 1.4575192669697925
23.2 1.4575206228648918
23.21 1.4575220265245952
23.22 1.4575234800579326
23.23 1.4575249837030415
23.240000000000002 1.4575265378623836
23.25 1.4575281431351514
23.26 1.4575298003514727
23.27 1.4575315106084181
23.28 1.4575332753078083
23.29 1.4575350961958216
23.3 1.4575369754044039
23.31 1.4575389142987385
23.32 1.457540907466134
23.330000000000002 1.4575429533806743
23.34 1.4575450513467185
23.35 1.45754720045881
23.36 1.457549399576497
23.37 1.4575516472978376
23.38 1.457553941931582
23.39 1.4575562814680407
23.400000000000002 1.4575586635486297
23.41 1.4575610854341017
23.42 1.457563545397145
23.43 1.4575660470216838
23.44 1.4575685902200926
23.45 1.4575711744609974
23.46 1.4575737993501034
23.47 1.4575764646551579
23.48 1.4575791703321912
23.490000000000002 1.4575819165530328
23.5 1.457584703734107
23.51 1.4575875325665035
23.52 1.4575904040473266
23.53 1.4575933177776152
23.54 1.457596269023214
23.55 1.4575992564805031
23.56 1.45760227900928
23.57 1.4576053353231737
23.580000000000002 1.4576084239706344
23.59 1.4576115433148769
23.6 1.457614691512781
23.61 1.4576178664927486
23.62 1.4576210659315172
23.63 1.4576242872299288
23.64 1.4576275293057557
23.650000000000002 1.4576307940002928
23.66 1.4576340803868129
23.67 1.4576373875067312
23.68 1.4576407144957348
23.69 1.4576440605998995
23.7 1.4576474251926195
23.71 1.4576508077923527
23.72 1.4576542080811774
23.73 1.4576576259241634
23.740000000000002 1.4576610613895562
23.75 1.4576645133592592
23.76 1.4576679793953888
23.77 1.4576714587063655
23.78 1.4576749505280449
23.79 1.4576784541006031
23.8 1.4576819686650548
23.81 1.4576854934594539
23.82 1.4576890277147745
23.830000000000002 1.457692570650473
23.84 1.4576961214697288
23.85 1.457699679354368
23.86 1.4577032422285197
23.87 1.4577068072518677
23.88 1.4577103723807505
23.89 1.457713935325215
23.900000000000002 1.4577174935226942
23.91 1.45772104411088
23.92 1.4577245838994823
23.93 1.457728109340869
23.94 1.4577316164995935
23.95 1.4577351010208053
23.96 1.4577385581353794
23.97 1.4577419904087674
23.98 1.45774540163621
23.990000000000002 1.4577487915370468
24.0 1.457752160318312
24.01 1.457755508739608
24.02 1.4577588381811
24.03 1.45776215071462
24.04 1.457765449177886
24.05 1.4577687372518389
24.060000000000002 1.4577720195410924
24.07 1.457775301350583
24.080000000000002 1.4577785746217689
24.09 1.4577818327158563
24.1 1.4577850746462517
24.11 1.457788299008586
24.12 1.4577915039099685
24.13 1.4577946868944185
24.14 1.4577978448644717
24.150000000000002 1.4578009739989628
24.16 1.4578040696669825
24.17 1.457807126338011
24.18 1.457810138209751
24.19 1.4578131135054733
24.2 1.4578160564358944
24.21 1.4578189669020056
24.22 1.4578218451502627
24.23 1.4578246918251625
24.240000000000002 1.457827508024724
24.25 1.4578302953588753
24.26 1.4578330560107438
24.27 1.4578357928008523
24.28 1.4578385092542196
24.29 1.4578412086472399
24.3 1.4578438830952798
24.310000000000002 1.4578465294374678
24.32 1.457849146975366
24.330000000000002 1.457851734743217
24.34 1.4578542914655601
24.35 1.457856815512613
24.36 1.4578593048534096
24.37 1.457861757006704
24.38 1.457864168989631
24.39 1.457866537264131
24.400000000000002 1.4578688590946103
24.41 1.4578711414264158
24.42 1.4578733861039876
24.43 1.4578755935609713
24.44 1.4578777645435637
24.45 1.4578799001528089
24.46 1.4578820018890668
24.47 1.4578840716986554
24.48 1.4578861120226676
24.490000000000002 1.4578881258479626
24.5 1.45789011676033
24.51 1.457892086966192
24.52 1.457894029587173
24.53 1.4578959435599783
24.54 1.4578978287296889
24.55 1.4578996846882097
24.560000000000002 1.4579015107334454
24.57 1.4579033058263442
24.580000000000002 1.4579050685458157
24.59 1.4579067970415118
24.6 1.4579084889844844
24.61 1.4579101415157059
24.62 1.4579117537984732
24.63 1.457913332786074
24.64 1.4579148796551296
24.650000000000002 1.4579163951570928
24.66 1.457917880294531
24.67 1.4579193363559722
24.68 1.4579207649525918
24.69 1.4579221680567398
24.7 1.4579235480423065
24.71 1.4579249077269307
24.72 1.4579262504160437
24.73 1.4579275769212598
24.740000000000002 1.4579288821030614
24.75 1.4579301659975263
24.76 1.4579314287609757
24.77 1.4579326703422877
24.78 1.4579338904511008
24.79 1.4579350885243876
24.8 1.4579362636914008
24.810000000000002 1.4579374147369932
24.82 1.4579385400633096
24.830000000000002 1.457939637649849
24.84 1.457940708534441
24.85 1.4579417581233047
24.86 1.457942787312003
24.87 1.4579437970778517
24.88 1.4579447886113246
24.89 1.4579457633451938
24.900000000000002 1.4579467229851761
24.91 1.4579476695420874
24.92 1.4579486053655037
24.93 1.4579495331789292
24.94 1.4579504561164698
24.95 1.457951373574273
24.96 1.4579522820665096
24.97 1.4579531820026017
24.98 1.457954073628865
24.990000000000002 1.4579549569863013
25.0 1.4579558318813184
25.01 1.4579566978549852
25.02 1.457957554150825
25.03 1.4579583996811436
25.04 1.4579592329918973
25.05 1.4579600522312404
25.060000000000002 1.4579608596622011
25.07 1.4579616587325004
25.080000000000002 1.4579624499205404
25.09 1.457963233814072
25.1 1.4579640111306293
25.11 1.4579647827391427
25.12 1.4579655496827328
25.13 1.457966313202686
25.14 1.4579670747636064
25.150000000000002 1.4579678360797492
25.16 1.4579685990973081
25.17 1.4579693625213148
25.18 1.4579701251155626
25.19 1.4579708872890589
25.2 1.4579716493914956
25.21 1.4579724117030803
25.22 1.4579731744237623
25.23 1.4579739376618543
25.240000000000002 1.4579747014220528
25.25 1.457975465592854
25.26 1.457976229933366
25.27 1.457976994124695
25.28 1.457977759561877
25.29 1.4579785272465233
25.3 1.4579792975414876
25.310000000000002 1.4579800708274726
25.32 1.4579808475072487
25.330000000000002 1.4579816280101252
25.34 1.4579824127966778
25.35 1.457983202363727
25.36 1.4579839972495703
25.37 1.45798479803947
25.38 1.4579856053052134
25.39 1.4579864186930451
25.400000000000002 1.4579872381731194
25.41 1.4579880639379732
25.42 1.4579888961466447
25.43 1.4579897349211643
25.44 1.4579905803428732
25.45 1.4579914324485685
25.46 1.4579922912264731
25.47 1.4579931566120357
25.48 1.4579940284835535
25.490000000000002 1.4579949067340616
25.5 1.4579957918727313
25.51 1.4579966840793952
25.52 1.4579975833991545
25.53 1.4579984898721288
25.54 1.4579994035352188
25.55 1.458000324423991
25.560000000000002 1.4580012525746748
25.57 1.4580021880262786
25.580000000000002 1.4580031308228243
25.59 1.4580040810156956
25.6 1.4580050386424375
25.61 1.4580060036165141
25.62 1.4580069759313758
25.63 1.4580079556024612
25.64 1.4580089426503877
25.650000000000002 1.4580099371025435
25.66 1.4580109389947324
25.67 1.4580119483728817
25.68 1.458012965294805
25.69 1.4580139898320255
25.7 1.4580150220716532
25.71 1.4580160619930147
25.72 1.4580171091124283
25.73 1.4580181632399436
25.740000000000002 1.4580192242001058
25.75 1.458020291784426
25.76 1.4580213657481482
25.77 1.458022445806852
25.78 1.4580235316328956
25.79 1.4580246228516962
25.8 1.4580257190378516
25.810000000000002 1.4580268197110982
25.82 1.4580279249041725
25.830000000000002 1.4580290360650832
25.84 1.4580301536079194
25.85 1.4580312779705937
25.86 1.4580324097138673
25.87 1.4580335495348344
25.88 1.4580346982809915
25.89 1.4580358569648786
25.900000000000002 1.4580370267793044
25.91 1.458038209113144
25.92 1.4580394055677206
25.93 1.4580406153377012
25.94 1.4580418333957759
25.95 1.4580430583586956
25.96 1.458044288615417
25.97 1.4580455221441477
25.98 1.4580467564666137
25.990000000000002 1.4580479886002926
26.0 1.4580492150086133
26.01 1.4580504315491232
26.02 1.4580516334196196
26.03 1.4580528151022507
26.04 1.4580539779798338
26.05 1.4580551305865734
26.060000000000002 1.4580562733612032
26.07 1.4580574072058576
26.080000000000002 1.4580585336503658
26.09 1.458059654935336
26.1 1.4580607740992029
26.11 1.4580618950692383
26.12 1.4580630227565285
26.13 1.4580641631549143
26.14 1.4580653234438952
26.150000000000002 1.4580664989358945
26.16 1.4580676792302194
26.17 1.4580688639390844
26.18 1.4580700522057768
26.19 1.4580712426253495
26.2 1.4580724331612809
26.21 1.4580736210577974
26.22 1.4580748027478614
26.23 1.4580759737568219
26.240000000000002 1.4580771286017267
26.25 1.4580782607747327
26.26 1.4580793766826206
26.27 1.4580804840759067
26.28 1.4580815831874134
26.29 1.458082674597455
26.3 1.4580837592905171
26.310000000000002 1.4580848387151162
26.32 1.4580859148468375
26.330000000000002 1.4580869902545561
26.34 1.4580880681698338
26.35 1.458089152559498
26.36 1.4580902479193385
26.37 1.4580913478297208
26.38 1.4580924473130277
26.39 1.4580935458528819
26.400000000000002 1.4580946426315664
26.41 1.458095736484449
26.42 1.4580968258519864
26.43 1.458097908729306
26.44 1.4580989826133623
26.45 1.4581000444476737
26.46 1.458101090564634
26.47 1.458102117180972
26.48 1.4581031305396293
26.490000000000002 1.4581041338898622
26.5 1.4581051275833912
26.51 1.45810611227618
26.52 1.4581070889732237
26.53 1.4581080590756748
26.54 1.4581090244303039
26.55 1.4581099873812975
26.560000000000002 1.458110950824389
26.57 1.458111918263329
26.580000000000002 1.4581128929128284
26.59 1.4581138681628205
26.6 1.4581148416802234
26.61 1.4581158131866092
26.62 1.4581167821433454
26.63 1.4581177477107614
26.64 1.4581187087051448
26.650000000000002 1.458119663553562
26.66 1.4581206102465052
26.67 1.4581215462883672
26.68 1.4581224686457412
26.69 1.4581233750381366
26.7 1.458124271878618
26.71 1.4581251608195893
26.72 1.4581260422511637
26.73 1.4581269167927533
26.740000000000002 1.4581277853271974
26.75 1.4581286490367016
26.76 1.458129509440597
26.77 1.4581303684349147
26.78 1.4581312283337735
26.79 1.4581320919125882
26.8 1.4581329607950428
26.810000000000002 1.458133829549633
26.82 1.4581346973448626
26.830000000000002 1.4581355640151992
26.84 1.458136429199671
26.85 1.4581372923122922
26.86 1.458138152510941
26.87 1.4581390086646917
26.88 1.4581398593195962
26.89 1.4581407026629216
26.900000000000002 1.4581415364858372
26.91 1.4581423600288284
26.92 1.4581431778664804
26.93 1.4581439904931874
26.94 1.4581447981036337
26.95 1.4581456010337233
26.96 1.4581463997831068
26.97 1.4581471950389266
26.98 1.4581479877007826
26.990000000000002 1.458148778906918
27.0 1.4581495700616274
27.01 1.4581503628638823
27.02 1.4581511578792001
27.03 1.4581519530382903
27.04 1.4581527487768826
27.05 1.4581535456771493
27.060000000000002 1.4581543443370828
27.07 1.458155145365903
27.080000000000002 1.45815594937907
27.09 1.4581567569928975
27.1 1.4581575688187727
27.11 1.458158385456974
27.12 1.4581592074900989
27.13 1.4581600348785937
27.14 1.4581608667708323
27.150000000000002 1.4581617029220895
27.16 1.4581625429249436
27.17 1.4581633861735683
27.18 1.4581642318417718
27.19 1.4581650788601266
27.2 1.4581659258921817
27.21 1.4581667713097646
27.22 1.4581676131673666
27.23 1.458168449175619
27.240000000000002 1.4581692804223392
27.25 1.4581701103881661
27.26 1.4581709392437348
27.27 1.458171767347421
27.28 1.458172595285237
27.29 1.4581734239042836
27.3 1.4581742543478873
27.310000000000002 1.4581750880924107
27.32 1.4581759269857437
27.330000000000002 1.458176773287471
27.34 1.4581776297002684
27.35 1.4581784939489684
27.36 1.4581793625282924
27.37 1.4581802353225712
27.38 1.4581811120602552
27.39 1.4581819922883559
27.400000000000002 1.458182875345452
27.41 1.45818376033326
27.42 1.4581846460867747
27.43 1.4581855311429721
27.44 1.4581864137080793
27.45 1.4581872916994032
27.46 1.4581881677390767
27.47 1.4581890442703431
27.48 1.4581899215061338
27.490000000000002 1.4581907997949306
27.5 1.4581916796413432
27.51 1.4581925617277833
27.52 1.458193446937237
27.53 1.4581943363771377
27.54 1.4581952314043312
27.55 1.4581961336511458
27.560000000000002 1.4581970448654484
27.57 1.4581979622237213
27.580000000000002 1.4581988839377353
27.59 1.4581998097317717
27.6 1.458200739174589
27.61 1.4582016716574397
27.62 1.4582026063709603
27.63 1.4582035422809292
27.64 1.4582044781029029
27.650000000000002 1.4582054122757189
27.66 1.458206342933874
27.67 1.458207268266373
27.68 1.4582081914883005
27.69 1.4582091139211073
27.7 1.458210035682454
27.71 1.4582109570403483
27.72 1.4582118784361258
27.73 1.4582128005086301
27.740000000000002 1.4582137241195967
27.75 1.4582146503802311
27.76 1.4582155806789936
27.77 1.4582165167105783
27.78 1.458217459857454
27.79 1.4582184063912356
27.8 1.458219355123309
27.810000000000002 1.4582203057277736
27.82 1.45822125773206
27.830000000000002 1.4582222104954525
27.84 1.4582231631864837
27.85 1.4582241147591959
27.86 1.458225063928273
27.87 1.4582260091430446
27.88 1.4582269485603534
27.89 1.4582278809326437
27.900000000000002 1.4582288096893976
27.91 1.458229735434916
27.92 1.4582306582428775
27.93 1.4582315783226967
27.94 1.45823249603973
27.95 1.458233411936529
27.96 1.4582343267551436
27.97 1.4582352414604716
27.98 1.4582361572646587
27.990000000000002 1.458237075652547
28.0 1.4582379970607477
28.01 1.4582389173066121
28.02 1.458239835404589
28.03 1.4582407506320607
28.04 1.4582416620723313
28.05 1.4582425685898315
28.060000000000002 1.4582434688041028
28.07 1.4582443610625646
28.080000000000002 1.4582452434120599
28.09 1.4582461135691833
28.1 1.4582469688893909
28.11 1.4582478089683597
28.12 1.4582486394566545
28.13 1.4582494612361554
28.14 1.4582502751511797
28.150000000000002 1.4582510824046115
28.16 1.4582518846020458
28.17 1.4582526837979983
28.18 1.458253482544192
28.19 1.4582542839399115
28.2 1.45825509168443
28.21 1.4582559101315058
28.22 1.4582567390180825
28.23 1.4582575702951837
28.240000000000002 1.4582584033363588
28.25 1.4582592373728145
28.26 1.458260071192376
28.27 1.4582609030777243
28.28 1.45826173074158
28.29 1.4582625512588363
28.3 1.4582633609956435
28.310000000000002 1.4582641555354392
28.32 1.458264929601929
28.330000000000002 1.4582656848492108
28.34 1.4582664295671361
28.35 1.4582671638502356
28.36 1.4582678880350965
28.37 1.4582686028198424
28.38 1.4582693093197912
28.39 1.4582700091260496
28.400000000000002 1.4582707043670444
28.41 1.4582713977729878
28.42 1.4582720927432795
28.43 1.4582727934165503
28.44 1.4582734966589654
28.45 1.4582741962740113
28.46 1.458274891992755
28.47 1.4582755833322887
28.48 1.4582762695597296
28.490000000000002 1.4582769496541852
28.5 1.4582776222666736
28.51 1.4582782856780034
28.52 1.4582789377546137
28.53 1.4582795759023717
28.54 1.4582801970720496
28.55 1.4582808045132771
28.560000000000002 1.4582814019409238
28.57 1.458281989600147
28.580000000000002 1.4582825679331937
28.59 1.4582831376085068
28.6 1.458283699551379
28.61 1.4582842549761486
28.62 1.4582848054199447
28.63 1.4582853527779753
28.64 1.4582858993403638
28.650000000000002 1.4582864476595276
28.66 1.4582869943567556
28.67 1.4582875369674486
28.68 1.4582880753432579
28.69 1.45828860916047
28.7 1.4582891378924197
28.71 1.458289660780442
28.72 1.4582901768033647
28.73 1.4582906846455361
28.740000000000002 1.4582911826633937
28.75 1.45829166885057
28.76 1.4582921411464442
28.77 1.4582926032461612
28.78 1.4582930570008392
28.79 1.4582935026382526
28.8 1.4582939405372224
28.810000000000002 1.458294371250927
28.82 1.4582947955314753
28.830000000000002 1.4582952143557395
28.84 1.4582956289524485
28.85 1.4582960408305425
28.86 1.4582964518087895
28.87 1.4582968635391922
28.88 1.4582972727695174
28.89 1.4582976784679387
28.900000000000002 1.458298080600408
28.91 1.458298479017283
28.92 1.4582988734349196
28.93 1.4582992634162741
28.94 1.458299648350518
28.95 1.4583000274316569
28.96 1.4583003996361683
28.97 1.4583007636996401
28.98 1.4583011186228105
28.990000000000002 1.4583014666142513
29.0 1.4583018080068173
29.01 1.4583021426264082
29.02 1.4583024703240164
29.03 1.458302790983557
29.04 1.4583031045302055
29.05 1.4583034109392425
29.060000000000002 1.4583037102454062
29.07 1.4583040025527518
29.080000000000002 1.4583042880450194
29.09 1.4583045671751345
29.1 1.4583048412789377
29.11 1.4583051113874104
29.12 1.4583053786608846
29.13 1.4583056444919311
29.14 1.4583059105274216
29.150000000000002 1.4583061786914484
29.16 1.458306451209098
29.17 1.4583067306310784
29.18 1.4583070198592045
29.19 1.458307322172736
29.2 1.458307638675204
29.21 1.4583079633208038
29.22 1.4583082952571835
29.23 1.4583086337405138
29.240000000000002 1.4583089775608806
29.25 1.4583093249823924
29.26 1.4583096736804841
29.27 1.4583100206764232
29.28 1.4583103622690095
29.29 1.4583106939634767
29.3 1.4583110103975916
29.310000000000002 1.458311311154384
29.32 1.4583116062685577
29.330000000000002 1.4583118963994732
29.34 1.4583121821393084
29.35 1.4583124645263066
29.36 1.4583127451128093
29.37 1.4583130260368156
29.38 1.4583133100970704
29.39 1.4583136008316782
29.400000000000002 1.4583139026002474
29.41 1.4583142206695587
29.42 1.4583145538533924
29.43 1.458314892895309
29.44 1.4583152374845878
29.45 1.4583155871758349
29.46 1.4583159411905016
29.47 1.458316298366057
29.48 1.458316657102424
29.490000000000002 1.4583170153056833
29.5 1.4583173703290409
29.51 1.4583177189110614
29.52 1.4583180571111674
29.53 1.4583183873884875
29.54 1.45831871629297
29.55 1.4583190442403782
29.560000000000002 1.4583193718918017
29.57 1.4583197002009822
29.580000000000002 1.4583200304551116
29.59 1.458320364317708
29.6 1.4583207038735757
29.61 1.4583210516758436
29.62 1.4583214107950886
29.63 1.4583217848491927
29.64 1.4583221706480956
29.650000000000002 1.458322563567141
29.66 1.4583229633360195
29.67 1.4583233694214255
29.68 1.4583237809877463
29.69 1.4583241968556906
29.7 1.4583246154588556
29.71 1.4583250347982368
29.72 1.4583254523946727
29.73 1.4583258652392335
29.740000000000002 1.4583262698843718
29.75 1.4583266705680193
29.76 1.4583270710403842
29.77 1.4583274715772905
29.78 1.4583278726950304
29.79 1.4583282751880362
29.8 1.458328680168569
29.810000000000002 1.4583290891084186
29.82 1.4583295038826156
29.830000000000002 1.4583299268151584
29.84 1.4583303607267515
29.85 1.4583308086341435
29.86 1.458331265740806
29.87 1.4583317292203248
29.88 1.4583321987821083
29.89 1.4583326739165245
29.900000000000002 1.4583331538616642
29.91 1.458333637568332
29.92 1.4583341236632574
29.93 1.458334610410534
29.94 1.4583350956712795
29.95 1.458335576861523
29.96 1.4583360515047596
29.97 1.4583365243570794
29.98 1.4583369973163485
