0.0 0.0422625022835235
0.01 0.0809264288739417
0.02 0.1163477208190624
0.03 0.14883498045064347
0.04 0.17865892278307902
0.05 0.20605934265289932
0.06 0.23125034255191682
0.07 0.25442432038463625
0.08 0.27575505971049097
0.09 0.29540016228160193
0.1 0.31350299356892547
0.11 0.33019426441053995
0.12 0.34559333853347873
0.13 0.3598093318670533
0.14 0.3729420523098394
0.15 0.38508281598210176
0.16 0.39631516667779954
0.17 0.40671551832275726
0.18 0.41635373511361506
0.19 0.4252936602007231
0.2 0.43359360095496857
0.21 0.4413067767774975
0.22 0.44848173388805446
0.23 0.4551627304230818
0.24 0.4613900943833392
0.25 0.46720055641250247
0.26 0.4726275590021391
0.27 0.47770154345840554
0.28 0.4824502157967202
0.29 0.4868987926259753
0.3 0.49107022802346145
0.31 0.49498542237044624
0.32 0.4986634141049053
0.33 0.5021215553438343
0.34 0.5053756723267521
0.35000000000000003 0.508440211630134
0.36 0.5113283730967386
0.37 0.5140522304123895
0.38 0.5166228402449479
0.39 0.5190503408358207
0.4 0.5213440409037845
0.41000000000000003 0.5235124996848992
0.42 0.5255635988917813
0.43 0.5275046073315631
0.44 0.5293422388755712
0.45 0.5310827044261348
0.46 0.5327317584779471
0.47000000000000003 0.5342947408238627
0.48 0.5357766139086355
0.49 0.537181996289423
0.5 0.538515192619353
0.51 0.5397802205303489
0.52 0.5409808347539545
0.53 0.5421205487841831
0.54 0.5432026543544616
0.55 0.5442302389715145
0.56 0.5452062017224608
0.5700000000000001 0.5461332675473358
0.58 0.5470140001475838
0.59 0.5478508136816213
0.6 0.5486459833811734
0.61 0.5494016552065911
0.62 0.5501198546455645
0.63 0.5508024947474316
0.64 0.5514513834744587
0.65 0.5520682304419134
0.66 0.5526546531103254
0.67 0.5532121824858997
0.68 0.5537422683785242
0.6900000000000001 0.5542462842610639
0.7000000000000001 0.5547255317685938
0.71 0.5551812448717967
0.72 0.5556145937548617
0.73 0.5560266884248122
0.74 0.5564185820761965
0.75 0.5567912742324511
0.76 0.5571457136829367
0.77 0.5574828012326247
0.78 0.5578033922796285
0.79 0.55810829923421
0.8 0.5583982937915114
0.81 0.5586741090690464
0.8200000000000001 0.5589364416189148
0.8300000000000001 0.559185953323754
0.84 0.559423273184602
0.85 0.5596489990081069
0.86 0.5598636989998522
0.87 0.5600679132699845
0.88 0.5602621552568046
0.89 0.5604469130735166
0.9 0.5606226507829096
0.91 0.5607898096043745
0.92 0.5609488090573184
0.93 0.5611000480447346
0.9400000000000001 0.5612439058804171
0.9500000000000001 0.5613807432630517
0.96 0.5615109032001975
0.97 0.5616347118849636
0.98 0.5617524795279997
0.99 0.5618645011472487
1.0 0.5619710573177518
1.01 0.5620724148836539
1.02 0.5621688276344241
1.03 0.5622605369471837
1.04 0.5623477723969211
1.05 0.5624307523362712
1.06 0.5625096844464351
1.07 0.5625847662607312
1.08 0.5626561856621796
1.09 0.5627241213564487
1.1 0.562788743321416
1.11 0.5628502132345283
1.12 0.5629086848790823
1.1300000000000001 0.562964304530487
1.1400000000000001 0.5630172113235127
1.1500000000000001 0.5630675376014771
1.16 0.5631154092482723
1.17 0.5631609460040863
1.18 0.5632042617656301
1.19 0.5632454648716402
1.2 0.5632846583743849
1.21 0.5633219402978681
1.22 0.5633574038833878
1.23 0.5633911378230719
1.24 0.5634232264819867
1.25 0.563453750109378
1.26 0.5634827850395816
1.27 0.5635104038831099
1.28 0.5635366757083979
1.29 0.5635616662146667
1.3 0.5635854378963405
1.31 0.5636080501994308
1.32 0.5636295596702826
1.33 0.5636500200970549
1.34 0.5636694826442938
1.35 0.5636879959809338
1.36 0.5637056064020498
1.37 0.5637223579446667
1.3800000000000001 0.5637382924979154
1.3900000000000001 0.5637534499078115
1.4000000000000001 0.5637678680769223
1.41 0.5637815830591679
1.42 0.5637946291499979
1.43 0.5638070389721661
1.44 0.5638188435573216
1.45 0.5638300724236179
1.46 0.563840753649536
1.47 0.5638509139441058
1.48 0.5638605787137015
1.49 0.5638697721255786
1.5 0.5638785171683116
1.51 0.5638868357092826
1.52 0.5638947485493665
1.53 0.5639022754749484
1.54 0.5639094353074036
1.55 0.5639162459501632
1.56 0.5639227244334859
1.57 0.5639288869570439
1.58 0.5639347489304334
1.59 0.5639403250117072
1.6 0.5639456291440303
1.61 0.5639506745905455
1.62 0.5639554739675394
1.6300000000000001 0.5639600392759908
1.6400000000000001 0.5639643819315799
1.6500000000000001 0.5639685127932351
1.6600000000000001 0.5639724421902851
1.67 0.5639761799482893
1.68 0.5639797354136069
1.69 0.5639831174767679
1.7 0.5639863345947046
1.71 0.5639893948118985
1.72 0.5639923057804961
1.73 0.5639950747794432
1.74 0.5639977087326866
1.75 0.5640002142264872
1.76 0.5640025975258899
1.77 0.564004864590389
1.78 0.5640070210888303
1.79 0.5640090724135868
1.8 0.5640110236940414
1.81 0.5640128798094144
1.82 0.5640146454009628
1.83 0.5640163248835871
1.84 0.5640179224568703
1.85 0.5640194421155789
1.86 0.5640208876596525
1.87 0.5640222627037054
1.8800000000000001 0.5640235706860645
1.8900000000000001 0.5640248148773679
1.9000000000000001 0.5640259983887426
1.9100000000000001 0.5640271241795839
1.92 0.5640281950649558
1.93 0.5640292137226302
1.94 0.5640301826997818
1.95 0.5640311044193588
1.96 0.5640319811861404
1.97 0.5640328151925005
1.98 0.5640336085238895
1.99 0.5640343631640494
2.0 0.5640350809999738
2.0100000000000002 0.5640357638266265
2.02 0.5640364133514298
2.0300000000000002 0.5640370311985344
2.04 0.5640376189128797
2.05 0.5640381779640579
2.06 0.5640387097499882
2.07 0.5640392156004123
2.08 0.5640396967802199
2.09 0.5640401544926112
2.1 0.5640405898821057
2.11 0.5640410040374039
2.12 0.5640413979941097
2.13 0.56404177273732
2.14 0.5640421292040884
2.15 0.5640424682857671
2.16 0.5640427908302372
2.17 0.5640430976440279
2.18 0.5640433894943334
2.19 0.5640436671109315
2.2 0.5640439311880082
2.21 0.564044182385894
2.22 0.5640444213327144
2.23 0.5640446486259607
2.24 0.5640448648339845
2.25 0.5640450704974186
2.2600000000000002 0.5640452661305286
2.27 0.5640454522224994
2.2800000000000002 0.5640456292386575
2.29 0.5640457976216358
2.3000000000000003 0.5640459577924792
2.31 0.5640461101516985
2.32 0.564046255080271
2.33 0.5640463929405936
2.34 0.5640465240773888
2.35 0.5640466488185671
2.36 0.5640467674760463
2.37 0.564046880346532
2.38 0.5640469877122591
2.39 0.564047089841698
2.4 0.5640471869902254
2.41 0.564047279400763
2.42 0.5640473673043858
2.43 0.5640474509208981
2.44 0.564047530459385
2.45 0.5640476061187342
2.46 0.5640476780881334
2.47 0.5640477465475435
2.48 0.5640478116681489
2.49 0.5640478736127849
2.5 0.5640479325363452
2.5100000000000002 0.5640479885861696
2.52 0.5640480419024118
2.5300000000000002 0.5640480926183902
2.54 0.5640481408609211
2.5500000000000003 0.5640481867506361
2.56 0.5640482304022832
2.57 0.5640482719250145
2.58 0.5640483114226581
2.59 0.564048348993979
2.6 0.5640483847329251
2.61 0.5640484187288619
2.62 0.5640484510667976
2.63 0.5640484818275934
2.64 0.5640485110881676
2.65 0.5640485389216866
2.66 0.564048565397749
2.67 0.5640485905825585
2.68 0.5640486145390904
2.69 0.5640486373272485
2.7 0.564048659004015
2.71 0.5640486796235931
2.72 0.5640486992375424
2.73 0.5640487178949082
2.74 0.5640487356423435
2.75 0.5640487525242263
2.7600000000000002 0.5640487685827698
2.77 0.564048783858129
2.7800000000000002 0.5640487983885
2.79 0.5640488122102165
2.8000000000000003 0.56404882535784
2.81 0.5640488378642463
2.82 0.564048849760708
2.83 0.5640488610769724
2.84 0.564048871841336
2.85 0.5640488820807155
2.86 0.5640488918207145
2.87 0.5640489010856882
2.88 0.5640489098988037
2.89 0.5640489182820986
2.9 0.5640489262565354
2.91 0.5640489338420541
2.92 0.5640489410576229
2.93 0.5640489479212841
2.94 0.5640489544502008
2.95 0.5640489606606983
2.96 0.5640489665683064
2.97 0.5640489721877969
2.98 0.5640489775332218
2.99 0.5640489826179471
3.0 0.5640489874546875
3.0100000000000002 0.5640489920555373
3.02 0.5640489964320009
3.0300000000000002 0.5640490005950219
3.04 0.5640490045550101
3.0500000000000003 0.5640490083218672
3.06 0.5640490119050126
3.0700000000000003 0.5640490153134059
3.08 0.56404901855557
3.09 0.5640490216396118
3.1 0.564049024573243
3.11 0.5640490273637995
3.12 0.5640490300182589
3.13 0.5640490325432588
3.14 0.5640490349451129
3.15 0.5640490372298274
3.16 0.5640490394031149
3.17 0.5640490414704099
3.18 0.5640490434368818
3.19 0.5640490453074477
3.2 0.564049047086785
3.21 0.564049048779343
3.22 0.5640490503893542
3.23 0.564049051920844
3.24 0.5640490533776421
3.25 0.5640490547633915
3.2600000000000002 0.564049056081557
3.27 0.5640490573354349
3.2800000000000002 0.5640490585281603
3.29 0.5640490596627159
3.3000000000000003 0.5640490607419386
3.31 0.564049061768527
3.3200000000000003 0.5640490627450481
3.33 0.5640490636739436
3.34 0.5640490645575365
3.35 0.5640490653980359
3.36 0.5640490661975437
3.37 0.564049066958059
3.38 0.5640490676814836
3.39 0.5640490683696263
3.4 0.5640490690242079
3.41 0.5640490696468653
3.42 0.5640490702391552
3.43 0.5640490708025588
3.44 0.5640490713384849
3.45 0.5640490718482736
3.46 0.5640490723331996
3.47 0.5640490727944755
3.48 0.5640490732332547
3.49 0.5640490736506344
3.5 0.5640490740476582
3.5100000000000002 0.5640490744253189
3.52 0.564049074784561
3.5300000000000002 0.5640490751262826
3.54 0.5640490754513382
3.5500000000000003 0.5640490757605406
3.56 0.5640490760546631
3.5700000000000003 0.5640490763344411
3.58 0.5640490766005741
3.59 0.5640490768537277
3.6 0.5640490770945349
3.61 0.5640490773235977
3.62 0.5640490775414889
3.63 0.5640490777487536
3.64 0.5640490779459097
3.65 0.5640490781334505
3.66 0.5640490783118449
3.67 0.5640490784815387
3.68 0.5640490786429566
3.69 0.564049078796502
3.7 0.5640490789425588
3.71 0.5640490790814925
3.72 0.5640490792136502
3.73 0.5640490793393625
3.74 0.5640490794589439
3.75 0.5640490795726931
3.7600000000000002 0.5640490796808947
3.77 0.5640490797838192
3.7800000000000002 0.5640490798817241
3.79 0.5640490799748541
3.8000000000000003 0.5640490800634421
3.81 0.5640490801477096
3.8200000000000003 0.5640490802278674
3.83 0.5640490803041158
3.84 0.5640490803766455
3.85 0.564049080445638
3.86 0.5640490805112655
3.87 0.5640490805736924
3.88 0.5640490806330748
3.89 0.5640490806895609
3.9 0.5640490807432923
3.91 0.5640490807944031
3.92 0.5640490808430212
3.93 0.5640490808892682
3.94 0.5640490809332597
3.95 0.5640490809751056
3.96 0.5640490810149108
3.97 0.5640490810527746
3.98 0.5640490810887918
3.99 0.5640490811230524
4.0 0.5640490811556421
4.01 0.5640490811866424
4.0200000000000005 0.5640490812161307
4.03 0.564049081244181
4.04 0.5640490812708632
4.05 0.5640490812962441
4.0600000000000005 0.5640490813203871
4.07 0.5640490813433526
4.08 0.5640490813651982
4.09 0.5640490813859783
4.1 0.564049081405745
4.11 0.5640490814245476
4.12 0.5640490814424332
4.13 0.5640490814594464
4.14 0.56404908147563
4.15 0.5640490814910243
4.16 0.5640490815056678
4.17 0.5640490815195971
4.18 0.564049081532847
4.19 0.5640490815454509
4.2 0.5640490815574399
4.21 0.5640490815688443
4.22 0.5640490815796924
4.23 0.5640490815900114
4.24 0.5640490815998274
4.25 0.5640490816091644
4.26 0.5640490816180461
4.2700000000000005 0.5640490816264947
4.28 0.5640490816345313
4.29 0.5640490816421758
4.3 0.5640490816494476
4.3100000000000005 0.5640490816563647
4.32 0.5640490816629444
4.33 0.5640490816692032
4.34 0.5640490816751568
4.3500000000000005 0.56404908168082
4.36 0.564049081686207
4.37 0.5640490816913314
4.38 0.5640490816962058
4.39 0.5640490817008424
4.4 0.5640490817052529
4.41 0.5640490817094483
4.42 0.5640490817134393
4.43 0.5640490817172354
4.44 0.5640490817208464
4.45 0.5640490817242814
4.46 0.5640490817275489
4.47 0.5640490817306568
4.48 0.5640490817336133
4.49 0.5640490817364257
4.5 0.5640490817391007
4.51 0.5640490817416454
4.5200000000000005 0.564049081744066
4.53 0.5640490817463685
4.54 0.5640490817485586
4.55 0.5640490817506421
4.5600000000000005 0.5640490817526238
4.57 0.564049081754509
4.58 0.5640490817563021
4.59 0.5640490817580078
4.6000000000000005 0.5640490817596304
4.61 0.5640490817611739
4.62 0.5640490817626419
4.63 0.5640490817640386
4.64 0.5640490817653669
4.65 0.5640490817666306
4.66 0.5640490817678326
4.67 0.5640490817689761
4.68 0.5640490817700636
4.69 0.5640490817710981
4.7 0.5640490817720822
4.71 0.5640490817730184
4.72 0.5640490817739089
4.73 0.5640490817747559
4.74 0.5640490817755617
4.75 0.5640490817763282
4.76 0.5640490817770573
4.7700000000000005 0.5640490817777507
4.78 0.5640490817784104
4.79 0.5640490817790379
4.8 0.5640490817796348
4.8100000000000005 0.5640490817802026
4.82 0.5640490817807426
4.83 0.5640490817812563
4.84 0.5640490817817451
4.8500000000000005 0.5640490817822099
4.86 0.5640490817826521
4.87 0.5640490817830728
4.88 0.5640490817834729
4.89 0.5640490817838534
4.9 0.5640490817842154
4.91 0.5640490817845598
4.92 0.5640490817848874
4.93 0.5640490817851991
4.94 0.5640490817854955
4.95 0.5640490817857774
4.96 0.5640490817860456
4.97 0.5640490817863009
4.98 0.5640490817865434
4.99 0.5640490817867744
5.0 0.5640490817869939
5.01 0.5640490817872028
5.0200000000000005 0.5640490817874014
5.03 0.5640490817875905
5.04 0.5640490817877702
5.05 0.5640490817879412
5.0600000000000005 0.5640490817881039
5.07 0.5640490817882586
5.08 0.5640490817884058
5.09 0.564049081788546
5.1000000000000005 0.5640490817886791
5.11 0.5640490817888058
5.12 0.5640490817889263
5.13 0.5640490817890409
5.14 0.5640490817891499
5.15 0.5640490817892537
5.16 0.5640490817893524
5.17 0.5640490817894462
5.18 0.5640490817895355
5.19 0.5640490817896204
5.2 0.5640490817897011
5.21 0.564049081789778
5.22 0.5640490817898511
5.23 0.5640490817899206
5.24 0.5640490817899868
5.25 0.5640490817900498
5.26 0.5640490817901095
5.2700000000000005 0.5640490817901664
5.28 0.5640490817902206
5.29 0.5640490817902721
5.3 0.5640490817903211
5.3100000000000005 0.5640490817903677
5.32 0.5640490817904121
5.33 0.5640490817904543
5.34 0.5640490817904944
5.3500000000000005 0.5640490817905326
5.36 0.5640490817905689
5.37 0.5640490817906034
5.38 0.5640490817906363
5.39 0.5640490817906675
5.4 0.5640490817906972
5.41 0.5640490817907255
5.42 0.5640490817907524
5.43 0.564049081790778
5.44 0.5640490817908023
5.45 0.5640490817908254
5.46 0.5640490817908475
5.47 0.5640490817908684
5.48 0.5640490817908883
5.49 0.5640490817909073
5.5 0.5640490817909253
5.51 0.5640490817909425
5.5200000000000005 0.5640490817909588
5.53 0.5640490817909742
5.54 0.564049081790989
5.55 0.5640490817910031
5.5600000000000005 0.5640490817910164
5.57 0.5640490817910292
5.58 0.5640490817910413
5.59 0.5640490817910527
5.6000000000000005 0.5640490817910637
5.61 0.564049081791074
5.62 0.5640490817910839
5.63 0.5640490817910934
5.64 0.5640490817911024
5.65 0.5640490817911108
5.66 0.5640490817911189
5.67 0.5640490817911266
5.68 0.5640490817911339
5.69 0.5640490817911409
5.7 0.5640490817911475
5.71 0.5640490817911539
5.72 0.5640490817911598
5.73 0.5640490817911655
5.74 0.5640490817911709
5.75 0.5640490817911761
5.76 0.564049081791181
5.7700000000000005 0.5640490817911856
5.78 0.5640490817911902
5.79 0.5640490817911944
5.8 0.5640490817911984
5.8100000000000005 0.5640490817912023
5.82 0.5640490817912059
5.83 0.5640490817912094
5.84 0.5640490817912126
5.8500000000000005 0.5640490817912158
5.86 0.5640490817912188
5.87 0.5640490817912216
5.88 0.5640490817912243
5.89 0.5640490817912268
5.9 0.5640490817912293
5.91 0.5640490817912316
5.92 0.5640490817912338
5.93 0.5640490817912359
5.94 0.5640490817912379
5.95 0.5640490817912399
5.96 0.5640490817912417
5.97 0.5640490817912434
5.98 0.564049081791245
5.99 0.5640490817912466
6.0 0.564049081791248
6.01 0.5640490817912495
6.0200000000000005 0.5640490817912508
6.03 0.5640490817912521
6.04 0.5640490817912533
6.05 0.5640490817912545
6.0600000000000005 0.5640490817912555
6.07 0.5640490817912566
6.08 0.5640490817912576
6.09 0.5640490817912585
6.1000000000000005 0.5640490817912595
6.11 0.5640490817912602
6.12 0.564049081791261
6.13 0.5640490817912618
6.140000000000001 0.5640490817912626
6.15 0.5640490817912632
6.16 0.5640490817912639
6.17 0.5640490817912646
6.18 0.5640490817912651
6.19 0.5640490817912657
6.2 0.5640490817912662
6.21 0.5640490817912668
6.22 0.5640490817912672
6.23 0.5640490817912677
6.24 0.5640490817912681
6.25 0.5640490817912686
6.26 0.564049081791269
6.2700000000000005 0.5640490817912693
6.28 0.5640490817912697
6.29 0.5640490817912701
6.3 0.5640490817912704
6.3100000000000005 0.5640490817912707
6.32 0.564049081791271
6.33 0.5640490817912712
6.34 0.5640490817912716
6.3500000000000005 0.5640490817912719
6.36 0.5640490817912721
6.37 0.5640490817912722
6.38 0.5640490817912724
6.390000000000001 0.5640490817912727
6.4 0.5640490817912729
6.41 0.5640490817912731
6.42 0.5640490817912733
6.43 0.5640490817912734
6.44 0.5640490817912737
6.45 0.5640490817912738
6.46 0.5640490817912739
6.47 0.564049081791274
6.48 0.5640490817912742
6.49 0.5640490817912743
6.5 0.5640490817912744
6.51 0.5640490817912747
6.5200000000000005 0.5640490817912748
6.53 0.5640490817912748
6.54 0.5640490817912749
6.55 0.564049081791275
6.5600000000000005 0.564049081791275
6.57 0.5640490817912751
6.58 0.5640490817912752
6.59 0.5640490817912752
6.6000000000000005 0.5640490817912753
6.61 0.5640490817912754
6.62 0.5640490817912754
6.63 0.5640490817912756
6.640000000000001 0.5640490817912757
6.65 0.5640490817912757
6.66 0.5640490817912758
6.67 0.5640490817912758
6.68 0.5640490817912759
6.69 0.564049081791276
6.7 0.564049081791276
6.71 0.5640490817912761
6.72 0.5640490817912762
6.73 0.5640490817912762
6.74 0.5640490817912763
6.75 0.5640490817912763
6.76 0.5640490817912763
6.7700000000000005 0.5640490817912763
6.78 0.5640490817912763
6.79 0.5640490817912763
6.8 0.5640490817912763
6.8100000000000005 0.5640490817912763
6.82 0.5640490817912763
6.83 0.5640490817912763
6.84 0.5640490817912763
6.8500000000000005 0.5640490817912763
6.86 0.5640490817912763
6.87 0.5640490817912763
6.88 0.5640490817912763
6.890000000000001 0.5640490817912763
6.9 0.5640490817912763
6.91 0.5640490817912763
6.92 0.5640490817912763
6.93 0.5640490817912763
6.94 0.5640490817912763
6.95 0.5640490817912763
6.96 0.5640490817912763
6.97 0.5640490817912763
6.98 0.5640490817912763
6.99 0.5640490817912763
7.0 0.5640490817912763
7.01 0.5640490817912763
7.0200000000000005 0.5640490817912763
7.03 0.5640490817912763
7.04 0.5640490817912763
7.05 0.5640490817912763
7.0600000000000005 0.5640490817912763
7.07 0.5640490817912763
7.08 0.5640490817912763
7.09 0.5640490817912763
7.1000000000000005 0.5640490817912763
7.11 0.5640490817912763
7.12 0.5640490817912763
7.13 0.5640490817912763
7.140000000000001 0.5640490817912763
7.15 0.5640490817912763
7.16 0.5640490817912763
7.17 0.5640490817912763
7.18 0.5640490817912763
7.19 0.5640490817912763
7.2 0.5640490817912763
7.21 0.5640490817912763
7.22 0.5640490817912763
7.23 0.5640490817912763
7.24 0.5640490817912763
7.25 0.5640490817912763
7.26 0.5640490817912763
7.2700000000000005 0.5640490817912763
7.28 0.5640490817912763
7.29 0.5640490817912763
7.3 0.5640490817912763
7.3100000000000005 0.5640490817912763
7.32 0.5640490817912763
7.33 0.5640490817912763
7.34 0.5640490817912763
7.3500000000000005 0.5640490817912763
7.36 0.5640490817912763
7.37 0.5640490817912763
7.38 0.5640490817912763
7.390000000000001 0.5640490817912763
7.4 0.5640490817912763
7.41 0.5640490817912763
7.42 0.5640490817912763
7.43 0.5640490817912763
7.44 0.5640490817912763
7.45 0.5640490817912763
7.46 0.5640490817912763
7.47 0.5640490817912763
7.48 0.5640490817912763
7.49 0.5640490817912763
7.5 0.5640490817912763
7.51 0.5640490817912763
7.5200000000000005 0.5640490817912763
7.53 0.5640490817912763
7.54 0.5640490817912763
7.55 0.5640490817912763
7.5600000000000005 0.5640490817912763
7.57 0.5640490817912763
7.58 0.5640490817912763
7.59 0.5640490817912763
7.6000000000000005 0.5640490817912763
7.61 0.5640490817912763
7.62 0.5640490817912763
7.63 0.5640490817912763
7.640000000000001 0.5640490817912763
7.65 0.5640490817912763
7.66 0.5640490817912763
7.67 0.5640490817912763
7.68 0.5640490817912763
7.69 0.5640490817912763
7.7 0.5640490817912763
7.71 0.5640490817912763
7.72 0.5640490817912763
7.73 0.5640490817912763
7.74 0.5640490817912763
7.75 0.5640490817912763
7.76 0.5640490817912763
7.7700000000000005 0.5640490817912763
7.78 0.5640490817912763
7.79 0.5640490817912763
7.8 0.5640490817912763
7.8100000000000005 0.5640490817912763
7.82 0.5640490817912763
7.83 0.5640490817912763
7.84 0.5640490817912763
7.8500000000000005 0.5640490817912763
7.86 0.5640490817912763
7.87 0.5640490817912763
7.88 0.5640490817912763
7.890000000000001 0.5640490817912763
7.9 0.5640490817912763
7.91 0.5640490817912763
7.92 0.5640490817912763
7.930000000000001 0.5640490817912763
7.94 0.5640490817912763
7.95 0.5640490817912763
7.96 0.5640490817912763
7.97 0.5640490817912763
7.98 0.5640490817912763
7.99 0.5640490817912763
8.0 0.5640490817912763
8.01 0.5640490817912763
8.02 0.5640490817912763
8.03 0.5640490817912763
8.040000000000001 0.5640490817912763
8.05 0.5640490817912763
8.06 0.5640490817912763
8.07 0.5640490817912763
8.08 0.5640490817912763
8.09 0.5640490817912763
8.1 0.5640490817912763
8.11 0.5640490817912763
8.120000000000001 0.5640490817912763
8.13 0.5640490817912763
8.14 0.5640490817912763
8.15 0.5640490817912763
8.16 0.5640490817912763
8.17 0.5640490817912763
8.18 0.5640490817912763
8.19 0.5640490817912763
8.2 0.5640490817912763
8.21 0.5640490817912763
8.22 0.5640490817912763
8.23 0.5640490817912763
8.24 0.5640490817912763
8.25 0.5640490817912763
8.26 0.5640490817912763
8.27 0.5640490817912763
8.28 0.5640490817912763
8.290000000000001 0.5640490817912763
8.3 0.5640490817912763
8.31 0.5640490817912763
8.32 0.5640490817912763
8.33 0.5640490817912763
8.34 0.5640490817912763
8.35 0.5640490817912763
8.36 0.5640490817912763
8.370000000000001 0.5640490817912763
8.38 0.5640490817912763
8.39 0.5640490817912763
8.4 0.5640490817912763
8.41 0.5640490817912763
8.42 0.5640490817912763
8.43 0.5640490817912763
8.44 0.5640490817912763
8.45 0.5640490817912763
8.46 0.5640490817912763
8.47 0.5640490817912763
8.48 0.5640490817912763
8.49 0.5640490817912763
8.5 0.5640490817912763
8.51 0.5640490817912763
8.52 0.5640490817912763
8.53 0.5640490817912763
8.540000000000001 0.5640490817912763
8.55 0.5640490817912763
8.56 0.5640490817912763
8.57 0.5640490817912763
8.58 0.5640490817912763
8.59 0.5640490817912763
8.6 0.5640490817912763
8.61 0.5640490817912763
8.620000000000001 0.5640490817912763
8.63 0.5640490817912763
8.64 0.5640490817912763
8.65 0.5640490817912763
8.66 0.5640490817912763
8.67 0.5640490817912763
8.68 0.5640490817912763
8.69 0.5640490817912763
8.700000000000001 0.5640490817912763
8.71 0.5640490817912763
8.72 0.5640490817912763
8.73 0.5640490817912763
8.74 0.5640490817912763
8.75 0.5640490817912763
8.76 0.5640490817912763
8.77 0.5640490817912763
8.78 0.5640490817912763
8.790000000000001 0.5640490817912763
8.8 0.5640490817912763
8.81 0.5640490817912763
8.82 0.5640490817912763
8.83 0.5640490817912763
8.84 0.5640490817912763
8.85 0.5640490817912763
8.86 0.5640490817912763
8.870000000000001 0.5640490817912763
8.88 0.5640490817912763
8.89 0.5640490817912763
8.9 0.5640490817912763
8.91 0.5640490817912763
8.92 0.5640490817912763
8.93 0.5640490817912763
8.94 0.5640490817912763
8.950000000000001 0.5640490817912763
8.96 0.5640490817912763
8.97 0.5640490817912763
8.98 0.5640490817912763
8.99 0.5640490817912763
9.0 0.5640490817912763
9.01 0.5640490817912763
9.02 0.5640490817912763
9.03 0.5640490817912763
9.040000000000001 0.5640490817912763
9.05 0.5640490817912763
9.06 0.5640490817912763
9.07 0.5640490817912763
9.08 0.5640490817912763
9.09 0.5640490817912763
9.1 0.5640490817912763
9.11 0.5640490817912763
9.120000000000001 0.5640490817912763
9.13 0.5640490817912763
9.14 0.5640490817912763
9.15 0.5640490817912763
9.16 0.5640490817912763
9.17 0.5640490817912763
9.18 0.5640490817912763
9.19 0.5640490817912763
9.200000000000001 0.5640490817912763
9.21 0.5640490817912763
9.22 0.5640490817912763
9.23 0.5640490817912763
9.24 0.5640490817912763
9.25 0.5640490817912763
9.26 0.5640490817912763
9.27 0.5640490817912763
9.28 0.5640490817912763
9.290000000000001 0.5640490817912763
9.3 0.5640490817912763
9.31 0.5640490817912763
9.32 0.5640490817912763
9.33 0.5640490817912763
9.34 0.5640490817912763
9.35 0.5640490817912763
9.36 0.5640490817912763
9.370000000000001 0.5640490817912763
9.38 0.5640490817912763
9.39 0.5640490817912763
9.4 0.5640490817912763
9.41 0.5640490817912763
9.42 0.5640490817912763
9.43 0.5640490817912763
9.44 0.5640490817912763
9.450000000000001 0.5640490817912763
9.46 0.5640490817912763
9.47 0.5640490817912763
9.48 0.5640490817912763
9.49 0.5640490817912763
9.5 0.5640490817912763
9.51 0.5640490817912763
9.52 0.5640490817912763
9.53 0.5640490817912763
9.540000000000001 0.5640490817912763
9.55 0.5640490817912763
9.56 0.5640490817912763
9.57 0.5640490817912763
9.58 0.5640490817912763
9.59 0.5640490817912763
9.6 0.5640490817912763
9.61 0.5640490817912763
9.620000000000001 0.5640490817912763
9.63 0.5640490817912763
9.64 0.5640490817912763
9.65 0.5640490817912763
9.66 0.5640490817912763
9.67 0.5640490817912763
9.68 0.5640490817912763
9.69 0.5640490817912763
9.700000000000001 0.5640490817912763
9.71 0.5640490817912763
9.72 0.5640490817912763
9.73 0.5640490817912763
9.74 0.5640490817912763
9.75 0.5640490817912763
9.76 0.5640490817912763
9.77 0.5640490817912763
9.78 0.5640490817912763
9.790000000000001 0.5640490817912763
9.8 0.5640490817912763
9.81 0.5640490817912763
9.82 0.5640490817912763
9.83 0.5640490817912763
9.84 0.5640490817912763
9.85 0.5640490817912763
9.86 0.5640490817912763
9.870000000000001 0.5640490817912763
9.88 0.5640490817912763
9.89 0.5640490817912763
9.9 0.5640490817912763
9.91 0.5640490817912763
9.92 0.5640490817912763
9.93 0.5640490817912763
9.94 0.5640490817912763
9.950000000000001 0.5640490817912763
9.96 0.5640490817912763
9.97 0.5640490817912763
9.98 0.5640490817912763
9.99 0.5640490817912763
