0.0 0.00385936987941517
0.01 0.003836720063247602
0.02 0.003814205642486489
0.03 0.0037918472033355755
0.04 0.003769642818838733
0.05 0.0037475911308513165
0.06 0.0037256910802694445
0.07 0.003703941263927745
0.08 0.0036823403019418124
0.09 0.00366088732673576
0.1 0.003639580927367967
0.11 0.003618419740797236
0.12 0.003597402692278949
0.13 0.0035765285950750724
0.14 0.0035557962805531857
0.15 0.0035352045892657904
0.16 0.0035147523667224652
0.17 0.003494438472541753
0.18 0.003474261784474246
0.19 0.0034542211890165324
0.2 0.0034343155757523515
0.21 0.003414543848506816
0.22 0.0033949049290370303
0.23 0.0033753977480041335
0.24 0.0033560212373571247
0.25 0.003336774343303501
0.26 0.0033176560288248943
0.27 0.0032986652661837522
0.28 0.0032798010282253463
0.29 0.003261062301561812
0.3 0.0032424480872302987
0.31 0.0032239573972578
0.32 0.0032055892462085314
0.33 0.0031873426612114785
0.34 0.0031692166787460566
0.35000000000000003 0.0031512103445538765
0.36 0.0031333227135132537
0.37 0.00311555284937219
0.38 0.003097899824620672
0.39 0.0030803627211323545
0.4 0.003062940629278051
0.41000000000000003 0.003045632648059303
0.42 0.0030284378850191206
0.43 0.0030113554561494796
0.44 0.002994384485540989
0.45 0.0029775241048227126
0.46 0.0029607734551627086
0.47000000000000003 0.002944131685330519
0.48 0.002927597951991683
0.49 0.002911171419711888
0.5 0.0028948512608564262
0.51 0.0028786366553945255
0.52 0.0028625267901536905
0.53 0.0028465208606602236
0.54 0.002830618069661313
0.55 0.0028148176271517097
0.56 0.002799118750426344
0.5700000000000001 0.0027835206639988744
0.58 0.002768022599471466
0.59 0.002752623794502512
0.6 0.0027373234948963212
0.61 0.0027221209534050265
0.62 0.0027070154293363036
0.63 0.0026920061887525694
0.64 0.0026770925044002506
0.65 0.002662273655631536
0.66 0.0026475489275796017
0.67 0.002632917612425971
0.68 0.002618379009186698
0.6900000000000001 0.002603932422850237
0.7000000000000001 0.0025895771646644427
0.71 0.0025753125520759632
0.72 0.0025611379086665806
0.73 0.002547052563504025
0.74 0.0025330558516970143
0.75 0.002519147115209553
0.76 0.0025053257013788375
0.77 0.0024915909633477194
0.78 0.0024779422600068137
0.79 0.0024643789559406124
0.8 0.002450900421031288
0.81 0.002437506030351298
0.8200000000000001 0.0024241951655894246
0.8300000000000001 0.002410967213407801
0.84 0.002397821565843641
0.85 0.0023847576202757166
0.86 0.0023717747793602813
0.87 0.002358872450803574
0.88 0.002346050046840637
0.89 0.002333306986015601
0.9 0.002320642691550976
0.91 0.0023080565916175576
0.92 0.002295548119346669
0.93 0.002283116712785607
0.9400000000000001 0.0022707618147570392
0.9500000000000001 0.0022584828722032263
0.96 0.002246279337821758
0.97 0.0022341506688533645
0.98 0.0022220963270719314
0.99 0.002210115778870483
1.0 0.0021982084952157765
1.01 0.002186373951575142
1.02 0.0021746116272119854
1.03 0.002162921006570495
1.04 0.0021513015785709876
1.05 0.0021397528362655334
1.06 0.0021282742770105485
1.07 0.002116865402423362
1.08 0.0021055257183343456
1.09 0.002094254734205948
1.1 0.0020830519640004735
1.11 0.0020719169261490516
1.12 0.002060849142848706
1.1300000000000001 0.0020498481403106793
1.1400000000000001 0.0020389134487140987
1.1500000000000001 0.0020280446021730264
1.16 0.00201724113832175
1.17 0.002006502598612179
1.18 0.0019958285290029793
1.19 0.001985218478869828
1.2 0.0019746720013264323
1.21 0.0019641886531948857
1.22 0.001953767994966604
1.23 0.0019434095905416563
1.24 0.0019331130071003314
1.25 0.0019228778162205854
1.26 0.0019127035926547738
1.27 0.0019025899146381457
1.28 0.0018925363638533452
1.29 0.001882542525422018
1.3 0.0018726079877337876
1.31 0.0018627323420636627
1.32 0.0018529151838532982
1.33 0.0018431561115853038
1.34 0.0018334547269462944
1.35 0.0018238106348574116
1.36 0.0018142234434468283
1.37 0.0018046927639494073
1.3800000000000001 0.0017952182101736347
1.3900000000000001 0.0017857993998209765
1.4000000000000001 0.0017764359535693984
1.41 0.0017671274950252806
1.42 0.0017578736508203781
1.43 0.0017486740505868142
1.44 0.0017395283269214586
1.45 0.0017304361153632996
1.46 0.0017213970543653251
1.47 0.001712410785272823
1.48 0.001703476952287067
1.49 0.0016945952017411625
1.5 0.0016857651824078075
1.51 0.0016769865478499825
1.52 0.0016682589533741103
1.53 0.00165958205697586
1.54 0.0016509555193640977
1.55 0.0016423790039182527
1.56 0.0016338521766765925
1.57 0.001625374706310586
1.58 0.0016169462640918302
1.59 0.0016085665238867823
1.6 0.0016002351620361289
1.61 0.0015919518554210776
1.62 0.0015837162859648494
1.6300000000000001 0.0015755281382454113
1.6400000000000001 0.0015673870985628852
1.6500000000000001 0.0015592928556631617
1.6600000000000001 0.001551245100714649
1.67 0.0015432435272817084
1.68 0.0015352878313138996
1.69 0.0015273777111120394
1.7 0.001519512867318437
1.71 0.0015116930028921882
1.72 0.0015039178223852485
1.73 0.0014961870311789207
1.74 0.0014885003406288574
1.75 0.001480857462800229
1.76 0.0014732581117871306
1.77 0.001465702003879669
1.78 0.001458188857542204
1.79 0.0014507183933874358
1.8 0.0014432903341574188
1.81 0.0014359044035560824
1.82 0.0014285603284114503
1.83 0.0014212578382463827
1.84 0.0014139966640569993
1.85 0.0014067765388706705
1.86 0.0013995971977457241
1.87 0.0013924583777387058
1.8800000000000001 0.001385359817896054
1.8900000000000001 0.0013783012590268858
1.9000000000000001 0.0013712824431631658
1.9100000000000001 0.0013643031156858182
1.92 0.001357363023428445
1.93 0.0013504619150215577
1.94 0.0013435995409848693
1.95 0.0013367756536990874
1.96 0.001329990007401141
1.97 0.0013232423581588035
1.98 0.0013165324633115027
1.99 0.0013098600823300104
2.0 0.001303224976988618
2.0100000000000002 0.0012966269104648124
2.02 0.0012900656476973198
2.0300000000000002 0.001283540955363365
2.04 0.0012770526018670665
2.05 0.001270600357323998
2.06 0.0012641839934440739
2.07 0.001257803283059592
2.08 0.0012514580016201394
2.09 0.0012451479259696675
2.1 0.0012388728345040325
2.11 0.0012326325072393373
2.12 0.0012264267258064816
2.13 0.0012202552734312884
2.14 0.0012141179349280512
2.15 0.001208014496290392
2.16 0.0012019447451702156
2.17 0.0011959084713381344
2.18 0.0011899054657486295
2.19 0.001183935520879757
2.2 0.001177998430711412
2.21 0.0011720939907161232
2.22 0.0011662219978472055
2.23 0.0011603822504635559
2.24 0.001154574547854344
2.25 0.0011487986915470461
2.2600000000000002 0.0011430544843457574
2.27 0.0011373417303671644
2.2800000000000002 0.001131660235134951
2.29 0.0011260098055672343
2.3000000000000003 0.0011203902499681416
2.31 0.00111480137801327
2.32 0.0011092430004548076
2.33 0.0011037149293418062
2.34 0.0010982169786789993
2.35 0.0010927489634723585
2.36 0.001087310700042306
2.37 0.0010819020060140153
2.38 0.0010765227003058959
2.39 0.0010711726031233909
2.4 0.0010658515359068782
2.41 0.0010605593208899008
2.42 0.0010552957822000562
2.43 0.0010500607451473395
2.44 0.0010448540361570106
2.45 0.0010396754828729707
2.46 0.0010345249141526453
2.47 0.0010294021600575464
2.48 0.0010243070518440687
2.49 0.0010192394217402039
2.5 0.0010141991029989689
2.5100000000000002 0.0010091859306557308
2.52 0.0010041997406057665
2.5300000000000002 0.0009992403698835398
2.54 0.0009943076566530176
2.5500000000000003 0.0009894014402112264
2.56 0.000984521560970082
2.57 0.0009796678604330027
2.58 0.0009748401807885596
2.59 0.0009700383658152247
2.6 0.0009652622604001068
2.61 0.0009605117103726187
2.62 0.0009557865626252412
2.63 0.0009510866651093683
2.64 0.0009464118668244669
2.65 0.0009417620178094538
2.66 0.0009371369689901125
2.67 0.0009325365720982961
2.68 0.000927960680478897
2.69 0.0009234091482288945
2.7 0.0009188818304279142
2.71 0.000914378583144728
2.72 0.0009098992634356256
2.73 0.0009054437293297074
2.74 0.0009010118398202179
2.75 0.0008966034545040155
2.7600000000000002 0.0008922184343016131
2.77 0.0008878566411753604
2.7800000000000002 0.0008835179378884012
2.79 0.0008792021881300232
2.8000000000000003 0.0008749092565178949
2.81 0.0008706390085855449
2.82 0.0008663913107725381
2.83 0.0008621660303238291
2.84 0.0008579630351297909
2.85 0.0008537821945183461
2.86 0.0008496233784919563
2.87 0.0008454864579010736
2.88 0.0008413713044628408
2.89 0.0008372777907594278
2.9 0.0008332057902229222
2.91 0.000829155177136495
2.92 0.0008251258263289042
2.93 0.0008211176137133904
2.94 0.0008171304161927018
2.95 0.0008131641113451145
2.96 0.0008092185775629192
2.97 0.0008052936940520343
2.98 0.0008013893408169491
2.99 0.000797505398665167
3.0 0.000793641749121591
3.0100000000000002 0.0007897982742421121
3.02 0.0007859748573506603
3.0300000000000002 0.0007821713823858944
3.04 0.0007783877340195457
3.0500000000000003 0.0007746237976839765
3.06 0.0007708794595684872
3.0700000000000003 0.0007671546066124482
3.08 0.0007634491265014339
3.09 0.0007597629074257562
3.1 0.0007560958384520548
3.11 0.0007524478095860488
3.12 0.0007488187114067741
3.13 0.0007452084352087596
3.14 0.0007416168730001551
3.15 0.0007380439174931075
3.16 0.0007344894621023512
3.17 0.0007309534008911462
3.18 0.0007274356283636735
3.19 0.0007239360401334211
3.2 0.0007204545323820441
3.21 0.0007169910019240992
3.22 0.0007135453462440852
3.23 0.000710117463490275
3.24 0.0007067072524769601
3.25 0.0007033146126668065
3.2600000000000002 0.00069993944400495
3.27 0.000696581647119956
3.2800000000000002 0.000693241123546716
3.29 0.0006899177752993529
3.3000000000000003 0.0006866115050205161
3.31 0.0006833222159875578
3.3200000000000003 0.0006800498120907677
3.33 0.0006767941978457685
3.34 0.0006735552783498535
3.35 0.0006703329590696474
3.36 0.0006671271464408562
3.37 0.0006639377474246808
3.38 0.0006607646695329011
3.39 0.000657607820866124
3.4 0.0006544671101124991
3.41 0.0006513424465429795
3.42 0.0006482337400080967
3.43 0.0006451409008007621
3.44 0.0006420638397622205
3.45 0.0006390024685754028
3.46 0.0006359566993442358
3.47 0.0006329264447206572
3.48 0.0006299116179182055
3.49 0.000626912132693224
3.5 0.0006239279033517756
3.5100000000000002 0.0006209588447228811
3.52 0.0006180048719606295
3.5300000000000002 0.0006150659010420517
3.54 0.0006121418484493866
3.5500000000000003 0.0006092326311389881
3.56 0.0006063381665829541
3.5700000000000003 0.0006034583727786285
3.58 0.0006005931682364613
3.59 0.0005977424719761913
3.6 0.0005949062034363686
3.61 0.0005920842824822135
3.62 0.0005892766297690077
3.63 0.0005864831663117286
3.64 0.0005837038136155953
3.65 0.0005809384936747288
3.66 0.0005781871289703392
3.67 0.0005754496424659591
3.68 0.000572725957598329
3.69 0.000570015998087913
3.7 0.0005673196883572018
3.71 0.000564636953310737
3.72 0.0005619677182582324
3.73 0.0005593119089726986
3.74 0.0005566694516865779
3.75 0.0005540402730879164
3.7600000000000002 0.0005514243003217656
3.77 0.000548821460909643
3.7800000000000002 0.0005462316827285712
3.79 0.0005436548943638872
3.8000000000000003 0.0005410910247345796
3.81 0.0005385400031815548
3.8200000000000003 0.0005360017594835659
3.83 0.0005334762238513526
3.84 0.0005309633269217795
3.85 0.0005284629997571317
3.86 0.0005259751736769096
3.87 0.0005234997805898991
3.88 0.0005210367528668144
3.89 0.0005185860232285208
3.9 0.0005161475248051041
3.91 0.0005137211911371715
3.92 0.000511306956168819
3.93 0.0005089047542475658
3.94 0.000506514520073442
3.95 0.0005041361886293335
3.96 0.0005017696955456364
3.97 0.0004994149767483893
3.98 0.0004970719685409115
3.99 0.0004947406076138525
4.0 0.0004924208310372955
4.01 0.0004901125762669737
4.0200000000000005 0.0004878157811347308
4.03 0.0004855303837126744
4.04 0.0004832563225590664
4.05 0.00048099353667914826
4.0600000000000005 0.0004787419653792903
4.07 0.00047650154832964563
4.08 0.00047427222556357826
4.09 0.00047205393747610006
4.1 0.0004698466248201418
4.11 0.00046765022867241906
4.12 0.00046546469034255256
4.13 0.00046328995172038954
4.14 0.0004611259549682328
4.15 0.000458972642581733
4.16 0.00045682995739694114
4.17 0.00045469784259377763
4.18 0.00045257624169114583
4.19 0.0004504650985444745
4.2 0.0004483643572382079
4.21 0.0004462739622505735
4.22 0.0004441938584934563
4.23 0.0004421239911339449
4.24 0.000440064305666421
4.25 0.0004380147479085811
4.26 0.0004359752639998304
4.2700000000000005 0.0004339458003979689
4.28 0.0004319263038583842
4.29 0.00042991672133337695
4.3 0.0004279170002850692
4.3100000000000005 0.00042592708843672375
4.32 0.00042394693379901876
4.33 0.0004219764846908
4.34 0.0004200156897334455
4.3500000000000005 0.0004180644978538392
4.36 0.0004161228582783307
4.37 0.0004141907204517524
4.38 0.0004122680341329042
4.39 0.00041035474950035613
4.4 0.00040845081695213906
4.41 0.0004065561871761557
4.42 0.0004046708111523062
4.43 0.00040279464014326716
4.44 0.00040092762570142007
4.45 0.00039906971964580903
4.46 0.00039722087396886364
4.47 0.0003953810411073484
4.48 0.0003935501737465043
4.49 0.00039172822482417776
4.5 0.00038991514755208184
4.51 0.0003881108954142457
4.5200000000000005 0.00038631542216590426
4.53 0.00038452868183109563
4.54 0.00038275062864084506
4.55 0.00038098121707774485
4.5600000000000005 0.00037922040202171983
4.57 0.00037746813854615914
4.58 0.00037572438198175745
4.59 0.0003739890879192534
4.6000000000000005 0.0003722622122056829
4.61 0.00037054371094292755
4.62 0.0003688335404811037
4.63 0.00036713165731585326
4.64 0.0003654380183355389
4.65 0.0003637525806622899
4.66 0.00036207530164027385
4.67 0.000360406138859438
4.68 0.0003587450501517228
4.69 0.00035709199359437624
4.7 0.0003554469275033937
4.71 0.00035380981039070936
4.72 0.0003521806009703116
4.73 0.0003505592583294061
4.74 0.00034894574172421766
4.75 0.0003473400106439457
4.76 0.00034574202480694286
4.7700000000000005 0.0003441517441646099
4.78 0.00034256912889409053
4.79 0.0003409941393992574
4.8 0.0003394267362152653
4.8100000000000005 0.0003378668802139174
4.82 0.0003363145324941073
4.83 0.0003347696543459665
4.84 0.0003332322072832845
4.8500000000000005 0.0003317021530354361
4.86 0.00033017945355013587
4.87 0.0003286640709926968
4.88 0.00032715596770830545
4.89 0.00032565510621097805
4.9 0.0003241614493532516
4.91 0.0003226749601457459
4.92 0.0003211956018040304
4.93 0.0003197233377504556
4.94 0.00031825813161476637
4.95 0.000316799947231472
4.96 0.00031534874863778936
4.97 0.0003139044999975212
4.98 0.00031246716575251244
4.99 0.0003110367105705148
5.0 0.0003096130992843244
5.01 0.0003081962969278644
5.0200000000000005 0.0003067862687276652
5.03 0.00030538298010886075
5.04 0.0003039863966875315
5.05 0.0003025964842537263
5.0600000000000005 0.0003012132087303159
5.07 0.00029983653635476767
5.08 0.000298466433506941
5.09 0.00029710286674868545
5.1000000000000005 0.00029574580282918766
5.11 0.00029439520868333497
5.12 0.00029305105143072514
5.13 0.00029171329837276213
5.14 0.00029038191693130967
5.15 0.0002890568747604524
5.16 0.00028773813973185597
5.17 0.00028642567986406027
5.18 0.00028511946335299537
5.19 0.00028381945857104674
5.2 0.0002825256340660198
5.21 0.00028123795856138775
5.22 0.00027995640093784536
5.23 0.00027868093019092527
5.24 0.00027741151559613954
5.25 0.00027614812656585744
5.26 0.00027489073267260473
5.2700000000000005 0.00027363930365708564
5.28 0.0002723938094277504
5.29 0.00027115422005791754
5.3 0.0002699205057880836
5.3100000000000005 0.0002686926369706817
5.32 0.0002674705841499214
5.33 0.00026625431808332937
5.34 0.0002650438096538791
5.3500000000000005 0.00026383902990618677
5.36 0.0002626399500417981
5.37 0.0002614465414230777
5.38 0.0002602587755678249
5.39 0.0002590766241409668
5.4 0.00025790005890468086
5.41 0.0002567290518726338
5.42 0.00025556357518627734
5.43 0.00025440360112931586
5.44 0.00025324910213868194
5.45 0.00025210005080010257
5.46 0.00025095641985111957
5.47 0.00024981818217614734
5.48 0.0002486853107705718
5.49 0.00024755777878372845
5.5 0.0002464355595726036
5.51 0.0002453186266025143
5.5200000000000005 0.0002442069534851558
5.53 0.00024310051397442818
5.54 0.00024199928196730553
5.55 0.000240903231502688
5.5600000000000005 0.00023981233675482054
5.57 0.0002387265719827084
5.58 0.00023764591166640825
5.59 0.00023657033041048572
5.6000000000000005 0.0002354998029445979
5.61 0.0002344343041358242
5.62 0.00023337380898727874
5.63 0.00023231829263717734
5.64 0.00023126773035902056
5.65 0.00023022209752859583
5.66 0.00022918136965052272
5.67 0.0002281455224237976
5.68 0.00022711453164727148
5.69 0.00022608837324828983
5.7 0.0002250670232841278
5.71 0.00022405045794105468
5.72 0.00022303865353390413
5.73 0.00022203158650077324
5.74 0.00022102923335616471
5.75 0.00022003157080837104
5.76 0.00021903857568515326
5.7700000000000005 0.00021805022492562529
5.78 0.00021706649559143242
5.79 0.00021608736486965338
5.8 0.00021511281006753995
5.8100000000000005 0.00021414280861440483
5.82 0.00021317733803942154
5.83 0.00021221637597369878
5.84 0.0002112599002347461
5.8500000000000005 0.00021030788872764062
5.86 0.0002093603194733654
5.87 0.00020841717061173516
5.88 0.0002074784203975273
5.89 0.00020654404720232302
5.9 0.00020561402951130552
5.91 0.00020468834587926773
5.92 0.0002037669750274549
5.93 0.00020284989579440272
5.94 0.00020193708711694475
5.95 0.0002010285280426688
5.96 0.00020012419773272913
5.97 0.00019922407545508173
5.98 0.00019832814059223485
5.99 0.00019743637261637734
6.0 0.00019654875108833948
6.01 0.00019566525573784483
6.0200000000000005 0.0001947858663771138
6.03 0.00019391056292266044
6.04 0.00019303932539631714
6.05 0.0001921721339269101
6.0600000000000005 0.00019130896874759097
6.07 0.00019044981019440238
6.08 0.00018959463867006287
6.09 0.00018874343471893729
6.1000000000000005 0.0001878961789988647
6.11 0.0001870528522554897
6.12 0.00018621343533518298
6.13 0.00018537790918400545
6.140000000000001 0.0001845462548502214
6.15 0.00018371845348031442
6.16 0.0001828944863101185
6.17 0.0001820743346442871
6.18 0.00018125797994753733
6.19 0.00018044540375988536
6.2 0.00017963658771292067
6.21 0.00017883151353585128
6.22 0.00017803016305434653
6.23 0.00017723251818743042
6.24 0.0001764385609495777
6.25 0.00017564827341803516
6.26 0.00017486163778863883
6.2700000000000005 0.00017407863636966105
6.28 0.00017329925154543357
6.29 0.00017252346579157824
6.3 0.00017175126167529346
6.3100000000000005 0.0001709826218555015
6.32 0.00017021752908074518
6.33 0.0001694559661823818
6.34 0.0001686979160507173
6.3500000000000005 0.0001679433617224337
6.36 0.00016719228630169368
6.37 0.00016644467297885626
6.38 0.00016570050503082336
6.390000000000001 0.00016495976582073685
6.4 0.00016422243879967192
6.41 0.00016348850750292555
6.42 0.0001627579555270434
6.43 0.00016203076656750678
6.44 0.00016130692442824172
6.45 0.00016058641298139794
6.46 0.00015986921618184725
6.47 0.00015915531806776003
6.48 0.00015844470275862326
6.49 0.00015773735445850747
6.5 0.00015703325744575457
6.51 0.00015633239605207736
6.5200000000000005 0.0001556347547380316
6.53 0.00015494031803135036
6.54 0.000154249070535313
6.55 0.00015356099693253605
6.5600000000000005 0.00015287608198386802
6.57 0.0001521943105290246
6.58 0.00015151566748614637
6.59 0.00015084013783139068
6.6000000000000005 0.00015016770662077037
6.61 0.0001494983590196144
6.62 0.0001488320802498641
6.63 0.00014816885561031842
6.640000000000001 0.00014750867047456893
6.65 0.00014685151029194312
6.66 0.00014619736058582306
6.67 0.00014554620695109524
6.68 0.00014489803502823663
6.69 0.0001442528305738619
6.7 0.00014361057940701067
6.71 0.00014297126741676723
6.72 0.0001423348805622019
6.73 0.00014170140487585966
6.74 0.00014107082645937238
6.75 0.00014044313148719068
6.76 0.00013981830618997468
6.7700000000000005 0.00013919633686315967
6.78 0.00013857720990591627
6.79 0.00013796091177064576
6.8 0.00013734742897686207
6.8100000000000005 0.0001367367481132784
6.82 0.00013612885583781553
6.83 0.00013552373887487152
6.84 0.00013492138401555468
6.8500000000000005 0.00013432177809240026
6.86 0.00013372490803888166
6.87 0.00013313076085131118
6.88 0.0001325393235867087
6.890000000000001 0.00013195058336658297
6.9 0.00013136452737900426
6.91 0.0001307811428758367
6.92 0.00013020041717440274
6.93 0.0001296223376448717
6.94 0.00012904689171290695
6.95 0.00012847406690124082
6.96 0.00012790385077933415
6.97 0.0001273362309804443
6.98 0.00012677119519865015
6.99 0.00012620873119158953
7.0 0.00012564882677738482
7.01 0.00012509146983660357
7.0200000000000005 0.00012453664828639192
7.03 0.0001239843501322749
7.04 0.00012343456344251732
7.05 0.00012288727633804708
7.0600000000000005 0.0001223424769988628
7.07 0.00012180015366538026
7.08 0.00012126029463676536
7.09 0.00012072288827144007
7.1000000000000005 0.00012018792297785142
7.11 0.0001196553872111681
7.12 0.00011912526951662398
7.13 0.00011859755848392628
7.140000000000001 0.00011807224275844989
7.15 0.0001175493110425522
7.16 0.00011702875209597719
7.17 0.00011651055473399077
7.18 0.00011599470782795773
7.19 0.00011548120028518437
7.2 0.00011497002108899087
7.21 0.00011446115928303426
7.22 0.00011395460395788867
7.23 0.00011345034425970273
7.24 0.00011294836938731509
7.25 0.0001124486685947702
7.26 0.00011195123118998403
7.2700000000000005 0.0001114560465271043
7.28 0.00011096310400115247
7.29 0.00011047239308957922
7.3 0.00010998390331091712
7.3100000000000005 0.00010949762423572228
7.32 0.00010901354548426748
7.33 0.00010853165673076993
7.34 0.00010805194769951306
7.3500000000000005 0.0001075744081658899
7.36 0.00010709902794131572
7.37 0.00010662579689931844
7.38 0.00010615470497398144
7.390000000000001 0.00010568574214145649
7.4 0.00010521889842802855
7.41 0.00010475416390769116
7.42 0.00010429152870608294
7.43 0.00010383098299581407
7.44 0.00010337251699591118
7.45 0.00010291612095821979
7.46 0.00010246178521051727
7.47 0.00010200950012085179
7.48 0.00010155925610113567
7.49 0.00010111104361234866
7.5 0.00010066485316212918
7.51 0.0001002206753044714
7.5200000000000005 9.977850064117258e-05
7.53 9.933831980663525e-05
7.54 9.890012348938997e-05
7.55 9.846390243573653e-05
7.5600000000000005 9.802964743052622e-05
7.57 9.759734930279926e-05
7.58 9.716699892725492e-05
7.59 9.673858722393485e-05
7.6000000000000005 9.631210515675985e-05
7.61 9.588754373243787e-05
7.62 9.546489398747692e-05
7.63 9.504414702565675e-05
7.640000000000001 9.462529398962615e-05
7.65 9.420832606228728e-05
7.66 9.379323447078884e-05
7.67 9.338001048442217e-05
7.68 9.29686454158761e-05
7.69 9.255913062050585e-05
7.7 9.215145748660943e-05
7.71 9.174561744561906e-05
7.72 9.13416019877235e-05
7.73 9.093940263459955e-05
7.74 9.053901095151379e-05
7.75 9.014041854263314e-05
7.76 8.974361705484872e-05
7.7700000000000005 8.934859817556214e-05
7.78 8.89553536314518e-05
7.79 8.856387517523599e-05
7.8 8.817415462102631e-05
7.8100000000000005 8.778618381972161e-05
7.82 8.739995465869195e-05
7.83 8.701545906446734e-05
7.84 8.663268900454311e-05
7.8500000000000005 8.625163648428571e-05
7.86 8.587229354850253e-05
7.87 8.549465227334029e-05
7.88 8.51187047724158e-05
7.890000000000001 8.474444321247577e-05
7.9 8.43718597930624e-05
7.91 8.400094674935563e-05
7.92 8.363169635432456e-05
7.930000000000001 8.326410091980263e-05
7.94 8.28981527944526e-05
7.95 8.253384436262644e-05
7.96 8.217116803420628e-05
7.97 8.181011627154275e-05
7.98 8.145068157415082e-05
7.99 8.109285647283563e-05
8.0 8.073663353651834e-05
8.01 8.038200536862464e-05
8.02 8.00289646095291e-05
8.03 7.967750393473588e-05
8.040000000000001 7.932761605097448e-05
8.05 7.897929369306267e-05
8.06 7.863252965169448e-05
8.07 7.828731674184203e-05
8.08 7.794364781473421e-05
8.09 7.760151575500148e-05
8.1 7.726091348251049e-05
8.11 7.692183395112931e-05
8.120000000000001 7.658427014833138e-05
8.13 7.624821508412745e-05
8.14 7.591366181551107e-05
8.15 7.558060343465322e-05
8.16 7.524903306304457e-05
8.17 7.491894385573735e-05
8.18 7.459032899998454e-05
8.19 7.42631817173896e-05
8.2 7.393749526069066e-05
8.21 7.361326291259121e-05
8.22 7.329047798033378e-05
8.23 7.29691338218566e-05
8.24 7.264922381949724e-05
8.25 7.23307413858391e-05
8.26 7.20136799674226e-05
8.27 7.169803304045646e-05
8.28 7.13837941131931e-05
8.290000000000001 7.107095672542207e-05
8.3 7.075951443729779e-05
8.31 7.044946085017945e-05
8.32 7.014078959969889e-05
8.33 6.983349434759527e-05
8.34 6.952756878651134e-05
8.35 6.922300663932284e-05
8.36 6.891980165885255e-05
8.370000000000001 6.861794762743333e-05
8.38 6.831743835546796e-05
8.39 6.801826767527176e-05
8.4 6.772042946394585e-05
8.41 6.74239176228696e-05
8.42 6.712872608223172e-05
8.43 6.683484880001246e-05
8.44 6.654227976461873e-05
8.45 6.625101299162591e-05
8.46 6.596104252686052e-05
8.47 6.567236243537361e-05
8.48 6.538496681720385e-05
8.49 6.509884980613148e-05
8.5 6.481400555956064e-05
8.51 6.453042826312063e-05
8.52 6.424811212954911e-05
8.53 6.396705139972128e-05
8.540000000000001 6.368724034206597e-05
8.55 6.340867324992804e-05
8.56 6.313134443679814e-05
8.57 6.28552482570824e-05
8.58 6.258037908799361e-05
8.59 6.230673133276661e-05
8.6 6.203429942056597e-05
8.61 6.176307780770881e-05
8.620000000000001 6.149306097670052e-05
8.63 6.122424343683286e-05
8.64 6.095661971560042e-05
8.65 6.069018437124005e-05
8.66 6.042493199456192e-05
8.67 6.016085719780478e-05
8.68 5.9897954617596525e-05
8.69 5.963621891794018e-05
8.700000000000001 5.9375644786335964e-05
8.71 5.9116226936932436e-05
8.72 5.8857960107275254e-05
8.73 5.860083905131299e-05
8.74 5.8344858561726666e-05
8.75 5.8090013452964235e-05
8.76 5.783629856160738e-05
8.77 5.7583708749469596e-05
8.78 5.733223890277712e-05
8.790000000000001 5.708188393148175e-05
8.8 5.683263877083312e-05
8.81 5.658449837322746e-05
8.82 5.633745771705052e-05
8.83 5.609151181260953e-05
8.84 5.584665568877705e-05
8.85 5.560288439833137e-05
8.86 5.5360193016791046e-05
8.870000000000001 5.511857664433278e-05
8.88 5.487803040257717e-05
8.89 5.463854943653545e-05
8.9 5.4400128906498446e-05
8.91 5.416276400624545e-05
8.92 5.392644995128367e-05
8.93 5.369118197691933e-05
8.94 5.345695534223118e-05
8.950000000000001 5.322376532758515e-05
8.96 5.299160723656668e-05
8.97 5.2760476393965864e-05
8.98 5.253036814369674e-05
8.99 5.230127784927172e-05
9.0 5.207320090665421e-05
9.01 5.1846132727995523e-05
9.02 5.1620068746407056e-05
9.03 5.1395004418271005e-05
9.040000000000001 5.117093521958295e-05
9.05 5.09478566484655e-05
9.06 5.072576422403563e-05
9.07 5.050465347870643e-05
9.08 5.028451997587202e-05
9.09 5.006535929882082e-05
9.1 4.984716705010855e-05
9.11 4.9629938852231285e-05
9.120000000000001 4.9413670349237866e-05
9.13 4.919835720506983e-05
9.14 4.898399510404625e-05
9.15 4.877057974791606e-05
9.16 4.855810685614189e-05
9.17 4.8346572177610184e-05
9.18 4.8135971476437366e-05
9.19 4.792630053716277e-05
9.200000000000001 4.7717555163714164e-05
9.21 4.750973117967411e-05
9.22 4.730282442802126e-05
9.23 4.7096830771615846e-05
9.24 4.6891746085891177e-05
9.25 4.6687566272729454e-05
9.26 4.64842872543477e-05
9.27 4.628190497055953e-05
9.28 4.608041537828113e-05
9.290000000000001 4.587981445532074e-05
9.3 4.568009819749947e-05
9.31 4.5481262618981785e-05
9.32 4.528330375142257e-05
9.33 4.50862176405539e-05
9.34 4.489000036003746e-05
9.35 4.469464799874329e-05
9.36 4.450015666283775e-05
9.370000000000001 4.4306522476138796e-05
9.38 4.411374158224463e-05
9.39 4.392181014154061e-05
9.4 4.373072433187607e-05
9.41 4.3540480344945406e-05
9.42 4.335107439418205e-05
9.43 4.316250271332695e-05
9.44 4.297476155122112e-05
9.450000000000001 4.278784717411818e-05
9.46 4.260175586584807e-05
9.47 4.241648392734711e-05
9.48 4.223202767721264e-05
9.49 4.2048383448871154e-05
9.5 4.186554758940735e-05
9.51 4.1683516471742076e-05
9.52 4.150228648192229e-05
9.53 4.1321854022523876e-05
9.540000000000001 4.114221551317508e-05
9.55 4.096336738996653e-05
9.56 4.078530610572718e-05
9.57 4.060802812907391e-05
9.58 4.043152994140263e-05
9.59 4.025580804357839e-05
9.6 4.008085895567809e-05
9.61 3.99066792115309e-05
9.620000000000001 3.973326536100306e-05
9.63 3.956061397034831e-05
9.64 3.9388721621046714e-05
9.65 3.921758491118071e-05
9.66 3.9047200453351096e-05
9.67 3.8877564871306055e-05
9.68 3.870867481280021e-05
9.69 3.854052693852787e-05
9.700000000000001 3.837311792364093e-05
9.71 3.820644445917993e-05
9.72 3.8040503251226785e-05
9.73 3.787529102202557e-05
9.74 3.771080450727063e-05
9.75 3.75470404554773e-05
9.76 3.738399563097566e-05
9.77 3.722166681829225e-05
9.78 3.706005081361783e-05
9.790000000000001 3.689914442776313e-05
9.8 3.673894448705321e-05
9.81 3.657944783102906e-05
9.82 3.642065131577448e-05
9.83 3.62625518094477e-05
9.84 3.610514619256639e-05
9.85 3.594843136469517e-05
9.86 3.5792404239636304e-05
9.870000000000001 3.5637061743551784e-05
9.88 3.5482400817515514e-05
9.89 3.5328418416626546e-05
9.9 3.5175111509962527e-05
9.91 3.5022477080407546e-05
9.92 3.4870512121770104e-05
9.93 3.4719213642457984e-05
9.94 3.456857866893799e-05
9.950000000000001 3.441860423992907e-05
9.96 3.426928740635404e-05
9.97 3.412062523373863e-05
9.98 3.397261480038575e-05
9.99 3.382525319883846e-05
10.0 3.367853753358536e-05
10.01 3.353246492063868e-05
10.02 3.3387032492391946e-05
10.03 3.3242237394969864e-05
10.040000000000001 3.309807678652678e-05
10.05 3.2954547838206836e-05
10.06 3.281164773428637e-05
10.07 3.2669373671889745e-05
10.08 3.252772286098442e-05
10.09 3.2386692522194204e-05
10.1 3.224627988755408e-05
10.11 3.2106482208163875e-05
10.120000000000001 3.196729674465524e-05
10.13 3.1828720770177484e-05
10.14 3.169075157052529e-05
10.15 3.1553386443708916e-05
10.16 3.1416622700441035e-05
10.17 3.128045766291466e-05
10.18 3.114488866313281e-05
10.19 3.1009913048838454e-05
10.200000000000001 3.087552818044496e-05
10.21 3.074173142933059e-05
10.22 3.0608520178731844e-05
10.23 3.04758918243908e-05
10.24 3.0343843773339116e-05
10.25 3.0212373444872832e-05
10.26 3.0081478270167697e-05
10.27 2.995115569198204e-05
10.28 2.9821403164844226e-05
10.290000000000001 2.9692218155445968e-05
10.3 2.9563598140595184e-05
10.31 2.943554059911809e-05
10.32 2.9308043035043175e-05
10.33 2.9181102963727643e-05
10.34 2.9054717908409237e-05
10.35 2.8928885403496985e-05
10.36 2.880360299487856e-05
10.370000000000001 2.8678868239611218e-05
10.38 2.8554678706006908e-05
10.39 2.8431031973280858e-05
10.4 2.8307925631937816e-05
10.41 2.818535728369059e-05
10.42 2.8063324540615463e-05
10.43 2.7941825025983717e-05
10.44 2.7820856361729302e-05
10.450000000000001 2.7700416195994273e-05
10.46 2.7580502188665574e-05
10.47 2.746111200573642e-05
10.48 2.7342243323680042e-05
10.49 2.7223893830425534e-05
10.5 2.7106061223056824e-05
10.51 2.6988743210606898e-05
10.52 2.6871937511450705e-05
10.53 2.6755641852297048e-05
10.540000000000001 2.6639853965124336e-05
10.55 2.6524571605079708e-05
10.56 2.640979253320899e-05
10.57 2.6295514518469298e-05
10.58 2.6181735341491314e-05
10.59 2.606845279243725e-05
10.6 2.5955664671365783e-05
10.61 2.5843368788950722e-05
10.620000000000001 2.5731562964917367e-05
10.63 2.5620245024099028e-05
10.64 2.5509412806568563e-05
10.65 2.5399064164469574e-05
10.66 2.5289196956931956e-05
10.67 2.517980905292382e-05
10.68 2.5070898331594617e-05
10.69 2.496246268110857e-05
10.700000000000001 2.485449999893617e-05
10.71 2.474700819352715e-05
10.72 2.4639985179839057e-05
10.73 2.4533428880105743e-05
10.74 2.4427337233001298e-05
10.75 2.4321708184071443e-05
10.76 2.4216539687463847e-05
10.77 2.4111829707009376e-05
10.78 2.4007576215425776e-05
10.790000000000001 2.3903777194660264e-05
10.8 2.3800430636077337e-05
10.81 2.369753453993066e-05
10.82 2.3595086912003243e-05
10.83 2.349308577012801e-05
10.84 2.3391529143470448e-05
10.85 2.329041506811429e-05
10.86 2.318974158900771e-05
10.870000000000001 2.3089506760253652e-05
10.88 2.2989708644175376e-05
10.89 2.289034531230883e-05
10.9 2.2791414844960378e-05
10.91 2.2692915330093756e-05
10.92 2.259484486101086e-05
10.93 2.249720154614141e-05
10.94 2.2399983500674483e-05
10.950000000000001 2.2303188847475496e-05
10.96 2.2206815718048606e-05
10.97 2.211086225236519e-05
10.98 2.2015326598725442e-05
10.99 2.192020691409905e-05
11.0 2.1825501363287497e-05
11.01 2.1731208116505148e-05
11.02 2.1637325355003504e-05
11.03 2.1543851269882544e-05
11.040000000000001 2.1450784059389747e-05
11.05 2.1358121929079288e-05
11.06 2.1265863093098768e-05
11.07 2.11740057738081e-05
11.08 2.1082548201121442e-05
11.09 2.099148861328505e-05
11.1 2.0900825255697505e-05
11.11 2.0810556378361144e-05
11.120000000000001 2.072068024566235e-05
11.13 2.0631195127212917e-05
11.14 2.054209930047572e-05
11.15 2.0453391050559097e-05
11.16 2.0365068670359616e-05
11.17 2.027713046027427e-05
11.18 2.0189574728742143e-05
11.19 2.010239979151993e-05
11.200000000000001 2.0015603969158998e-05
11.21 1.9929185591941295e-05
11.22 1.9843142999824746e-05
11.23 1.975747453856778e-05
11.24 1.9672178561859852e-05
11.25 1.958725342973104e-05
11.26 1.9502697510643987e-05
11.27 1.941850917975501e-05
11.28 1.93346868200952e-05
11.290000000000001 1.92512288208719e-05
11.3 1.916813357563191e-05
11.31 1.908539949106116e-05
11.32 1.9003024978722698e-05
11.33 1.8921008457316394e-05
11.34 1.883934835266324e-05
11.35 1.8758043097262167e-05
11.36 1.8677091131153714e-05
11.370000000000001 1.8596490901166166e-05
11.38 1.85162408611134e-05
11.39 1.8436339469622095e-05
11.4 1.835678519304124e-05
11.41 1.827757650760614e-05
11.42 1.819871189473565e-05
11.43 1.8120189842259584e-05
11.44 1.8042008845229522e-05
11.450000000000001 1.7964167405146656e-05
11.46 1.7886664030616606e-05
11.47 1.780949723652553e-05
11.48 1.773266554407131e-05
11.49 1.7656167478807944e-05
11.5 1.7580001576648843e-05
11.51 1.7504166379969417e-05
11.52 1.7428660436346907e-05
11.53 1.735348230042292e-05
11.540000000000001 1.727863053293489e-05
11.55 1.720410370140682e-05
11.56 1.7129900379510266e-05
11.57 1.705601914765109e-05
11.58 1.69824585902923e-05
11.59 1.6909217299186962e-05
11.6 1.6836293874847653e-05
11.61 1.6763686922732124e-05
11.620000000000001 1.6691395054599195e-05
11.63 1.6619416887806656e-05
11.64 1.6547751046773356e-05
11.65 1.647639616112767e-05
11.66 1.6405350867786824e-05
11.67 1.633461380834312e-05
11.68 1.626418362857098e-05
11.69 1.619405898421583e-05
11.700000000000001 1.612423853579288e-05
11.71 1.605472095026629e-05
11.72 1.5985504899607255e-05
11.73 1.591658906207462e-05
11.74 1.584797212213461e-05
11.75 1.5779652769566813e-05
11.76 1.57116297006437e-05
11.77 1.5643901615597942e-05
11.78 1.5576467220070146e-05
11.790000000000001 1.550932522928455e-05
11.8 1.544247436230771e-05
11.81 1.5375913343439668e-05
11.82 1.5309640903612467e-05
11.83 1.524365577838662e-05
11.84 1.5177956709668031e-05
11.85 1.511254244502235e-05
11.86 1.5047411736792064e-05
11.870000000000001 1.4982563340993367e-05
11.88 1.4917996022583007e-05
11.89 1.4853708551727287e-05
11.9 1.4789699703023523e-05
11.91 1.4725968257087952e-05
11.92 1.466251299963764e-05
11.93 1.4599332721950201e-05
11.94 1.453642622085374e-05
11.950000000000001 1.4473792298013264e-05
11.96 1.4411429759949956e-05
11.97 1.4349337417387048e-05
11.98 1.4287514089795318e-05
11.99 1.4225958600585161e-05
12.0 1.4164669777885665e-05
12.01 1.410364645531027e-05
12.02 1.4042887471645316e-05
12.030000000000001 1.3982391670852778e-05
12.040000000000001 1.3922157902125731e-05
12.05 1.3862185019636902e-05
12.06 1.380247188002717e-05
12.07 1.3743017348723253e-05
12.08 1.3683820295527043e-05
12.09 1.3624879594940551e-05
12.1 1.3566194126336005e-05
12.11 1.3507762774026116e-05
12.120000000000001 1.3449584427534585e-05
12.13 1.3391657981205995e-05
12.14 1.3333982333972486e-05
12.15 1.3276556389388829e-05
12.16 1.3219379054629798e-05
12.17 1.3162449244896954e-05
12.18 1.3105765878770576e-05
12.19 1.3049327879876343e-05
12.200000000000001 1.2993134176067273e-05
12.21 1.2937183700679876e-05
12.22 1.2881475390908873e-05
12.23 1.2826008189836137e-05
12.24 1.2770781043949966e-05
12.25 1.2715792903191338e-05
12.26 1.2661042724387899e-05
12.27 1.2606529469190775e-05
12.280000000000001 1.2552252103320573e-05
12.290000000000001 1.2498209596838591e-05
12.3 1.244440092451164e-05
12.31 1.2390825065832012e-05
12.32 1.2337481004538738e-05
12.33 1.2284367729024092e-05
12.34 1.2231484231545835e-05
12.35 1.2178829507664595e-05
12.36 1.2126402560373147e-05
12.370000000000001 1.2074202395970997e-05
12.38 1.2022228025080591e-05
12.39 1.1970478462307655e-05
12.4 1.191895272749274e-05
12.41 1.1867649843692856e-05
12.42 1.181656883938231e-05
12.43 1.1765708746548002e-05
12.44 1.1715068599984018e-05
12.450000000000001 1.1664647441037015e-05
12.46 1.1614444314917762e-05
12.47 1.1564458271288643e-05
12.48 1.1514688363576096e-05
12.49 1.1465133649116e-05
12.5 1.1415793190323437e-05
12.51 1.1366666052583337e-05
12.52 1.1317751306581594e-05
12.530000000000001 1.1269048025726032e-05
12.540000000000001 1.122055528679048e-05
12.55 1.1172272173415457e-05
12.56 1.1124197771932283e-05
12.57 1.1076331173191518e-05
12.58 1.1028671471316583e-05
12.59 1.098121776514526e-05
12.6 1.0933969156854912e-05
12.61 1.088692475322627e-05
12.620000000000001 1.0840083664536832e-05
12.63 1.0793445003621586e-05
12.64 1.074700788875843e-05
12.65 1.0700771442628513e-05
12.66 1.0654734791638432e-05
12.67 1.060889706512837e-05
12.68 1.0563257397191037e-05
12.69 1.051781492520321e-05
12.700000000000001 1.0472568790732352e-05
12.71 1.0427518138560122e-05
12.72 1.0382662117636025e-05
12.73 1.0337999878829172e-05
12.74 1.0293530579504834e-05
12.75 1.0249253380168832e-05
12.76 1.0205167444434205e-05
12.77 1.0161271939964485e-05
12.780000000000001 1.0117566037719587e-05
12.790000000000001 1.0074048912811642e-05
12.8 1.0030719743669751e-05
12.81 9.987577712412882e-06
12.82 9.944622003330506e-06
12.83 9.901851805782048e-06
12.84 9.859266313174397e-06
12.85 9.816864722033389e-06
12.86 9.774646232265201e-06
12.870000000000001 9.732610047391664e-06
12.88 9.690755374434017e-06
12.89 9.64908142385824e-06
12.9 9.607587409839858e-06
12.91 9.566272549306748e-06
12.92 9.525136061732977e-06
12.93 9.484177172285382e-06
12.94 9.443395109275114e-06
12.950000000000001 9.402789103257168e-06
12.96 9.362358388948456e-06
12.97 9.322102204384133e-06
12.98 9.282019790695492e-06
12.99 9.242110392568343e-06
13.0 9.202373257921266e-06
13.01 9.162807636767898e-06
13.02 9.123412783401175e-06
13.030000000000001 9.084187956321883e-06
13.040000000000001 9.045132416768723e-06
13.05 9.006245428655138e-06
13.06 8.967526259872862e-06
13.07 8.928974181044447e-06
13.08 8.89058846625882e-06
13.09 8.852368392525804e-06
13.1 8.814313240222595e-06
13.11 8.776422291274273e-06
13.120000000000001 8.738694833246998e-06
13.13 8.70113015608106e-06
13.14 8.663727552703152e-06
13.15 8.626486319077546e-06
13.16 8.589405754461196e-06
13.17 8.552485160844596e-06
13.18 8.515723843834381e-06
13.19 8.4791211114944e-06
13.200000000000001 8.4426762744087e-06
13.21 8.406388646575653e-06
13.22 8.370257545958434e-06
13.23 8.334282293213058e-06
13.24 8.298462211270022e-06
13.25 8.262796626999592e-06
13.26 8.227284869399592e-06
13.27 8.191926270767425e-06
13.280000000000001 8.156720166409557e-06
13.290000000000001 8.121665894251576e-06
13.3 8.08676279393747e-06
13.31 8.052010210189899e-06
13.32 8.017407489823624e-06
13.33 7.98295398263454e-06
13.34 7.948649041004612e-06
13.35 7.914492020385676e-06
13.36 7.880482278827706e-06
13.370000000000001 7.846619177511254e-06
13.38 7.81290208014798e-06
13.39 7.779330352562984e-06
13.4 7.745903363636621e-06
13.41 7.712620486295103e-06
13.42 7.679481095227211e-06
13.43 7.646484568292443e-06
13.44 7.613630285455241e-06
13.450000000000001 7.580917630247348e-06
13.46 7.548345988233554e-06
13.47 7.51591474787058e-06
13.48 7.4836233002773085e-06
13.49 7.4514710380819495e-06
13.5 7.419457358205789e-06
13.51 7.3875816601975876e-06
13.52 7.355843345529173e-06
13.530000000000001 7.324241818839767e-06
13.540000000000001 7.292776486955179e-06
13.55 7.261446759457256e-06
13.56 7.230252048665852e-06
13.57 7.199191769273031e-06
13.58 7.168265337929247e-06
13.59 7.137472173884608e-06
13.6 7.106811700264418e-06
13.61 7.076283342052318e-06
13.620000000000001 7.0458865266543755e-06
13.63 7.015620683950408e-06
13.64 6.985485246525054e-06
13.65 6.955479649125621e-06
13.66 6.925603329564679e-06
13.67 6.895855727199112e-06
13.68 6.866236283471401e-06
13.69 6.8367444436840245e-06
13.700000000000001 6.807379655172107e-06
13.71 6.778141367577989e-06
13.72 6.7490290328867736e-06
13.73 6.720042105500581e-06
13.74 6.691180042142898e-06
13.75 6.662442302326602e-06
13.76 6.633828347406058e-06
13.77 6.605337640719026e-06
13.780000000000001 6.5769696478568445e-06
13.790000000000001 6.548723838080766e-06
13.8 6.520599682354594e-06
13.81 6.492596653939387e-06
13.82 6.46471422812307e-06
13.83 6.436951883041278e-06
13.84 6.409309098554316e-06
13.85 6.381785357000436e-06
13.86 6.354380143382185e-06
13.870000000000001 6.32709294325031e-06
13.88 6.299923246163367e-06
13.89 6.272870543982989e-06
13.9 6.2459343299032405e-06
13.91 6.219114099949392e-06
13.92 6.192409352030533e-06
13.93 6.165819586395127e-06
13.94 6.139344305466439e-06
13.950000000000001 6.112983013793249e-06
13.96 6.086735217612316e-06
13.97 6.060600425070199e-06
13.98 6.0345781477480786e-06
13.99 6.008667899011556e-06
14.0 5.982869194075742e-06
14.01 5.9571815501803855e-06
14.02 5.9316044869616616e-06
14.030000000000001 5.906137526018909e-06
14.040000000000001 5.880780190982177e-06
14.05 5.8555320076030195e-06
14.06 5.830392503100548e-06
14.07 5.805361207355722e-06
14.08 5.780437652750932e-06
14.09 5.75562137314343e-06
14.1 5.730911904620214e-06
14.11 5.706308785122526e-06
14.120000000000001 5.681811554912374e-06
14.13 5.657419755958834e-06
14.14 5.633132932408396e-06
14.15 5.608950629845935e-06
14.16 5.584872395673557e-06
14.17 5.560897780451369e-06
14.18 5.537026336300797e-06
14.19 5.5132576169904346e-06
14.200000000000001 5.489591178426314e-06
14.21 5.466026578578932e-06
14.22 5.442563376830452e-06
14.23 5.41920113529752e-06
14.24 5.3959394171267505e-06
14.25 5.372777787432356e-06
14.26 5.349715813611774e-06
14.27 5.326753065019175e-06
14.280000000000001 5.3038891129717285e-06
14.290000000000001 5.281123530415387e-06
14.3 5.258455892072292e-06
14.31 5.235885774835698e-06
14.32 5.213412757190064e-06
14.33 5.191036419688848e-06
14.34 5.16875634405336e-06
14.35 5.146572113694984e-06
14.36 5.1244833150095956e-06
14.370000000000001 5.1024895357191815e-06
14.38 5.080590365193071e-06
14.39 5.0587853949067555e-06
14.4 5.037074217534846e-06
14.41 5.015456428158386e-06
14.42 4.993931623165613e-06
14.43 4.97249940099421e-06
14.44 4.951159361005149e-06
14.450000000000001 4.929911105305012e-06
14.46 4.908754237419226e-06
14.47 4.887688362697239e-06
14.48 4.86671308814495e-06
14.49 4.845828022436551e-06
14.5 4.82503277601847e-06
14.51 4.804326961044529e-06
14.52 4.783710191168306e-06
14.530000000000001 4.763182081745007e-06
14.540000000000001 4.7427422491771914e-06
14.55 4.722390312797681e-06
14.56 4.7021258931002405e-06
14.57 4.681948612184006e-06
14.58 4.661858093883709e-06
14.59 4.641853963505936e-06
14.6 4.6219358480670174e-06
14.61 4.602103376336797e-06
14.620000000000001 4.582356178490986e-06
14.63 4.562693885878897e-06
14.64 4.543116132014466e-06
14.65 4.5236225522356546e-06
14.66 4.504212783076619e-06
14.67 4.484886462856177e-06
14.68 4.465643231456343e-06
14.69 4.446482730133462e-06
14.700000000000001 4.4274046019139835e-06
14.71 4.4084084912079385e-06
14.72 4.389494043964271e-06
14.73 4.3706609071352255e-06
14.74 4.351908730116374e-06
14.75 4.3332371637398796e-06
14.76 4.314645860075216e-06
14.77 4.296134472734439e-06
14.780000000000001 4.277702657038501e-06
14.790000000000001 4.259350069374994e-06
14.8 4.241076368338156e-06
14.81 4.222881213064845e-06
14.82 4.204764264721288e-06
14.83 4.18672518546582e-06
14.84 4.168763639862402e-06
14.85 4.1508792931997216e-06
14.86 4.133071812638164e-06
14.870000000000001 4.115340866479916e-06
14.88 4.097686124710492e-06
14.89 4.0801072584695705e-06
14.9 4.062603940759726e-06
14.91 4.045175845227378e-06
14.92 4.027822647125942e-06
14.93 4.010544023538033e-06
14.94 3.993339653070464e-06
14.950000000000001 3.976209215465065e-06
14.96 3.959152391872934e-06
14.97 3.942168864640613e-06
14.98 3.92525831806941e-06
14.99 3.908420437128892e-06
15.0 3.891654908610825e-06
15.01 3.874961420157003e-06
15.02 3.858339661061858e-06
15.030000000000001 3.841789322257162e-06
15.040000000000001 3.82531009580933e-06
15.05 3.808901675053958e-06
15.06 3.7925637548421993e-06
15.07 3.7762960312354737e-06
15.08 3.76009820146536e-06
15.09 3.7439699643449884e-06
15.1 3.7279110198380952e-06
15.11 3.7119210685187913e-06
15.120000000000001 3.6959998132808176e-06
15.13 3.680146958177886e-06
15.14 3.6643622083406446e-06
15.15 3.6486452702003396e-06
15.16 3.6329958515584667e-06
15.17 3.617413661231935e-06
15.18 3.6018984096831145e-06
15.19 3.5864498083090132e-06
15.200000000000001 3.571067569478124e-06
15.21 3.5557514072189524e-06
15.22 3.540501036961436e-06
15.23 3.5253161751373763e-06
15.24 3.510196539499356e-06
15.25 3.4951418488909236e-06
15.26 3.4801518236731616e-06
15.27 3.465226184984178e-06
15.280000000000001 3.45036465558474e-06
15.290000000000001 3.4355669591131444e-06
15.3 3.420832819856701e-06
15.31 3.406161964459632e-06
15.32 3.3915541202315825e-06
15.33 3.377009015776879e-06
15.34 3.3625263807770337e-06
15.35 3.3481059460682407e-06
15.36 3.333747443723546e-06
15.370000000000001 3.31945060705494e-06
15.38 3.30521517017612e-06
15.39 3.29104086870979e-06
15.4 3.276927438838519e-06
15.41 3.2628746187296233e-06
15.42 3.2488821473485287e-06
15.43 3.2349497646754167e-06
15.44 3.2210772119991723e-06
15.450000000000001 3.2072642315967056e-06
15.46 3.1935105668833355e-06
15.47 3.1798159624578896e-06
15.48 3.166180163952809e-06
15.49 3.1526029174756873e-06
15.5 3.1390839712282005e-06
15.51 3.1256230742477807e-06
15.52 3.112219976408496e-06
15.530000000000001 3.098874428979402e-06
15.540000000000001 3.085586184144214e-06
15.55 3.072354995036598e-06
15.56 3.059180616180368e-06
15.57 3.0460628027823746e-06
15.58 3.0330013112398456e-06
15.59 3.019995898742193e-06
15.6 3.007046324122811e-06
15.610000000000001 2.994152347015393e-06
15.620000000000001 2.981313728093236e-06
15.63 2.9685302289449453e-06
15.64 2.9558016123111246e-06
15.65 2.943127641974532e-06
15.66 2.930508082697591e-06
15.67 2.917942700232691e-06
15.68 2.9054312609037567e-06
15.69 2.8929735326200406e-06
15.700000000000001 2.8805692843846643e-06
15.71 2.8682182859478465e-06
15.72 2.8559203082002183e-06
15.73 2.8436751227661245e-06
15.74 2.8314825026248894e-06
15.75 2.8193422213791565e-06
15.76 2.8072540539078506e-06
15.77 2.7952177757066175e-06
15.780000000000001 2.783233163163974e-06
15.790000000000001 2.771299994293847e-06
15.8 2.7594180476345104e-06
15.81 2.7475871027242146e-06
15.82 2.735806940189407e-06
15.83 2.72407734147166e-06
15.84 2.7123980889777305e-06
15.85 2.7007689661296036e-06
15.860000000000001 2.689189757046919e-06
15.870000000000001 2.6776602468601342e-06
15.88 2.6661802215832357e-06
15.89 2.654749468579997e-06
15.9 2.6433677757128693e-06
15.91 2.6320349320211433e-06
15.92 2.62075072732718e-06
15.93 2.6095149522923947e-06
15.94 2.5983273986843724e-06
15.950000000000001 2.587187858987679e-06
15.96 2.576096126553076e-06
15.97 2.565051995358027e-06
15.98 2.5540552610068864e-06
15.99 2.5431057195402155e-06
16.0 2.532203167905719e-06
16.01 2.521347404139916e-06
16.02 2.5105382267699054e-06
16.03 2.499775435638099e-06
16.04 2.4890588310471627e-06
16.05 2.478388214521267e-06
16.06 2.4677633876721958e-06
16.07 2.45718415385096e-06
16.080000000000002 2.446650316914311e-06
16.09 2.436161681741247e-06
16.1 2.4257180538932154e-06
16.11 2.415319239747674e-06
16.12 2.4049650466191606e-06
16.13 2.394655282669215e-06
16.14 2.3843897568152583e-06
16.15 2.3741682787869787e-06
16.16 2.363990659177881e-06
16.17 2.353856709547581e-06
16.18 2.3437662419347523e-06
16.19 2.333719068692279e-06
16.2 2.323715004012355e-06
16.21 2.3137538627248954e-06
16.22 2.3038354602069515e-06
16.23 2.2939596127256828e-06
16.240000000000002 2.28412613734468e-06
16.25 2.2743348519082606e-06
16.26 2.26458557498842e-06
16.27 2.25487812597464e-06
16.28 2.2452123250797895e-06
16.29 2.235587993299485e-06
16.3 2.2260049523612e-06
16.31 2.216463024688655e-06
16.32 2.2069620327218086e-06
16.330000000000002 2.1975018007781157e-06
16.34 2.188082154011736e-06
16.35 2.1787029178908266e-06
16.36 2.169363918736269e-06
16.37 2.160064983550504e-06
16.38 2.1508059401885167e-06
16.39 2.1415866171415367e-06
16.4 2.132406843752364e-06
16.41 2.123266449987341e-06
16.42 2.114165266672851e-06
16.43 2.105103125306398e-06
16.44 2.0960798579236753e-06
16.45 2.0870952965276793e-06
16.46 2.0781492752971724e-06
16.47 2.069241628844515e-06
16.48 2.060372192175699e-06
16.490000000000002 2.051540801211059e-06
16.5 2.0427472922927142e-06
16.51 2.033991502778371e-06
16.52 2.0252732704971826e-06
16.53 2.0165924341095093e-06
16.54 2.0079488329360544e-06
16.55 1.999342307023762e-06
16.56 1.9907726970081108e-06
16.57 1.9822398442098257e-06
16.580000000000002 1.973743589690509e-06
16.59 1.965283776782456e-06
16.6 1.9568602491377906e-06
16.61 1.9484728507974646e-06
16.62 1.9401214265636935e-06
16.63 1.9318058218415557e-06
16.64 1.923525882761245e-06
16.65 1.9152814561062634e-06
16.66 1.9070723892943478e-06
16.67 1.8988985304884997e-06
16.68 1.8907597284089647e-06
16.69 1.882655832405091e-06
16.7 1.874586692528799e-06
16.71 1.8665521584430397e-06
16.72 1.858552082114975e-06
16.73 1.85058631575301e-06
16.740000000000002 1.842654711807089e-06
16.75 1.8347571236460149e-06
16.76 1.8268934051168532e-06
16.77 1.8190634107799853e-06
16.78 1.811266995742898e-06
16.79 1.803504015711254e-06
16.8 1.795774327306407e-06
16.81 1.7880777872476429e-06
16.82 1.780414253450765e-06
16.830000000000002 1.7727835838632278e-06
16.84 1.765185636420399e-06
16.85 1.7576202713858121e-06
16.86 1.7500873487008218e-06
16.87 1.7425867292458165e-06
16.88 1.7351182741106618e-06
16.89 1.7276818452613125e-06
16.9 1.7202773051076012e-06
16.91 1.712904516794056e-06
16.92 1.705563343827587e-06
16.93 1.6982536505878973e-06
16.94 1.6909753018337702e-06
16.95 1.6837281630012266e-06
16.96 1.6765120998932548e-06
16.97 1.6693269782240068e-06
16.98 1.6621726658584063e-06
16.990000000000002 1.6550490304847112e-06
17.0 1.647955940396375e-06
17.01 1.6408932643849186e-06
17.02 1.6338608719651584e-06
17.03 1.6268586329625277e-06
17.04 1.6198864180915778e-06
17.05 1.6129440982543574e-06
17.06 1.6060315452598184e-06
17.07 1.5991486312696142e-06
17.080000000000002 1.5922952289770708e-06
17.09 1.585471211594057e-06
17.1 1.578676452137231e-06
17.11 1.5719108256584907e-06
17.12 1.5651742071250733e-06
17.13 1.55846647193909e-06
17.14 1.551787496203375e-06
17.150000000000002 1.5451371563236722e-06
17.16 1.5385153294842714e-06
17.17 1.5319218932607424e-06
17.18 1.5253567256915066e-06
17.19 1.5188197055580986e-06
17.2 1.5123107119925398e-06
17.21 1.5058296246713358e-06
17.22 1.4993763235679838e-06
17.23 1.4929506888998338e-06
17.240000000000002 1.4865526022862807e-06
17.25 1.4801819456832937e-06
17.26 1.4738386012481776e-06
17.27 1.467522451795173e-06
17.28 1.46123338050493e-06
17.29 1.454971271236633e-06
17.3 1.4487360082927447e-06
17.31 1.442527476394852e-06
17.32 1.4363455607784578e-06
17.330000000000002 1.4301901473144049e-06
17.34 1.424061122245908e-06
17.35 1.4179583719923068e-06
17.36 1.4118817833425616e-06
17.37 1.4058312444924876e-06
17.38 1.3998066436386611e-06
17.39 1.3938078695004444e-06
17.400000000000002 1.3878348112620883e-06
17.41 1.3818873584788704e-06
17.42 1.375965401305619e-06
17.43 1.3700688303712597e-06
17.44 1.3641975366556337e-06
17.45 1.3583514117696197e-06
17.46 1.3525303477005727e-06
17.47 1.346734236885104e-06
17.48 1.3409629719698913e-06
17.490000000000002 1.3352164459459992e-06
17.5 1.3294945530304197e-06
17.51 1.3237971876350026e-06
17.52 1.3181242444416697e-06
17.53 1.3124756187320654e-06
17.54 1.3068512060458086e-06
17.55 1.3012509025736492e-06
17.56 1.2956746048110094e-06
17.57 1.2901222098414342e-06
17.580000000000002 1.2845936150755252e-06
17.59 1.2790887183337766e-06
17.6 1.2736074180940173e-06
17.61 1.2681496126726674e-06
17.62 1.2627152009660304e-06
17.63 1.2573040830257707e-06
17.64 1.2519161588866192e-06
17.650000000000002 1.246551329138005e-06
17.66 1.2412094945872109e-06
17.67 1.2358905566389567e-06
17.68 1.230594417007583e-06
17.69 1.2253209779288054e-06
17.7 1.2200701419895435e-06
17.71 1.2148418123179402e-06
17.72 1.2096358922259736e-06
17.73 1.204452285702591e-06
17.740000000000002 1.1992908966363129e-06
17.75 1.1941516294391145e-06
17.76 1.1890343896561345e-06
17.77 1.183939082719775e-06
17.78 1.1788656146085786e-06
17.79 1.173813891578589e-06
17.8 1.1687838203773037e-06
17.81 1.163775308132086e-06
17.82 1.1587882623737717e-06
17.830000000000002 1.1538225910070064e-06
17.84 1.148878202316074e-06
17.85 1.1439550051022493e-06
17.86 1.1390529084401472e-06
17.87 1.1341718214336066e-06
17.88 1.1293116538311504e-06
17.89 1.1244723161775639e-06
17.900000000000002 1.1196537192189078e-06
17.91 1.114855773924321e-06
17.92 1.110078391672049e-06
17.93 1.1053214843942653e-06
17.94 1.1005849641173246e-06
17.95 1.095868743534284e-06
17.96 1.0911727355336309e-06
17.97 1.086496853435048e-06
17.98 1.0818410108770116e-06
17.990000000000002 1.077205122018372e-06
18.0 1.0725891008574495e-06
18.01 1.0679928620239646e-06
18.02 1.0634163210877845e-06
18.03 1.0588593934645263e-06
18.04 1.054321995088337e-06
18.05 1.0498040421598783e-06
18.06 1.0453054513137515e-06
18.07 1.0408261395538396e-06
18.080000000000002 1.0363660241252795e-06
18.09 1.031925022780828e-06
18.1 1.0275030534937616e-06
18.11 1.0231000346936934e-06
18.12 1.0187158851356803e-06
18.13 1.0143505234896862e-06
18.14 1.0100038691349375e-06
18.150000000000002 1.0056758421323832e-06
18.16 1.001366362571684e-06
18.17 9.970753509327973e-07
18.18 9.928027280052535e-07
18.19 9.885484149414248e-07
18.2 9.843123332687953e-07
18.21 9.800944047368856e-07
18.22 9.758945515787912e-07
18.23 9.71712696274586e-07
18.240000000000002 9.675487616128563e-07
18.25 9.63402670826406e-07
18.26 9.59274346974895e-07
18.27 9.551637138957625e-07
18.28 9.510706959427563e-07
18.29 9.469952175776588e-07
18.3 9.429372036114132e-07
18.31 9.388965791493806e-07
18.32 9.348732696620374e-07
18.330000000000002 9.308672008424461e-07
18.34 9.268782988203133e-07
18.35 9.229064900004049e-07
18.36 9.189517011241518e-07
18.37 9.150138591504306e-07
18.38 9.110928914734107e-07
18.39 9.0718872538457e-07
18.400000000000002 9.033012888281625e-07
18.41 8.994305103213539e-07
18.42 8.955763184250112e-07
18.43 8.917386419990815e-07
18.44 8.879174102687401e-07
18.45 8.841125527444811e-07
18.46 8.803239991936577e-07
18.47 8.765516797362645e-07
18.48 8.727955247818261e-07
18.490000000000002 8.690554650428839e-07
18.5 8.653314315100565e-07
18.51 8.616233555023109e-07
18.52 8.579311682176264e-07
18.53 8.54254801589053e-07
18.54 8.505941880201611e-07
18.55 8.469492598808997e-07
18.56 8.433199500238829e-07
18.57 8.397061914699124e-07
18.580000000000002 8.361079175289682e-07
18.59 8.325250618052944e-07
18.6 8.289575582931873e-07
18.61 8.254053411092657e-07
18.62 8.218683447389895e-07
18.63 8.18346503993376e-07
18.64 8.148397538334962e-07
18.650000000000002 8.113480292773285e-07
18.66 8.078712659216015e-07
18.67 8.044093998724543e-07
18.68 8.009623671867178e-07
18.69 7.97530104360258e-07
18.7 7.941125480054521e-07
18.71 7.90709635148535e-07
18.72 7.873213029917034e-07
18.73 7.83947489043453e-07
18.740000000000002 7.805881310888995e-07
18.75 7.772431671179991e-07
18.76 7.739125355355261e-07
18.77 7.705961748146127e-07
18.78 7.672940234779525e-07
18.79 7.640060207054543e-07
18.8 7.607321060315633e-07
18.81 7.574722190298457e-07
18.82 7.542262995435914e-07
18.830000000000002 7.509942877559779e-07
18.84 7.477761240695732e-07
18.85 7.445717490789516e-07
18.86 7.41381103731584e-07
18.87 7.382041291768951e-07
18.88 7.350407668378397e-07
18.89 7.318909583421245e-07
18.900000000000002 7.28754645607065e-07
18.91 7.256317704527958e-07
18.92 7.225222754456387e-07
18.93 7.194261032699869e-07
18.94 7.163431969038354e-07
18.95 7.132734994735775e-07
18.96 7.102169543593254e-07
18.97 7.071735051506288e-07
18.98 7.04143095786797e-07
18.990000000000002 7.011256703941802e-07
19.0 6.981211732774692e-07
19.01 6.951295490469687e-07
19.02 6.921507425958156e-07
19.03 6.891846989089148e-07
19.04 6.862313629824039e-07
19.05 6.832906805244571e-07
19.06 6.803625973670088e-07
19.07 6.774470595357183e-07
19.080000000000002 6.74544013259363e-07
19.09 6.716534049940385e-07
19.1 6.687751814790283e-07
19.11 6.65909289586272e-07
19.12 6.630556765060886e-07
19.13 6.602142896391676e-07
19.14 6.573850765928641e-07
19.150000000000002 6.545679851380112e-07
19.16 6.517629633803225e-07
19.17 6.489699592658663e-07
19.18 6.46188921441183e-07
19.19 6.434197987241608e-07
19.2 6.406625400450893e-07
19.21 6.379170945383285e-07
19.22 6.351834116435996e-07
19.23 6.32461440873099e-07
19.240000000000002 6.29751132122257e-07
19.25 6.270524353618524e-07
19.26 6.243653008989881e-07
19.27 6.216896791211256e-07
19.28 6.190255207616753e-07
19.29 6.163727766297459e-07
19.3 6.137313975504437e-07
19.31 6.111013349699674e-07
19.32 6.084825404585584e-07
19.330000000000002 6.058749657437303e-07
19.34 6.032785627504978e-07
19.35 6.006932836049254e-07
19.36 5.98119080654979e-07
19.37 5.955559063828021e-07
19.38 5.930037136369361e-07
19.39 5.904624553032316e-07
19.400000000000002 5.879320845339401e-07
19.41 5.854125547025058e-07
19.42 5.829038193289507e-07
19.43 5.804058318565693e-07
19.44 5.779185464189848e-07
19.45 5.754419172076025e-07
19.46 5.729758985721577e-07
19.47 5.705204450621464e-07
19.48 5.680755113711124e-07
19.490000000000002 5.656410524653266e-07
19.5 5.632170234326764e-07
19.51 5.608033796246748e-07
19.52 5.584000765253517e-07
19.53 5.560070698277646e-07
19.54 5.536243154678591e-07
19.55 5.5125176941427e-07
19.56 5.488893876855699e-07
19.57 5.465371269552774e-07
19.580000000000002 5.44194943840948e-07
19.59 5.418627952270187e-07
19.6 5.39540638049582e-07
19.61 5.3722842953309e-07
19.62 5.349261270830513e-07
19.63 5.326336882132414e-07
19.64 5.303510707186035e-07
19.650000000000002 5.280782324797711e-07
19.66 5.258151316042217e-07
19.67 5.235617264144351e-07
19.68 5.213179753137978e-07
19.69 5.190838366852839e-07
19.7 5.168592695017342e-07
19.71 5.146442328617043e-07
19.72 5.124386858585776e-07
19.73 5.102425878764284e-07
19.740000000000002 5.08055898380932e-07
19.75 5.058785771675294e-07
19.76 5.037105840109933e-07
19.77 5.015518789887815e-07
19.78 4.994024223103112e-07
19.79 4.972621743494425e-07
19.8 4.951310956887294e-07
19.81 4.930091469361431e-07
19.82 4.908962888291087e-07
19.830000000000002 4.887924825232899e-07
19.84 4.866976893579566e-07
19.85 4.846118706029317e-07
19.86 4.82534987894928e-07
19.87 4.804670029385878e-07
19.88 4.784078775844777e-07
19.89 4.7635757392777366e-07
19.900000000000002 4.7431605413896894e-07
19.91 4.722832806271918e-07
19.92 4.7025921588619323e-07
19.93 4.682438226658317e-07
19.94 4.662370637047663e-07
19.95 4.6423890184750354e-07
19.96 4.6224930044645773e-07
19.97 4.6026822281020934e-07
19.98 4.582956324380281e-07
19.990000000000002 4.5633149297890875e-07
20.0 4.5437576823005777e-07
20.01 4.5242842214955566e-07
20.02 4.5048941882663455e-07
20.03 4.485587225498601e-07
20.04 4.4663629773813256e-07
20.05 4.4472210893594356e-07
20.06 4.428161208898124e-07
20.07 4.4091829839797825e-07
20.080000000000002 4.3902860629509776e-07
20.09 4.3714700992974537e-07
20.1 4.3527347463636294e-07
20.11 4.3340796587312706e-07
20.12 4.315504492437327e-07
20.13 4.297008905493223e-07
20.14 4.278592556810509e-07
20.150000000000002 4.2602551067837093e-07
20.16 4.2419962179606417e-07
20.17 4.2238155532962025e-07
20.18 4.2057127782932947e-07
20.19 4.187687558989595e-07
20.2 4.1697395625478387e-07
20.21 4.1518684564951105e-07
20.22 4.1340739131415166e-07
20.23 4.1163556049052227e-07
20.240000000000002 4.0987132044858365e-07
20.25 4.081146387569491e-07
20.26 4.063654829750628e-07
20.27 4.046238208947732e-07
20.28 4.028896204272562e-07
20.29 4.011628495935957e-07
20.3 3.9944347658400284e-07
20.31 3.977314697198563e-07
20.32 3.960267974245487e-07
20.330000000000002 3.943294282661869e-07
20.34 3.926393307276392e-07
20.35 3.909564739010799e-07
20.36 3.8928082674301797e-07
20.37 3.876123583594722e-07
20.38 3.859510380131245e-07
20.39 3.8429683509861944e-07
20.400000000000002 3.826497190741847e-07
20.41 3.81009659655004e-07
20.42 3.793766265951601e-07
20.43 3.777505898217283e-07
20.44 3.7613151929937604e-07
20.45 3.745193852773378e-07
20.46 3.7291415789675935e-07
20.47 3.713158075065676e-07
20.48 3.697243047747176e-07
20.490000000000002 3.681396203564128e-07
20.5 3.6656172506400555e-07
20.51 3.6499058983081116e-07
20.52 3.63426185655592e-07
20.53 3.618684837424437e-07
20.54 3.6031745539221127e-07
20.55 3.587730720089686e-07
20.56 3.572353051390875e-07
20.57 3.5570412643900995e-07
20.580000000000002 3.541795077155949e-07
20.59 3.526614207290478e-07
20.6 3.511498374671154e-07
20.61 3.496447302090583e-07
20.62 3.4814607116803476e-07
20.63 3.466538327206636e-07
20.64 3.4516798743146817e-07
20.650000000000002 3.436885078419955e-07
20.66 3.422153667425895e-07
20.67 3.407485369643446e-07
20.68 3.3928799148677303e-07
20.69 3.378337033855611e-07
20.7 3.3638564586280903e-07
20.71 3.3494379225725195e-07
20.72 3.3350811588308316e-07
20.73 3.3207859021408547e-07
20.740000000000002 3.30655189009846e-07
20.75 3.292378860824797e-07
20.76 3.278266552538129e-07
20.77 3.2642147055637287e-07
20.78 3.2502230606406235e-07
20.79 3.2362913601284767e-07
20.8 3.2224193474495683e-07
20.81 3.2086067667842844e-07
20.82 3.1948533635955715e-07
20.830000000000002 3.1811588845471397e-07
20.84 3.167523077336094e-07
20.85 3.153945689477381e-07
20.86 3.1404264703416427e-07
20.87 3.1269651720195426e-07
20.88 3.113561546241329e-07
20.89 3.100215346013923e-07
20.900000000000002 3.0869263252192154e-07
20.91 3.0736942393911777e-07
20.92 3.0605188441641365e-07
20.93 3.0473998970279904e-07
20.94 3.034337156361221e-07
20.95 3.0213303814919133e-07
20.96 3.0083793323363435e-07
20.97 2.995483770641741e-07
20.98 2.9826434574406107e-07
20.990000000000002 2.969858156176781e-07
21.0 2.957127631890528e-07
21.01 2.9444516497250587e-07
21.02 2.931829976547097e-07
21.03 2.9192623795459957e-07
21.04 2.9067486271330095e-07
21.05 2.894288488587482e-07
21.06 2.881881734650874e-07
21.07 2.8695281361599105e-07
21.080000000000002 2.8572274658479716e-07
21.09 2.844979497264096e-07
21.1 2.832784004318999e-07
21.11 2.820640761331298e-07
21.12 2.808549544338154e-07
21.13 2.796510131612406e-07
21.14 2.7845223007290243e-07
21.150000000000002 2.7725858311945005e-07
21.16 2.7607005029789554e-07
21.17 2.7488660967130863e-07
21.18 2.7370823948174565e-07
21.19 2.725349179905779e-07
21.2 2.71366623565593e-07
21.21 2.7020333468985057e-07
21.22 2.6904502995938224e-07
21.23 2.678916879582577e-07
21.240000000000002 2.6674328739869616e-07
21.25 2.655998070757782e-07
21.26 2.644612259979739e-07
21.27 2.63327523169011e-07
21.28 2.6219867771528806e-07
21.29 2.6107466880991844e-07
21.3 2.599554757702738e-07
21.31 2.588410779244927e-07
21.32 2.5773145480471587e-07
21.330000000000002 2.5662658591007474e-07
21.34 2.55526450898837e-07
21.35 2.5443102949316636e-07
21.36 2.533403015265172e-07
21.37 2.522542467570724e-07
21.38 2.5117284522431395e-07
21.39 2.5009607703949927e-07
21.400000000000002 2.4902392234883827e-07
21.41 2.479563614092554e-07
21.42 2.468933745323721e-07
21.43 2.4583494214198655e-07
21.44 2.4478104471669424e-07
21.45 2.437316628634881e-07
21.46 2.4268677722603955e-07
21.47 2.416463685489719e-07
21.48 2.4061041767332217e-07
21.490000000000002 2.3957890549535787e-07
21.5 2.385518128806028e-07
21.51 2.3752912095243648e-07
21.52 2.3651081090663494e-07
21.53 2.354968639649897e-07
21.54 2.3448726145130047e-07
21.55 2.3348198474596203e-07
21.56 2.324810153630442e-07
21.57 2.314843347994102e-07
21.580000000000002 2.3049192470745453e-07
21.59 2.2950376682679816e-07
21.6 2.2851984293568468e-07
21.61 2.2754013486616056e-07
21.62 2.2656462461205233e-07
21.63 2.2559329409622668e-07
21.64 2.2462612541251314e-07
21.650000000000002 2.2366310080899794e-07
21.66 2.2270420252513345e-07
21.67 2.2174941288558088e-07
21.68 2.2079871428604754e-07
21.69 2.1985208923026422e-07
21.7 2.189095202647414e-07
21.71 2.1797099000562668e-07
21.72 2.170364811709349e-07
21.73 2.161059765428208e-07
21.740000000000002 2.1517945898590717e-07
21.75 2.1425691138456284e-07
21.76 2.1333831664743192e-07
21.77 2.1242365787573566e-07
21.78 2.1151291827294558e-07
21.79 2.1060608104297192e-07
21.8 2.0970312944689802e-07
21.81 2.0880404689135898e-07
21.82 2.0790881676876542e-07
21.830000000000002 2.0701742258258664e-07
21.84 2.061298479516942e-07
21.85 2.0524607644435446e-07
21.86 2.043660918516849e-07
21.87 2.0348987788697262e-07
21.88 2.0261741845219526e-07
21.89 2.01748697355052e-07
21.900000000000002 2.0088369864130667e-07
21.91 2.0002240637334174e-07
21.92 1.991648047054247e-07
21.93 1.9831087780121067e-07
21.94 1.9746060994048623e-07
21.95 1.9661398545174661e-07
21.96 1.9577098872670365e-07
21.97 1.9493160424761135e-07
21.98 1.9409581651926107e-07
21.990000000000002 1.932636101645896e-07
22.0 1.9243496983963786e-07
22.01 1.9160988025004754e-07
22.02 1.9078832609700438e-07
22.03 1.8997029228195053e-07
22.04 1.8915576378841762e-07
22.05 1.8834472555364603e-07
22.06 1.8753716267707346e-07
22.07 1.8673306022662577e-07
22.080000000000002 1.8593240342054848e-07
22.09 1.8513517749203247e-07
22.1 1.8434136773815896e-07
22.11 1.835509595531068e-07
22.12 1.827639383284226e-07
22.13 1.8198028961552935e-07
22.14 1.8119999891408376e-07
22.150000000000002 1.8042305179633432e-07
22.16 1.796494339683245e-07
22.17 1.7887913119789455e-07
22.18 1.7811212929693642e-07
22.19 1.7734841409038903e-07
22.2 1.7658797155899253e-07
22.21 1.758307876337607e-07
22.22 1.7507684840431326e-07
22.23 1.7432613994470082e-07
22.240000000000002 1.7357864843466543e-07
22.25 1.7283436008299462e-07
22.26 1.720932611998935e-07
22.27 1.713553380801977e-07
22.28 1.7062057709205163e-07
22.29 1.698889646615638e-07
22.3 1.6916048741487608e-07
22.31 1.6843513186222195e-07
22.32 1.6771288466035283e-07
22.330000000000002 1.669937324656418e-07
22.34 1.6627766207423994e-07
22.35 1.655646602408442e-07
22.36 1.6485471384472022e-07
22.37 1.6414780982468689e-07
22.38 1.634439351092119e-07
22.39 1.6274307674796405e-07
22.400000000000002 1.62045221806786e-07
22.41 1.6135035733849956e-07
22.42 1.60658470604038e-07
22.43 1.599695488356295e-07
22.44 1.5928357937454367e-07
22.45 1.586005495358993e-07
22.46 1.5792044674239423e-07
22.47 1.572432584896709e-07
22.48 1.5656897223489267e-07
22.490000000000002 1.5589757559768239e-07
22.5 1.5522905621034365e-07
22.51 1.5456340170290005e-07
22.52 1.539005998495204e-07
22.53 1.5324063839774475e-07
22.54 1.5258350513278683e-07
22.55 1.5192918799983438e-07
22.56 1.51277674909257e-07
22.57 1.5062895388039438e-07
22.580000000000002 1.4998301295723624e-07
22.59 1.493398402141883e-07
22.6 1.4869942379818352e-07
22.61 1.4806175193791722e-07
22.62 1.474268128389313e-07
22.63 1.4679459481180249e-07
22.64 1.461650862247442e-07
22.650000000000002 1.4553827544545342e-07
22.66 1.449141509148954e-07
22.67 1.4429270105369456e-07
22.68 1.4367391447283838e-07
22.69 1.430577797471126e-07
22.7 1.4244428554190744e-07
22.71 1.4183342054749289e-07
22.72 1.4122517349629816e-07
22.73 1.4061953317573736e-07
22.740000000000002 1.4001648843422612e-07
22.75 1.3941602813484098e-07
22.76 1.388181412069245e-07
22.77 1.3822281667111487e-07
22.78 1.3763004350594876e-07
22.79 1.3703981079554403e-07
22.8 1.3645210759531106e-07
22.81 1.3586692314142498e-07
22.82 1.3528424660969514e-07
22.830000000000002 1.347040673075397e-07
22.84 1.3412637448444543e-07
22.85 1.3355115753350067e-07
22.86 1.3297840583454337e-07
22.87 1.3240810883525164e-07
22.88 1.318402560097531e-07
22.89 1.3127483691184897e-07
22.900000000000002 1.3071184111739344e-07
22.91 1.301512582283442e-07
22.92 1.2959307789129884e-07
22.93 1.290372897928627e-07
22.94 1.284838836960227e-07
22.95 1.2793284942552232e-07
22.96 1.2738417681305748e-07
22.97 1.2683785576573276e-07
22.98 1.2629387616695716e-07
22.990000000000002 1.2575222804690745e-07
23.0 1.2521290137274022e-07
23.01 1.2467588621531303e-07
23.02 1.241411726927962e-07
23.03 1.2360875093271133e-07
23.04 1.2307861110505877e-07
23.05 1.2255074345431064e-07
23.06 1.2202513816688419e-07
23.07 1.2150178561830863e-07
23.080000000000002 1.2098067616485276e-07
23.09 1.2046180017497099e-07
23.1 1.1994514810565724e-07
23.11 1.194307104308052e-07
23.12 1.1891847765064819e-07
23.13 1.1840844032868512e-07
23.14 1.1790058907660511e-07
23.150000000000002 1.173949144999651e-07
23.16 1.1689140731936398e-07
23.17 1.1639005822722266e-07
23.18 1.1589085793998325e-07
23.19 1.1539379726088788e-07
23.2 1.148988670328324e-07
23.21 1.144060581345648e-07
23.22 1.1391536151884647e-07
23.23 1.1342676807853632e-07
23.240000000000002 1.1294026885248617e-07
23.25 1.1245585483853703e-07
23.26 1.1197351713246959e-07
23.27 1.1149324683212955e-07
23.28 1.1101503507680683e-07
23.29 1.1053887305838642e-07
23.3 1.1006475200526039e-07
23.31 1.0959266311498003e-07
23.32 1.0912259769410281e-07
23.330000000000002 1.0865454708759947e-07
23.34 1.0818850266502241e-07
23.35 1.0772445585496392e-07
23.36 1.0726239808506146e-07
23.37 1.068023208418094e-07
23.38 1.0634421563587015e-07
23.39 1.0588807402466895e-07
23.400000000000002 1.0543388759431846e-07
23.41 1.0498164799321863e-07
23.42 1.0453134684148076e-07
23.43 1.0408297587665754e-07
23.44 1.0363652677407916e-07
23.45 1.0319199131306508e-07
23.46 1.027493613043448e-07
23.47 1.0230862858917944e-07
23.48 1.018697850567437e-07
23.490000000000002 1.0143282258628662e-07
23.5 1.0099773314808145e-07
23.51 1.0056450870688197e-07
23.52 1.0013314128573311e-07
23.53 9.970362290419141e-08
23.54 9.927594567219739e-08
23.55 9.885010170053944e-08
23.56 9.842608311566803e-08
23.57 9.800388209715709e-08
23.580000000000002 9.758349080144107e-08
23.59 9.716490155279625e-08
23.6 9.674810659494856e-08
23.61 9.63330982732271e-08
23.62 9.591986891857508e-08
23.63 9.550841091293737e-08
23.64 9.509871665301452e-08
23.650000000000002 9.469077861998026e-08
23.66 9.428458926619836e-08
23.67 9.388014109432007e-08
23.68 9.347742667015581e-08
23.69 9.30764385598857e-08
23.7 9.267716935823459e-08
23.71 9.227961172062001e-08
23.72 9.18837583016444e-08
23.73 9.148960181544966e-08
23.740000000000002 9.109713499110295e-08
23.75 9.070635058884634e-08
23.76 9.031724140942731e-08
23.77 8.992980018075715e-08
23.78 8.954401973876614e-08
23.79 8.9159893066682e-08
23.8 8.877741305102641e-08
23.81 8.839657265119748e-08
23.82 8.801736485340353e-08
23.830000000000002 8.76397826507959e-08
23.84 8.726381909231756e-08
23.85 8.688946722601496e-08
23.86 8.651672017381439e-08
23.87 8.6145571046532e-08
23.88 8.577601299905469e-08
23.89 8.540803921919148e-08
23.900000000000002 8.504164294116872e-08
23.91 8.467681737419181e-08
23.92 8.431355582630717e-08
23.93 8.395185157550652e-08
23.94 8.359169795776355e-08
23.95 8.323308834521023e-08
23.96 8.287601612577705e-08
23.97 8.252047456743154e-08
23.98 8.216645711976673e-08
23.990000000000002 8.181395734939565e-08
24.0 8.146296875821499e-08
24.01 8.111348485862662e-08
24.02 8.076549923218001e-08
24.03 8.041900543285404e-08
24.04 8.007399709489364e-08
24.05 7.973046783186255e-08
24.060000000000002 7.938841132981057e-08
24.07 7.90478212817287e-08
24.080000000000002 7.870869138307381e-08
24.09 7.837101540465449e-08
24.1 7.803478710787729e-08
24.11 7.770000029659808e-08
24.12 7.736664881093796e-08
24.13 7.703472648142311e-08
24.14 7.670422720114241e-08
24.150000000000002 7.637514488353595e-08
24.16 7.604747344546711e-08
24.17 7.572120670769857e-08
24.18 7.539633863759966e-08
24.19 7.507286334823481e-08
24.2 7.47507748936792e-08
24.21 7.443006732362579e-08
24.22 7.411073472207212e-08
24.23 7.379277119790776e-08
24.240000000000002 7.347617089857164e-08
24.25 7.316092796120095e-08
24.26 7.284703660049345e-08
24.27 7.253449101054054e-08
24.28 7.222328543300126e-08
24.29 7.191341412187341e-08
24.3 7.160487138484111e-08
24.310000000000002 7.129765150140789e-08
24.32 7.099174882337944e-08
24.330000000000002 7.06871577194526e-08
24.34 7.038387255633856e-08
24.35 7.008188775665826e-08
24.36 6.978119774252328e-08
24.37 6.948179681630646e-08
24.38 6.918367945000197e-08
24.39 6.888684027881385e-08
24.400000000000002 6.859127379632368e-08
24.41 6.829697456500877e-08
24.42 6.800393716452776e-08
24.43 6.771215617665816e-08
24.44 6.74216262223894e-08
24.45 6.7132341944393e-08
24.46 6.684429800426082e-08
24.47 6.655748910438755e-08
24.48 6.627190992797399e-08
24.490000000000002 6.598755523219531e-08
24.5 6.570441976982542e-08
24.51 6.542249830241249e-08
24.52 6.514178565146408e-08
24.53 6.486227662330641e-08
24.54 6.458396609068921e-08
24.55 6.430684888226351e-08
24.560000000000002 6.403091992625423e-08
24.57 6.375617396127401e-08
24.580000000000002 6.348260594361913e-08
24.59 6.32102109039763e-08
24.6 6.293898385578704e-08
24.61 6.266891974442011e-08
24.62 6.240001362669355e-08
24.63 6.213226052873568e-08
24.64 6.18656555090721e-08
24.650000000000002 6.16001936543814e-08
24.66 6.133587006297497e-08
24.67 6.107267986639764e-08
24.68 6.081061819991212e-08
24.69 6.054968024602562e-08
24.7 6.028986117188234e-08
24.71 6.003115619945827e-08
24.72 5.977356055987224e-08
24.73 5.95170694943873e-08
24.740000000000002 5.9261678270961983e-08
24.75 5.9007382187369336e-08
24.76 5.8754176556025885e-08
24.77 5.850205655762619e-08
24.78 5.825101755835269e-08
24.79 5.8001055017017e-08
24.8 5.7752164333573035e-08
24.810000000000002 5.7504340884627015e-08
24.82 5.725758011680226e-08
24.830000000000002 5.701187749517796e-08
24.84 5.676722844965198e-08
24.85 5.652362849514332e-08
24.86 5.6281073119232354e-08
24.87 5.6039557874814965e-08
24.88 5.579907826728347e-08
24.89 5.555962990200507e-08
24.900000000000002 5.532120832265703e-08
24.91 5.508380916284082e-08
24.92 5.484742803061512e-08
24.93 5.461206056709152e-08
24.94 5.437770242781285e-08
24.95 5.4144349297087575e-08
24.96 5.391199686863026e-08
24.97 5.368064072771351e-08
24.98 5.345027661973078e-08
24.990000000000002 5.322090037386978e-08
25.0 5.2992507762951965e-08
25.01 5.27650945554826e-08
25.02 5.253865658323429e-08
25.03 5.2313189639840354e-08
25.04 5.2088689580040824e-08
25.05 5.186515225679036e-08
25.060000000000002 5.1642573553810954e-08
25.07 5.142094935293424e-08
25.080000000000002 5.1200275578320546e-08
25.09 5.0980548148653223e-08
25.1 5.076176301342914e-08
25.11 5.054391613866906e-08
25.12 5.0327003503668365e-08
25.13 5.011102110384848e-08
25.14 4.9895964969347636e-08
25.150000000000002 4.968183111287187e-08
25.16 4.946861559959176e-08
25.17 4.925631436722305e-08
25.18 4.904492352579872e-08
25.19 4.883443924219687e-08
25.2 4.862485762138025e-08
25.21 4.841617480801841e-08
25.22 4.820838694641211e-08
25.23 4.8001490203632595e-08
25.240000000000002 4.779548075037923e-08
25.25 4.759035480817247e-08
25.26 4.738610858093179e-08
25.27 4.718273828530067e-08
25.28 4.698024018766311e-08
25.29 4.6778610553558715e-08
25.3 4.657784564535053e-08
25.310000000000002 4.6377941774136284e-08
25.32 4.6178895251326715e-08
25.330000000000002 4.59807023940054e-08
25.34 4.578335954934679e-08
25.35 4.558686309100755e-08
25.36 4.539120937622676e-08
25.37 4.519639468976278e-08
25.38 4.500241545294841e-08
25.39 4.480926816222579e-08
25.400000000000002 4.4616949234615006e-08
25.41 4.4425455131191724e-08
25.42 4.4234782318583864e-08
25.43 4.404492727380636e-08
25.44 4.3855886491255825e-08
25.45 4.366765648053014e-08
25.46 4.348023378113078e-08
25.47 4.32936149196113e-08
25.48 4.3107796462196954e-08
25.490000000000002 4.292277497570507e-08
25.5 4.27385470433659e-08
25.51 4.2555109265912485e-08
25.52 4.237245827454641e-08
25.53 4.21905906803093e-08
25.54 4.2009503132675695e-08
25.55 4.1829192286859154e-08
25.560000000000002 4.164965483100418e-08
25.57 4.147088732589579e-08
25.580000000000002 4.1292886518933645e-08
25.59 4.111564916400258e-08
25.6 4.093917198399768e-08
25.61 4.0763451742246145e-08
25.62 4.058848517576293e-08
25.63 4.041426906482622e-08
25.64 4.0240800195118836e-08
25.650000000000002 4.0068075356964624e-08
25.66 3.9896091369277574e-08
25.67 3.9724845056516235e-08
25.68 3.95543332587163e-08
25.69 3.938455282316657e-08
25.7 3.921550062353908e-08
25.71 3.9047173541581906e-08
25.72 3.887956846617356e-08
25.73 3.871268230625563e-08
25.740000000000002 3.854651198087034e-08
25.75 3.838105442840682e-08
25.76 3.821630658771512e-08
25.77 3.805226532217307e-08
25.78 3.788892764107544e-08
25.79 3.7726290564503324e-08
25.8 3.756435109160942e-08
25.810000000000002 3.7403106232182783e-08
25.82 3.724255301782273e-08
25.830000000000002 3.708268848739855e-08
25.84 3.692350966415736e-08
25.85 3.676501364422958e-08
25.86 3.660719747418537e-08
25.87 3.645005825312438e-08
25.88 3.629359308930574e-08
25.89 3.61377990750931e-08
25.900000000000002 3.598267335179745e-08
25.91 3.582821304697627e-08
25.92 3.5674415313302865e-08
25.93 3.552127731230086e-08
25.94 3.536879622232616e-08
25.95 3.521696922108894e-08
25.96 3.506579350812128e-08
25.97 3.491526620397884e-08
25.98 3.4765384552726596e-08
25.990000000000002 3.4616145839752627e-08
26.0 3.446754730131695e-08
26.01 3.431958619217292e-08
26.02 3.417225978719537e-08
26.03 3.4025565365056536e-08
26.04 3.387950021087629e-08
26.05 3.3734061634785574e-08
26.060000000000002 3.35892469521892e-08
26.07 3.344505348289691e-08
26.080000000000002 3.3301478572600276e-08
26.09 3.3158519574071354e-08
26.1 3.3016173831987414e-08
26.11 3.28744387385177e-08
26.12 3.273331165950735e-08
26.13 3.2592790010231674e-08
26.14 3.2452871179270104e-08
26.150000000000002 3.231355259239779e-08
26.16 3.2174831674056224e-08
26.17 3.203670578126353e-08
26.18 3.189917239100242e-08
26.19 3.1762229004984326e-08
26.2 3.162587308072208e-08
26.21 3.149010211930512e-08
26.22 3.1354913600471404e-08
26.23 3.122030503240909e-08
26.240000000000002 3.1086273928890194e-08
26.25 3.095281781321281e-08
26.26 3.081993423100389e-08
26.27 3.0687620716722673e-08
26.28 3.055587483188419e-08
26.29 3.042469414671296e-08
26.3 3.0294076237954985e-08
26.310000000000002 3.0164018691395504e-08
26.32 3.003451911979023e-08
26.330000000000002 2.990557510697075e-08
26.34 2.9777184295484302e-08
26.35 2.9649344304452513e-08
26.36 2.9522052783996724e-08
26.37 2.9395307281177763e-08
26.38 2.9269105512644707e-08
26.39 2.9143445159756533e-08
26.400000000000002 2.901832391094467e-08
26.41 2.889373946180779e-08
26.42 2.8769689496171074e-08
26.43 2.8646171731905773e-08
26.44 2.8523183892479695e-08
26.45 2.8400723698823342e-08
26.46 2.8278788887796133e-08
26.47 2.815737722185004e-08
26.48 2.803648644549785e-08
26.490000000000002 2.791611432602834e-08
26.5 2.7796258659815765e-08
26.51 2.767691720402781e-08
26.52 2.7558087780786453e-08
26.53 2.7439768191309384e-08
26.54 2.7321956237834607e-08
26.55 2.7204649759099815e-08
26.560000000000002 2.7087846586514734e-08
26.57 2.6971544477124473e-08
26.580000000000002 2.6855741329709156e-08
26.59 2.6740435023971647e-08
26.6 2.6625623428910365e-08
26.61 2.651130443093765e-08
26.62 2.6397475915959916e-08
26.63 2.6284135778105895e-08
26.64 2.617128193141536e-08
26.650000000000002 2.6058912279506947e-08
26.66 2.5947024761451983e-08
26.67 2.5835617298582443e-08
26.68 2.5724687847952908e-08
26.69 2.5614234344084796e-08
26.7 2.5504254764480007e-08
26.71 2.5394747055387447e-08
26.72 2.5285709224895422e-08
26.73 2.5177139233139495e-08
26.740000000000002 2.5069035092856035e-08
26.75 2.4961394799769916e-08
26.76 2.4854216363478442e-08
26.77 2.4747497741115096e-08
26.78 2.4641236986953358e-08
26.79 2.453543217168197e-08
26.8 2.4430081324112403e-08
26.810000000000002 2.4325182517631333e-08
26.82 2.422073379605618e-08
26.830000000000002 2.4116733247340954e-08
26.84 2.4013178935750737e-08
26.85 2.391006895852163e-08
26.86 2.3807401412697e-08
26.87 2.370517438958775e-08
26.88 2.3603386012232122e-08
26.89 2.3502034395194466e-08
26.900000000000002 2.340111767038688e-08
26.91 2.3300633973128635e-08
26.92 2.320058144956261e-08
26.93 2.3100958245260226e-08
26.94 2.30017625287984e-08
26.95 2.290299246294888e-08
26.96 2.280464622228246e-08
26.97 2.270672192956749e-08
26.98 2.2609217809464158e-08
26.990000000000002 2.2512132063024835e-08
27.0 2.2415462920668484e-08
27.01 2.2319208583151135e-08
27.02 2.2223367273027605e-08
27.03 2.212793722437739e-08
27.04 2.203291667016046e-08
27.05 2.193830385857595e-08
27.060000000000002 2.1844097038422524e-08
27.07 2.1750294469679224e-08
27.080000000000002 2.165689442782077e-08
27.09 2.156389517273124e-08
27.1 2.147129499660544e-08
27.11 2.137909218951499e-08
27.12 2.128728504856333e-08
27.13 2.1195871870427854e-08
27.14 2.110485097706295e-08
27.150000000000002 2.1014220681992283e-08
27.16 2.0923979308189807e-08
27.17 2.083412513674882e-08
27.18 2.0744656521847543e-08
27.19 2.065557184603047e-08
27.2 2.056686945173499e-08
27.21 2.047854770785947e-08
27.22 2.039060497939638e-08
27.23 2.0303039635253716e-08
27.240000000000002 2.021585006894688e-08
27.25 2.0129034664070097e-08
27.26 2.004259181586352e-08
27.27 1.9956519922633755e-08
27.28 1.987081740801834e-08
27.29 1.978548267904654e-08
27.3 1.97005141570602e-08
27.310000000000002 1.961591028338053e-08
27.32 1.9531669477239617e-08
27.330000000000002 1.944779020689363e-08
27.34 1.9364270899249425e-08
27.35 1.9281110030895826e-08
27.36 1.9198306049595525e-08
27.37 1.911585737449552e-08
27.38 1.9033762514420272e-08
27.39 1.8952019969941682e-08
27.400000000000002 1.8870628217763778e-08
27.41 1.8789585774000177e-08
27.42 1.870889112356937e-08
27.43 1.862854277705915e-08
27.44 1.8548539266735603e-08
27.45 1.8468879089343446e-08
27.46 1.8389560794542534e-08
27.47 1.831058290581686e-08
27.48 1.8231943965715365e-08
27.490000000000002 1.8153642522212058e-08
27.5 1.8075677128337825e-08
27.51 1.7998046342999168e-08
27.52 1.7920748731715097e-08
27.53 1.7843782871535712e-08
27.54 1.7767147333316087e-08
27.55 1.7690840704786467e-08
27.560000000000002 1.7614861575351683e-08
27.57 1.753920849130998e-08
27.580000000000002 1.7463880070598073e-08
27.59 1.7388874952287277e-08
27.6 1.731419173938766e-08
27.61 1.723982905704129e-08
27.62 1.7165785523384607e-08
27.63 1.7092059780790114e-08
27.64 1.7018650455110438e-08
27.650000000000002 1.6945556198984063e-08
27.66 1.6872775659931336e-08
27.67 1.680030749025295e-08
27.68 1.6728150349647972e-08
27.69 1.6656302908448293e-08
27.7 1.658476383998912e-08
27.71 1.651353181873687e-08
27.72 1.64426055314416e-08
27.73 1.6371983661241373e-08
27.740000000000002 1.630166491616365e-08
27.75 1.6231647982558483e-08
27.76 1.6161931576095553e-08
27.77 1.6092514353533868e-08
27.78 1.602339506306316e-08
27.79 1.595457243957937e-08
27.8 1.5886045202724775e-08
27.810000000000002 1.5817812097549482e-08
27.82 1.5749871857776217e-08
27.830000000000002 1.5682223226295085e-08
27.84 1.5614864955162712e-08
27.85 1.5547795797148893e-08
27.86 1.5481014512325035e-08
27.87 1.5414519869918654e-08
27.88 1.534831063960039e-08
27.89 1.5282385597820983e-08
27.900000000000002 1.5216743524906017e-08
27.91 1.515138320655726e-08
27.92 1.5086303443682178e-08
27.93 1.5021503019845298e-08
27.94 1.4956980750619243e-08
27.95 1.4892735435807955e-08
27.96 1.4828765887126924e-08
27.97 1.4765070881288339e-08
27.98 1.4701649264508457e-08
27.990000000000002 1.4638499876968647e-08
28.0 1.4575621548356551e-08
28.01 1.4513013120230487e-08
28.02 1.4450673432644332e-08
28.03 1.4388601328804935e-08
28.04 1.4326795669623608e-08
28.05 1.4265255311172447e-08
28.060000000000002 1.4203979107512457e-08
28.07 1.4142965937200268e-08
28.080000000000002 1.4082214666521176e-08
28.09 1.4021724176367385e-08
28.1 1.3961493342221802e-08
28.11 1.3901521054408632e-08
28.12 1.3841806207040048e-08
28.13 1.3782347694868857e-08
28.14 1.3723144414549547e-08
28.150000000000002 1.3664195281469225e-08
28.16 1.3605499195476878e-08
28.17 1.3547055035913121e-08
28.18 1.3488861742085561e-08
28.19 1.3430918253536461e-08
28.2 1.3373223493198471e-08
28.21 1.3315776398417171e-08
28.22 1.3258575907638899e-08
28.23 1.3201620958848709e-08
28.240000000000002 1.3144910501173224e-08
28.25 1.3088443488632565e-08
28.26 1.303221887837301e-08
28.27 1.2976235620946455e-08
28.28 1.2920492694595454e-08
28.29 1.2864989059889722e-08
28.3 1.2809723691947995e-08
28.310000000000002 1.2754695579075599e-08
28.32 1.2699903687266327e-08
28.330000000000002 1.2645347018450512e-08
28.34 1.2591024558108397e-08
28.35 1.2536935300447425e-08
28.36 1.2483078243635723e-08
28.37 1.2429452365598824e-08
28.38 1.237605667656036e-08
28.39 1.232289022304579e-08
28.400000000000002 1.2269952000318289e-08
28.41 1.2217241039762028e-08
28.42 1.216475636833086e-08
28.43 1.2112497009684373e-08
28.44 1.2060461999582636e-08
28.45 1.200865037986834e-08
28.46 1.1957061184667639e-08
28.47 1.1905693469978958e-08
28.48 1.1854546276594417e-08
28.490000000000002 1.1803618667652282e-08
28.5 1.1752909691991827e-08
28.51 1.170241842194187e-08
28.52 1.1652143917384915e-08
28.53 1.1602085249081378e-08
28.54 1.1552241501175444e-08
28.55 1.1502611739772927e-08
28.560000000000002 1.1453195049446347e-08
28.57 1.1403990481882808e-08
28.580000000000002 1.1354997157922646e-08
28.59 1.130621416158582e-08
28.6 1.1257640607580588e-08
28.61 1.120927558557428e-08
28.62 1.1161118206586093e-08
28.63 1.1113167583070606e-08
28.64 1.1065422820876271e-08
28.650000000000002 1.1017883043026679e-08
28.66 1.097054736619609e-08
28.67 1.0923414917647317e-08
28.68 1.0876484827524006e-08
28.69 1.0829756222723454e-08
28.7 1.0783228244682834e-08
28.71 1.073690003085028e-08
28.72 1.0690770722638912e-08
28.73 1.0644839470804848e-08
28.740000000000002 1.0599105423210054e-08
28.75 1.0553567740428275e-08
28.76 1.0508225569085636e-08
28.77 1.0463078045239713e-08
28.78 1.0418124353398085e-08
28.79 1.0373363667157229e-08
28.8 1.0328795161272476e-08
28.810000000000002 1.0284418007612152e-08
28.82 1.0240231391289716e-08
28.830000000000002 1.019623448630915e-08
28.84 1.0152426489838573e-08
28.85 1.0108806580081447e-08
28.86 1.0065373957674567e-08
28.87 1.002212781883519e-08
28.88 9.979067366404335e-09
28.89 9.936191793694487e-09
28.900000000000002 9.893500318125466e-09
28.91 9.850992146998115e-09
28.92 9.808666494391346e-09
28.93 9.766522576102594e-09
28.94 9.724559614287397e-09
28.95 9.682776831680281e-09
28.96 9.64117345748453e-09
28.97 9.599748689120953e-09
28.98 9.558501782676298e-09
28.990000000000002 9.517431975678637e-09
29.0 9.476538514684426e-09
29.01 9.435820639838057e-09
29.02 9.395277599426883e-09
29.03 9.354908641429123e-09
29.04 9.314713021439237e-09
29.05 9.274689993165322e-09
29.060000000000002 9.234838819580442e-09
29.07 9.195158761332977e-09
29.080000000000002 9.15564908627783e-09
29.09 9.116309063839409e-09
29.1 9.077137960375445e-09
29.11 9.038135061882031e-09
29.12 8.99929963665023e-09
29.13 8.96063097493534e-09
29.14 8.922128358676747e-09
29.150000000000002 8.88379107493959e-09
29.16 8.845618410669527e-09
29.17 8.807609638160783e-09
29.18 8.76976406508097e-09
29.19 8.732081006377256e-09
29.2 8.694559756898614e-09
29.21 8.657199624804698e-09
29.22 8.61999992019828e-09
29.23 8.582959951910027e-09
29.240000000000002 8.546079038091865e-09
29.25 8.509356495798617e-09
29.26 8.472791644437106e-09
29.27 8.436383805396664e-09
29.28 8.400132308542053e-09
29.29 8.364036485404074e-09
29.3 8.328095664013489e-09
29.310000000000002 8.292309181641535e-09
29.32 8.256676374209046e-09
29.330000000000002 8.221196586966495e-09
29.34 8.185869157472404e-09
29.35 8.150693440433266e-09
29.36 8.11566877702984e-09
29.37 8.080794491782636e-09
29.38 8.046069969612775e-09
29.39 8.011494556919226e-09
29.400000000000002 7.977067623941523e-09
29.41 7.942788532240445e-09
29.42 7.908656642886613e-09
29.43 7.874671331050324e-09
29.44 7.84083196004263e-09
29.45 7.807137912266492e-09
29.46 7.773588557157803e-09
29.47 7.740183279731616e-09
29.48 7.706921456070473e-09
29.490000000000002 7.673802476692176e-09
29.5 7.640825727108108e-09
29.51 7.607990595184432e-09
29.52 7.575296471897864e-09
29.53 7.542742760527461e-09
29.54 7.510328851523874e-09
29.55 7.478054149351933e-09
29.560000000000002 7.445918047051729e-09
29.57 7.413919942533862e-09
29.580000000000002 7.3820592434421355e-09
29.59 7.350335377707717e-09
29.6 7.318747747677266e-09
29.61 7.287295774827794e-09
29.62 7.255978875157257e-09
29.63 7.224796469166174e-09
29.64 7.193747978282681e-09
29.650000000000002 7.162832831940986e-09
29.66 7.13205045654317e-09
29.67 7.1014002813229355e-09
29.68 7.070881737399184e-09
29.69 7.040494264538416e-09
29.7 7.010237299544281e-09
29.71 6.980110277601149e-09
29.72 6.950112652792856e-09
29.73 6.92024385269212e-09
29.740000000000002 6.890503344510139e-09
29.75 6.860890560814e-09
29.76 6.8314049621498564e-09
29.77 6.802045979914414e-09
29.78 6.7728130843591715e-09
29.79 6.743705738290508e-09
29.8 6.714723403368773e-09
29.810000000000002 6.685865542735121e-09
29.82 6.657131620962584e-09
29.830000000000002 6.6285211137985345e-09
29.84 6.600033479851497e-09
29.85 6.57166819937442e-09
29.86 6.543424748926831e-09
29.87 6.515302597756643e-09
29.88 6.487301234073657e-09
29.89 6.459420136744036e-09
29.900000000000002 6.431658787759111e-09
29.91 6.40401667583702e-09
29.92 6.376493287550187e-09
29.93 6.349088118368716e-09
29.94 6.321800654322067e-09
29.95 6.2946303928543506e-09
29.96 6.267576833023913e-09
29.97 6.2406394521114715e-09
29.98 6.2138177656727235e-09
