0.005 0.37574987855557274
0.006 0.3734953364622383
0.007 0.37112910277686373
0.008 0.36878480778444417
0.009000000000000001 0.36646647416418393
0.01 0.36416979393331156
0.011 0.3618923143360227
0.012 0.35963380029003045
0.013000000000000001 0.357394020558878
0.014000000000000002 0.3551727476734988
0.015 0.3529697578557287
0.016 0.3507848309442826
0.017 0.3486177503214561
0.018000000000000002 0.3464705887334137
0.019 0.344346590503069
0.02 0.3422413591375578
0.021 0.34015450455176727
0.022000000000000002 0.338085805402268
0.023000000000000003 0.33603504387060446
0.024 0.33400200559305704
0.025 0.33198647959275795
0.026000000000000002 0.32998825821264166
0.027 0.32800713705048223
0.028 0.32604291489554643
0.029 0.324095393666104
0.030000000000000002 0.32216437834910866
0.031000000000000003 0.32024967694089457
0.032 0.31835110038907294
0.033 0.3164684367132228
0.034 0.3146013319640112
0.034999999999999996 0.3127497377215047
0.036 0.3109135120562358
0.037 0.3090924802750786
0.038 0.3072864703086776
0.039 0.30549531266208546
0.04 0.3037188403669751
0.041 0.30195688893449857
0.041999999999999996 0.30020929630982346
0.043 0.2984759028264341
0.044 0.2967565511630054
0.045 0.29505108630028737
0.046 0.2933593554787666
0.047 0.291681208158017
0.048 0.29001649342325
0.048999999999999995 0.28836486959113894
0.049999999999999996 0.2867262403262485
0.051 0.2851005774089932
0.052 0.28348774132528437
0.053 0.28188759454236567
0.054 0.2803000014750063
0.055 0.2787248284501109
0.056 0.2771619436736723
0.057 0.27561121719764015
0.057999999999999996 0.2740725208875507
0.059 0.27254572839149965
0.06 0.27103071510833593
0.061 0.2695273581581566
0.062 0.26803553635254673
0.063 0.26655513016507143
0.064 0.2650860217034684
0.065 0.2636280946813256
0.066 0.26218123439101515
0.067 0.2607453276770919
0.068 0.25932026290955895
0.069 0.257905929958833
0.07 0.2565022201705365
0.07100000000000001 0.25510902634007887
0.07200000000000001 0.2537262426897697
0.07300000000000001 0.2523537648440193
0.07400000000000001 0.2509914898066885
0.07500000000000001 0.24963931593841115
0.07600000000000001 0.24829714293413008
0.07700000000000001 0.24696487180106105
0.078 0.24564212174991862
0.079 0.24432869765608123
0.08 0.2430248481534031
0.081 0.24173048097323688
0.082 0.2404455038485527
0.083 0.2391698256949299
0.084 0.23790335659246442
0.085 0.23664600776645056
0.08600000000000001 0.23539769156977355
0.08700000000000001 0.23415832146444016
0.08800000000000001 0.23292781200470333
0.08900000000000001 0.2317060788192718
0.09000000000000001 0.23049303859500672
0.09100000000000001 0.22928860905972565
0.09200000000000001 0.2280927089667341
0.093 0.22690525807823603
0.094 0.22572617714977303
0.095 0.2245553879155044
0.096 0.2233928130721645
0.097 0.22223837626510867
0.098 0.22109200207335042
0.099 0.2199536159954303
0.1 0.21882314443535256
0.101 0.21770051468905346
0.10200000000000001 0.21658565493066603
0.10300000000000001 0.2154784941995126
0.10400000000000001 0.21437896238676396
0.10500000000000001 0.21328699022307485
0.10600000000000001 0.21220250926578116
0.10700000000000001 0.2111253316898769
0.10800000000000001 0.2100551952126462
0.10900000000000001 0.20899229555310223
0.11 0.20793657963927664
0.111 0.20688798203427475
0.112 0.20584643807315622
0.113 0.20481188385137253
0.114 0.2037842562137925
0.115 0.20276349274384867
0.116 0.20174953175234578
0.117 0.2007423122677492
0.11800000000000001 0.19974177402471896
0.11900000000000001 0.19874785745498483
0.12000000000000001 0.19776050367670958
0.12100000000000001 0.1967796544847214
0.12200000000000001 0.19580525234088825
0.12300000000000001 0.19483724036490166
0.12400000000000001 0.19387556232435565
0.125 0.19292016262609774
0.126 0.19197098630686982
0.127 0.19102797902455831
0.128 0.1900910870494658
0.129 0.1891602572557709
0.13 0.18823543711280805
0.131 0.18731657467736396
0.132 0.1864036185848576
0.133 0.18549651804164746
0.134 0.18459522281726892
0.135 0.18369968323636182
0.136 0.18280985017131607
0.137 0.18192567503461962
0.138 0.18104710977138186
0.139 0.18017410685237198
0.14 0.1793066192666268
0.14100000000000001 0.17844460051449135
0.14200000000000002 0.1775880046007084
0.14300000000000002 0.17673678602772322
0.14400000000000002 0.17589089978872569
0.14500000000000002 0.17505030136142113
0.14600000000000002 0.1742149467013153
0.14700000000000002 0.1733847922352381
0.14800000000000002 0.17255979485555267
0.14900000000000002 0.17173991191334506
0.15 0.17092510468699074
0.151 0.17011536235945637
0.152 0.16931062042793477
0.153 0.16851082987468022
0.154 0.16771595030771705
0.155 0.1669259417583177
0.156 0.16614076467530192
0.157 0.16536037992001237
0.158 0.16458474876051785
0.159 0.1638138328667488
0.16 0.16304759430507731
0.161 0.162285995533161
0.162 0.16152899939538007
0.163 0.1607765691172829
0.164 0.16002866830098
0.165 0.15928526092074513
0.166 0.158546311317609
0.167 0.1578117841949739
0.168 0.15708164461450888
0.169 0.15635585799080906
0.17 0.1556343900876412
0.171 0.1549172070132952
0.17200000000000001 0.15420427521615274
0.17300000000000001 0.153495561480742
0.17400000000000002 0.15279103292338828
0.17500000000000002 0.1520906569880806
0.17600000000000002 0.15139440144240912
0.17700000000000002 0.15070223437375396
0.17800000000000002 0.15001412418513962
0.17900000000000002 0.14933003959140598
0.18000000000000002 0.14864994961538258
0.181 0.14797382358434255
0.182 0.14730163112586925
0.183 0.1466333421645879
0.184 0.14596892691829566
0.185 0.14530835589470542
0.186 0.14465159988755752
0.187 0.14399862997356272
0.188 0.143349417508745
0.189 0.14270393412510352
0.19 0.14206215172752165
0.191 0.14142404249038523
0.192 0.1407895788541717
0.193 0.14015873354811545
0.194 0.1395315025931365
0.195 0.13890785811260817
0.196 0.13828775429242324
0.197 0.13767116489760448
0.198 0.13705806394061887
0.199 0.13644842567832238
0.2 0.13584222460933187
0.201 0.1352394354711019
0.202 0.13464003323712234
0.203 0.13404399311418463
0.20400000000000001 0.13345129053979293
0.20500000000000002 0.13286190117928187
0.20600000000000002 0.13227580092345914
0.20700000000000002 0.13169296588585572
0.20800000000000002 0.13111337240011342
0.20900000000000002 0.13053699701769683
0.21000000000000002 0.12996381650515526
0.21100000000000002 0.12939380784191307
0.21200000000000002 0.1288269482175905
0.21300000000000002 0.1282632150298512
0.214 0.12770258588190353
0.215 0.12714503858036766
0.216 0.12659055113269707
0.217 0.12603910174513336
0.218 0.12549066882056362
0.219 0.1249452309559798
0.22 0.12440276694068067
0.221 0.12386325575388998
0.222 0.12332667656281333
0.223 0.12279300872047175
0.224 0.12226223176354695
0.225 0.12173432541057723
0.226 0.12120926955977969
0.227 0.12068704428721741
0.228 0.12016762984468149
0.229 0.11965100665790374
0.23 0.1191371553246354
0.231 0.11862605661277209
0.232 0.1181176914583646
0.233 0.11761204096414665
0.234 0.11710908639729485
0.23500000000000001 0.11660880918804462
0.23600000000000002 0.11611119092763457
0.23700000000000002 0.11561622332361629
0.23800000000000002 0.11512391071937292
0.23900000000000002 0.11463420771953019
0.24000000000000002 0.11414709438374902
0.24100000000000002 0.11366255312461794
0.24200000000000002 0.1131805665055416
0.24300000000000002 0.11270111723867815
0.24400000000000002 0.1122241881835421
0.245 0.11174976234556226
0.246 0.11127782287426811
0.247 0.11080835306206926
0.248 0.11034133634245546
0.249 0.1098767562889101
0.25 0.10941459661292736
0.251 0.10895484116317664
0.252 0.10849747392353115
0.253 0.10804247901203225
0.254 0.10758984067925814
0.255 0.10713954330724011
0.256 0.10669157140767804
0.257 0.1062459096211426
0.258 0.10580254271520323
0.259 0.10536145558356468
0.26 0.10492263324455638
0.261 0.10448606083990963
0.262 0.10405172363342856
0.263 0.10361960700988296
0.264 0.10318969647379699
0.265 0.10276197764794197
0.266 0.10233643627252562
0.267 0.10191305820385534
0.268 0.10149182941304384
0.269 0.10107273598494303
0.27 0.10065576411717267
0.271 0.10024090011874238
0.272 0.099828130409088
0.273 0.099417441516797
0.274 0.09900882007888598
0.275 0.09860225283930589
0.276 0.09819772664809479
0.277 0.09779522846036755
0.278 0.09739474533520631
0.279 0.09699626443454429
0.28 0.09659977460039942
0.281 0.09620528417168524
0.28200000000000003 0.09581276691996415
0.28300000000000003 0.09542220352940366
0.28400000000000003 0.09503358169253176
0.28500000000000003 0.09464688919851094
0.28600000000000003 0.09426211393226923
0.28700000000000003 0.09387924387352155
0.28800000000000003 0.09349826709587876
0.28900000000000003 0.09311917176598909
0.29000000000000004 0.09274194614248643
0.29100000000000004 0.09236657857532704
0.29200000000000004 0.09199305750467623
0.29300000000000004 0.09162137146034263
0.294 0.09125150906050797
0.295 0.09088345901136335
0.296 0.09051721010580245
0.297 0.09015275122306018
0.298 0.08979007132750598
0.299 0.08942915946792067
0.3 0.08907000477701253
0.301 0.08871259647016813
0.302 0.08835692384497619
0.303 0.0880029762803815
0.304 0.08765074323585995
0.305 0.08730021425077236
0.306 0.08695137894347983
0.307 0.0866042270107864
0.308 0.08625874822704775
0.309 0.08591493244354495
0.31 0.08557276958767572
0.311 0.08523224966239555
0.312 0.08489336274542796
0.313 0.0845560989885509
0.314 0.0842204486169669
0.315 0.08388640192859803
0.316 0.08355394929348377
0.317 0.08322308115304147
0.318 0.08289378801940808
0.319 0.08256606047485401
0.32 0.08223988917121405
0.321 0.08191526482905595
0.322 0.08159217823716602
0.323 0.08127062025198012
0.324 0.08095059183819701
0.325 0.08063208658565099
0.326 0.08031508466359626
0.327 0.0799995772334775
0.328 0.07968555553539342
0.329 0.07937301087396628
0.33 0.07906193461747468
0.331 0.07875231819761505
0.332 0.07844415310882366
0.333 0.07813743090763829
0.334 0.07783214321218611
0.335 0.07752828170173506
0.336 0.07722583811595715
0.337 0.07692480425459908
0.338 0.07662517197670995
0.339 0.07632693320046723
0.34 0.07603007990225522
0.341 0.07573460411635177
0.342 0.07544049793457308
0.343 0.07514775350539442
0.34400000000000003 0.07485636303383045
0.34500000000000003 0.07456631878062382
0.34600000000000003 0.07427761306199408
0.34700000000000003 0.07399023824904259
0.34800000000000003 0.07370418676730793
0.34900000000000003 0.07341945109621086
0.35000000000000003 0.07313602376873286
0.35100000000000003 0.07285389737083253
0.35200000000000004 0.07257306454109032
0.35300000000000004 0.07229351797003147
0.35400000000000004 0.07201525040005077
0.35500000000000004 0.0717382546245925
0.35600000000000004 0.07146252348792846
0.357 0.0711880498846666
0.358 0.07091482675928053
0.359 0.07064284710580998
0.36 0.07037210396721605
0.361 0.0701025904352557
0.362 0.06983429964970958
0.363 0.06956722479836513
0.364 0.06930135911631227
0.365 0.0690366958855969
0.366 0.06877322843501779
0.367 0.06851095013944632
0.368 0.06824985441967032
0.369 0.0679899347418733
0.37 0.06773118461728797
0.371 0.06747359760184149
0.372 0.06721716729572966
0.373 0.06696188734323992
0.374 0.06670775143194638
0.375 0.06645475329284728
0.376 0.06620288669973091
0.377 0.06595214546887779
0.378 0.06570252345863915
0.379 0.06545401456924248
0.38 0.06520661274231906
0.381 0.06496031196057468
0.382 0.06471510624752516
0.383 0.06447098966708632
0.384 0.06422795632324413
0.385 0.06398600035982424
0.386 0.06374511596001121
0.387 0.06350529734611123
0.388 0.06326653877932989
0.389 0.06302883455921814
0.39 0.0627921790235424
0.391 0.06255656043730493
0.392 0.0623219714866129
0.393 0.06208841367949809
0.394 0.06185588150107965
0.395 0.06162436945759744
0.396 0.0613938720916709
0.397 0.06116438398177192
0.398 0.06093589974211663
0.399 0.060708414022393666
0.4 0.060481921507220426
0.401 0.060256416916247384
0.402 0.06003189500355152
0.403 0.05980835055760821
0.404 0.059585778400759654
0.405 0.059364173389258715
0.406 0.05914353041268923
0.40700000000000003 0.05892384439391889
0.40800000000000003 0.05870511028878263
0.40900000000000003 0.0584873230857426
0.41000000000000003 0.058270477805792364
0.41100000000000003 0.0580545695019338
0.41200000000000003 0.05783959325932729
0.41300000000000003 0.05762554419462605
0.41400000000000003 0.05741241745594369
0.41500000000000004 0.057200208222700936
0.41600000000000004 0.056988911705050674
0.41700000000000004 0.056778523144062634
0.41800000000000004 0.05656903781111257
0.41900000000000004 0.05636045100787186
0.42000000000000004 0.05615275806598073
0.42100000000000004 0.055945954346888704
0.422 0.055740035241460886
0.423 0.05553499616998535
0.424 0.05533083258177844
0.425 0.05512753995499448
0.426 0.05492511379644682
0.427 0.054723549641341004
0.428 0.054522843053079265
0.429 0.05432298962304705
0.43 0.05412398497043935
0.431 0.05392582474186442
0.432 0.053728504611499986
0.433 0.0535320202804181
0.434 0.05333636747684564
0.435 0.05314154195552023
0.436 0.052947539497900674
0.437 0.052754355911646525
0.438 0.052561987030572487
0.439 0.05237042871445012
0.44 0.05217967684871471
0.441 0.05198972734448454
0.442 0.05180057613802784
0.443 0.05161221919099267
0.444 0.051424652489786934
0.445 0.051237872045756694
0.446 0.051051873894768965
0.447 0.0508666540971569
0.448 0.05068220873746888
0.449 0.05049853392427885
0.45 0.050315625790086554
0.451 0.05013348049107702
0.452 0.04995209420695834
0.453 0.049771463140762404
0.454 0.049591583518750544
0.455 0.04941245159018727
0.456 0.04923406362711736
0.457 0.04905641592434805
0.458 0.04887951121339379
0.459 0.048703347972587775
0.46 0.04852791479097448
0.461 0.048353208041444634
0.462 0.04817922414498139
0.463 0.048005959544294124
0.464 0.04783341070370529
0.465 0.04766157410893452
0.466 0.04749044626699838
0.467 0.04732002370611269
0.468 0.04715030297535863
0.46900000000000003 0.04698128064474637
0.47000000000000003 0.046812953304840726
0.47100000000000003 0.04664531756685403
0.47200000000000003 0.04647837006229509
0.47300000000000003 0.046312107442941015
0.47400000000000003 0.04614652638058422
0.47500000000000003 0.04598162356706362
0.47600000000000003 0.04581739571390523
0.47700000000000004 0.04565383955237979
0.47800000000000004 0.045490951833171166
0.47900000000000004 0.04532872932644662
0.48000000000000004 0.04516716882154067
0.48100000000000004 0.04500626712684134
0.48200000000000004 0.04484602106985298
0.48300000000000004 0.044686427496691036
0.48400000000000004 0.044527483272344355
0.485 0.044369185280321966
0.486 0.04421153042248107
0.487 0.04405451561899339
0.488 0.04389813780834701
0.489 0.04374239394681945
0.49 0.04358728100887161
0.491 0.04343279598651342
0.492 0.043278935889573836
0.493 0.0431256977453566
0.494 0.04297307859852609
0.495 0.04282107551124243
0.496 0.04266968556254578
0.497 0.04251890584877553
0.498 0.04236873348304651
0.499 0.04221916559539714
0.5 0.042070199332458896
0.501 0.041921831857515565
0.502 0.041774060350339884
0.503 0.04162688200697475
0.504 0.041480294039750724
0.505 0.04133429367712588
0.506 0.04118887816356456
0.507 0.04104404475942572
0.508 0.04089979074086998
0.509 0.040756113399782565
0.51 0.04061301004353506
0.511 0.0404704779950732
0.512 0.04032851459267157
0.513 0.040187117189782254
0.514 0.04004628315519357
0.515 0.03990600987252788
0.516 0.039766294740590666
0.517 0.03962713517278016
0.518 0.03948852859749497
0.519 0.03935047245757082
0.52 0.03921296421051937
0.521 0.039076001328282886
0.522 0.03893958129706931
0.523 0.038803701617482055
0.524 0.03866835980413243
0.525 0.03853354133286234
0.526 0.03839923903255107
0.527 0.03826546572962465
0.528 0.038132219039623785
0.529 0.037999496518739316
0.53 0.037867295736778946
0.531 0.03773561427694434
0.532 0.03760444973566035
0.533 0.037473799722757994
0.534 0.037343661861068585
0.535 0.03721403378648432
0.536 0.037084913147965595
0.537 0.03695629760731045
0.538 0.036828184839086904
0.539 0.03670057253064105
0.54 0.03657345838189954
0.541 0.03644684010544124
0.542 0.036320715426116576
0.543 0.03619508208144864
0.544 0.036069937821026694
0.545 0.03594528040680621
0.546 0.03582110761281706
0.547 0.03569741722524149
0.548 0.03557420704216162
0.549 0.03545147487368968
0.55 0.03532921854164239
0.551 0.0352074358797353
0.552 0.035086124733286476
0.553 0.03496528295925891
0.554 0.03484490842610214
0.555 0.034724999013850386
0.556 0.03460555261381067
0.557 0.03448656712862319
0.558 0.0343680404722521
0.559 0.034249970569742855
0.56 0.0341323553573272
0.561 0.03401519278216285
0.562 0.03389848080251302
0.5630000000000001 0.033782217387342786
0.5640000000000001 0.03366640051668693
0.5650000000000001 0.03355102818110698
0.5660000000000001 0.03343609838190648
0.5670000000000001 0.033321609131190706
0.5680000000000001 0.03320755845130632
0.5690000000000001 0.033093944375332474
0.5700000000000001 0.03298076494671196
0.5710000000000001 0.032868018219120755
0.5720000000000001 0.03275570225670248
0.5730000000000001 0.0326438151336942
0.5740000000000001 0.032532354934512515
0.5750000000000001 0.0324213197537522
0.5760000000000001 0.03231070769598281
0.5770000000000001 0.03220051687567383
0.5780000000000001 0.03209074541734808
0.5790000000000001 0.03198139145526905
0.5800000000000001 0.031872453133498
0.5810000000000001 0.0317639286059153
0.582 0.03165581603587682
0.583 0.03154811359656359
0.584 0.03144081947052542
0.585 0.031333931849900847
0.586 0.031227448936224943
0.587 0.03112136894033667
0.588 0.031015690082504162
0.589 0.03091041059220676
0.59 0.03080552870801069
0.591 0.030701042677845274
0.592 0.030596957441477758
0.593 0.0304932742895489
0.594 0.030389982660745937
0.595 0.030287080798233654
0.596 0.030184567010771393
0.597 0.030082439615970697
0.598 0.02998069694030776
0.599 0.029879337318908072
0.6 0.02977835909566596
0.601 0.02967776062315517
0.602 0.029577540262517354
0.603 0.029477696383406603
0.604 0.029378227364073167
0.605 0.029279131591133687
0.606 0.029180407459556877
0.607 0.0290820533727462
0.608 0.028984067742337187
0.609 0.028886448988253044
0.61 0.02878919553851763
0.611 0.028692305829383466
0.612 0.02859577830512877
0.613 0.02849961141810647
0.614 0.028403803628641533
0.615 0.028308353405040433
0.616 0.028213259223378608
0.617 0.028118519567801616
0.618 0.028024132930016186
0.619 0.027930097809609127
0.62 0.027836412713893557
0.621 0.02774307615774093
0.622 0.027650086663745323
0.623 0.02755744276193349
0.624 0.027465142990000198
0.625 0.027373185893060016
0.626 0.027281570023533083
0.627 0.02719029394144891
0.628 0.027099356214063466
0.629 0.02700875541585615
0.63 0.02691849012872633
0.631 0.026828558941653185
0.632 0.026738960450819416
0.633 0.026649693259598237
0.634 0.026560755978341934
0.635 0.026472147224502012
0.636 0.02638386562255433
0.637 0.026295909803845465
0.638 0.026208278406745632
0.639 0.026120970076430237
0.64 0.026033983464928207
0.641 0.025947317231025502
0.642 0.025860970040372567
0.643 0.025774940565175878
0.644 0.025689227484505313
0.645 0.02560382948387015
0.646 0.02551874525553306
0.647 0.025433973498230875
0.648 0.025349512917230636
0.649 0.025265362224315104
0.65 0.025181520137661246
0.651 0.025097985381927163
0.652 0.02501475668803884
0.653 0.024931832793316264
0.654 0.024849212441391034
0.655 0.024766894382157942
0.656 0.024684877371572173
0.657 0.02460316017203365
0.658 0.024521741551898894
0.659 0.024440614512363713
0.66 0.024359774854168296
0.661 0.024279229325365477
0.662 0.02419897676988352
0.663 0.02411901597198053
0.664 0.024039345721618557
0.665 0.023959964814765835
0.666 0.023880872053099397
0.667 0.02380206624416072
0.668 0.023723546201139707
0.669 0.023645310743026803
0.67 0.023567358694493574
0.671 0.0234896888858019
0.672 0.023412300152904506
0.673 0.02333519133730481
0.674 0.02325836128604914
0.675 0.02318180885173331
0.676 0.023105532892480768
0.677 0.023029532271811315
0.678 0.02295380585874737
0.679 0.022878352527636318
0.68 0.02280317115827456
0.681 0.022728260635756666
0.682 0.022653619850522413
0.683 0.022579247698287785
0.684 0.02250514307994737
0.685 0.022431304901801584
0.686 0.022357732075158773
0.687 0.022284423516570666
0.6880000000000001 0.022211378147750822
0.6890000000000001 0.0221385948955329
0.6900000000000001 0.022066072691746798
0.6910000000000001 0.021993810473369967
0.6920000000000001 0.021921807182397137
0.6930000000000001 0.021850061765706905
0.6940000000000001 0.021778573175339017
0.6950000000000001 0.021707340368097714
0.6960000000000001 0.02163636230587693
0.6970000000000001 0.02156563795526892
0.6980000000000001 0.021495166287912204
0.6990000000000001 0.021424946280118182
0.7000000000000001 0.0213549769131581
0.7010000000000001 0.02128525717299991
0.7020000000000001 0.0212157860503826
0.7030000000000001 0.02114656254074645
0.7040000000000001 0.02107758564436823
0.7050000000000001 0.02100885436602301
0.7060000000000001 0.020940367715254947
0.7070000000000001 0.02087212470624146
0.7080000000000001 0.02080412435770132
0.709 0.020736365692975402
0.71 0.020668847739953727
0.711 0.020601569531057524
0.712 0.020534530103234475
0.713 0.02046772849783218
0.714 0.020401163760751448
0.715 0.020334834942306486
0.716 0.020268741097156057
0.717 0.020202881284425083
0.718 0.02013725456753582
0.719 0.02007186001432118
0.72 0.020006696696839896
0.721 0.019941763691544
0.722 0.019877060079020906
0.723 0.01981258494428354
0.724 0.019748337376378423
0.725 0.019684316468705096
0.726 0.019620523533787026
0.727 0.019556958962070856
0.728 0.019493618675688027
0.729 0.019430501757420626
0.73 0.019367607327028833
0.731 0.019304934508435543
0.732 0.0192424824295301
0.733 0.01918025022230473
0.734 0.019118237022785145
0.735 0.019056441971002994
0.736 0.01899486421091888
0.737 0.018933502890540396
0.738 0.018872357161760455
0.739 0.018811426180378232
0.74 0.0187507091061434
0.741 0.018690205102693046
0.742 0.018629913337430245
0.743 0.01856983298168982
0.744 0.018509963210587066
0.745 0.018450303203041196
0.746 0.01839085214172336
0.747 0.018331609213109834
0.748 0.018272573607368312
0.749 0.01821374451838264
0.75 0.01815512114380958
0.751 0.01809670268488458
0.752 0.018038488346512237
0.753 0.017980477337367587
0.754 0.01792266886952977
0.755 0.0178650621588805
0.756 0.01780765642474008
0.757 0.017750450890093767
0.758 0.01769344478137891
0.759 0.017636637328686033
0.76 0.017580027765439297
0.761 0.01752361532868056
0.762 0.017467399258926326
0.763 0.01741137880004427
0.764 0.017355553199435676
0.765 0.017299921707883057
0.766 0.017244483579566445
0.767 0.017189238072001522
0.768 0.017134184446152657
0.769 0.017079321966309388
0.77 0.017024649900004584
0.771 0.016970167518207083
0.772 0.016915874095085024
0.773 0.016861768908116536
0.774 0.01680785123807004
0.775 0.016754120368881176
0.776 0.016700575587817856
0.777 0.0166472161852359
0.778 0.016594041454756153
0.779 0.016541050693233802
0.78 0.016488243200503294
0.781 0.016435618279752005
0.782 0.016383175237124705
0.783 0.016330913381991292
0.784 0.016278832026765055
0.785 0.016226930486967533
0.786 0.016175208081090946
0.787 0.01612366413085863
0.788 0.0160722979608368
0.789 0.016021108898700016
0.79 0.01597009627515615
0.791 0.01591925942381108
0.792 0.01586859768127356
0.793 0.015818106111329305
0.794 0.01576778127774813
0.795 0.015717628928302713
0.796 0.015667648480305878
0.797 0.015617839273503445
0.798 0.015568200650424406
0.799 0.015518731956360955
0.8 0.015469432539524795
0.801 0.015420301750779263
0.802 0.01537133894389261
0.803 0.015322543475304292
0.804 0.015273914704236377
0.805 0.015225451992662961
0.806 0.015177154705245914
0.807 0.015129022209345066
0.808 0.015081053875108318
0.809 0.015033249075197225
0.81 0.01498560718514904
0.811 0.014938127582977544
0.812 0.014890809649435725
0.8130000000000001 0.01484365276788902
0.8140000000000001 0.014796656324290391
0.8150000000000001 0.01474981970727393
0.8160000000000001 0.014703142307981431
0.8170000000000001 0.014656623520136443
0.8180000000000001 0.014610262740124554
0.8190000000000001 0.014564059366798558
0.8200000000000001 0.014518012801547742
0.8210000000000001 0.014472122448351471
0.8220000000000001 0.014426387713704785
0.8230000000000001 0.014380808006510235
0.8240000000000001 0.014335382738296914
0.8250000000000001 0.014290111323008135
0.8260000000000001 0.014244993177039866
0.8270000000000001 0.014200027719274748
0.8280000000000001 0.014155214371066392
0.8290000000000001 0.014110552556132234
0.8300000000000001 0.014066041700713457
0.8310000000000001 0.01402168123334643
0.8320000000000001 0.013977470585064145
0.8330000000000001 0.013933409189213902
0.8340000000000001 0.013889496481593704
0.8350000000000001 0.013845731900330975
0.8360000000000001 0.013802114885853001
0.8370000000000001 0.01375864488107429
0.838 0.013715321331065459
0.839 0.013672143683362184
0.84 0.013629111387713418
0.841 0.013586223896243083
0.842 0.01354348066327529
0.843 0.013500881145551133
0.844 0.013458424801875363
0.845 0.013416111093551591
0.846 0.01337393948388568
0.847 0.013331909438612502
0.848 0.013290020425566694
0.849 0.01324827191489044
0.85 0.013206663378828103
0.851 0.013165194291906266
0.852 0.01312386413078078
0.853 0.013082672374303519
0.854 0.013041618503504908
0.855 0.013000702001513641
0.856 0.01295992235363513
0.857 0.01291927904732657
0.858 0.012878771572128182
0.859 0.012838399419683514
0.86 0.012798165608372958
0.861 0.01275807217256319
0.862 0.0127181131156625
0.863 0.01267828786482451
0.864 0.012638595931994496
0.865 0.012599036831221131
0.866 0.01255961007866609
0.867 0.012520315192508773
0.868 0.012481151693090744
0.869 0.012442119102682822
0.87 0.012403216945761117
0.871 0.012364444748701992
0.872 0.012325802039963555
0.873 0.012287288350015456
0.874 0.012248903211400871
0.875 0.012210646158506215
0.876 0.012172516727884546
0.877 0.012134514457927997
0.878 0.012096638889077029
0.879 0.01205888956373678
0.88 0.012021266026182744
0.881 0.011983767822746055
0.882 0.011946394501595334
0.883 0.011909145612868731
0.884 0.011872020708577255
0.885 0.011835019342710598
0.886 0.011798141071077099
0.887 0.011761385451435572
0.888 0.011724752043353274
0.889 0.011688240408297882
0.89 0.01165185010963856
0.891 0.011615580712533357
0.892 0.01157943178401386
0.893 0.01154340289290805
0.894 0.011507493609936725
0.895 0.011471703507554555
0.896 0.011436032160089565
0.897 0.011400479143622808
0.898 0.011365044036058376
0.899 0.011329726417059822
0.9 0.011294525868068934
0.901 0.011259441972284661
0.902 0.01122447431469371
0.903 0.011189622481942368
0.904 0.011154886062549548
0.905 0.01112026464668098
0.906 0.011085757826192102
0.907 0.011051365194740759
0.908 0.011017086347637211
0.909 0.010982920881917588
0.91 0.01094886839625163
0.911 0.010914928491074966
0.912 0.010881100768444162
0.913 0.010847384832061697
0.914 0.010813780287374015
0.915 0.010780286741384393
0.916 0.010746903802779107
0.917 0.010713631081913347
0.918 0.01068046819068632
0.919 0.010647414742714613
0.92 0.010614470353160974
0.921 0.010581634638789883
0.922 0.010548907218015921
0.923 0.010516287710802177
0.924 0.010483775738705145
0.925 0.010451370924845507
0.926 0.010419072893930813
0.927 0.01038687836160744
0.928 0.010354784647042177
0.929 0.0103227961014432
0.93 0.010290912431054164
0.931 0.010259133259823344
0.932 0.010227458213187948
0.933 0.010195886918146617
0.934 0.010164419003064381
0.935 0.010133054097849113
0.936 0.010101791833800155
0.937 0.01007063184374938
0.9380000000000001 0.010039573761905656
0.9390000000000001 0.010008617223968067
0.9400000000000001 0.009977761867004175
0.9410000000000001 0.009947007329598356
0.9420000000000001 0.00991635325168246
0.9430000000000001 0.009885799274629872
0.9440000000000001 0.009855345041227698
0.9450000000000001 0.00982499019566126
0.9460000000000001 0.009794734383512617
0.9470000000000001 0.009764577251730343
0.9480000000000001 0.009734518448692164
0.9490000000000001 0.009704557624113451
0.9500000000000001 0.009674694429127455
0.9510000000000001 0.00964492851616456
0.9520000000000001 0.009615259539085935
0.9530000000000001 0.00958568715304187
0.9540000000000001 0.009556211014615996
0.9550000000000001 0.009526830781618202
0.9560000000000001 0.009497546113320899
0.9570000000000001 0.009468356670226177
0.9580000000000001 0.009439262114241736
0.9590000000000001 0.0094102621084885
0.9600000000000001 0.00938135631751765
0.9610000000000001 0.009352544407141459
0.9620000000000001 0.009323826044412911
0.9630000000000001 0.009295200897813308
0.9640000000000001 0.009266668636992593
0.965 0.009238228932911496
0.966 0.009209881457902608
0.967 0.009181625885418257
0.968 0.009153461890340917
0.969 0.00912538914868148
0.97 0.009097407337798102
0.971 0.009069516136226386
0.972 0.009041715223850517
0.973 0.009014004281707875
0.974 0.008986382992070774
0.975 0.008958851038509194
0.976 0.008931408105803701
0.977 0.008904053879849829
0.978 0.008876788047929688
0.979 0.008849610298396877
0.98 0.008822520320884467
0.981 0.008795517806167299
0.982 0.008768602446306511
0.983 0.008741773934433731
0.984 0.0087150319649518
0.985 0.008688376233424527
0.986 0.008661806436576215
0.987 0.008635322272283521
0.988 0.008608923439627918
0.989 0.008582609638842057
0.99 0.008556380571276789
0.991 0.00853023593947867
0.992 0.008504175447121023
0.993 0.008478198798971165
0.994 0.008452307107776547
0.995 0.008426501302794319
0.996 0.008400778718310515
0.997 0.008375139018976832
0.998 0.008349581919455366
0.999 0.008324107135517336
1.0 0.008298714384109014
1.001 0.008273403383244875
1.002 0.008248173852109542
1.003 0.008223025510972379
1.004 0.008197958081156538
1.005 0.008172971285211352
1.006 0.008148064846659203
1.007 0.008123238490187323
1.008 0.008098491941528146
1.009 0.008073824927510714
1.01 0.008049237176092872
1.011 0.008024728416203861
1.012 0.008000298377914994
1.013 0.007975946792331299
1.014 0.007951673391645058
1.015 0.007927477909073014
1.016 0.007903360078885239
1.017 0.00787931963640496
1.018 0.00785535631799126
1.019 0.007831469861061363
1.02 0.007807660004019288
1.021 0.0077839264863394765
1.022 0.007760269048476615
1.023 0.007736687431945554
1.024 0.007713181379260512
1.025 0.007689750633913751
1.026 0.007666394940456793
1.027 0.007643114044379086
1.028 0.007619907692234347
1.029 0.00759677563151399
1.0299999999999998 0.007573717610722105
1.031 0.007550733379341401
1.0319999999999998 0.007527822687825903
1.033 0.007504985287612637
1.0339999999999998 0.007482220931093238
1.035 0.00745952937168178
1.0359999999999998 0.007436910363655743
1.037 0.00741436366234469
1.0379999999999998 0.007391889023985344
1.039 0.007369486205754513
1.0399999999999998 0.007347154965811659
1.041 0.007324895063236956
1.0419999999999998 0.007302706258035029
1.043 0.00728058831116918
1.0439999999999998 0.007258540984533239
1.045 0.007236564040895857
1.0459999999999998 0.007214657244031338
1.047 0.007192820358539978
1.0479999999999998 0.0071710531500177935
1.049 0.007149355384930047
1.0499999999999998 0.007127726830615617
1.051 0.007106167255382784
1.0519999999999998 0.007084676428417485
1.053 0.00706325411973237
1.0539999999999998 0.0070419001003562956
1.055 0.007020614142069493
1.0559999999999998 0.006999396017645207
1.057 0.0069782455006632115
1.0579999999999998 0.006957162365619098
1.059 0.0069361463878608726
1.0599999999999998 0.006915197343597341
1.061 0.006894312700807123
1.0619999999999998 0.006873490050004206
1.063 0.006852733221611354
1.0639999999999998 0.006832042084030647
1.065 0.0068114164105950855
1.0659999999999998 0.006790855975444541
1.067 0.006770360553484858
1.0679999999999998 0.006749929920468934
1.069 0.006729563852931453
1.0699999999999998 0.006709262128229859
1.071 0.006689024524484147
1.0719999999999998 0.006668850820611882
1.073 0.00664874079637657
1.0739999999999998 0.006628694232221831
1.075 0.006608710909469389
1.0759999999999998 0.006588790610194068
1.077 0.006568933117219472
1.0779999999999998 0.006549138214161371
1.079 0.006529405685424933
1.0799999999999998 0.006509735316175475
1.081 0.006490126892317996
1.0819999999999999 0.006470580200541021
1.083 0.006451095028312964
1.0839999999999999 0.006431671163809663
1.085 0.006412308396001137
1.0859999999999999 0.0063930065145847
1.087 0.006373765310023343
1.0879999999999999 0.006354584573524203
1.089 0.006335464097023499
1.0899999999999999 0.006316403673188297
1.091 0.006297403095447493
1.0919999999999999 0.006278462157977956
1.093 0.00625958065561806
1.0939999999999999 0.006240758384016549
1.095 0.006221995139490679
1.0959999999999999 0.006203290719092448
1.097 0.0061846449206284775
1.0979999999999999 0.006166057542568637
1.099 0.006147528384141607
1.0999999999999999 0.00612905724525161
1.101 0.006110643926558183
1.1019999999999999 0.006092288229361451
1.103 0.0060739899557264426
1.1039999999999999 0.006055748908403469
1.105 0.00603756489079683
1.1059999999999999 0.006019437707093584
1.107 0.006001367162069274
1.1079999999999999 0.005983353061287282
1.109 0.005965395210924272
1.1099999999999999 0.005947493417897569
1.111 0.005929647489748437
1.1119999999999999 0.005911857234775785
1.113 0.005894122461857744
1.1139999999999999 0.00587644298065808
1.115 0.005858818601421194
1.1159999999999999 0.005841249135088836
1.117 0.005823734393312242
1.1179999999999999 0.005806274188341028
1.119 0.005788868333138006
1.1199999999999999 0.005771516641286898
1.121 0.005754218927066345
1.1219999999999999 0.00573697500538262
1.123 0.005719784691800812
1.1239999999999999 0.005702647802541945
1.125 0.005685564154475197
1.126 0.0056685335650923235
1.127 0.00565155585257063
1.128 0.005634633050851194
1.129 0.0056177672580211245
1.13 0.005600954254599235
1.131 0.00558419375943863
1.132 0.005567485601061656
1.133 0.005550829608540696
1.134 0.0055342256117071114
1.135 0.005517673440956818
1.136 0.0055011729274423325
1.137 0.0054847239028639905
1.138 0.005468326199664137
1.139 0.005451979650861413
1.14 0.005435684090150575
1.141 0.005419439351875993
1.142 0.005403245271007475
1.143 0.005387101683137286
1.144 0.005371008424498006
1.145 0.005354965331985966
1.146 0.005338972243074019
1.147 0.005323028995906847
1.148 0.0053071354291808655
1.149 0.005291291382313262
1.15 0.005275496695267941
1.151 0.00525975120861859
1.152 0.005244054763604329
1.153 0.005228407202017687
1.154 0.005212808366293472
1.155 0.005197258099460828
1.156 0.005181756245140017
1.157 0.00516630264757845
1.158 0.005150897151582436
1.1589999999999998 0.005135539602583473
1.16 0.005120229846593425
1.1609999999999998 0.005104967730205046
1.162 0.005089753100610949
1.1629999999999998 0.0050745858055969905
1.164 0.005059465693485586
1.1649999999999998 0.0050443926132538305
1.166 0.005029366414373474
1.1669999999999998 0.0050143869469611475
1.168 0.004999454061644419
1.1689999999999998 0.00498456760967316
1.17 0.0049697274428531215
1.1709999999999998 0.004954933413508345
1.172 0.004940185374603575
1.1729999999999998 0.004925483179574202
1.174 0.00491082668251843
1.1749999999999998 0.004896215737995896
1.176 0.004881650201176522
1.1769999999999998 0.004867129927744489
1.178 0.004852654773971957
1.1789999999999998 0.004838224596631513
1.18 0.00482383925309312
1.1809999999999998 0.004809498601236973
1.182 0.004795202499465172
1.1829999999999998 0.004780950806761225
1.184 0.004766743382618049
1.1849999999999998 0.0047525800870475135
1.186 0.004738460780651044
1.1869999999999998 0.004724385324474275
1.188 0.00471035358016035
1.1889999999999998 0.004696365409836173
1.19 0.004682420676187183
1.1909999999999998 0.004668519242359915
1.192 0.004654660972090579
1.1929999999999998 0.004640845729586267
1.194 0.00462707337954507
1.1949999999999998 0.004613342080178091
1.196 0.0045996497967612385
1.1969999999999998 0.004585999629996311
1.198 0.004572391539441532
1.1989999999999998 0.004558825386670934
1.2 0.00454530103373965
1.2009999999999998 0.004531818343149183
1.202 0.00451837717789683
1.2029999999999998 0.004504977401439907
1.204 0.0044916188777004585
1.2049999999999998 0.004478301471048302
1.206 0.004465025046355435
1.2069999999999999 0.004451789468895917
1.208 0.004438594604490846
1.2089999999999999 0.0044254403193180825
1.21 0.00441232648006287
1.2109999999999999 0.004399252953884398
1.212 0.004386219608364563
1.2129999999999999 0.004373226311527806
1.214 0.004360272931867192
1.2149999999999999 0.00434735933832265
1.216 0.004334485400280038
1.2169999999999999 0.004321650987556869
1.218 0.004308855970432979
1.2189999999999999 0.004296100219594114
1.22 0.004283383606232747
1.2209999999999999 0.0042707060019011815
1.222 0.004258067278628358
1.2229999999999999 0.004245467308896386
1.224 0.004232905965567786
1.2249999999999999 0.00422038312200355
1.226 0.0042078986519184045
1.2269999999999999 0.004195452429527247
1.228 0.004183044329429162
1.2289999999999999 0.004170674226663011
1.23 0.00415834199669155
1.2309999999999999 0.004146047515399319
1.232 0.004133790659072951
1.2329999999999999 0.004121571304468865
1.234 0.004109389328713561
1.2349999999999999 0.004097244609356365
1.236 0.004085137024384947
1.2369999999999999 0.0040730664521795934
1.238 0.004061032771545495
1.2389999999999999 0.004049035861705195
1.24 0.004037075602251023
1.2409999999999999 0.004025151873220105
1.242 0.004013264555067016
1.2429999999999999 0.004001413528603051
1.244 0.003989598675100212
1.2449999999999999 0.003977819876160162
1.246 0.003966077013881903
1.2469999999999999 0.003954369970660407
1.248 0.00394269862936199
1.2489999999999999 0.003931062873223127
1.25 0.003919462585870558
1.251 0.00390789765134093
1.252 0.0038963679540371687
1.253 0.0038848733787904236
1.254 0.0038734138107716504
1.255 0.0038619891355880787
1.256 0.003850599239212294
1.257 0.0038392440079804513
1.258 0.003827923328659888
1.259 0.0038166370883702377
1.26 0.0038053851746117666
1.261 0.0037941674752519044
1.262 0.0037829848365387732
1.263 0.003771838297781179
1.264 0.0037607258627539333
1.265 0.0037496473598111306
1.266 0.0037386026820303737
1.267 0.003727591722838098
1.268 0.003716614376101719
1.269 0.003705670536061422
1.27 0.0036947600972930556
1.271 0.0036838829548238652
1.272 0.003673039004012478
1.273 0.003662228140625574
1.274 0.0036514502607726965
1.275 0.0036407052610050255
1.276 0.003629993038166645
1.277 0.0036193134895344883
1.278 0.0036086665127275383
1.279 0.003598052005757624
1.28 0.0035874698669985192
1.281 0.003576919995156592
1.282 0.003566402289361676
1.283 0.0035559166490856478
1.284 0.0035454629741357374
1.285 0.003535041164723392
1.2859999999999998 0.0035246511213945374
1.287 0.0035142927450645877
1.2879999999999998 0.0035039659370043235
1.289 0.003493670598836129
1.2899999999999998 0.003483406632547695
1.291 0.0034731739404698864
1.2919999999999998 0.003462972425283078
1.293 0.0034528019900470063
1.2939999999999998 0.003442662538134204
1.295 0.0034325539732690956
1.2959999999999998 0.0034224761995542015
1.297 0.0034124291214124966
1.2979999999999998 0.003402412643606789
1.299 0.003392426671271759
1.2999999999999998 0.003382471109830278
1.301 0.003372545865105131
1.3019999999999998 0.0033626508432332614
1.303 0.0033527859506706837
1.3039999999999998 0.0033429510942263843
1.305 0.003333146181055123
1.3059999999999998 0.0033233711186412564
1.307 0.003313625814757342
1.3079999999999998 0.0033039101775792904
1.309 0.0032942241155632496
1.3099999999999998 0.00328456753750793
1.311 0.0032749403525304402
1.3119999999999998 0.00326534247010529
1.313 0.0032557737999826595
1.3139999999999998 0.003246234252269939
1.315 0.0032367237373906255
1.3159999999999998 0.003227242166081664
1.317 0.0032177894494150655
1.3179999999999998 0.0032083654987591676
1.319 0.0031989702258127225
1.3199999999999998 0.0031896035425919224
1.321 0.0031802653614195387
1.3219999999999998 0.003170955594957999
1.323 0.003161674156120885
1.3239999999999998 0.0031524209581947245
1.325 0.003143195914764306
1.3259999999999998 0.0031339989396959186
1.327 0.003124829947188464
1.3279999999999998 0.003115688851730561
1.329 0.0031065741604602414
1.3299999999999998 0.0030974839688788116
1.331 0.0030884210689185927
1.3319999999999999 0.0030793854806745254
1.333 0.0030703771151539827
1.3339999999999999 0.0030613958835706747
1.335 0.0030524416974988533
1.3359999999999999 0.0030435144687137195
1.337 0.0030346141092993805
1.3379999999999999 0.0030257405315875295
1.339 0.0030168936482125436
1.3399999999999999 0.003008073372042826
1.341 0.0029992796162325165
1.3419999999999999 0.0029905122941867894
1.343 0.00298177131960884
1.3439999999999999 0.0029730566064329234
1.345 0.00296436806888203
1.3459999999999999 0.0029557056214286883
1.347 0.002947069178809312
1.3479999999999999 0.0029384586560362597
1.349 0.0029298739683669217
1.3499999999999999 0.002921315031323905
1.351 0.0029127817607065426
1.3519999999999999 0.002904274072539739
1.353 0.0028957918831278807
1.3539999999999999 0.0028873351090457685
1.355 0.00287890366709536
1.3559999999999999 0.0028704974743619435
1.357 0.002862116448140014
1.3579999999999999 0.002853760506057633
1.359 0.002845429565917862
1.3599999999999999 0.002837123545822745
1.361 0.002828842364099263
1.3619999999999999 0.0028205859393486375
1.363 0.0028123541904142473
1.3639999999999999 0.0028041470363676917
1.365 0.002795964396587696
1.3659999999999999 0.0027878061906243534
1.367 0.002779672338331053
1.3679999999999999 0.002771562759793375
1.369 0.002763477375330927
1.3699999999999999 0.0027554161055183355
1.371 0.0027473788711919107
1.3719999999999999 0.0027393655933823646
1.373 0.002731376193422692
1.3739999999999999 0.0027234105928449423
1.375 0.0027154687134517113
1.376 0.0027075504772505177
1.377 0.0026996558065298594
1.378 0.002691784623800827
1.379 0.0026839368517940407
1.38 0.002676112413516595
1.381 0.0026683112321618874
1.382 0.0026605332312342063
1.383 0.0026527783343748106
1.384 0.0026450464655617214
1.385 0.0026373375489266142
1.386 0.002629651508889407
1.387 0.002621988270063115
1.388 0.0026143477573263387
1.389 0.002606729895769538
1.39 0.0025991346107081836
1.391 0.0025915618277176705
1.392 0.0025840114725670105
1.393 0.002576483471270514
1.394 0.0025689777500798733
1.395 0.0025614942354552548
1.396 0.0025540343160544263
1.397 0.0025465999477162124
1.398 0.002539187956304964
1.399 0.002531798143887587
1.4 0.002524430443435037
1.401 0.0025170847882196815
1.402 0.0025097611117291525
1.403 0.0025024593477217896
1.404 0.0024951794301791837
1.405 0.0024879212933555752
1.406 0.0024806848717424525
1.407 0.002473470100050461
1.408 0.0024662769132941845
1.409 0.002459105246651702
1.41 0.0024519550356205664
1.411 0.0024448262158835526
1.412 0.0024377187233898434
1.4129999999999998 0.002430632494325512
1.414 0.002423567465116225
1.4149999999999998 0.002416523572399978
1.416 0.0024095007530983586
1.4169999999999998 0.002402498944315607
1.418 0.002395518083433213
1.4189999999999998 0.0023885581080368545
1.42 0.002381618955969426
1.4209999999999998 0.002374700565286483
1.422 0.002367802874267135
1.4229999999999998 0.002360925821453716
1.424 0.0023540693455879995
1.4249999999999998 0.00234723338564897
1.426 0.00234041788083993
1.4269999999999998 0.0023336227705952695
1.428 0.002326847994574509
1.4289999999999998 0.002320093492653498
1.43 0.002313359204935686
1.4309999999999998 0.002306645071752916
1.432 0.0022999510336489844
1.4329999999999998 0.0022932770313978577
1.434 0.0022866230059877396
1.4349999999999998 0.002279988898631174
1.436 0.002273374650732154
1.4369999999999998 0.002266780203956765
1.438 0.002260205500164077
1.4389999999999998 0.0022536504814089048
1.44 0.0022471150900062412
1.4409999999999998 0.002240599268442274
1.442 0.002234102959431747
1.4429999999999998 0.0022276261059114275
1.444 0.00222116865102552
1.4449999999999998 0.0022147305381164865
1.446 0.0022083117107249174
1.4469999999999998 0.0022019121126542135
1.448 0.002195531687860539
1.4489999999999998 0.0021891703805197145
1.45 0.0021828281350321824
1.4509999999999998 0.0021765048959909317
1.452 0.002170200608194435
1.4529999999999998 0.00216391521664293
1.454 0.002157648666534834
1.4549999999999998 0.002151400903288965
1.456 0.0021451718725101748
1.4569999999999999 0.0021389615200082686
1.458 0.002132769791786423
1.4589999999999999 0.0021265966340519313
1.46 0.002120441993225896
1.4609999999999999 0.002114305815892093
1.462 0.002108188048860347
1.4629999999999999 0.0021020876395697087
1.464 0.0020960030488920123
1.4649999999999999 0.002089936424887573
1.466 0.0020838878135955355
1.4669999999999999 0.0020778571589624164
1.468 0.0020718444050996264
1.4689999999999999 0.002065849496297725
1.47 0.0020598723770268476
1.4709999999999999 0.0020539129919033773
1.472 0.002047971285731106
1.4729999999999999 0.0020420472034812405
1.474 0.0020361406902953258
1.4749999999999999 0.0020302516914640248
1.476 0.0020243801524970828
1.4769999999999999 0.002018526018987471
1.478 0.002012689236787274
1.4789999999999999 0.002006869751845138
1.48 0.0020010675103037195
1.4809999999999999 0.001995282458491884
1.482 0.0019895145428473217
1.4829999999999999 0.0019837637100258913
1.484 0.0019780299068258025
1.4849999999999999 0.0019723130801973694
1.486 0.0019666131772753037
1.4869999999999999 0.0019609301453360657
1.488 0.0019552639318456545
1.4889999999999999 0.0019496144843976857
1.49 0.001943981750769577
1.4909999999999999 0.0019383656788841289
1.492 0.0019327662168460485
1.4929999999999999 0.0019271833128913464
1.494 0.001921616915443077
1.4949999999999999 0.0019160669730508748
1.496 0.001910533434448058
1.4969999999999999 0.0019050162485243522
1.498 0.0018995153642999316
1.4989999999999999 0.001894030730984971
1.5 0.0018885622979244873
1.501 0.0018831100146310625
1.502 0.00187767383075506
1.503 0.0018722536961210594
1.504 0.0018668495606973283
1.505 0.0018614613745995482
1.506 0.0018560890881104514
1.507 0.001850732651663769
1.508 0.0018453920158275588
1.509 0.001840067131348682
1.51 0.0018347579490953063
1.511 0.0018294644201172596
1.512 0.0018241864955847599
1.513 0.0018189241268382127
1.514 0.0018136772653675455
1.515 0.0018084458627974091
1.516 0.0018032298709056518
1.517 0.0017980292416278677
1.518 0.0017928439270465627
1.519 0.001787673879364693
1.52 0.0017825190509744007
1.521 0.0017773793943702768
1.522 0.0017722548622343334
1.523 0.0017671454073629586
1.524 0.0017620509827041104
1.525 0.0017569715413651035
1.526 0.0017519070365818292
1.527 0.0017468574217346603
1.528 0.0017418226503507672
1.529 0.0017368026761038482
1.53 0.0017317976910138548
1.531 0.0017268080279142677
1.532 0.0017218330966442944
1.533 0.0017168728246134168
1.534 0.0017119271671343147
1.535 0.0017069960796834058
1.536 0.0017020795178595285
1.537 0.0016971774374248915
1.538 0.0016922897942719993
1.539 0.0016874165444318464
1.54 0.0016825576441000794
1.541 0.0016777130495949054
1.5419999999999998 0.0016728827173807198
1.543 0.0016680666040710598
1.5439999999999998 0.001663264666401638
1.545 0.0016584768612693018
1.5459999999999998 0.001653703145699261
1.547 0.0016489434768611963
1.5479999999999998 0.0016441978120479753
1.549 0.0016394661087230891
1.5499999999999998 0.0016347483244445534
1.551 0.0016300444169563208
1.5519999999999998 0.0016253543440953784
1.553 0.0016206780638616384
1.5539999999999998 0.001616015534385474
1.555 0.0016113667139168333
1.5559999999999998 0.0016067315608753918
1.557 0.0016021100337854236
1.5579999999999998 0.0015975020913070162
1.559 0.0015929076922453747
1.5599999999999998 0.0015883267955483192
1.561 0.001583759360265205
1.5619999999999998 0.0015792053456150118
1.563 0.0015746647109056745
1.5639999999999998 0.001570137415626861
1.565 0.0015656234193551874
1.5659999999999998 0.0015611226818174322
1.567 0.0015566351628867505
1.5679999999999998 0.0015521608225253867
1.569 0.0015476996208632465
1.5699999999999998 0.0015432515181398538
1.571 0.001538816474720196
1.5719999999999998 0.0015343944511186035
1.573 0.0015299854079553815
1.5739999999999998 0.00152558930598368
1.575 0.0015212061060911127
1.5759999999999998 0.0015168357692803664
1.577 0.0015124782566903255
1.5779999999999998 0.0015081335295809442
1.579 0.001503801549335368
1.5799999999999998 0.001499482277460911
1.581 0.001495175675596245
1.5819999999999999 0.0014908817054958222
1.583 0.0014866003290494101
1.5839999999999999 0.0014823315082535856
1.585 0.0014780752052318913
1.5859999999999999 0.0014738313822438244
1.587 0.001469600001649262
1.5879999999999999 0.0014653810259505514
1.589 0.0014611744177638018
1.5899999999999999 0.00145698013980987
1.591 0.0014527981549581931
1.5919999999999999 0.001448628426169947
1.593 0.001444470916549427
1.5939999999999999 0.0014403255893054028
1.595 0.0014361924077641078
1.5959999999999999 0.0014320713353875246
1.597 0.001427962283166694
1.5979999999999999 0.0014238651255416785
1.599 0.001419779950877723
1.5999999999999999 0.0014157067298556274
1.601 0.0014116454262742782
1.6019999999999999 0.0014075960040878003
1.603 0.0014035584273290281
1.6039999999999999 0.0013995326601635703
1.605 0.0013955186668752498
1.6059999999999999 0.0013915164118417822
1.607 0.0013875258595772847
1.6079999999999999 0.001383546974694341
1.609 0.001379579721913779
1.6099999999999999 0.0013756240660809768
1.611 0.0013716799721356751
1.6119999999999999 0.0013677474051635864
1.613 0.0013638263303142547
1.6139999999999999 0.001359916712877243
1.615 0.001356018518247337
1.6159999999999999 0.0013521317119249967
1.617 0.0013482562595294378
1.6179999999999999 0.0013443921267686674
1.619 0.0013405392794855074
1.6199999999999999 0.0013366976836120897
1.621 0.0013328673051911087
1.6219999999999999 0.0013290481103805946
1.623 0.0013252400654420286
1.6239999999999999 0.001321443136734506
1.625 0.001317657290743244
1.626 0.0013138824940480192
1.627 0.0013101187133219903
1.628 0.001306365915369392
1.629 0.001302624067087461
1.63 0.0012988931354635253
1.631 0.001295173087625171
1.632 0.0012914638907666528
1.633 0.001287765512210026
1.634 0.0012840779193707865
1.635 0.001280401079762814
1.636 0.0012767349610270644
1.637 0.0012730795308713231
1.638 0.0012694347571388506
1.639 0.0012658006077445596
1.64 0.001262177050733518
1.641 0.0012585640542384314
1.642 0.0012549615864824598
1.643 0.0012513696158083533
1.644 0.0012477881106441452
1.645 0.0012442170395347808
1.646 0.0012406563711082706
1.647 0.0012371060740901747
1.648 0.0012335661173280097
1.649 0.0012300364697392639
1.65 0.0012265171003654602
1.651 0.0012230079783178006
1.652 0.0012195090728355916
1.653 0.001216020353232959
1.654 0.001212541788935752
1.655 0.0012090733494512567
1.656 0.0012056150043950698
1.657 0.0012021667234806276
1.658 0.001198728476504091
1.659 0.0011953002333651844
1.66 0.0011918819640694927
1.661 0.0011884736386916935
1.662 0.0011850752274346018
1.663 0.0011816867005483647
1.664 0.0011783086652328856
1.665 0.0011749422206236001
1.666 0.0011715857440681157
1.667 0.0011682391079137582
1.668 0.0011649022804595937
1.669 0.0011615752301151528
1.67 0.0011582579253676178
1.6709999999999998 0.0011549503348267738
1.672 0.0011516524271717853
1.6729999999999998 0.0011483641711890291
1.674 0.0011450855357564575
1.6749999999999998 0.0011418164898543606
1.676 0.0011385570025393649
1.6769999999999998 0.001135307042978487
1.678 0.0011320665804304786
1.6789999999999998 0.001128835584238365
1.68 0.0011256140238494364
1.6809999999999998 0.0011224018687907493
1.682 0.001119199088687255
1.6829999999999998 0.0011160056532735225
1.684 0.001112821532351364
1.6849999999999998 0.0011096466958151043
1.686 0.001106481113667164
1.6869999999999998 0.0011033247560016252
1.688 0.0011001775929765003
1.6889999999999998 0.001097039594877751
1.69 0.0010939107320507874
1.6909999999999998 0.001090790974943586
1.692 0.0010876802941011906
1.6929999999999998 0.0010845786601425364
1.694 0.0010814860437929888
1.6949999999999998 0.0010784024158468838
1.696 0.0010753277472117235
1.6969999999999998 0.0010722620088645328
1.698 0.0010692051718737376
1.6989999999999998 0.0010661572074121908
1.7 0.001063118086700839
1.7009999999999998 0.0010600877811103783
1.702 0.0010570662620316112
1.7029999999999998 0.0010540535009952077
1.704 0.0010510494695906228
1.7049999999999998 0.0010480541394935208
1.706 0.0010450674824882794
1.7069999999999999 0.0010420894704197177
1.708 0.0010391200752283532
1.7089999999999999 0.0010361592689536565
1.71 0.0010332070236890708
1.7109999999999999 0.0010302633116528823
1.712 0.0010273281051136245
1.7129999999999999 0.001024401376438316
1.714 0.0010214830980870468
1.7149999999999999 0.0010185732425885222
1.716 0.0010156717825575438
1.7169999999999999 0.001012778690712808
1.718 0.001009893939825338
1.7189999999999999 0.0010070175027794288
1.72 0.0010041493525140516
1.7209999999999999 0.001001289462069621
1.722 0.0009984378045675682
1.7229999999999999 0.0009955943532022114
1.724 0.0009927590812622623
1.7249999999999999 0.0009899319621026242
1.726 0.0009871129691804076
1.7269999999999999 0.0009843020760101732
1.728 0.0009814992562072215
1.7289999999999999 0.0009787044834588974
1.73 0.000975917731537434
1.7309999999999999 0.0009731389742835358
1.732 0.0009703681856317128
1.7329999999999999 0.0009676053395989106
1.734 0.0009648504102657445
1.7349999999999999 0.000962103371798508
1.736 0.0009593641984521728
1.7369999999999999 0.0009566328645498549
1.738 0.0009539093445061466
1.7389999999999999 0.0009511936127920956
1.74 0.0009484856439735126
1.7409999999999999 0.0009457854127017623
1.742 0.0009430928936831128
1.7429999999999999 0.0009404080617210126
1.744 0.0009377308916839003
1.7449999999999999 0.0009350613585315833
1.746 0.0009323994372818996
1.7469999999999999 0.0009297451030440744
1.748 0.0009270983310037458
1.7489999999999999 0.0009244590964112395
1.75 0.0009218273746037472
1.751 0.0009192031409893683
1.752 0.0009165863710585828
1.753 0.0009139770403689546
1.754 0.000911375124553859
1.755 0.0009087805993264206
1.756 0.0009061934404798564
1.757 0.0009036136238632817
1.758 0.0009010411254155601
1.759 0.0008984759211512601
1.76 0.000895917987147044
1.761 0.0008933672995673791
1.762 0.0008908238346251913
1.763 0.0008882875686584278
1.764 0.0008857584780068403
1.765 0.0008832365391420157
1.766 0.0008807217285878917
1.767 0.0008782140229242239
1.768 0.0008757133988376521
1.769 0.000873219833050306
1.77 0.0008707333023864803
1.771 0.0008682537837246418
1.772 0.0008657812540191927
1.773 0.0008633156903058001
1.774 0.0008608570696639578
1.775 0.0008584053692743248
1.776 0.0008559605663765337
1.777 0.0008535226382760251
1.778 0.000851091562353686
1.779 0.0008486673160616455
1.78 0.000846249876907026
1.781 0.0008438392225074631
1.782 0.0008414353304909752
1.783 0.0008390381786019105
1.784 0.0008366477446367445
1.785 0.0008342640064595551
1.786 0.0008318869420094704
1.787 0.0008295165292828836
1.788 0.0008271527463578685
1.789 0.000824795571370254
1.79 0.0008224449825383067
1.791 0.0008201009581204597
1.792 0.0008177634764785142
1.793 0.0008154326075239789
1.794 0.0008131139836825888
1.795 0.0008108054027872857
1.796 0.0008085034881016395
1.797 0.0008062082194735641
1.7979999999999998 0.0008039195767938023
1.799 0.0008016375400153368
1.7999999999999998 0.0007993620891447699
1.801 0.0007970932042572538
1.8019999999999998 0.0007948308654639129
1.803 0.0007925750529549755
1.8039999999999998 0.0007903257469504035
1.805 0.0007880829277573555
1.8059999999999998 0.0007858465757067924
1.807 0.0007836166712057325
1.8079999999999998 0.0007813931947140858
1.809 0.0007791761267369169
1.8099999999999998 0.0007769654478447937
1.811 0.0007747611386615383
1.8119999999999998 0.0007725631798593903
1.813 0.00077037155216794
1.8139999999999998 0.0007681862363800799
1.815 0.0007660072133270496
1.8159999999999998 0.0007638344639161415
1.817 0.0007616679690710122
1.8179999999999998 0.0007595077098242843
1.819 0.0007573536672069007
1.8199999999999998 0.0007552058223394422
1.821 0.0007530641563879819
1.8219999999999998 0.000750928650556639
1.823 0.0007487992861254673
1.8239999999999998 0.0007466760444127097
1.825 0.000744558906794917
1.8259999999999998 0.0007424478546960332
1.827 0.0007403428696026908
1.8279999999999998 0.0007382439330427806
1.829 0.0007361510266077636
1.8299999999999998 0.0007340641319289348
1.831 0.0007319832306985234
1.8319999999999999 0.0007299083046607924
1.833 0.0007278393356077989
1.8339999999999999 0.0007257763053833975
1.835 0.0007237191958793778
1.8359999999999999 0.0007216679890560157
1.837 0.0007196226669046495
1.8379999999999999 0.0007175832114771257
1.839 0.0007155496048742155
1.8399999999999999 0.0007135218292515081
1.841 0.0007114998668055899
1.8419999999999999 0.0007094836997933513
1.843 0.000707473310525012
1.8439999999999999 0.0007054686813425706
1.845 0.0007034697946586429
1.8459999999999999 0.0007014766329341142
1.847 0.0006994891786538039
1.8479999999999999 0.0006975074143957494
1.849 0.000695531322743486
1.8499999999999999 0.0006935608863620673
1.851 0.0006915960879525004
1.8519999999999999 0.0006896369102622311
1.853 0.0006876833360985797
1.8539999999999999 0.0006857353483116328
1.855 0.0006837929297896725
1.8559999999999999 0.0006818560634987865
1.857 0.0006799247324189962
1.8579999999999999 0.0006779989196074567
1.859 0.0006760786081466844
1.8599999999999999 0.0006741637811836889
1.861 0.0006722544219085049
1.8619999999999999 0.0006703505135604641
1.863 0.0006684520394202324
1.8639999999999999 0.0006665589828212342
1.865 0.0006646713271501888
1.8659999999999999 0.0006627890558259853
1.867 0.0006609121523371389
1.8679999999999999 0.0006590406001937942
1.869 0.0006571743829732461
1.8699999999999999 0.0006553134842848844
1.871 0.0006534578878031029
1.8719999999999999 0.0006516075772308698
1.873 0.0006497625363270643
1.8739999999999999 0.0006479227488921792
1.875 0.0006460881987848244
1.876 0.0006442588698937038
1.877 0.0006424347461559253
1.878 0.0006406158115763049
1.879 0.0006388020501718096
1.88 0.0006369934460326772
1.881 0.0006351899832792336
1.882 0.0006333916460834061
1.883 0.0006315984186654546
1.884 0.0006298102852832295
1.885 0.0006280272302380748
1.886 0.0006262492378945405
1.887 0.0006244762926360025
1.888 0.0006227083789148782
1.889 0.0006209454812136887
1.89 0.0006191875840537011
1.891 0.000617434672027458
1.892 0.0006156867297382347
1.893 0.0006139437418592185
1.894 0.000612205693093397
1.895 0.0006104725681976641
1.896 0.0006087443519607715
1.897 0.0006070210292264448
1.898 0.0006053025848711647
1.899 0.000603589003836359
1.9 0.0006018802710723647
1.901 0.0006001763716048015
1.902 0.0005984772904894128
1.903 0.0005967830128166412
1.904 0.0005950935237414833
1.905 0.0005934088084352841
1.906 0.0005917288521347007
1.907 0.0005900536401068502
1.908 0.0005883831576703264
1.909 0.0005867173901666472
1.91 0.0005850563230084163
1.911 0.0005833999416229853
1.912 0.0005817482315032851
1.913 0.0005801011781595976
1.914 0.0005784587671682367
1.915 0.0005768209841334062
1.916 0.0005751878147001966
1.917 0.00057355924456102
1.918 0.0005719352594493999
1.919 0.000570315845135538
1.92 0.0005687009874333375
1.921 0.0005670906721952193
1.922 0.0005654848853272788
1.923 0.0005638842213559774
1.924 0.0005622909514060222
1.9249999999999998 0.0005607026088739146
1.926 0.000559118816638242
1.9269999999999998 0.0005575395611124556
1.928 0.000555964828752189
1.9289999999999998 0.0005543946060443277
1.93 0.0005528288795062995
1.9309999999999998 0.0005512676357119474
1.932 0.0005497108612492666
1.9329999999999998 0.0005481585427664606
1.934 0.0005466106669240725
1.9349999999999998 0.0005450672204410137
1.936 0.00054352819005506
1.9369999999999998 0.000541993562561691
1.938 0.0005404633247705538
1.9389999999999998 0.0005389374635373905
1.94 0.0005374159657689095
1.9409999999999998 0.0005358988183748191
1.942 0.0005343860083285802
1.9429999999999998 0.0005328775226343582
1.944 0.0005313733483269818
1.9449999999999998 0.0005298734724759102
1.946 0.0005283778821902584
1.9469999999999998 0.0005268865646182254
1.948 0.0005253995069385525
1.9489999999999998 0.0005239166963646594
1.95 0.0005224381201481954
1.9509999999999998 0.000520963765573351
1.952 0.0005194936199659449
1.9529999999999998 0.0005180276706825127
1.954 0.0005165659051083121
1.9549999999999998 0.0005151083106748525
1.956 0.0005136548748466666
1.9569999999999999 0.0005122055851109441
1.958 0.0005107604290063157
1.9589999999999999 0.0005093193940964508
1.96 0.000507882467979347
1.9609999999999999 0.0005064496382941617
1.962 0.0005050208927038429
1.9629999999999999 0.0005035962189167801
1.964 0.0005021756046676207
1.9649999999999999 0.0005007590377275712
1.966 0.0004993465059051371
1.9669999999999999 0.0004979379970391488
1.968 0.0004965334989985259
1.9689999999999999 0.0004951329996938187
1.97 0.0004937364870664778
1.9709999999999999 0.0004923439490872774
1.972 0.0004909553737711338
1.9729999999999999 0.0004895707491496407
1.974 0.0004881900633019486
1.9749999999999999 0.00048681330433728704
1.976 0.00048544046039421344
1.9769999999999999 0.00048407151965076077
1.978 0.00048270647030896176
1.9789999999999999 0.00048134530060581503
1.98 0.00047998799882233726
1.9809999999999999 0.0004786345532597812
1.982 0.0004772849522594868
1.9829999999999999 0.0004759391841839182
1.984 0.0004745972374397681
1.9849999999999999 0.0004732591004715713
1.986 0.000471924761735706
1.9869999999999999 0.00047059420973597643
1.988 0.0004692674330022956
1.9889999999999999 0.00046794442010880617
1.99 0.00046662515963457235
1.9909999999999999 0.00046530964022386276
1.992 0.00046399785052971275
1.9929999999999999 0.0004626897792457518
1.994 0.00046138541508806464
1.9949999999999999 0.0004600847468246659
1.996 0.0004587877632295182
1.9969999999999999 0.0004574944531319872
1.998 0.0004562048053737475
