0.0 0.6781047484152354
0.01 0.6838472079049595
0.02 0.684996957433849
0.03 0.6830121161595557
0.04 0.6789507221191797
0.05 0.6735814181861624
0.06 0.6674605646665901
0.07 0.6609874387315713
0.08 0.6544445444724551
0.09 0.648027478185383
0.1 0.6418672794921207
0.11 0.6360472687568752
0.12 0.630615776819592
0.13 0.625595779731861
0.14 0.620992182729492
0.15 0.6167973093279382
0.16 0.6129950160236173
0.17 0.6095637536748199
0.18 0.6064788223551134
0.19 0.603714010173427
0.2 0.6012427634151043
0.21 0.5990390020368865
0.22 0.5970776686730906
0.23 0.5953350791532991
0.24 0.5937891268091587
0.25 0.5924193805859367
0.26 0.5912071074244375
0.27 0.5901352419581485
0.28 0.5891883208221806
0.29 0.5883523944347626
0.3 0.5876149257043406
0.31 0.5869646825109575
0.32 0.5863916288319385
0.33 0.5858868178889466
0.34 0.5854422895759989
0.35000000000000003 0.585050973599569
0.36 0.5847065991548429
0.37 0.5844036115238109
0.38 0.5841370956702564
0.39 0.5839027066921493
0.4 0.5836966068491067
0.41000000000000003 0.583515408792699
0.42 0.5833561245761896
0.43 0.5832161199969604
0.44 0.5830930738211799
0.45 0.5829849414501025
0.46 0.5828899226061666
0.47000000000000003 0.5828064326414294
0.48 0.5827330770983716
0.49 0.5826686291820038
0.5 0.5826120098312295
0.51 0.5825622701057613
0.52 0.5825185756319589
0.53 0.5824801928764403
0.54 0.5824464770400086
0.55 0.5824168613862484
0.56 0.5823908478391004
0.5700000000000001 0.5823679987018402
0.58 0.5823479293662743
0.59 0.5823303018957158
0.6 0.5823148193785389
0.61 0.5823012209609414
0.62 0.5822892774781194
0.63 0.5822787876124493
0.64 0.5822695745156423
0.65 0.5822614828392476
0.66 0.5822543761244562
0.67 0.5822481345079756
0.68 0.5822426527058897
0.6900000000000001 0.5822378382419648
0.7000000000000001 0.582233609890878
0.71 0.5822298963103782
0.72 0.5822266348395213
0.73 0.5822237704428637
0.74 0.5822212547829292
0.75 0.5822190454053943
0.76 0.5822171050233158
0.77 0.5822154008883843
0.78 0.5822139042386305
0.79 0.5822125898133061
0.8 0.5822114354267702
0.81 0.5822104215942154
0.8200000000000001 0.5822095312029305
0.8300000000000001 0.5822087492235628
0.84 0.5822080624565165
0.85 0.5822074593092135
0.86 0.5822069296004637
0.87 0.5822064643886439
0.88 0.5822060558207922
0.89 0.5822056970000701
0.9 0.5822053818693582
0.91 0.5822051051090228
0.92 0.5822048620471273
0.93 0.5822046485805739
0.9400000000000001 0.5822044611058468
0.9500000000000001 0.582204296458186
0.96 0.5822041518581677
0.97 0.5822040248647862
0.98 0.5822039133342506
0.99 0.5822038153837965
1.0 0.5822037293599042
1.01 0.5822036538103861
1.02 0.5822035874598732
1.03 0.5822035291882857
1.04 0.5822034780119251
1.05 0.5822034330668687
1.06 0.5822033935943856
1.07 0.5822033589281284
1.08 0.582203328482885
1.09 0.5822033017446995
1.1 0.582203278262195
1.11 0.5822032576389555
1.12 0.5822032395268331
1.1300000000000001 0.5822032236200702
1.1400000000000001 0.5822032096501393
1.1500000000000001 0.5822031973812085
1.16 0.5822031866061621
1.17 0.582203177143102
1.18 0.582203168832279
1.19 0.5822031615333947
1.2 0.5822031551232343
1.21 0.5822031494935849
1.22 0.5822031445494105
1.23 0.5822031402072467
1.24 0.5822031363937918
1.25 0.5822031330446692
1.26 0.582203130103341
1.27 0.5822031275201536
1.28 0.5822031252514993
1.29 0.5822031232590799
1.3 0.5822031215092609
1.31 0.5822031199725023
1.32 0.582203118622862
1.33 0.5822031174375562
1.34 0.5822031163965751
1.35 0.5822031154823455
1.36 0.582203114679434
1.37 0.5822031139742863
1.3800000000000001 0.5822031133549984
1.3900000000000001 0.5822031128111159
1.4000000000000001 0.5822031123334575
1.41 0.5822031119139597
1.42 0.5822031115455405
1.43 0.5822031112219807
1.44 0.582203110937818
1.45 0.5822031106882555
1.46 0.5822031104690799
1.47 0.5822031102765917
1.48 0.5822031101075411
1.49 0.5822031099590742
1.5 0.5822031098286851
1.51 0.5822031097141723
1.52 0.5822031096136028
1.53 0.5822031095252787
1.54 0.5822031094477091
1.55 0.5822031093795846
1.56 0.582203109319755
1.57 0.5822031092672104
1.58 0.5822031092210636
1.59 0.582203109180536
1.6 0.5822031091449428
1.61 0.5822031091136836
1.62 0.5822031090862305
1.6300000000000001 0.5822031090621201
1.6400000000000001 0.5822031090409454
1.6500000000000001 0.5822031090223492
1.6600000000000001 0.5822031090060171
1.67 0.5822031089916737
1.68 0.5822031089790768
1.69 0.5822031089680137
1.7 0.5822031089582976
1.71 0.5822031089497646
1.72 0.5822031089422706
1.73 0.582203108935689
1.74 0.5822031089299089
1.75 0.5822031089248325
1.76 0.5822031089203743
1.77 0.582203108916459
1.78 0.5822031089130202
1.79 0.5822031089100003
1.8 0.582203108907348
1.81 0.5822031089050187
1.82 0.5822031089029732
1.83 0.5822031089011763
1.84 0.5822031088995987
1.85 0.5822031088982129
1.86 0.5822031088969959
1.87 0.5822031088959271
1.8800000000000001 0.5822031088949884
1.8900000000000001 0.5822031088941639
1.9000000000000001 0.5822031088934401
1.9100000000000001 0.5822031088928041
1.92 0.5822031088922459
1.93 0.5822031088917553
1.94 0.5822031088913246
1.95 0.5822031088909464
1.96 0.5822031088906141
1.97 0.5822031088903223
1.98 0.5822031088900661
1.99 0.5822031088898412
2.0 0.5822031088896434
2.0100000000000002 0.5822031088894699
2.02 0.5822031088893174
2.0300000000000002 0.5822031088891837
2.04 0.582203108889066
2.05 0.5822031088889628
2.06 0.5822031088888721
2.07 0.5822031088887925
2.08 0.5822031088887225
2.09 0.582203108888661
2.1 0.582203108888607
2.11 0.5822031088885598
2.12 0.5822031088885181
2.13 0.5822031088884815
2.14 0.5822031088884494
2.15 0.5822031088884212
2.16 0.5822031088883965
2.17 0.5822031088883748
2.18 0.5822031088883558
2.19 0.582203108888339
2.2 0.5822031088883242
2.21 0.5822031088883112
2.22 0.5822031088883
2.23 0.5822031088882899
2.24 0.5822031088882811
2.25 0.5822031088882734
2.2600000000000002 0.5822031088882667
2.27 0.5822031088882608
2.2800000000000002 0.5822031088882555
2.29 0.5822031088882509
2.3000000000000003 0.582203108888247
2.31 0.5822031088882434
2.32 0.5822031088882403
2.33 0.5822031088882376
2.34 0.5822031088882352
2.35 0.5822031088882331
2.36 0.5822031088882313
2.37 0.5822031088882297
2.38 0.5822031088882282
2.39 0.582203108888227
2.4 0.5822031088882259
2.41 0.5822031088882249
2.42 0.582203108888224
2.43 0.5822031088882234
2.44 0.5822031088882227
2.45 0.582203108888222
2.46 0.5822031088882216
2.47 0.582203108888221
2.48 0.5822031088882208
2.49 0.5822031088882204
2.5 0.5822031088882201
2.5100000000000002 0.5822031088882198
2.52 0.5822031088882196
2.5300000000000002 0.5822031088882194
2.54 0.5822031088882191
2.5500000000000003 0.5822031088882191
2.56 0.582203108888219
2.57 0.5822031088882189
2.58 0.5822031088882188
2.59 0.5822031088882187
2.6 0.5822031088882186
2.61 0.5822031088882185
2.62 0.5822031088882185
2.63 0.5822031088882184
2.64 0.5822031088882182
2.65 0.5822031088882182
2.66 0.5822031088882182
2.67 0.5822031088882182
2.68 0.5822031088882182
2.69 0.5822031088882182
2.7 0.5822031088882182
2.71 0.582203108888218
2.72 0.5822031088882181
2.73 0.5822031088882181
2.74 0.582203108888218
2.75 0.5822031088882181
2.7600000000000002 0.5822031088882181
2.77 0.582203108888218
2.7800000000000002 0.5822031088882181
2.79 0.5822031088882181
2.8000000000000003 0.5822031088882181
2.81 0.5822031088882179
2.82 0.582203108888218
2.83 0.582203108888218
2.84 0.582203108888218
2.85 0.582203108888218
2.86 0.582203108888218
2.87 0.582203108888218
2.88 0.5822031088882181
2.89 0.582203108888218
2.9 0.5822031088882179
2.91 0.5822031088882179
2.92 0.5822031088882179
2.93 0.5822031088882179
2.94 0.5822031088882179
2.95 0.5822031088882179
2.96 0.5822031088882179
2.97 0.5822031088882181
2.98 0.5822031088882179
2.99 0.5822031088882179
3.0 0.5822031088882179
3.0100000000000002 0.5822031088882179
3.02 0.5822031088882179
3.0300000000000002 0.5822031088882179
3.04 0.5822031088882179
3.0500000000000003 0.5822031088882179
3.06 0.5822031088882179
3.0700000000000003 0.5822031088882179
3.08 0.5822031088882179
3.09 0.5822031088882179
3.1 0.5822031088882181
3.11 0.5822031088882179
3.12 0.5822031088882179
3.13 0.5822031088882179
3.14 0.5822031088882179
3.15 0.5822031088882179
3.16 0.5822031088882179
3.17 0.5822031088882179
3.18 0.5822031088882179
3.19 0.5822031088882179
3.2 0.5822031088882179
3.21 0.5822031088882179
3.22 0.5822031088882179
3.23 0.5822031088882179
3.24 0.5822031088882179
3.25 0.5822031088882179
3.2600000000000002 0.5822031088882179
3.27 0.5822031088882179
3.2800000000000002 0.5822031088882179
3.29 0.5822031088882179
3.3000000000000003 0.5822031088882179
3.31 0.5822031088882179
3.3200000000000003 0.5822031088882179
3.33 0.5822031088882179
3.34 0.5822031088882179
3.35 0.5822031088882179
3.36 0.5822031088882179
3.37 0.5822031088882179
3.38 0.5822031088882179
3.39 0.5822031088882179
3.4 0.5822031088882179
3.41 0.5822031088882179
3.42 0.5822031088882179
3.43 0.5822031088882179
3.44 0.5822031088882179
3.45 0.5822031088882179
3.46 0.5822031088882179
3.47 0.5822031088882181
3.48 0.5822031088882179
3.49 0.5822031088882179
3.5 0.5822031088882179
3.5100000000000002 0.5822031088882179
3.52 0.5822031088882179
3.5300000000000002 0.5822031088882179
3.54 0.5822031088882179
3.5500000000000003 0.5822031088882179
3.56 0.5822031088882179
3.5700000000000003 0.5822031088882179
3.58 0.5822031088882179
3.59 0.5822031088882179
3.6 0.5822031088882179
3.61 0.5822031088882179
3.62 0.5822031088882179
3.63 0.5822031088882179
3.64 0.5822031088882179
3.65 0.5822031088882179
3.66 0.5822031088882179
3.67 0.5822031088882179
3.68 0.5822031088882179
3.69 0.5822031088882179
3.7 0.5822031088882179
3.71 0.5822031088882179
3.72 0.5822031088882179
3.73 0.5822031088882179
3.74 0.5822031088882179
3.75 0.5822031088882179
3.7600000000000002 0.5822031088882179
3.77 0.5822031088882179
3.7800000000000002 0.5822031088882179
3.79 0.5822031088882179
3.8000000000000003 0.5822031088882179
3.81 0.5822031088882179
3.8200000000000003 0.5822031088882179
3.83 0.5822031088882179
3.84 0.5822031088882179
3.85 0.5822031088882179
3.86 0.5822031088882179
3.87 0.5822031088882179
3.88 0.5822031088882179
3.89 0.5822031088882179
3.9 0.5822031088882179
3.91 0.5822031088882179
3.92 0.5822031088882179
3.93 0.5822031088882179
3.94 0.5822031088882179
3.95 0.5822031088882179
3.96 0.5822031088882179
3.97 0.5822031088882179
3.98 0.5822031088882179
3.99 0.5822031088882179
4.0 0.5822031088882179
4.01 0.5822031088882179
4.0200000000000005 0.5822031088882179
4.03 0.5822031088882179
4.04 0.5822031088882179
4.05 0.5822031088882179
4.0600000000000005 0.5822031088882179
4.07 0.5822031088882179
4.08 0.5822031088882179
4.09 0.5822031088882179
4.1 0.5822031088882179
4.11 0.5822031088882179
4.12 0.5822031088882179
4.13 0.5822031088882179
4.14 0.5822031088882179
4.15 0.5822031088882179
4.16 0.5822031088882179
4.17 0.5822031088882179
4.18 0.5822031088882179
4.19 0.5822031088882179
4.2 0.5822031088882179
4.21 0.5822031088882179
4.22 0.5822031088882179
4.23 0.5822031088882179
4.24 0.5822031088882179
4.25 0.5822031088882179
4.26 0.5822031088882179
4.2700000000000005 0.5822031088882179
4.28 0.5822031088882179
4.29 0.5822031088882179
4.3 0.5822031088882179
4.3100000000000005 0.5822031088882179
4.32 0.5822031088882179
4.33 0.5822031088882179
4.34 0.5822031088882179
4.3500000000000005 0.5822031088882179
4.36 0.5822031088882179
4.37 0.5822031088882179
4.38 0.5822031088882179
4.39 0.5822031088882179
4.4 0.5822031088882179
4.41 0.5822031088882179
4.42 0.5822031088882179
4.43 0.5822031088882179
4.44 0.5822031088882179
4.45 0.5822031088882179
4.46 0.5822031088882179
4.47 0.5822031088882179
4.48 0.5822031088882179
4.49 0.5822031088882179
4.5 0.5822031088882179
4.51 0.5822031088882179
4.5200000000000005 0.5822031088882179
4.53 0.5822031088882179
4.54 0.5822031088882179
4.55 0.5822031088882179
4.5600000000000005 0.5822031088882179
4.57 0.5822031088882179
4.58 0.5822031088882179
4.59 0.5822031088882179
4.6000000000000005 0.5822031088882179
4.61 0.5822031088882179
4.62 0.5822031088882179
4.63 0.5822031088882179
4.64 0.5822031088882179
4.65 0.5822031088882179
4.66 0.5822031088882179
4.67 0.5822031088882179
4.68 0.5822031088882179
4.69 0.5822031088882179
4.7 0.5822031088882179
4.71 0.5822031088882179
4.72 0.5822031088882179
4.73 0.5822031088882179
4.74 0.5822031088882179
4.75 0.5822031088882179
4.76 0.5822031088882179
4.7700000000000005 0.5822031088882179
4.78 0.5822031088882179
4.79 0.5822031088882179
4.8 0.5822031088882179
4.8100000000000005 0.5822031088882179
4.82 0.5822031088882179
4.83 0.5822031088882179
4.84 0.5822031088882179
4.8500000000000005 0.5822031088882179
4.86 0.5822031088882179
4.87 0.5822031088882179
4.88 0.5822031088882179
4.89 0.5822031088882179
4.9 0.5822031088882179
4.91 0.5822031088882179
4.92 0.5822031088882179
4.93 0.5822031088882179
4.94 0.5822031088882179
4.95 0.5822031088882179
4.96 0.5822031088882179
4.97 0.5822031088882179
4.98 0.5822031088882179
4.99 0.5822031088882179
5.0 0.5822031088882179
5.01 0.5822031088882179
5.0200000000000005 0.5822031088882179
5.03 0.5822031088882179
5.04 0.5822031088882179
5.05 0.5822031088882179
5.0600000000000005 0.5822031088882179
5.07 0.5822031088882179
5.08 0.5822031088882179
5.09 0.5822031088882179
5.1000000000000005 0.5822031088882179
5.11 0.5822031088882179
5.12 0.5822031088882179
5.13 0.5822031088882179
5.14 0.5822031088882179
5.15 0.5822031088882179
5.16 0.5822031088882179
5.17 0.5822031088882179
5.18 0.5822031088882179
5.19 0.5822031088882179
5.2 0.5822031088882179
5.21 0.5822031088882179
5.22 0.5822031088882179
5.23 0.5822031088882179
5.24 0.5822031088882179
5.25 0.5822031088882179
5.26 0.5822031088882179
5.2700000000000005 0.5822031088882179
5.28 0.5822031088882179
5.29 0.5822031088882179
5.3 0.5822031088882179
5.3100000000000005 0.5822031088882179
5.32 0.5822031088882179
5.33 0.5822031088882179
5.34 0.5822031088882179
5.3500000000000005 0.5822031088882179
5.36 0.5822031088882179
5.37 0.5822031088882179
5.38 0.5822031088882179
5.39 0.5822031088882179
5.4 0.5822031088882179
5.41 0.5822031088882179
5.42 0.5822031088882179
5.43 0.5822031088882179
5.44 0.5822031088882179
5.45 0.5822031088882179
5.46 0.5822031088882179
5.47 0.5822031088882179
5.48 0.5822031088882179
5.49 0.5822031088882179
5.5 0.5822031088882179
5.51 0.5822031088882179
5.5200000000000005 0.5822031088882179
5.53 0.5822031088882179
5.54 0.5822031088882179
5.55 0.5822031088882179
5.5600000000000005 0.5822031088882179
5.57 0.5822031088882179
5.58 0.5822031088882179
5.59 0.5822031088882179
5.6000000000000005 0.5822031088882179
5.61 0.5822031088882179
5.62 0.5822031088882179
5.63 0.5822031088882179
5.64 0.5822031088882179
5.65 0.5822031088882179
5.66 0.5822031088882179
5.67 0.5822031088882179
5.68 0.5822031088882179
5.69 0.5822031088882179
5.7 0.5822031088882179
5.71 0.5822031088882179
5.72 0.5822031088882179
5.73 0.5822031088882179
5.74 0.5822031088882179
5.75 0.5822031088882179
5.76 0.5822031088882179
5.7700000000000005 0.5822031088882179
5.78 0.5822031088882179
5.79 0.5822031088882179
5.8 0.5822031088882179
5.8100000000000005 0.5822031088882179
5.82 0.5822031088882179
5.83 0.5822031088882179
5.84 0.5822031088882179
5.8500000000000005 0.5822031088882179
5.86 0.5822031088882179
5.87 0.5822031088882179
5.88 0.5822031088882179
5.89 0.5822031088882179
5.9 0.5822031088882179
5.91 0.5822031088882179
5.92 0.5822031088882179
5.93 0.5822031088882179
5.94 0.5822031088882179
5.95 0.5822031088882179
5.96 0.5822031088882179
5.97 0.5822031088882179
5.98 0.5822031088882179
5.99 0.5822031088882179
6.0 0.5822031088882179
6.01 0.5822031088882179
6.0200000000000005 0.5822031088882179
6.03 0.5822031088882179
6.04 0.5822031088882179
6.05 0.5822031088882179
6.0600000000000005 0.5822031088882179
6.07 0.5822031088882179
6.08 0.5822031088882179
6.09 0.5822031088882179
6.1000000000000005 0.5822031088882179
6.11 0.5822031088882179
6.12 0.5822031088882179
6.13 0.5822031088882179
6.140000000000001 0.5822031088882179
6.15 0.5822031088882179
6.16 0.5822031088882179
6.17 0.5822031088882179
6.18 0.5822031088882179
6.19 0.5822031088882179
6.2 0.5822031088882179
6.21 0.5822031088882179
6.22 0.5822031088882179
6.23 0.5822031088882179
6.24 0.5822031088882179
6.25 0.5822031088882179
6.26 0.5822031088882179
6.2700000000000005 0.5822031088882179
6.28 0.5822031088882179
6.29 0.5822031088882179
6.3 0.5822031088882179
6.3100000000000005 0.5822031088882179
6.32 0.5822031088882179
6.33 0.5822031088882179
6.34 0.5822031088882179
6.3500000000000005 0.5822031088882179
6.36 0.5822031088882179
6.37 0.5822031088882179
6.38 0.5822031088882179
6.390000000000001 0.5822031088882179
6.4 0.5822031088882179
6.41 0.5822031088882179
6.42 0.5822031088882179
6.43 0.5822031088882179
6.44 0.5822031088882179
6.45 0.5822031088882179
6.46 0.5822031088882179
6.47 0.5822031088882179
6.48 0.5822031088882179
6.49 0.5822031088882179
6.5 0.5822031088882179
6.51 0.5822031088882179
6.5200000000000005 0.5822031088882179
6.53 0.5822031088882179
6.54 0.5822031088882179
6.55 0.5822031088882179
6.5600000000000005 0.5822031088882179
6.57 0.5822031088882179
6.58 0.5822031088882179
6.59 0.5822031088882179
6.6000000000000005 0.5822031088882179
6.61 0.5822031088882179
6.62 0.5822031088882179
6.63 0.5822031088882179
6.640000000000001 0.5822031088882179
6.65 0.5822031088882179
6.66 0.5822031088882179
6.67 0.5822031088882179
6.68 0.5822031088882179
6.69 0.5822031088882179
6.7 0.5822031088882179
6.71 0.5822031088882179
6.72 0.5822031088882179
6.73 0.5822031088882179
6.74 0.5822031088882179
6.75 0.5822031088882179
6.76 0.5822031088882179
6.7700000000000005 0.5822031088882179
6.78 0.5822031088882179
6.79 0.5822031088882179
6.8 0.5822031088882179
6.8100000000000005 0.5822031088882179
6.82 0.5822031088882179
6.83 0.5822031088882179
6.84 0.5822031088882179
6.8500000000000005 0.5822031088882179
6.86 0.5822031088882179
6.87 0.5822031088882179
6.88 0.5822031088882179
6.890000000000001 0.5822031088882179
6.9 0.5822031088882179
6.91 0.5822031088882179
6.92 0.5822031088882179
6.93 0.5822031088882179
6.94 0.5822031088882179
6.95 0.5822031088882179
6.96 0.5822031088882179
6.97 0.5822031088882179
6.98 0.5822031088882179
6.99 0.5822031088882179
7.0 0.5822031088882179
7.01 0.5822031088882179
7.0200000000000005 0.5822031088882179
7.03 0.5822031088882179
7.04 0.5822031088882179
7.05 0.5822031088882179
7.0600000000000005 0.5822031088882179
7.07 0.5822031088882179
7.08 0.5822031088882179
7.09 0.5822031088882179
7.1000000000000005 0.5822031088882179
7.11 0.5822031088882179
7.12 0.5822031088882179
7.13 0.5822031088882179
7.140000000000001 0.5822031088882179
7.15 0.5822031088882179
7.16 0.5822031088882179
7.17 0.5822031088882179
7.18 0.5822031088882179
7.19 0.5822031088882179
7.2 0.5822031088882179
7.21 0.5822031088882179
7.22 0.5822031088882179
7.23 0.5822031088882179
7.24 0.5822031088882179
7.25 0.5822031088882179
7.26 0.5822031088882179
7.2700000000000005 0.5822031088882179
7.28 0.5822031088882179
7.29 0.5822031088882179
7.3 0.5822031088882179
7.3100000000000005 0.5822031088882179
7.32 0.5822031088882179
7.33 0.5822031088882179
7.34 0.5822031088882179
7.3500000000000005 0.5822031088882179
7.36 0.5822031088882179
7.37 0.5822031088882179
7.38 0.5822031088882179
7.390000000000001 0.5822031088882179
7.4 0.5822031088882179
7.41 0.5822031088882179
7.42 0.5822031088882179
7.43 0.5822031088882179
7.44 0.5822031088882179
7.45 0.5822031088882179
7.46 0.5822031088882179
7.47 0.5822031088882179
7.48 0.5822031088882179
7.49 0.5822031088882179
7.5 0.5822031088882179
7.51 0.5822031088882179
7.5200000000000005 0.5822031088882179
7.53 0.5822031088882179
7.54 0.5822031088882179
7.55 0.5822031088882179
7.5600000000000005 0.5822031088882179
7.57 0.5822031088882179
7.58 0.5822031088882179
7.59 0.5822031088882179
7.6000000000000005 0.5822031088882179
7.61 0.5822031088882179
7.62 0.5822031088882179
7.63 0.5822031088882179
7.640000000000001 0.5822031088882179
7.65 0.5822031088882179
7.66 0.5822031088882179
7.67 0.5822031088882179
7.68 0.5822031088882179
7.69 0.5822031088882179
7.7 0.5822031088882179
7.71 0.5822031088882179
7.72 0.5822031088882179
7.73 0.5822031088882179
7.74 0.5822031088882179
7.75 0.5822031088882179
7.76 0.5822031088882179
7.7700000000000005 0.5822031088882179
7.78 0.5822031088882179
7.79 0.5822031088882179
7.8 0.5822031088882179
7.8100000000000005 0.5822031088882179
7.82 0.5822031088882179
7.83 0.5822031088882179
7.84 0.5822031088882179
7.8500000000000005 0.5822031088882179
7.86 0.5822031088882179
7.87 0.5822031088882179
7.88 0.5822031088882179
7.890000000000001 0.5822031088882179
7.9 0.5822031088882179
7.91 0.5822031088882179
7.92 0.5822031088882179
7.930000000000001 0.5822031088882179
7.94 0.5822031088882179
7.95 0.5822031088882179
7.96 0.5822031088882179
7.97 0.5822031088882179
7.98 0.5822031088882179
7.99 0.5822031088882179
8.0 0.5822031088882179
8.01 0.5822031088882179
8.02 0.5822031088882179
8.03 0.5822031088882179
8.040000000000001 0.5822031088882179
8.05 0.5822031088882179
8.06 0.5822031088882179
8.07 0.5822031088882179
8.08 0.5822031088882179
8.09 0.5822031088882179
8.1 0.5822031088882179
8.11 0.5822031088882179
8.120000000000001 0.5822031088882179
8.13 0.5822031088882179
8.14 0.5822031088882179
8.15 0.5822031088882179
8.16 0.5822031088882179
8.17 0.5822031088882179
8.18 0.5822031088882179
8.19 0.5822031088882179
8.2 0.5822031088882179
8.21 0.5822031088882179
8.22 0.5822031088882179
8.23 0.5822031088882179
8.24 0.5822031088882179
8.25 0.5822031088882179
8.26 0.5822031088882179
8.27 0.5822031088882179
8.28 0.5822031088882179
8.290000000000001 0.5822031088882179
8.3 0.5822031088882179
8.31 0.5822031088882179
8.32 0.5822031088882179
8.33 0.5822031088882179
8.34 0.5822031088882179
8.35 0.5822031088882179
8.36 0.5822031088882179
8.370000000000001 0.5822031088882179
8.38 0.5822031088882179
8.39 0.5822031088882179
8.4 0.5822031088882179
8.41 0.5822031088882179
8.42 0.5822031088882179
8.43 0.5822031088882179
8.44 0.5822031088882179
8.45 0.5822031088882179
8.46 0.5822031088882179
8.47 0.5822031088882179
8.48 0.5822031088882179
8.49 0.5822031088882179
8.5 0.5822031088882179
8.51 0.5822031088882179
8.52 0.5822031088882179
8.53 0.5822031088882179
8.540000000000001 0.5822031088882179
8.55 0.5822031088882179
8.56 0.5822031088882179
8.57 0.5822031088882179
8.58 0.5822031088882179
8.59 0.5822031088882179
8.6 0.5822031088882179
8.61 0.5822031088882179
8.620000000000001 0.5822031088882179
8.63 0.5822031088882179
8.64 0.5822031088882179
8.65 0.5822031088882179
8.66 0.5822031088882179
8.67 0.5822031088882179
8.68 0.5822031088882179
8.69 0.5822031088882179
8.700000000000001 0.5822031088882179
8.71 0.5822031088882179
8.72 0.5822031088882179
8.73 0.5822031088882179
8.74 0.5822031088882179
8.75 0.5822031088882179
8.76 0.5822031088882179
8.77 0.5822031088882179
8.78 0.5822031088882179
8.790000000000001 0.5822031088882179
8.8 0.5822031088882179
8.81 0.5822031088882179
8.82 0.5822031088882179
8.83 0.5822031088882179
8.84 0.5822031088882179
8.85 0.5822031088882179
8.86 0.5822031088882179
8.870000000000001 0.5822031088882179
8.88 0.5822031088882179
8.89 0.5822031088882179
8.9 0.5822031088882179
8.91 0.5822031088882179
8.92 0.5822031088882179
8.93 0.5822031088882179
8.94 0.5822031088882179
8.950000000000001 0.5822031088882179
8.96 0.5822031088882179
8.97 0.5822031088882179
8.98 0.5822031088882179
8.99 0.5822031088882179
9.0 0.5822031088882179
9.01 0.5822031088882179
9.02 0.5822031088882179
9.03 0.5822031088882179
9.040000000000001 0.5822031088882179
9.05 0.5822031088882179
9.06 0.5822031088882179
9.07 0.5822031088882179
9.08 0.5822031088882179
9.09 0.5822031088882179
9.1 0.5822031088882179
9.11 0.5822031088882179
9.120000000000001 0.5822031088882179
9.13 0.5822031088882179
9.14 0.5822031088882179
9.15 0.5822031088882179
9.16 0.5822031088882179
9.17 0.5822031088882179
9.18 0.5822031088882179
9.19 0.5822031088882179
9.200000000000001 0.5822031088882179
9.21 0.5822031088882179
9.22 0.5822031088882179
9.23 0.5822031088882179
9.24 0.5822031088882179
9.25 0.5822031088882179
9.26 0.5822031088882179
9.27 0.5822031088882179
9.28 0.5822031088882179
9.290000000000001 0.5822031088882179
9.3 0.5822031088882179
9.31 0.5822031088882179
9.32 0.5822031088882179
9.33 0.5822031088882179
9.34 0.5822031088882179
9.35 0.5822031088882179
9.36 0.5822031088882179
9.370000000000001 0.5822031088882179
9.38 0.5822031088882179
9.39 0.5822031088882179
9.4 0.5822031088882179
9.41 0.5822031088882179
9.42 0.5822031088882179
9.43 0.5822031088882179
9.44 0.5822031088882179
9.450000000000001 0.5822031088882179
9.46 0.5822031088882179
9.47 0.5822031088882179
9.48 0.5822031088882179
9.49 0.5822031088882179
9.5 0.5822031088882179
9.51 0.5822031088882179
9.52 0.5822031088882179
9.53 0.5822031088882179
9.540000000000001 0.5822031088882179
9.55 0.5822031088882179
9.56 0.5822031088882179
9.57 0.5822031088882179
9.58 0.5822031088882179
9.59 0.5822031088882179
9.6 0.5822031088882179
9.61 0.5822031088882179
9.620000000000001 0.5822031088882179
9.63 0.5822031088882179
9.64 0.5822031088882179
9.65 0.5822031088882179
9.66 0.5822031088882179
9.67 0.5822031088882179
9.68 0.5822031088882179
9.69 0.5822031088882179
9.700000000000001 0.5822031088882179
9.71 0.5822031088882179
9.72 0.5822031088882179
9.73 0.5822031088882179
9.74 0.5822031088882179
9.75 0.5822031088882179
9.76 0.5822031088882179
9.77 0.5822031088882179
9.78 0.5822031088882179
9.790000000000001 0.5822031088882179
9.8 0.5822031088882179
9.81 0.5822031088882179
9.82 0.5822031088882179
9.83 0.5822031088882179
9.84 0.5822031088882179
9.85 0.5822031088882179
9.86 0.5822031088882179
9.870000000000001 0.5822031088882179
9.88 0.5822031088882179
9.89 0.5822031088882179
9.9 0.5822031088882179
9.91 0.5822031088882179
9.92 0.5822031088882179
9.93 0.5822031088882179
9.94 0.5822031088882179
9.950000000000001 0.5822031088882179
9.96 0.5822031088882179
9.97 0.5822031088882179
9.98 0.5822031088882179
9.99 0.5822031088882179
