0.005 0.002096019846396462
0.006 0.00418574483845721
0.007 0.006268839696805734
0.008 0.008345344981970277
0.009000000000000001 0.010415312923243977
0.01 0.012478784415500975
0.011 0.01453579350945719
0.012 0.01658637390757278
0.013000000000000001 0.018630558968991316
0.014000000000000002 0.020668381714387653
0.015 0.022699874830728245
0.016 0.02472507067594507
0.017 0.026744001283525814
0.018000000000000002 0.028756704567622422
0.019 0.030763228922491576
0.02 0.03276361023033615
0.021 0.03475788343869322
0.022000000000000002 0.03674608316636442
0.023000000000000003 0.03872824370795811
0.024 0.040704399038349035
0.025 0.04267458281706124
0.026000000000000002 0.044638828392572785
0.027 0.04659716880654496
0.028 0.04854963679797798
0.029 0.05049626480729417
0.030000000000000002 0.052437084980350664
0.031000000000000003 0.05437212917238248
0.032 0.05630142895187804
0.033 0.05822501553968224
0.034 0.06014291934871327
0.034999999999999996 0.062055170891739786
0.036 0.06396180053512832
0.037 0.06586283837744085
0.038 0.06775831425292257
0.039 0.06964825773493427
0.04 0.07153269813932496
0.041 0.07341166452775026
0.041999999999999996 0.07528518571093461
0.043 0.07715329025188089
0.044 0.07901600646902643
0.045 0.08087336243934769
0.046 0.08272538600141421
0.047 0.08457210475839361
0.048 0.0864135460785666
0.048999999999999995 0.08824973652149565
0.049999999999999996 0.09008070246942183
0.051 0.09190647048999795
0.052 0.09372706693044924
0.053 0.09554251792029066
0.054 0.09735284937400032
0.055 0.09915808699365206
0.056 0.10095825627150506
0.057 0.10275338249255556
0.057999999999999996 0.10454349073704489
0.059 0.10632860588293272
0.06 0.10810875260832851
0.061 0.10988395539388758
0.062 0.11165423852516958
0.063 0.11341962609496006
0.064 0.11518014200555822
0.065 0.11693580997102848
0.066 0.11868665351941822
0.067 0.12043269599494236
0.068 0.1221739605601341
0.069 0.12391047019796499
0.07 0.12564224771393095
0.07100000000000001 0.12736931573810972
0.07200000000000001 0.12909169672718535
0.07300000000000001 0.13080941296644455
0.07400000000000001 0.13252248657174234
0.07500000000000001 0.13423093949143947
0.07600000000000001 0.1359347935083109
0.07700000000000001 0.13763407024142674
0.078 0.1393287903064593
0.079 0.14101897356172244
0.08 0.1427046409882969
0.081 0.14438581342941936
0.082 0.1460625115742613
0.083 0.14773475595964386
0.084 0.14940256697172838
0.085 0.15106596484768303
0.08600000000000001 0.1527249696773261
0.08700000000000001 0.15437960140474427
0.08800000000000001 0.15602987982989036
0.08900000000000001 0.15767582461015772
0.09000000000000001 0.15931745526193142
0.09100000000000001 0.16095479116211983
0.09200000000000001 0.16258785154966326
0.093 0.16421665552702233
0.094 0.16584122206164617
0.095 0.16746156998741887
0.096 0.16907771800608756
0.097 0.17068968468867074
0.098 0.1722974884768465
0.099 0.17390114768432194
0.1 0.17550068049818532
0.101 0.17709610498023853
0.10200000000000001 0.17868743906831164
0.10300000000000001 0.18027470057756045
0.10400000000000001 0.18185790720174624
0.10500000000000001 0.18343707651449875
0.10600000000000001 0.1850122259705611
0.10700000000000001 0.18658337254678165
0.10800000000000001 0.18815053224229278
0.10900000000000001 0.18971372191916827
0.11 0.1912729584034023
0.111 0.19282825840332832
0.112 0.19437963851079135
0.113 0.1959271152023046
0.114 0.19747070484019008
0.115 0.19901042367370672
0.116 0.20054628784016015
0.117 0.20207831336600218
0.11800000000000001 0.20360651616791314
0.11900000000000001 0.20513091205387218
0.12000000000000001 0.20665151672421173
0.12100000000000001 0.20816834577266113
0.12200000000000001 0.20968141468737467
0.12300000000000001 0.21119073885194825
0.12400000000000001 0.21269633354642153
0.125 0.21419821394826888
0.126 0.2156963951333773
0.127 0.21719089207701134
0.128 0.21868171965476738
0.129 0.22016889264351408
0.13 0.22165242572232366
0.131 0.2231323334733887
0.132 0.22460863038293036
0.133 0.2260813308420925
0.134 0.22755044914782804
0.135 0.22901599950377127
0.136 0.23047799602110183
0.137 0.23193645271939645
0.138 0.23339138352747169
0.139 0.23484280228421553
0.14 0.23629072273940951
0.14100000000000001 0.23773515855453967
0.14200000000000002 0.23917612330359994
0.14300000000000002 0.2406136304738832
0.14400000000000002 0.24204769346676538
0.14500000000000002 0.24347832559847812
0.14600000000000002 0.2449055401008736
0.14700000000000002 0.24632935012217963
0.14800000000000002 0.24774976872774618
0.14900000000000002 0.24916680890078222
0.15 0.2505804835510753
0.151 0.2519908056357594
0.152 0.25339778795517426
0.153 0.25480144318488024
0.154 0.25620178392216053
0.155 0.2575988226867069
0.156 0.25899257192129743
0.157 0.2603830439924676
0.158 0.2617702511911713
0.159 0.2631542057334377
0.16 0.26453491976101556
0.161 0.265912405342016
0.162 0.2672866744715431
0.163 0.2686577390723197
0.164 0.270025610995306
0.165 0.27139030202031006
0.166 0.27275182385659275
0.167 0.27411018814346444
0.168 0.2754654064508766
0.169 0.27681749028000474
0.17 0.27816645106382704
0.171 0.27951230016769485
0.17200000000000001 0.2808550488898975
0.17300000000000001 0.2821947084622206
0.17400000000000002 0.28353129005049854
0.17500000000000002 0.2848648047551605
0.17600000000000002 0.2861952636117704
0.17700000000000002 0.28752267759156147
0.17800000000000002 0.28884705760196416
0.17900000000000002 0.2901684144871287
0.18000000000000002 0.29148675902844223
0.181 0.29280210194503914
0.182 0.2941144538943077
0.183 0.2954238254723896
0.184 0.2967302272146745
0.185 0.2980336695962904
0.186 0.2993341630325861
0.187 0.30063171787961146
0.188 0.3019263444345906
0.189 0.30321805293639087
0.19 0.30450685356598634
0.191 0.3057927564469163
0.192 0.30707577164573974
0.193 0.30835590917248423
0.194 0.3096331790633234
0.195 0.3109075913392963
0.196 0.312179155857535
0.197 0.31344788241990607
0.198 0.31471378077418716
0.199 0.3159768606144858
0.2 0.31723713158165745
0.201 0.31849460326371604
0.202 0.3197492851962427
0.203 0.3210011868627891
0.20400000000000001 0.3222503176952767
0.20500000000000002 0.32349668707439133
0.20600000000000002 0.32474030432997536
0.20700000000000002 0.32598117874141425
0.20800000000000002 0.3272193195380205
0.20900000000000002 0.3284547358994116
0.21000000000000002 0.3296874369558868
0.21100000000000002 0.33091743178879784
0.21200000000000002 0.3321447294309176
0.21300000000000002 0.3333693388668035
0.214 0.3345912690331582
0.215 0.33581052881918716
0.216 0.33702712706695054
0.217 0.33824107257171404
0.218 0.3394523740822947
0.219 0.3406610403014039
0.22 0.34186707988598636
0.221 0.3430705014475564
0.222 0.34427131355253077
0.223 0.3454695247225573
0.224 0.3466651434348422
0.225 0.34785817812247205
0.226 0.3490486371747341
0.227 0.35023652893743207
0.228 0.35142186171320083
0.229 0.3526046437618164
0.23 0.3537848833005026
0.231 0.3549625885042371
0.232 0.3561377675060513
0.233 0.35731042839733046
0.234 0.35848057922810805
0.23500000000000001 0.3596482280073593
0.23600000000000002 0.36081338270329133
0.23700000000000002 0.36197605127438637
0.23800000000000002 0.3631362417768034
0.23900000000000002 0.3642939620961948
0.24000000000000002 0.36544922005555636
0.24100000000000002 0.3666020234388266
0.24200000000000002 0.367752379991159
0.24300000000000002 0.3689002974191926
0.24400000000000002 0.3700457833913197
0.245 0.3711888455379517
0.246 0.3723294914517818
0.247 0.37346772868804473
0.248 0.37460356476477563
0.249 0.375737007163065
0.25 0.37686806332731243
0.251 0.3779967406654767
0.252 0.37912304654932477
0.253 0.38024698831467774
0.254 0.38136857326165474
0.255 0.38248780865491516
0.256 0.3836047017238969
0.257 0.3847192596630548
0.258 0.385831489632095
0.259 0.3869413987562081
0.26 0.38804899412629973
0.261 0.38915428279921954
0.262 0.3902572717979874
0.263 0.3913579681120185
0.264 0.39245637869734523
0.265 0.39355251047683787
0.266 0.3946463703404234
0.267 0.39573796514530163
0.268 0.39682730171616004
0.269 0.3979143868453865
0.27 0.39899922729327963
0.271 0.40008182978825824
0.272 0.4011622010270677
0.273 0.4022403476749857
0.274 0.40331627636602513
0.275 0.40438999370313644
0.276 0.40546150625840605
0.277 0.4065308205732556
0.278 0.40759794315863795
0.279 0.40866288049523075
0.28 0.4097256390355619
0.281 0.4107862253085502
0.28200000000000003 0.4118446457758077
0.28300000000000003 0.41290090681049235
0.28400000000000003 0.4139550147566738
0.28500000000000003 0.4150069759295169
0.28600000000000003 0.4160567966154649
0.28700000000000003 0.4171044830724194
0.28800000000000003 0.41815004152992025
0.28900000000000003 0.4191934781893225
0.29000000000000004 0.42023479922397367
0.29100000000000004 0.42127401077938725
0.29200000000000004 0.4223111189734161
0.29300000000000004 0.4233461298964249
0.294 0.4243790496114595
0.295 0.42540988415441555
0.296 0.426438639534207
0.297 0.4274653217329305
0.298 0.4284899367060312
0.299 0.42951249038246464
0.3 0.43053298866485923
0.301 0.4315514374296769
0.302 0.4325678425273707
0.303 0.4335822097825445
0.304 0.43459454499410716
0.305 0.4356048539354296
0.306 0.43661314235449705
0.307 0.43761941597406206
0.308 0.43862368049179645
0.309 0.43962594158043905
0.31 0.4406262048879478
0.311 0.44162447603764354
0.312 0.4426207606283589
0.313 0.4436150642345822
0.314 0.4446073924066017
0.315 0.44559775067064794
0.316 0.44658614452903567
0.317 0.44757257946030377
0.318 0.4485570609193543
0.319 0.4495395943375918
0.32 0.4505201851230583
0.321 0.45149883866057094
0.322 0.4524755603118554
0.323 0.45345035541568024
0.324 0.45442322932646134
0.325 0.4553941874305295
0.326 0.45636323501283765
0.327 0.4573303773330068
0.328 0.45829561962874776
0.329 0.4592589671159945
0.33 0.4602204249890353
0.331 0.4611799984206432
0.332 0.46213769256220544
0.333 0.4630935125438518
0.334 0.4640474634745824
0.335 0.4649995504423944
0.336 0.4659497785144065
0.337 0.4668981527369846
0.338 0.46784467813586467
0.339 0.46878935971627617
0.34 0.4697322024630631
0.341 0.47067321134080475
0.342 0.4716123912939365
0.343 0.47254974724686766
0.34400000000000003 0.47348528410410057
0.34500000000000003 0.47441900675034676
0.34600000000000003 0.4753509200506442
0.34700000000000003 0.4762810288504726
0.34800000000000003 0.47720933797586707
0.34900000000000003 0.4781358522335329
0.35000000000000003 0.4790605764109582
0.35100000000000003 0.4799835152765258
0.35200000000000004 0.480904673579624
0.35300000000000004 0.48182405605075773
0.35400000000000004 0.4827416674016577
0.35500000000000004 0.4836575123253892
0.35600000000000004 0.4845715954964598
0.357 0.48548392157092696
0.358 0.4863944951865041
0.359 0.48730332096266654
0.36 0.4882104035007552
0.361 0.48911574738408253
0.362 0.4900193571780338
0.363 0.4909212374301709
0.364 0.4918213926703338
0.365 0.4927198274107416
0.366 0.49361654614609274
0.367 0.4945115533536648
0.368 0.4954048534934129
0.369 0.4962964510080687
0.37 0.497186350323237
0.371 0.4980745558474931
0.372 0.4989610719724784
0.373 0.4998459030729964
0.374 0.5007290535071067
0.375 0.5016105276162196
0.376 0.502490329725189
0.377 0.5033684641424058
0.378 0.5042449351598884
0.379 0.5051197470533769
0.38 0.5059929040824207
0.381 0.5068644104904705
0.382 0.5077342705049677
0.383 0.5086024883374324
0.384 0.5094690681835522
0.385 0.51033401422327
0.386 0.511197330620871
0.387 0.5120590215250681
0.388 0.5129190910690893
0.389 0.5137775433707616
0.39 0.5146343825325965
0.391 0.5154896126160822
0.392 0.5163432376273223
0.393 0.5171952616149678
0.394 0.5180456886153711
0.395 0.5188945226498304
0.396 0.5197417677246695
0.397 0.5205874278313164
0.398 0.5214315069463819
0.399 0.5222740090317378
0.4 0.5231149380345945
0.401 0.5239542978875773
0.402 0.5247920925088032
0.403 0.5256283258019567
0.404 0.5264630016563651
0.405 0.5272961239470729
0.406 0.5281276965349174
0.40700000000000003 0.5289577232666008
0.40800000000000003 0.5297862079747644
0.40900000000000003 0.5306131544780615
0.41000000000000003 0.5314385665812296
0.41100000000000003 0.5322624480751619
0.41200000000000003 0.5330848027369789
0.41300000000000003 0.5339056343300996
0.41400000000000003 0.5347249466043112
0.41500000000000004 0.5355427432958393
0.41600000000000004 0.5363590281274175
0.41700000000000004 0.5371738048083564
0.41800000000000004 0.5379870770346117
0.41900000000000004 0.5387988484888528
0.42000000000000004 0.5396091228405302
0.42100000000000004 0.5404179037459426
0.422 0.5412251948483031
0.423 0.5420309997778072
0.424 0.5428353221516964
0.425 0.5436381655743253
0.426 0.5444395336372257
0.427 0.5452394299191718
0.428 0.5460378579862436
0.429 0.5468348213918909
0.43 0.5476303236769969
0.431 0.548424368369941
0.432 0.5492169589866608
0.433 0.5500080990307149
0.434 0.5507977919933436
0.435 0.5515860413535311
0.436 0.5523728505780662
0.437 0.5531582231216021
0.438 0.5539421624267177
0.439 0.5547246719239758
0.44 0.5555057550319835
0.441 0.5562854151574513
0.442 0.5570636556952506
0.443 0.5578404800284728
0.444 0.5586158915284868
0.445 0.5593898935549964
0.446 0.5601624894560977
0.447 0.560933682568336
0.448 0.5617034762167602
0.449 0.5624718737149824
0.45 0.5632388783652303
0.451 0.5640044934584041
0.452 0.5647687222741313
0.453 0.5655315680808207
0.454 0.566293034135718
0.455 0.5670531236849576
0.456 0.5678118399636187
0.457 0.5685691861957768
0.458 0.5693251656241539
0.459 0.5700797815322869
0.46 0.5708330371219044
0.461 0.5715849355799892
0.462 0.5723354800829356
0.463 0.5730846737966004
0.464 0.5738325198763561
0.465 0.5745790214671425
0.466 0.575324181703519
0.467 0.5760680037097158
0.468 0.576810490599685
0.46900000000000003 0.5775516454771515
0.47000000000000003 0.5782914714356637
0.47100000000000003 0.5790299715586438
0.47200000000000003 0.579767148919437
0.47300000000000003 0.5805030065813626
0.47400000000000003 0.5812375475977616
0.47500000000000003 0.5819707750120477
0.47600000000000003 0.5827026918577545
0.47700000000000004 0.5834333011585845
0.47800000000000004 0.5841626059284577
0.47900000000000004 0.5848906091715591
0.48000000000000004 0.5856173138823868
0.48100000000000004 0.5863427230457987
0.48200000000000004 0.5870668396370599
0.48300000000000004 0.5877896666218899
0.48400000000000004 0.5885112069565088
0.485 0.5892314635876836
0.486 0.5899504394527741
0.487 0.590668137479779
0.488 0.5913845605873808
0.489 0.5920997116849923
0.49 0.5928135936727995
0.491 0.5935262094418087
0.492 0.5942375618738892
0.493 0.5949476538418176
0.494 0.5956564882093225
0.495 0.5963640678311285
0.496 0.5970703955529983
0.497 0.5977754742117772
0.498 0.5984793066354349
0.499 0.5991818956431095
0.5 0.5998832440451488
0.501 0.6005833546431534
0.502 0.6012822302300185
0.503 0.6019798735899747
0.504 0.6026762874986317
0.505 0.6033714747230168
0.506 0.6040654380216187
0.507 0.6047581801444265
0.508 0.6054497038329707
0.509 0.6061400118203645
0.51 0.6068291068313425
0.511 0.6075169915823024
0.512 0.6082036687813424
0.513 0.6088891411283033
0.514 0.6095734113148059
0.515 0.6102564820242914
0.516 0.6109383559320587
0.517 0.6116190357053044
0.518 0.6122985240031613
0.519 0.6129768234767354
0.52 0.6136539367691454
0.521 0.6143298665155589
0.522 0.6150046153432315
0.523 0.6156781858715439
0.524 0.6163505807120383
0.525 0.6170218024080374
0.526 0.6176918533768777
0.527 0.6183607361831215
0.528 0.6190284533937538
0.529 0.6196950075677945
0.53 0.6203604012563289
0.531 0.6210246370025438
0.532 0.6216877173417585
0.533 0.6223496448014579
0.534 0.6230104219013262
0.535 0.6236700511532772
0.536 0.6243285350614887
0.537 0.6249858761224326
0.538 0.6256420768249081
0.539 0.6262971396500729
0.54 0.6269510670714743
0.541 0.6276038615550812
0.542 0.6282555255593145
0.543 0.6289060615350788
0.544 0.6295554719257925
0.545 0.6302037591674189
0.546 0.6308509256884968
0.547 0.6314969739101696
0.548 0.6321419062462171
0.549 0.6327857251030842
0.55 0.6334284328799111
0.551 0.6340700319685634
0.552 0.6347105247536603
0.553 0.6353499136126052
0.554 0.6359882009156144
0.555 0.6366253890257452
0.556 0.6372614802989264
0.557 0.6378964770839857
0.558 0.6385303817226786
0.559 0.6391631965497169
0.56 0.6397949238927961
0.561 0.6404255660726248
0.562 0.6410551254029514
0.5630000000000001 0.6416836041905928
0.5640000000000001 0.6423110047354607
0.5650000000000001 0.6429373293305907
0.5660000000000001 0.6435625802621677
0.5670000000000001 0.6441867598095559
0.5680000000000001 0.6448098702453219
0.5690000000000001 0.6454319138352652
0.5700000000000001 0.6460528928384431
0.5710000000000001 0.6466728095071969
0.5720000000000001 0.6472916660871797
0.5730000000000001 0.6479094648173818
0.5740000000000001 0.6485262079301571
0.5750000000000001 0.6491418976512494
0.5760000000000001 0.6497565361998172
0.5770000000000001 0.6503701257884609
0.5780000000000001 0.6509826686232479
0.5790000000000001 0.6515941669037373
0.5800000000000001 0.6522046228230061
0.5810000000000001 0.6528140385676744
0.582 0.6534224163179301
0.583 0.6540297582475539
0.584 0.6546360665239442
0.585 0.6552413433081424
0.586 0.6558455907548558
0.587 0.6564488110124838
0.588 0.6570510062231413
0.589 0.6576521785226834
0.59 0.6582523300407287
0.591 0.6588514629006839
0.592 0.6594495792559844
0.593 0.6600466813330983
0.594 0.6606427712531385
0.595 0.6612378511235982
0.596 0.6618319230460773
0.597 0.6624249891163058
0.598 0.6630170514241708
0.599 0.6636081120537399
0.6 0.664198173083286
0.601 0.6647872365853121
0.602 0.665375304626576
0.603 0.6659623792681134
0.604 0.6665484625652631
0.605 0.6671335565676915
0.606 0.6677176633194146
0.607 0.6683007848588236
0.608 0.6688829232187079
0.609 0.6694640804262791
0.61 0.6700442585031939
0.611 0.6706234594655777
0.612 0.6712016853240481
0.613 0.6717789380837375
0.614 0.6723552197443173
0.615 0.6729305323000192
0.616 0.6735048777396595
0.617 0.6740782580466608
0.618 0.6746506751990753
0.619 0.6752221311696068
0.62 0.6757926279256335
0.621 0.6763621674292304
0.622 0.6769307516371907
0.623 0.6774983825010489
0.624 0.6780650619671023
0.625 0.6786307919764326
0.626 0.6791955744649288
0.627 0.6797594113633076
0.628 0.6803223045971352
0.629 0.6808842560868499
0.63 0.6814452677477828
0.631 0.6820053414901782
0.632 0.6825644792192168
0.633 0.6831226828350351
0.634 0.6836799542327465
0.635 0.6842362953024641
0.636 0.684791707929319
0.637 0.6853461939934826
0.638 0.685899755370187
0.639 0.6864523939297456
0.64 0.6870041115375727
0.641 0.6875549100542049
0.642 0.6881047913353211
0.643 0.6886537572317628
0.644 0.6892018095895538
0.645 0.6897489502499202
0.646 0.6902951810493112
0.647 0.6908405038194174
0.648 0.6913849203871926
0.649 0.6919284325748714
0.65 0.6924710421999896
0.651 0.6930127510754048
0.652 0.6935535610093136
0.653 0.694093473805273
0.654 0.6946324912622182
0.655 0.6951706151744828
0.656 0.6957078473318168
0.657 0.6962441895194065
0.658 0.6967796435178932
0.659 0.6973142110697491
0.66 0.6978478938309524
0.661 0.698380693551418
0.662 0.698912611985142
0.663 0.6994436508814685
0.664 0.699973811985106
0.665 0.700503097036144
0.666 0.7010315077700694
0.667 0.7015590459177834
0.668 0.7020857132056169
0.669 0.7026115113553477
0.67 0.7031364420842164
0.671 0.7036605071049415
0.672 0.7041837081257373
0.673 0.7047060468503286
0.674 0.7052275249779658
0.675 0.7057481442034432
0.676 0.7062679062171126
0.677 0.7067868127048994
0.678 0.7073048653483188
0.679 0.7078220658244907
0.68 0.7083384158061555
0.681 0.7088539169616895
0.682 0.7093685709551198
0.683 0.7098823794461404
0.684 0.7103953440901263
0.685 0.7109074665381494
0.686 0.7114187484369929
0.687 0.7119291914291673
0.6880000000000001 0.712438797152924
0.6890000000000001 0.7129475672422715
0.6900000000000001 0.713455503326989
0.6910000000000001 0.7139626070326416
0.6920000000000001 0.7144688799805955
0.6930000000000001 0.714974323788031
0.6940000000000001 0.715478940067959
0.6950000000000001 0.715982730429234
0.6960000000000001 0.7164856964765693
0.6970000000000001 0.7169878398105508
0.6980000000000001 0.7174891620276517
0.6990000000000001 0.7179896647202461
0.7000000000000001 0.7184893494766237
0.7010000000000001 0.7189882178810039
0.7020000000000001 0.7194862715135497
0.7030000000000001 0.7199835119503809
0.7040000000000001 0.7204799407635892
0.7050000000000001 0.7209755595212515
0.7060000000000001 0.7214703697874434
0.7070000000000001 0.7219643731222533
0.7080000000000001 0.7224575710817961
0.709 0.7229499652182266
0.71 0.7234415570797529
0.711 0.7239323482106503
0.712 0.7244223401512742
0.713 0.7249115344380741
0.714 0.7253999326036059
0.715 0.7258875361765461
0.716 0.7263743466817058
0.717 0.7268603656400409
0.718 0.727345594568668
0.719 0.7278300349808764
0.72 0.7283136883861407
0.721 0.728796556290135
0.722 0.729278640194744
0.723 0.7297599415980767
0.724 0.73024046199448
0.725 0.7307202028745494
0.726 0.7311991657389719
0.727 0.7316773521221851
0.728 0.7321547635117087
0.729 0.7326314013870788
0.73 0.733107267224233
0.731 0.7335823624955229
0.732 0.7340566886697274
0.733 0.7345302472120664
0.734 0.7350030395842128
0.735 0.7354750672443062
0.736 0.7359463316469663
0.737 0.7364168342433043
0.738 0.7368865764809369
0.739 0.7373555598039986
0.74 0.7378237856531549
0.741 0.7382912554656146
0.742 0.7387579706751425
0.743 0.7392239327120715
0.744 0.7396891430033162
0.745 0.7401536029723847
0.746 0.7406173140393911
0.747 0.7410802776210672
0.748 0.741542495130777
0.749 0.7420039679785262
0.75 0.7424646975709766
0.751 0.7429246853114572
0.752 0.7433839325999765
0.753 0.7438424408332353
0.754 0.7443002114046378
0.755 0.7447572457043036
0.756 0.7452135451190812
0.757 0.7456691110325578
0.758 0.7461239448250733
0.759 0.7465780478737298
0.76 0.7470314215524051
0.761 0.7474840672317645
0.762 0.7479359862792713
0.763 0.7483871800591995
0.764 0.7488376499326446
0.765 0.749287397257536
0.766 0.7497364233886489
0.767 0.7501847296776133
0.768 0.7506323174729282
0.769 0.7510791881199722
0.77 0.7515253429610137
0.771 0.7519707833352247
0.772 0.7524155105786886
0.773 0.7528595260244147
0.774 0.7533028310023477
0.775 0.7537454268393791
0.776 0.7541873148593585
0.777 0.7546284963831046
0.778 0.7550689727284154
0.779 0.7555087452100818
0.78 0.7559478151398951
0.781 0.7563861838266602
0.782 0.7568238525762058
0.783 0.7572608226913952
0.784 0.757697095472137
0.785 0.7581326722153966
0.786 0.7585675542152055
0.787 0.7590017427626732
0.788 0.7594352391459974
0.789 0.7598680446504749
0.79 0.7603001605585116
0.791 0.7607315881496332
0.792 0.7611623287004959
0.793 0.7615923834564403
0.794 0.7620217535743241
0.795 0.762450440303133
0.796 0.7628784448997072
0.797 0.763305768617874
0.798 0.7637324127084533
0.799 0.7641583784192681
0.8 0.7645836669951519
0.801 0.7650082796779576
0.802 0.7654322177065658
0.803 0.765855482316892
0.804 0.7662780747418969
0.805 0.7666999962115929
0.806 0.7671212479530529
0.807 0.767541831190419
0.808 0.7679617471449087
0.809 0.7683809970348263
0.81 0.7687995820755674
0.811 0.7692175034796296
0.812 0.7696347624566191
0.8130000000000001 0.770051360213259
0.8140000000000001 0.7704672979533972
0.8150000000000001 0.7708825768780153
0.8160000000000001 0.7712971981852341
0.8170000000000001 0.771711163070324
0.8180000000000001 0.7721244727257112
0.8190000000000001 0.7725371283409864
0.8200000000000001 0.7729491311029114
0.8210000000000001 0.7733604821954289
0.8220000000000001 0.7737711827996675
0.8230000000000001 0.7741812340939515
0.8240000000000001 0.7745906372538071
0.8250000000000001 0.7749993934519711
0.8260000000000001 0.775407503858398
0.8270000000000001 0.7758149696402673
0.8280000000000001 0.7762217919619915
0.8290000000000001 0.7766279719852229
0.8300000000000001 0.7770335108688621
0.8310000000000001 0.7774384097690636
0.8320000000000001 0.7778426698392462
0.8330000000000001 0.7782462922300968
0.8340000000000001 0.7786492780895801
0.8350000000000001 0.7790516285629455
0.8360000000000001 0.7794533447927336
0.8370000000000001 0.7798544279187843
0.838 0.7802548790782444
0.839 0.7806546994055725
0.84 0.7810538900325489
0.841 0.7814524520882808
0.842 0.7818503866992113
0.843 0.7822476949891244
0.844 0.7826443780791532
0.845 0.7830404370877867
0.846 0.7834358731308775
0.847 0.7838306873216472
0.848 0.7842248807706944
0.849 0.7846184545860022
0.85 0.7850114098729432
0.851 0.7854037477342883
0.852 0.7857954692702126
0.853 0.7861865755783023
0.854 0.7865770677535615
0.855 0.7869669468884191
0.856 0.7873562140727353
0.857 0.7877448703938084
0.858 0.7881329169363818
0.859 0.7885203547826503
0.86 0.7889071850371885
0.861 0.7892934088852251
0.862 0.7896790274206056
0.863 0.790064041723363
0.864 0.7904484528712012
0.865 0.790832261939504
0.866 0.7912154700013402
0.867 0.7915980781274755
0.868 0.7919800873863783
0.869 0.7923614988442285
0.87 0.7927423135649256
0.871 0.7931225326100971
0.872 0.7935021570391058
0.873 0.7938811879090585
0.874 0.7942596262748131
0.875 0.7946374731889877
0.876 0.7950147297019684
0.877 0.7953913968619163
0.878 0.795767475714776
0.879 0.7961429673042837
0.88 0.7965178726719746
0.881 0.7968921928571909
0.882 0.79726592889709
0.883 0.7976390818266511
0.884 0.7980116526786849
0.885 0.7983836424838391
0.886 0.798755052270608
0.887 0.799125883065339
0.888 0.7994961358922407
0.889 0.799865811773391
0.89 0.8002349117287435
0.891 0.8006034367761362
0.892 0.800971387931299
0.893 0.8013387662078603
0.894 0.8017055726173556
0.895 0.8020718081692348
0.896 0.8024374738708693
0.897 0.8028025707275593
0.898 0.8031670997425424
0.899 0.8035310619169995
0.9 0.8038944582500632
0.901 0.804257289738825
0.902 0.8046195573783425
0.903 0.8049812621616467
0.904 0.8053424050797492
0.905 0.8057029871216508
0.906 0.8060630092743465
0.907 0.8064224725228346
0.908 0.8067813778501226
0.909 0.807139726237236
0.91 0.8074975186632237
0.911 0.8078547561051671
0.912 0.8082114395381851
0.913 0.8085675699354432
0.914 0.808923148268159
0.915 0.8092781755056108
0.916 0.8096326526151433
0.917 0.8099865805621755
0.918 0.8103399603102078
0.919 0.8106927928208278
0.92 0.8110450790537196
0.921 0.8113968199666679
0.922 0.8117480165155674
0.923 0.8120986696544286
0.924 0.8124487803353845
0.925 0.8127983495086982
0.926 0.8131473781227695
0.927 0.8134958671023712
0.928 0.8138438172898617
0.929 0.8141912296087143
0.93 0.8145381049924247
0.931 0.8148844443724823
0.932 0.8152302486783775
0.933 0.8155755188376045
0.934 0.8159202557756682
0.935 0.8162644604160877
0.936 0.8166081336804025
0.937 0.8169512764881773
0.9380000000000001 0.8172938897570071
0.9390000000000001 0.8176359744025217
0.9400000000000001 0.817977531338391
0.9410000000000001 0.8183185614763308
0.9420000000000001 0.8186590657261056
0.9430000000000001 0.8189990449955361
0.9440000000000001 0.8193385001905031
0.9450000000000001 0.8196774322149513
0.9460000000000001 0.8200158419708957
0.9470000000000001 0.8203537303584262
0.9480000000000001 0.820691098275712
0.9490000000000001 0.8210279466190065
0.9500000000000001 0.8213642762826527
0.9510000000000001 0.8217000881590873
0.9520000000000001 0.8220353831388463
0.9530000000000001 0.8223701621105689
0.9540000000000001 0.8227044259610024
0.9550000000000001 0.8230381755750084
0.9560000000000001 0.8233714118355652
0.9570000000000001 0.8237041356237745
0.9580000000000001 0.8240363478188648
0.9590000000000001 0.8243680492981968
0.9600000000000001 0.8246992409372685
0.9610000000000001 0.8250299236097183
0.9620000000000001 0.8253600981873308
0.9630000000000001 0.8256897655400418
0.9640000000000001 0.8260189265359421
0.965 0.8263475820412821
0.966 0.8266757329204771
0.967 0.8270033800361106
0.968 0.8273305242489412
0.969 0.8276571664179039
0.97 0.8279833074001175
0.971 0.8283089480508877
0.972 0.8286340892237114
0.973 0.8289587317702827
0.974 0.8292828765404953
0.975 0.8296065243824484
0.976 0.8299296761424508
0.977 0.8302523326650254
0.978 0.8305744947929131
0.979 0.8308961633670777
0.98 0.8312173392267105
0.981 0.831538023209234
0.982 0.8318582161503063
0.983 0.8321779188838266
0.984 0.8324971322419381
0.985 0.832815857055033
0.986 0.8331340941517565
0.987 0.833451844359012
0.988 0.8337691085019638
0.989 0.8340858874040425
0.99 0.83440218188695
0.991 0.8347179927706613
0.992 0.8350333208734305
0.993 0.8353481670117953
0.994 0.8356625320116724
0.995 0.8359764167427753
0.996 0.8362898220279137
0.997 0.8366027486809494
0.998 0.8369151975141461
0.999 0.8372271693381742
1.0 0.8375386649621149
1.001 0.8378496851934658
1.002 0.8381602308381463
1.003 0.8384703027005024
1.004 0.838779901583311
1.005 0.8390890282877851
1.006 0.8393976836135798
1.007 0.8397058683587961
1.008 0.8400135833199858
1.009 0.8403208292921575
1.01 0.8406276070687803
1.011 0.8409339174417892
1.012 0.84123976120159
1.013 0.8415451391370643
1.014 0.841850052035574
1.015 0.8421545006829662
1.016 0.8424584858635786
1.017 0.8427620083602432
1.018 0.843065068954292
1.019 0.843367668425562
1.02 0.8436698075523987
1.021 0.8439714871116629
1.022 0.8442727078787329
1.023 0.8445734706275112
1.024 0.844873776130429
1.025 0.8451736251584497
1.026 0.8454730184810751
1.027 0.8457719568663493
1.028 0.8460704410808636
1.029 0.8463684718897606
1.0299999999999998 0.8466660500567404
1.031 0.8469631763440633
1.0319999999999998 0.8472598515125552
1.033 0.8475560763216136
1.0339999999999998 0.8478518515292097
1.035 0.8481471778918952
1.0359999999999998 0.8484420561648056
1.037 0.848736487101665
1.0379999999999998 0.8490304714547913
1.039 0.8493240099751003
1.0399999999999998 0.8496171034121098
1.041 0.849909752513945
1.0419999999999998 0.8502019580273424
1.043 0.850493720697655
1.0439999999999998 0.8507850412688563
1.045 0.851075920483544
1.0459999999999998 0.8513663590829463
1.047 0.8516563578069252
1.0479999999999998 0.8519459173939808
1.049 0.8522350385812568
1.0499999999999998 0.8525237221045436
1.051 0.8528119686982838
1.0519999999999998 0.8530997790955763
1.053 0.8533871540281804
1.0539999999999998 0.8536740942265205
1.055 0.8539606004196907
1.0559999999999998 0.8542466733354587
1.057 0.8545323137002702
1.0579999999999998 0.8548175222392539
1.059 0.855102299676225
1.0599999999999998 0.8553866467336905
1.061 0.8556705641137468
1.0619999999999998 0.8559540524302641
1.063 0.8562371123791336
1.0639999999999998 0.8565197446698981
1.065 0.8568019500106299
1.0659999999999998 0.8570837291079345
1.067 0.8573650826669521
1.0679999999999998 0.8576460113913604
1.069 0.8579265159833779
1.0699999999999998 0.8582065971437649
1.071 0.8584862555718277
1.0719999999999998 0.8587654919654197
1.073 0.8590443070209454
1.0739999999999998 0.8593227014333612
1.075 0.8596006758961798
1.0759999999999998 0.8598782311014704
1.077 0.860155367739863
1.0779999999999998 0.8604320865005508
1.079 0.8607083880712916
1.0799999999999998 0.8609842731384104
1.081 0.8612597423868029
1.0819999999999999 0.8615347964999375
1.083 0.8618094361598566
1.0839999999999999 0.8620836620471805
1.085 0.8623574748411088
1.0859999999999999 0.8626308752194244
1.087 0.8629038638584928
1.0879999999999999 0.8631764414332681
1.089 0.8634486086172926
1.0899999999999999 0.8637203660827003
1.091 0.8639917145002202
1.0919999999999999 0.8642626545391765
1.093 0.8645331868674929
1.0939999999999999 0.8648033121516933
1.095 0.8650730310569056
1.0959999999999999 0.8653423442468634
1.097 0.8656112523839076
1.0979999999999999 0.8658797561289903
1.099 0.8661478561416751
1.0999999999999999 0.8664155530801417
1.101 0.8666828476011863
1.1019999999999999 0.8669497403602239
1.103 0.8672162320112923
1.1039999999999999 0.8674823232070527
1.105 0.8677480145987928
1.1059999999999999 0.8680133068364279
1.107 0.8682782005685051
1.1079999999999999 0.8685426964422036
1.109 0.8688067951033381
1.1099999999999999 0.8690704971963603
1.111 0.8693338033643621
1.1119999999999999 0.8695967142490759
1.113 0.8698592304908793
1.1139999999999999 0.8701213527287953
1.115 0.8703830816004956
1.1159999999999999 0.8706444177423016
1.117 0.870905361789188
1.1179999999999999 0.8711659143747843
1.119 0.8714260761313761
1.1199999999999999 0.8716858476899092
1.121 0.8719452296799897
1.1219999999999999 0.8722042227298874
1.123 0.8724628274665369
1.1239999999999999 0.8727210445155412
1.125 0.8729788745011728
1.126 0.873236318046375
1.127 0.8734933757727658
1.128 0.8737500483198006
1.129 0.8740063364223785
1.13 0.8742622407245774
1.131 0.8745177618512331
1.132 0.8747729004260658
1.133 0.8750276570716847
1.134 0.8752820324095912
1.135 0.8755360270601825
1.136 0.8757896416427563
1.137 0.8760428767755148
1.138 0.8762957330755677
1.139 0.8765482111589372
1.14 0.87680031164056
1.141 0.8770520351342942
1.142 0.87730338225292
1.143 0.8775543536081455
1.144 0.8778049498106105
1.145 0.8780551714698889
1.146 0.8783050191944938
1.147 0.8785544935918818
1.148 0.8788035952684546
1.149 0.8790523248295656
1.15 0.8793006828795219
1.151 0.8795486700215882
1.152 0.8797962868579914
1.153 0.8800435339899241
1.154 0.8802904120175472
1.155 0.8805369215399962
1.156 0.880783063155382
1.157 0.8810288374607976
1.158 0.8812742450523189
1.1589999999999998 0.8815192865250108
1.16 0.88176396247293
1.1609999999999998 0.8820082734891285
1.162 0.882252220165658
1.1629999999999998 0.8824958030935723
1.164 0.8827390228629334
1.1649999999999998 0.8829818800628128
1.166 0.883224375281296
1.1669999999999998 0.8834665091054867
1.168 0.8837082821215103
1.1689999999999998 0.8839496949145172
1.17 0.8841907480686868
1.1709999999999998 0.8844314421672304
1.172 0.884671777792396
1.1729999999999998 0.8849117555254719
1.174 0.8851513759467888
1.1749999999999998 0.885390639635726
1.176 0.8856295471707124
1.1769999999999998 0.8858680991292315
1.178 0.886106296087825
1.1789999999999998 0.8863441386220964
1.18 0.8865816273067142
1.1809999999999998 0.8868187627154157
1.182 0.8870555454210111
1.1829999999999998 0.8872919759953859
1.184 0.8875280550095062
1.1849999999999998 0.8877637830334202
1.186 0.8879991606362636
1.1869999999999998 0.8882341883862628
1.188 0.8884688668507364
1.1889999999999998 0.8887031965961026
1.19 0.8889371781878793
1.1909999999999998 0.8891708121906896
1.192 0.8894040991682637
1.1929999999999998 0.889637039683445
1.194 0.8898696342981905
1.1949999999999998 0.8901018835582104
1.196 0.8903337879220903
1.1969999999999998 0.8905653479245021
1.198 0.8907965641164342
1.1989999999999998 0.8910274370478319
1.2 0.8912579672675979
1.2009999999999998 0.8914881553235962
1.202 0.8917180017626511
1.2029999999999998 0.8919475071305529
1.204 0.8921766719720551
1.2049999999999998 0.8924054968308804
1.206 0.8926339822497203
1.2069999999999999 0.8928621287702364
1.208 0.8930899369330638
1.2089999999999999 0.8933174072778123
1.21 0.8935445403430675
1.2109999999999999 0.8937713366663937
1.212 0.8939977967843346
1.2129999999999999 0.8942239212324162
1.214 0.8944497105451469
1.2149999999999999 0.8946751652560209
1.216 0.8949002858975195
1.2169999999999999 0.8951250730011123
1.218 0.8953495270972593
1.2189999999999999 0.895573648715413
1.22 0.8957974383840195
1.2209999999999999 0.8960208966305201
1.222 0.8962440239813544
1.2229999999999999 0.8964668209619604
1.224 0.8966892880967768
1.2249999999999999 0.8969114259092453
1.226 0.8971332349218113
1.2269999999999999 0.8973547156559258
1.228 0.8975758686320485
1.2289999999999999 0.8977966943696469
1.23 0.8980171933872007
1.2309999999999999 0.8982373662022014
1.232 0.8984572133311551
1.2329999999999999 0.8986767352895842
1.234 0.8988959325920282
1.2349999999999999 0.8991148057520467
1.236 0.899333355282219
1.2369999999999999 0.8995515816941481
1.238 0.8997694854984609
1.2389999999999999 0.8999870672048105
1.24 0.9002043273218772
1.2409999999999999 0.9004212663573704
1.242 0.9006378848180312
1.2429999999999999 0.9008541832096322
1.244 0.9010701620369806
1.2449999999999999 0.9012858218039191
1.246 0.9015011630133284
1.2469999999999999 0.9017161861671266
1.248 0.901930891766274
1.2489999999999999 0.9021452803107723
1.25 0.902359352299667
1.251 0.902573108231049
1.252 0.9027865486020565
1.253 0.902999673908876
1.254 0.9032124846467432
1.255 0.903424981309947
1.256 0.9036371643918288
1.257 0.9038490343847853
1.258 0.9040605917802688
1.259 0.9042718370687903
1.26 0.90448277073992
1.261 0.9046933932822894
1.262 0.9049037051925282
1.263 0.9051137070221721
1.264 0.9053233992737735
1.265 0.905532782436996
1.266 0.9057418570006851
1.267 0.9059506234528709
1.268 0.9061590822807698
1.269 0.9063672339707879
1.27 0.906575079008523
1.271 0.9067826178787676
1.272 0.9069898510655112
1.273 0.9071967790519433
1.274 0.9074034023204558
1.275 0.9076097213526452
1.276 0.9078157366293147
1.277 0.9080214486304787
1.278 0.9082268578353636
1.279 0.908431964722411
1.28 0.9086367697692798
1.281 0.9088412734528492
1.282 0.9090454762492209
1.283 0.9092493786337226
1.284 0.9094529810809092
1.285 0.9096562840645654
1.2859999999999998 0.9098592880577094
1.287 0.9100619935325946
1.2879999999999998 0.9102644009607118
1.289 0.9104665108127927
1.2899999999999998 0.9106683235588118
1.291 0.9108698396679885
1.2919999999999998 0.9110710596087898
1.293 0.9112719838489345
1.2939999999999998 0.9114726128553923
1.295 0.9116729470943896
1.2959999999999998 0.9118729870314097
1.297 0.9120727331311969
1.2979999999999998 0.9122721858577578
1.299 0.9124713456743644
1.2999999999999998 0.9126702130435561
1.301 0.9128687884271427
1.3019999999999998 0.9130670722862066
1.303 0.913265065081105
1.3039999999999998 0.9134627672714727
1.305 0.9136601793162246
1.3059999999999998 0.9138573016735584
1.307 0.9140541348009554
1.3079999999999998 0.9142506791551853
1.309 0.914446935192307
1.3099999999999998 0.9146429033676716
1.311 0.9148385841359253
1.3119999999999998 0.9150339779510103
1.313 0.9152290852661688
1.3139999999999998 0.9154239065339448
1.315 0.9156184422061865
1.3159999999999998 0.9158126927340485
1.317 0.9160066585679949
1.3179999999999998 0.9162003401578008
1.319 0.9163937379525557
1.3199999999999998 0.916586852400665
1.321 0.9167796839498518
1.3219999999999998 0.9169722330471621
1.323 0.9171645001389639
1.3239999999999998 0.9173564856709516
1.325 0.9175481900881471
1.3259999999999998 0.9177396138349042
1.327 0.9179307573549079
1.3279999999999998 0.9181216210911798
1.329 0.918312205472543
1.3299999999999998 0.9185025108327689
1.331 0.9186925375832247
1.3319999999999999 0.918882286156312
1.333 0.9190717569835891
1.3339999999999999 0.9192609504957746
1.335 0.9194498671227449
1.3359999999999999 0.9196385072935371
1.337 0.9198268714363481
1.3379999999999999 0.9200149599785363
1.339 0.9202027733466202
1.3399999999999999 0.9203903119662811
1.341 0.9205775762623631
1.3419999999999999 0.9207645666588729
1.343 0.9209512835789804
1.3439999999999999 0.9211377274450195
1.345 0.9213238986784897
1.3459999999999999 0.9215097977000543
1.347 0.9216954249295432
1.3479999999999999 0.9218807807859519
1.349 0.9220658656874431
1.3499999999999999 0.9222506800513456
1.351 0.9224352242941573
1.3519999999999999 0.9226194988315429
1.353 0.9228035040783368
1.3539999999999999 0.9229872404485421
1.355 0.9231707083553318
1.3559999999999999 0.9233539082110488
1.357 0.9235368404272072
1.3579999999999999 0.923719505414492
1.359 0.9239019035827596
1.3599999999999999 0.9240840353410387
1.361 0.924265901097531
1.3619999999999999 0.9244475012596113
1.363 0.9246288362338272
1.3639999999999999 0.9248099064259008
1.365 0.9249907122407298
1.3659999999999999 0.9251712540823851
1.367 0.9253515323541144
1.3679999999999999 0.925531547458341
1.369 0.9257112997966644
1.3699999999999999 0.9258907897698615
1.371 0.926070017777886
1.3719999999999999 0.9262489842198693
1.373 0.9264276894941222
1.3739999999999999 0.9266061339981329
1.375 0.9267843181285697
1.376 0.9269622422812797
1.377 0.9271399068512908
1.378 0.9273173122328108
1.379 0.927494458819229
1.38 0.9276713470031158
1.381 0.9278479771762232
1.382 0.9280243497294862
1.383 0.9282004650530215
1.384 0.92837632353613
1.385 0.9285519255672948
1.386 0.9287272715341843
1.387 0.9289023618236508
1.388 0.9290771968217313
1.389 0.9292517769136481
1.39 0.9294261024838092
1.391 0.9296001739158084
1.392 0.9297739915924266
1.393 0.9299475558956305
1.394 0.9301208672065754
1.395 0.9302939259056036
1.396 0.9304667323866642
1.397 0.9306392871554272
1.398 0.9308115906269674
1.399 0.9309836431878245
1.4 0.9311554452239522
1.401 0.9313269971207189
1.402 0.9314982992629125
1.403 0.9316693520347414
1.404 0.9318401558198384
1.405 0.9320107110012606
1.406 0.9321810179614949
1.407 0.9323510770824583
1.408 0.9325208887455025
1.409 0.9326904533314138
1.41 0.932859771220418
1.411 0.9330288427921811
1.412 0.9331976684258141
1.4129999999999998 0.9333662484998718
1.414 0.933534583392359
1.4149999999999998 0.9337026734807305
1.416 0.933870519141895
1.4169999999999998 0.9340381207522174
1.418 0.9342054786875199
1.4189999999999998 0.934372593323087
1.42 0.9345394650336648
1.4209999999999998 0.9347060941934665
1.422 0.9348724811761728
1.4229999999999998 0.9350386263549357
1.424 0.935204530102379
1.4249999999999998 0.9353701927906037
1.426 0.9355356147911884
1.4269999999999998 0.9357007964751918
1.428 0.9358657382131553
1.4289999999999998 0.9360304403751066
1.43 0.9361949033305603
1.4309999999999998 0.9363591274485222
1.432 0.93652311309749
1.4329999999999998 0.9366868606454568
1.434 0.936850370459914
1.4349999999999998 0.9370136429078517
1.436 0.9371766783557636
1.4369999999999998 0.9373394771696476
1.438 0.9375020397150088
1.4389999999999998 0.9376643663568628
1.44 0.9378264574597366
1.4409999999999998 0.9379883133876723
1.442 0.9381499345042282
1.4429999999999998 0.938311321172483
1.444 0.9384724737550361
1.4449999999999998 0.9386333926140121
1.446 0.9387940781110614
1.4469999999999998 0.938954530607364
1.448 0.9391147504636309
1.4489999999999998 0.9392747380401069
1.45 0.9394344936965736
1.4509999999999998 0.9395940177923504
1.452 0.9397533106862977
1.4529999999999998 0.9399123727368206
1.454 0.9400712043018682
1.4549999999999998 0.9402298057389386
1.456 0.9403881774050803
1.4569999999999999 0.940546319656895
1.458 0.9407042328505391
1.4589999999999999 0.9408619173417273
1.46 0.941019373485734
1.4609999999999999 0.9411766016373957
1.462 0.9413336021511143
1.4629999999999999 0.9414903753708075
1.464 0.9416469215518644
1.4649999999999999 0.9418032410167916
1.466 0.9419593341109237
1.4669999999999999 0.9421152011789993
1.468 0.9422708425651588
1.4689999999999999 0.9424262586129472
1.47 0.9425814496653128
1.4709999999999999 0.9427364160646098
1.472 0.9428911581525978
1.4729999999999999 0.943045676270443
1.474 0.9431999707587186
1.4749999999999999 0.9433540419574058
1.476 0.9435078902058938
1.4769999999999999 0.9436615158429812
1.478 0.9438149192068767
1.4789999999999999 0.9439681006351992
1.48 0.944121060464979
1.4809999999999999 0.9442737990326583
1.482 0.9444263166740914
1.4829999999999999 0.9445786137245462
1.484 0.9447306905187045
1.4849999999999999 0.9448825473906626
1.486 0.9450341846739314
1.4869999999999999 0.9451856027014387
1.488 0.9453368018055281
1.4889999999999999 0.9454877823179608
1.49 0.9456385445699158
1.4909999999999999 0.9457890888919895
1.492 0.9459394156141998
1.4929999999999999 0.9460895250659822
1.494 0.9462394175761933
1.4949999999999999 0.9463890934731116
1.496 0.9465385530844367
1.4969999999999999 0.9466877967372906
1.498 0.9468368247582184
1.4989999999999999 0.9469856374731889
1.5 0.9471342352075958
1.501 0.9472826182862569
1.502 0.9474307870334162
1.503 0.9475787417727438
1.504 0.9477264828273364
1.505 0.9478740105197189
1.506 0.948021325171844
1.507 0.9481684271050931
1.508 0.9483153166402772
1.509 0.9484619940976381
1.51 0.9486084597968463
1.511 0.9487547140570058
1.512 0.9489007571966511
1.513 0.9490465895337502
1.514 0.9491922113857033
1.515 0.9493376230693461
1.516 0.949482824900946
1.517 0.9496278171962084
1.518 0.9497726002702728
1.519 0.9499171744377146
1.52 0.9500615400125472
1.521 0.9502056973082211
1.522 0.9503496466376249
1.523 0.9504933883130853
1.524 0.9506369226463695
1.525 0.9507802499486837
1.526 0.9509233705306749
1.527 0.9510662847024317
1.528 0.9512089927734838
1.529 0.9513514950528038
1.53 0.951493791851234
1.531 0.9516358835030578
1.532 0.9517777703243552
1.533 0.9519194526238683
1.534 0.9520609307098314
1.535 0.9522022048899733
1.536 0.9523432754715165
1.537 0.9524841427611807
1.538 0.9526248070651807
1.539 0.9527652686892305
1.54 0.9529055279385426
1.541 0.9530455851178292
1.5419999999999998 0.9531854405313042
1.543 0.9533250944826827
1.5439999999999998 0.9534645472751839
1.545 0.9536037992115294
1.5459999999999998 0.9537428505939477
1.547 0.9538817017241723
1.5479999999999998 0.9540203529034447
1.549 0.9541588044325134
1.5499999999999998 0.9542970566116374
1.551 0.9544351097405857
1.5519999999999998 0.9545729641186371
1.553 0.9547106200445847
1.5539999999999998 0.9548480778167339
1.555 0.9549853377329044
1.5559999999999998 0.9551224000904311
1.557 0.9552592651861657
1.5579999999999998 0.9553959333164771
1.559 0.9555324047772522
1.5599999999999998 0.9556686798638976
1.561 0.9558047588713402
1.5619999999999998 0.9559406420940284
1.563 0.9560763298259325
1.5639999999999998 0.956211822360547
1.565 0.9563471199908902
1.5659999999999998 0.9564822230095058
1.567 0.9566171317084639
1.5679999999999998 0.9567518463793624
1.569 0.9568863673133271
1.5699999999999998 0.9570206948010135
1.571 0.9571548291326071
1.5719999999999998 0.9572887705978251
1.573 0.9574225194859172
1.5739999999999998 0.957556076085666
1.575 0.9576894406853887
1.5759999999999998 0.9578226135729381
1.577 0.9579555950357025
1.5779999999999998 0.9580883853606083
1.579 0.9582209848341198
1.5799999999999998 0.9583533937422405
1.581 0.9584856123705148
1.5819999999999999 0.9586176410040275
1.583 0.958749479927406
1.5839999999999999 0.958881129424821
1.585 0.9590125897799866
1.5859999999999999 0.9591438612761632
1.587 0.959274944196157
1.5879999999999999 0.9594058388223202
1.589 0.9595365454365545
1.5899999999999999 0.9596670643203098
1.591 0.9597973957545867
1.5919999999999999 0.9599275400199354
1.593 0.9600574973964596
1.5939999999999999 0.9601872681638149
1.595 0.9603168526012111
1.5959999999999999 0.960446250987413
1.597 0.9605754636002024
1.5979999999999999 0.9607044907108883
1.599 0.9608333325945806
1.5999999999999999 0.9609619895277723
1.601 0.9610904617865044
1.6019999999999999 0.9612187496463664
1.603 0.9613468533824973
1.6039999999999999 0.9614747732695861
1.605 0.9616025095818731
1.6059999999999999 0.9617300625931505
1.607 0.961857432576763
1.6079999999999999 0.9619846198056097
1.609 0.9621116245521433
1.6099999999999999 0.9622384470883721
1.611 0.9623650876858603
1.6119999999999999 0.9624915466157296
1.613 0.962617824148659
1.6139999999999999 0.9627439205548859
1.615 0.9628698361042074
1.6159999999999999 0.9629955710659813
1.617 0.9631211257091259
1.6179999999999999 0.9632465003021211
1.619 0.9633716951130101
1.6199999999999999 0.9634967104094
1.621 0.9636215464584611
1.6219999999999999 0.9637462035269299
1.623 0.9638706818811085
1.6239999999999999 0.9639949817868655
1.625 0.9641191035096379
1.626 0.9642430473144308
1.627 0.9643668134658184
1.628 0.964490402227945
1.629 0.964613813864526
1.63 0.9647370486388486
1.631 0.964860106813772
1.632 0.9649829886517292
1.633 0.9651056944147273
1.634 0.965228224364348
1.635 0.9653505787617491
1.636 0.9654727578676648
1.637 0.9655947619424067
1.638 0.9657165912458648
1.639 0.9658382460375077
1.64 0.9659597265763836
1.641 0.9660810331211218
1.642 0.9662021659299327
1.643 0.9663231252606085
1.644 0.9664439113705258
1.645 0.9665645245166427
1.646 0.9666849649555035
1.647 0.9668052329432375
1.648 0.9669253287355601
1.649 0.9670452525877732
1.65 0.9671650047547672
1.651 0.9672845854910203
1.652 0.9674039950506003
1.653 0.9675232336871655
1.654 0.9676423016539641
1.655 0.9677611992038367
1.656 0.9678799265892165
1.657 0.9679984840621295
1.658 0.9681168718741953
1.659 0.9682350902766296
1.66 0.9683531395202425
1.661 0.9684710198554408
1.662 0.9685887315322289
1.663 0.9687062748002082
1.664 0.9688236499151622
1.665 0.9689408572158456
1.666 0.9690578969824925
1.667 0.9691747694672644
1.668 0.9692914749218202
1.669 0.9694080135973168
1.67 0.9695243857444077
1.6709999999999998 0.9696405916132455
1.672 0.9697566314534813
1.6729999999999998 0.9698725055142648
1.674 0.9699882140442447
1.6749999999999998 0.9701037572915691
1.676 0.9702191355038856
1.6769999999999998 0.9703343489283424
1.678 0.9704493978115875
1.6789999999999998 0.9705642823997691
1.68 0.9706790029385367
1.6809999999999998 0.9707935596730417
1.682 0.9709079528479347
1.6829999999999998 0.9710221827073702
1.684 0.9711362494950032
1.6849999999999998 0.9712501534539927
1.686 0.9713638948269981
1.6869999999999998 0.9714774738561832
1.688 0.9715908907832144
1.6889999999999998 0.9717041458492617
1.69 0.9718172392949984
1.6909999999999998 0.9719301713606024
1.692 0.972042942285755
1.6929999999999998 0.9721555523096429
1.694 0.9722680016709568
1.6949999999999998 0.9723802906078934
1.696 0.9724924193581542
1.6969999999999998 0.9726043881589462
1.698 0.9727161972469828
1.6989999999999998 0.9728278468584834
1.7 0.9729393372291736
1.7009999999999998 0.9730506685942862
1.702 0.9731618411885604
1.7029999999999998 0.9732728552462437
1.704 0.9733837110010899
1.7049999999999998 0.9734944086863618
1.706 0.9736049485348292
1.7069999999999999 0.973715330778771
1.708 0.9738255556499746
1.7089999999999999 0.973935623379736
1.71 0.974045534198861
1.7109999999999999 0.974155288337664
1.712 0.9742648860259697
1.7129999999999999 0.9743743274931126
1.714 0.9744836129679371
1.7149999999999999 0.9745927426787985
1.716 0.9747017168535628
1.7169999999999999 0.974810535719607
1.718 0.9749191995038183
1.7189999999999999 0.9750277084325972
1.72 0.975136062731855
1.7209999999999999 0.9752442626270152
1.722 0.9753523083430135
1.7229999999999999 0.9754602001042978
1.724 0.9755679381348294
1.7249999999999999 0.9756755226580824
1.726 0.9757829538970448
1.7269999999999999 0.9758902320742165
1.728 0.9759973574116132
1.7289999999999999 0.9761043301307635
1.73 0.97621115045271
1.7309999999999999 0.9763178185980107
1.732 0.9764243347867385
1.7329999999999999 0.9765306992384807
1.734 0.97663691217234
1.7349999999999999 0.9767429738069354
1.736 0.9768488843604002
1.7369999999999999 0.9769546440503852
1.738 0.9770602530940571
1.7389999999999999 0.9771657117080982
1.74 0.977271020108709
1.7409999999999999 0.9773761785116061
1.742 0.9774811871320235
1.7429999999999999 0.9775860461847128
1.744 0.9776907558839437
1.7449999999999999 0.9777953164435027
1.746 0.9778997280766957
1.7469999999999999 0.9780039909963467
1.748 0.9781081054147981
1.7489999999999999 0.9782120715439118
1.75 0.9783158895950678
1.751 0.9784195597791667
1.752 0.9785230823066281
1.753 0.9786264573873914
1.754 0.9787296852309164
1.755 0.9788327660461831
1.756 0.9789357000416917
1.757 0.979038487425464
1.758 0.979141128405042
1.759 0.9792436231874888
1.76 0.9793459719793902
1.761 0.9794481749868527
1.762 0.9795502324155048
1.763 0.9796521444704971
1.764 0.9797539113565031
1.765 0.9798555332777189
1.766 0.9799570104378622
1.767 0.9800583430401753
1.768 0.9801595312874232
1.769 0.9802605753818943
1.77 0.9803614755254004
1.771 0.980462231919278
1.772 0.980562844764387
1.773 0.9806633142611123
1.774 0.9807636406093629
1.775 0.9808638240085731
1.776 0.980963864657702
1.777 0.9810637627552338
1.778 0.9811635184991784
1.779 0.9812631320870714
1.78 0.9813626037159738
1.781 0.9814619335824732
1.782 0.9815611218826841
1.783 0.9816601688122459
1.784 0.9817590745663267
1.785 0.98185783933962
1.786 0.9819564633263471
1.787 0.9820549467202568
1.788 0.9821532897146256
1.789 0.9822514925022569
1.79 0.9823495552754836
1.791 0.9824474782261657
1.792 0.9825452615456922
1.793 0.9826429054249798
1.794 0.9827404100544753
1.795 0.9828377756241538
1.796 0.9829350025172365
1.797 0.9830320912948293
1.7979999999999998 0.9831290421682105
1.799 0.9832258553399232
1.7999999999999998 0.9833225310121675
1.801 0.9834190693868006
1.8019999999999998 0.9835154706653374
1.803 0.9836117350489505
1.8039999999999998 0.9837078627384711
1.805 0.9838038539343879
1.8059999999999998 0.9838997088368481
1.807 0.9839954276456572
1.8079999999999998 0.9840910105602799
1.809 0.9841864577798397
1.8099999999999998 0.9842817695031185
1.811 0.9843769459285585
1.8119999999999998 0.9844719872542603
1.813 0.984566893677985
1.8139999999999998 0.9846616653971525
1.815 0.9847563026088435
1.8159999999999998 0.9848508055097985
1.817 0.984945174296418
1.8179999999999998 0.9850394091647637
1.819 0.9851335103105576
1.8199999999999998 0.9852274779291821
1.821 0.9853213122156811
1.8219999999999998 0.9854150133647597
1.823 0.9855085815707841
1.8239999999999998 0.9856020170277823
1.825 0.985695319929444
1.8259999999999998 0.9857884904691204
1.827 0.9858815288398248
1.8279999999999998 0.9859744352342336
1.829 0.9860672098446839
1.8299999999999998 0.9861598528631771
1.831 0.9862523644813763
1.8319999999999999 0.9863447448906079
1.833 0.9864369942818613
1.8339999999999999 0.9865291128457887
1.835 0.9866211007727064
1.8359999999999999 0.9867129582525939
1.837 0.9868046854750944
1.8379999999999999 0.986896282629515
1.839 0.9869877499048275
1.8399999999999999 0.9870790874896668
1.841 0.9871702955723327
1.8419999999999999 0.98726137434079
1.843 0.9873523239826681
1.8439999999999999 0.9874431446852606
1.845 0.987533836635527
1.8459999999999999 0.9876244000200911
1.847 0.9877148350252432
1.8479999999999999 0.9878051418369385
1.849 0.9878953206407974
1.8499999999999999 0.9879853716221076
1.851 0.9880752949658212
1.8519999999999999 0.9881650908565577
1.853 0.9882547594786024
1.8539999999999999 0.9883443010159072
1.855 0.9884337156520907
1.8559999999999999 0.9885230035704383
1.857 0.9886121649539023
1.8579999999999999 0.9887011999851024
1.859 0.9887901088463247
1.8599999999999999 0.9888788917195241
1.861 0.9889675487863224
1.8619999999999999 0.9890560802280092
1.863 0.9891444862255417
1.8639999999999999 0.989232766959546
1.865 0.9893209226103153
1.8659999999999999 0.9894089533578125
1.867 0.9894968593816676
1.8679999999999999 0.9895846408611807
1.869 0.9896722979753199
1.8699999999999999 0.9897598309027221
1.871 0.9898472398216939
1.8719999999999999 0.989934524910211
1.873 0.9900216863459185
1.8739999999999999 0.9901087243061314
1.875 0.9901956389678339
1.876 0.9902824305076798
1.877 0.990369099101995
1.878 0.9904556449267725
1.879 0.9905420681576782
1.88 0.9906283689700472
1.881 0.9907145475388858
1.882 0.9908006040388708
1.883 0.9908865386443496
1.884 0.9909723515293416
1.885 0.9910580428675364
1.886 0.9911436128322956
1.887 0.9912290615966527
1.888 0.9913143893333113
1.889 0.9913995962146483
1.89 0.9914846824127125
1.891 0.9915696480992238
1.892 0.9916544934455751
1.893 0.9917392186228313
1.894 0.9918238238017304
1.895 0.991908309152682
1.896 0.9919926748457695
1.897 0.9920769210507489
1.898 0.9921610479370491
1.899 0.9922450556737723
1.9 0.9923289444296944
1.901 0.9924127143732645
1.902 0.9924963656726051
1.903 0.9925798984955131
1.904 0.9926633130094588
1.905 0.9927466093815867
1.906 0.9928297877787154
1.907 0.9929128483673384
1.908 0.9929957913136229
1.909 0.9930786167834109
1.91 0.9931613249422195
1.911 0.9932439159552401
1.912 0.9933263899873397
1.913 0.9934087472030602
1.914 0.9934909877666188
1.915 0.9935731118419076
1.916 0.9936551195924953
1.917 0.9937370111816253
1.918 0.9938187867722176
1.919 0.9939004465268669
1.92 0.9939819906078458
1.921 0.9940634191771014
1.922 0.9941447323962583
1.923 0.9942259304266173
1.924 0.994307013429155
1.9249999999999998 0.9943879815645259
1.926 0.9944688349930606
1.9269999999999998 0.9945495738900152
1.928 0.9946301986220147
1.9289999999999998 0.9947107094188473
1.93 0.9947911064460933
1.9309999999999998 0.994871389869058
1.932 0.9949515598527733
1.9329999999999998 0.9950316165619966
1.934 0.9951115601612128
1.9349999999999998 0.9951913908146329
1.936 0.9952711086861937
1.9369999999999998 0.9953507139395598
1.938 0.9954302067381222
1.9389999999999998 0.9955095872449989
1.94 0.9955888556230349
1.9409999999999998 0.9956680120348024
1.942 0.9957470566426012
1.9429999999999998 0.9958259896084587
1.944 0.9959048110941291
1.9449999999999998 0.9959835212610949
1.946 0.9960621202705664
1.9469999999999998 0.9961406082834815
1.948 0.9962189854605065
1.9489999999999998 0.9962972519620356
1.95 0.9963754079481918
1.9509999999999998 0.996453453578825
1.952 0.9965313890135158
1.9529999999999998 0.9966092144115717
1.954 0.9966869299320298
1.9549999999999998 0.9967645357336556
1.956 0.9968420319749439
1.9569999999999999 0.9969194188141184
1.958 0.9969966964091322
1.9589999999999999 0.9970738649176674
1.96 0.9971509244971359
1.9609999999999999 0.9972278753046787
1.962 0.997304717497167
1.9629999999999999 0.9973814512312011
1.964 0.997458076663112
1.9649999999999999 0.9975345939489596
1.966 0.997611003244535
1.9669999999999999 0.9976873047053589
1.968 0.9977634984866824
1.9689999999999999 0.9978395847434874
1.97 0.997915563630486
1.9709999999999999 0.9979914353021209
1.972 0.9980671999125657
1.9729999999999999 0.9981428576157246
1.974 0.9982184085652333
1.9749999999999999 0.9982938529144588
1.976 0.9983691908164981
1.9769999999999999 0.9984444224241806
1.978 0.9985195478900669
1.9789999999999999 0.998594567366449
1.98 0.9986694810053504
1.9809999999999999 0.9987442889585264
1.982 0.9988189913774644
1.9829999999999999 0.9988935884133838
1.984 0.9989680802172356
1.9849999999999999 0.9990424669397032
1.986 0.9991167487312027
1.9869999999999999 0.9991909257418816
1.988 0.9992649981216212
1.9889999999999999 0.9993389660200341
1.99 0.9994128295864664
1.9909999999999999 0.999486588969997
1.992 0.9995602443194369
1.9929999999999999 0.999633795783331
1.994 0.9997072435099571
1.9949999999999999 0.9997805876473264
1.996 0.9998538283431824
1.9969999999999999 0.9999269657450034
1.998 1.0
