0.005 0.0020960210040649988
0.006 0.004185746008894496
0.007 0.00626884088747491
0.008 0.008345346214268455
0.009000000000000001 0.010415314266883888
0.01 0.01247878583393889
0.011 0.014535794966337522
0.012 0.016586375366725976
0.013000000000000001 0.018630560394431235
0.014000000000000002 0.02066838307030904
0.015 0.022699876081504394
0.016 0.024725071786125673
0.017 0.026744002217834146
0.018000000000000002 0.028756705468506814
0.019 0.03076322984141772
0.02 0.032763611167489895
0.021 0.03475788439433584
0.022000000000000002 0.03674608414083218
0.023000000000000003 0.03872824470166134
0.024 0.04070440005177225
0.025 0.042674583850762386
0.026000000000000002 0.044638829447182664
0.027 0.04659716988276727
0.028 0.0485496378965882
0.029 0.05049626592913971
0.030000000000000002 0.05243708612635022
0.031000000000000003 0.05437213034352559
0.032 0.05630143014922469
0.033 0.05822501675890363
0.034 0.06014292058284734
0.034999999999999996 0.06205517214113179
0.036 0.06396180180023836
0.037 0.06586283965884233
0.038 0.06775831555130227
0.039 0.06964825905109095
0.04 0.07153269947416926
0.041 0.07341166588230366
0.041999999999999996 0.07528518708632946
0.043 0.07715329164935915
0.044 0.07901600788993908
0.045 0.08087336388515455
0.046 0.08272538747368315
0.047 0.08457210625879984
0.048 0.08641354760698249
0.048999999999999995 0.08824973805721384
0.049999999999999996 0.0900807040121642
0.051 0.09190647203963065
0.052 0.09372706848698178
0.053 0.0955425194838745
0.054 0.09735285094492865
0.055 0.09915808857235847
0.056 0.10095825785856402
0.057 0.10275338408867979
0.057999999999999996 0.10454349234308614
0.059 0.10632860749988057
0.06 0.10810875423730938
0.061 0.10988395703616419
0.062 0.11165424018214026
0.063 0.11341962776815823
0.064 0.11518014369665144
0.065 0.11693581168181783
0.066 0.11868665525183779
0.067 0.12043269775105814
0.068 0.12217396234214431
0.069 0.12391047200819819
0.07 0.1256422495548464
0.07100000000000001 0.127369317612296
0.07200000000000001 0.12909169863736059
0.07300000000000001 0.1308094149154552
0.07400000000000001 0.13252248856256243
0.07500000000000001 0.1342309415271707
0.07600000000000001 0.1359347955921815
0.07700000000000001 0.13763407237679123
0.078 0.13932879244305812
0.079 0.14101897569308555
0.08 0.14270464311490896
0.081 0.14438581555192243
0.082 0.14606251369345408
0.083 0.1477347580764813
0.084 0.14940256908732077
0.085 0.15106596696329547
0.08600000000000001 0.15272497179437708
0.08700000000000001 0.15437960352480562
0.08800000000000001 0.15602988195468634
0.08900000000000001 0.1576758267415643
0.09000000000000001 0.1593174574019757
0.09100000000000001 0.1609547933129793
0.09200000000000001 0.16258785371366494
0.093 0.16421665770664248
0.094 0.16584122425950898
0.095 0.16746157220629657
0.096 0.16907772024889955
0.097 0.17068968695848277
0.098 0.17229749077686982
0.099 0.17390115001791373
0.1 0.17550068286884682
0.101 0.177096107391615
0.10200000000000001 0.1786874415241919
0.10300000000000001 0.1802747030818762
0.10400000000000001 0.18185790975857136
0.10500000000000001 0.18343707912804863
0.10600000000000001 0.18501222864519268
0.10700000000000001 0.18658337525274973
0.10800000000000001 0.1881505349647609
0.10900000000000001 0.18971372465812486
0.11 0.19127296115883066
0.111 0.19282826117520693
0.112 0.19437964129909333
0.113 0.19592711800699739
0.114 0.1974707076612352
0.115 0.19901042651105882
0.116 0.20054629069376795
0.117 0.20207831623580727
0.11800000000000001 0.20360651905385024
0.11900000000000001 0.20513091495586785
0.12000000000000001 0.20665151964218506
0.12100000000000001 0.20816834870652345
0.12200000000000001 0.2096814176370286
0.12300000000000001 0.21119074181728809
0.12400000000000001 0.21269633652733233
0.125 0.21419821694462662
0.126 0.21569639814504818
0.127 0.21719089510385214
0.128 0.21868172269662442
0.129 0.2201688957002238
0.13 0.22165242879371133
0.131 0.2231323365592693
0.132 0.22460863348310695
0.133 0.22608133395635727
0.134 0.22755045227596107
0.135 0.22901600264554062
0.136 0.23047799917626324
0.137 0.2319364558876934
0.138 0.23339138670863435
0.139 0.23484280547796152
0.14 0.23629072594544237
0.14100000000000001 0.23773516177254997
0.14200000000000002 0.23917612653326378
0.14300000000000002 0.2406136337148626
0.14400000000000002 0.24204769671870813
0.14500000000000002 0.24347832886101703
0.14600000000000002 0.24490554337362672
0.14700000000000002 0.24632935340474962
0.14800000000000002 0.24774977201972
0.14900000000000002 0.24916681220173142
0.15 0.2505804868629153
0.151 0.2519908089635275
0.152 0.25339779129885964
0.153 0.25480144654446446
0.154 0.25620178729761783
0.155 0.2575988260780035
0.156 0.2589925753283917
0.157 0.260383047415309
0.158 0.26177025462970105
0.159 0.26315420918758714
0.16 0.26453492323070765
0.161 0.2659124088271632
0.162 0.26728667797204836
0.163 0.2686577425880756
0.164 0.27002561452619456
0.165 0.2713903055662027
0.166 0.2727518274173493
0.167 0.27411019171893386
0.168 0.2754654100408956
0.169 0.2768174938843986
0.17 0.2781664546824082
0.171 0.2795123038002635
0.17200000000000001 0.2808550525362407
0.17300000000000001 0.28219471212211256
0.17400000000000002 0.28353129372370006
0.17500000000000002 0.2848648084414184
0.17600000000000002 0.2861952673108177
0.17700000000000002 0.2875226813031171
0.17800000000000002 0.2888470613257322
0.17900000000000002 0.29016841822279843
0.18000000000000002 0.29148676277568786
0.181 0.29280210570351967
0.182 0.2941144576636662
0.183 0.2954238292522534
0.184 0.2967302310046548
0.185 0.29803367339598186
0.186 0.2993341668415664
0.187 0.30063172169744146
0.188 0.301926348260814
0.189 0.3032180567705337
0.19 0.30450685740755645
0.191 0.30579276029540403
0.192 0.3070757755006168
0.193 0.3083559130332036
0.194 0.30963318293856357
0.195 0.3109075952296317
0.196 0.31217915976292304
0.197 0.31344788634029425
0.198 0.3147137847095121
0.199 0.3159768645646737
0.2 0.3172371355466227
0.201 0.3184946072433621
0.202 0.31974928919046103
0.203 0.3210011908714592
0.20400000000000001 0.32225032171826523
0.20500000000000002 0.3234966911115524
0.20600000000000002 0.3247403083811502
0.20700000000000002 0.3259811828064305
0.20800000000000002 0.3272193236166921
0.20900000000000002 0.3284547399915383
0.21000000000000002 0.3296874410612543
0.21100000000000002 0.3309174359071773
0.21200000000000002 0.33214473356206503
0.21300000000000002 0.3333693430104596
0.214 0.3345912731890485
0.215 0.3358105329870207
0.216 0.3370271312464207
0.217 0.33824107676249776
0.218 0.33945237828405206
0.219 0.3406610445137775
0.22 0.3418670841086019
0.221 0.3430705056800219
0.222 0.34427131779443604
0.223 0.3454695289734741
0.224 0.34666514769432355
0.225 0.3478581823900524
0.226 0.34904864144992814
0.227 0.3502365332197357
0.228 0.35142186600208997
0.229 0.3526046480567467
0.23 0.3537848876009097
0.231 0.3549625928095358
0.232 0.3561377718156358
0.233 0.3573104327105732
0.234 0.35848058354436035
0.23500000000000001 0.3596482323259508
0.23600000000000002 0.36081338702352944
0.23700000000000002 0.3619760556027844
0.23800000000000002 0.3631362461188624
0.23900000000000002 0.3642939664519184
0.24000000000000002 0.3654492244249389
0.24100000000000002 0.3666020278218526
0.24200000000000002 0.3677523843878026
0.24300000000000002 0.3689003018294176
0.24400000000000002 0.3700457878150791
0.245 0.3711888499751871
0.246 0.3723294959024231
0.247 0.3734677331520101
0.248 0.3746035692419712
0.249 0.3757370116533839
0.25 0.37686806783063487
0.251 0.37799674518166965
0.252 0.3791230510782416
0.253 0.38024699285615776
0.254 0.3813685778155231
0.255 0.3824878132209822
0.256 0.3836047063019581
0.257 0.38471926425289
0.258 0.38583149423346874
0.259 0.3869414033688686
0.26 0.388048998749979
0.261 0.38915428743363306
0.262 0.3902572764428336
0.263 0.3913579727669782
0.264 0.3924563833620817
0.265 0.39355251515099643
0.266 0.39464637502363126
0.267 0.3957379698371669
0.268 0.3968273064162725
0.269 0.39791439155331576
0.27 0.39899923200857645
0.271 0.40008183451045287
0.272 0.4011622057556701
0.273 0.4022403524094858
0.274 0.40331628110589157
0.275 0.40438999844781637
0.276 0.4054615110073254
0.277 0.4065308253258185
0.278 0.4075979479142257
0.279 0.4086628852532029
0.28 0.40972564379739174
0.281 0.410786230083333
0.28200000000000003 0.41184465056353864
0.28300000000000003 0.4129009116111564
0.28400000000000003 0.41395501957024483
0.28500000000000003 0.41500698075595777
0.28600000000000003 0.41605680145472673
0.28700000000000003 0.41710448792444166
0.28800000000000003 0.4181500463946298
0.28900000000000003 0.41919348306663423
0.29000000000000004 0.42023480411378866
0.29100000000000004 0.42127401568159367
0.29200000000000004 0.42231112388788855
0.29300000000000004 0.42334613482302347
0.294 0.42437905455003017
0.295 0.42540988910478966
0.296 0.42643864449620034
0.297 0.42746532670634363
0.298 0.4284899416906485
0.299 0.4295124953780548
0.3 0.4305329936711742
0.301 0.4315514424464512
0.302 0.4325678475543225
0.303 0.4335822148193736
0.304 0.43459455004049585
0.305 0.4356048589910417
0.306 0.4366131474189779
0.307 0.43761942104703794
0.308 0.4386236855728739
0.309 0.43962594666920574
0.31 0.4406262099839705
0.311 0.44162448114046915
0.312 0.44262076573751347
0.313 0.4436150693495709
0.314 0.44460739752690803
0.315 0.44559775579573396
0.316 0.446586149658341
0.317 0.4475725845932457
0.318 0.4485570660553279
0.319 0.44953959947596833
0.32 0.4505201902631859
0.321 0.4514988438017739
0.322 0.4524755654534339
0.323 0.45345036055691024
0.324 0.4544232344748052
0.325 0.45539419258784164
0.326 0.4563632401791226
0.327 0.4573303825082711
0.328 0.45829562481300024
0.329 0.45925897230924645
0.33 0.46022043019129977
0.331 0.4611800036319354
0.332 0.4621376977825436
0.333 0.46309351777325586
0.334 0.4640474687130757
0.335 0.46499955569000195
0.336 0.46594978377115626
0.337 0.4668981580029075
0.338 0.46784468341099417
0.339 0.4687893650006486
0.34 0.4697322077567177
0.341 0.4706732166437839
0.342 0.47161239660628534
0.343 0.4725497525686348
0.34400000000000003 0.4734852894353375
0.34500000000000003 0.47441901209110854
0.34600000000000003 0.47535092540098917
0.34700000000000003 0.47628103421046203
0.34800000000000003 0.4772093433455665
0.34900000000000003 0.4781358576130112
0.35000000000000003 0.4790605818002875
0.35100000000000003 0.47998352067578226
0.35200000000000004 0.48090467898888767
0.35300000000000004 0.48182406147011236
0.35400000000000004 0.48274167283119107
0.35500000000000004 0.4836575177651931
0.35600000000000004 0.4845716009466302
0.357 0.48548392703156407
0.358 0.4863945006577124
0.359 0.4873033264445545
0.36 0.48821040899343626
0.361 0.48911575288767445
0.362 0.4900193626926588
0.363 0.4909212429559563
0.364 0.4918213982074116
0.365 0.4927198329592484
0.366 0.4936165517061704
0.367 0.4945115589254598
0.368 0.4954048590770775
0.369 0.4962964566037596
0.37 0.4971863559311168
0.371 0.49807456146772977
0.372 0.4989610776052453
0.373 0.4998459087184723
0.374 0.5007290591654764
0.375 0.5016105332876731
0.376 0.5024903354099229
0.377 0.5033684698406221
0.378 0.5042449408717958
0.379 0.5051197527791892
0.38 0.5059929098223588
0.381 0.5068644162447614
0.382 0.5077342762738446
0.383 0.5086024941211353
0.384 0.5094690739823278
0.385 0.5103340200373716
0.386 0.5111973364505585
0.387 0.5120590273706087
0.388 0.5129190969307571
0.389 0.5137775492488378
0.39 0.5146343884273694
0.391 0.5154896185218775
0.392 0.5163432435424745
0.393 0.5171952675393515
0.394 0.5180456945488575
0.395 0.5188945285922868
0.396 0.5197417736759589
0.397 0.5205874337912982
0.398 0.5214315129149115
0.399 0.522274015008667
0.4 0.5231149440197709
0.401 0.5239543038808449
0.402 0.524792098510002
0.403 0.5256283318109226
0.404 0.5264630076729302
0.405 0.5272961299710655
0.406 0.5281277025661614
0.40700000000000003 0.5289577293049166
0.40800000000000003 0.5297862140199682
0.40900000000000003 0.5306131605299657
0.41000000000000003 0.5314385726396426
0.41100000000000003 0.5322624541398878
0.41200000000000003 0.5330848088078183
0.41300000000000003 0.5339056404068487
0.41400000000000003 0.5347249526867626
0.41500000000000004 0.5355427493837812
0.41600000000000004 0.5363590342206345
0.41700000000000004 0.5371738109066289
0.41800000000000004 0.537987083137716
0.41900000000000004 0.5387988545965615
0.42000000000000004 0.5396091289526118
0.42100000000000004 0.5404179098621613
0.422 0.5412252009684202
0.423 0.5420310059015786
0.424 0.542835328278875
0.425 0.5436381717046597
0.426 0.5444395397704607
0.427 0.545239436055048
0.428 0.5460378641244977
0.429 0.5468348275322561
0.43 0.547630329819202
0.431 0.5484243745137112
0.432 0.5492169651317171
0.433 0.5500081051767747
0.434 0.5507977981401204
0.435 0.5515860475007346
0.436 0.5523728567254019
0.437 0.553158229268772
0.438 0.5539421685734197
0.439 0.5547246780699043
0.44 0.5555057611768293
0.441 0.5562854213009006
0.442 0.5570636618369866
0.443 0.5578404861681747
0.444 0.5586158976658303
0.445 0.5593898996896534
0.446 0.5601624955877363
0.447 0.5609336886966203
0.448 0.5617034823413518
0.449 0.5624718798355384
0.45 0.5632388844814042
0.451 0.5640044995698464
0.452 0.5647687283804884
0.453 0.565531574181736
0.454 0.5662930402308308
0.455 0.5670531297739044
0.456 0.5678118460460322
0.457 0.5685691922712862
0.458 0.5693251716998186
0.459 0.5700797876103939
0.46 0.570833043202582
0.461 0.571584941663374
0.462 0.572335486169173
0.463 0.573084679885844
0.464 0.5738325259687685
0.465 0.574579027562895
0.466 0.5753241878027925
0.467 0.5760680098126996
0.468 0.5768104967065782
0.46900000000000003 0.5775516515881622
0.47000000000000003 0.57829147755101
0.47100000000000003 0.5790299776785528
0.47200000000000003 0.5797671550441464
0.47300000000000003 0.5805030127111194
0.47400000000000003 0.5812375537328235
0.47500000000000003 0.5819707811526819
0.47600000000000003 0.5827026980042391
0.47700000000000004 0.583433307311208
0.47800000000000004 0.5841626120875192
0.47900000000000004 0.5848906153373685
0.48000000000000004 0.5856173200552646
0.48100000000000004 0.5863427292260767
0.48200000000000004 0.587066845825081
0.48300000000000004 0.5877896728180084
0.48400000000000004 0.5885112131610901
0.485 0.5892314698011052
0.486 0.5899504456754249
0.487 0.5906681437120598
0.488 0.5913845668297049
0.489 0.592099717937784
0.49 0.5928135999364968
0.491 0.593526215716861
0.492 0.5942375681607586
0.493 0.5949476601409791
0.494 0.5956564945212643
0.495 0.5963640741563513
0.496 0.5970704018920162
0.497 0.5977754805651174
0.498 0.598479313003638
0.499 0.59918190202673
0.5 0.5998832504447544
0.501 0.6005833610593263
0.502 0.6012822366633543
0.503 0.6019798800410838
0.504 0.6026762939681378
0.505 0.6033714812115593
0.506 0.6040654445298506
0.507 0.604758186673016
0.508 0.6054497103826008
0.509 0.6061400183917331
0.51 0.606829113425163
0.511 0.6075169981993028
0.512 0.6082036754222674
0.513 0.6088891477939122
0.514 0.6095734180058745
0.515 0.610256488741611
0.516 0.6109383626764363
0.517 0.6116190424775644
0.518 0.6122985308041434
0.519 0.6129768303072963
0.52 0.6136539436301583
0.521 0.6143298734079142
0.522 0.6150046222678364
0.523 0.6156781928293226
0.524 0.6163505877039325
0.525 0.6170218094185491
0.526 0.6176918604005031
0.527 0.6183607432197109
0.528 0.6190284604431502
0.529 0.6196950146298323
0.53 0.6203604083308364
0.531 0.6210246440893404
0.532 0.6216877244406563
0.533 0.6223496519122613
0.534 0.6230104290238317
0.535 0.6236700582872735
0.536 0.6243285422067562
0.537 0.624985883278744
0.538 0.6256420839920283
0.539 0.6262971468277584
0.54 0.6269510742594739
0.541 0.6276038687531351
0.542 0.628255532767155
0.543 0.6289060687524298
0.544 0.62955547915237
0.545 0.6302037664029302
0.546 0.630850932932641
0.547 0.6314969811626379
0.548 0.6321419135066915
0.549 0.6327857323712388
0.55 0.6334284401554114
0.551 0.6340700392510661
0.552 0.634710532042814
0.553 0.6353499209080498
0.554 0.6359882082169811
0.555 0.6366253963326567
0.556 0.6372614876109969
0.557 0.6378964844008204
0.558 0.6385303890438743
0.559 0.6391632038748608
0.56 0.639794931221468
0.561 0.6404255734043947
0.562 0.6410551327373807
0.5630000000000001 0.6416836115272342
0.5640000000000001 0.6423110120738581
0.5650000000000001 0.6429373366702789
0.5660000000000001 0.6435625876026732
0.5670000000000001 0.6441867671503952
0.5680000000000001 0.6448098775860039
0.5690000000000001 0.645431921175289
0.5700000000000001 0.6460529001772983
0.5710000000000001 0.6466728168443654
0.5720000000000001 0.6472916734221337
0.5730000000000001 0.6479094721495844
0.5740000000000001 0.6485262152590625
0.5750000000000001 0.649141904976303
0.5760000000000001 0.649756543520455
0.5770000000000001 0.65037013310411
0.5780000000000001 0.650982675933326
0.5790000000000001 0.6515941742076534
0.5800000000000001 0.6522046301201602
0.5810000000000001 0.6528140458574568
0.582 0.6534224235997227
0.583 0.654029765520729
0.584 0.654636073787865
0.585 0.6552413505621631
0.586 0.6558455979983214
0.587 0.6564488182447302
0.588 0.6570510134434955
0.589 0.6576521857304627
0.59 0.6582523372352417
0.591 0.6588514700812298
0.592 0.6594495864325377
0.593 0.6600466885095362
0.594 0.6606427784294763
0.595 0.6612378582998579
0.596 0.6618319302222878
0.597 0.6624249962925037
0.598 0.663017058600399
0.599 0.6636081192300488
0.6 0.6641981802597337
0.601 0.6647872437619641
0.602 0.6653753118035052
0.603 0.6659623864454004
0.604 0.6665484697429972
0.605 0.6671335637459689
0.606 0.66771767049834
0.607 0.6683007920385101
0.608 0.6688829303992772
0.609 0.6694640876078607
0.61 0.6700442656859261
0.611 0.6706234666496076
0.612 0.6712016925095315
0.613 0.6717789452708399
0.614 0.6723552269332121
0.615 0.67293053949089
0.616 0.6735048849326983
0.617 0.6740782652420698
0.618 0.674650682397066
0.619 0.6752221383704003
0.62 0.6757926351294611
0.621 0.6763621746363324
0.622 0.6769307588478186
0.623 0.6774983897154635
0.624 0.6780650691855751
0.625 0.6786307991992456
0.626 0.6791955816923743
0.627 0.6797594185956884
0.628 0.6803223118347657
0.629 0.680884263330055
0.63 0.6814452749968981
0.631 0.6820053487455511
0.632 0.6825644864812054
0.633 0.6831226901040091
0.634 0.6836799615090875
0.635 0.684236302586565
0.636 0.6847917152215847
0.637 0.6853462012943298
0.638 0.6858997626800444
0.639 0.6864524012490542
0.64 0.6870041188667858
0.641 0.6875549173937884
0.642 0.6881047986857537
0.643 0.6886537645935351
0.644 0.6892018169631698
0.645 0.6897489576358968
0.646 0.6902951884481782
0.647 0.6908405112317183
0.648 0.6913849278134835
0.649 0.6919284400157224
0.65 0.6924710496559844
0.651 0.6930127585471403
0.652 0.6935535684974012
0.653 0.6940934813103379
0.654 0.6946324987848997
0.655 0.6951706227154344
0.656 0.6957078548917063
0.657 0.6962441970989165
0.658 0.6967796511177209
0.659 0.6973142186798501
0.66 0.6978479014469766
0.661 0.698380701173314
0.662 0.6989126196128563
0.663 0.6994436585149442
0.664 0.6999738196242845
0.665 0.7005031046809634
0.666 0.7010315154204657
0.667 0.7015590535736899
0.668 0.7020857208669644
0.669 0.7026115190220639
0.67 0.7031364497562265
0.671 0.7036605147821683
0.672 0.7041837158081009
0.673 0.7047060545377458
0.674 0.7052275326703521
0.675 0.70574815190071
0.676 0.7062679139191693
0.677 0.7067868204116529
0.678 0.7073048730596728
0.679 0.7078220735403464
0.68 0.7083384235264115
0.681 0.7088539246862415
0.682 0.7093685786838612
0.683 0.7098823871789613
0.684 0.7103953518269142
0.685 0.7109074742787894
0.686 0.7114187561813674
0.687 0.7119291991771558
0.6880000000000001 0.7124388049044035
0.6890000000000001 0.7129475749971158
0.6900000000000001 0.7134555110850695
0.6910000000000001 0.713962614793827
0.6920000000000001 0.714468887744752
0.6930000000000001 0.7149743315550217
0.6940000000000001 0.7154789478376447
0.6950000000000001 0.7159827382014725
0.6960000000000001 0.7164857042512159
0.6970000000000001 0.716987847587458
0.6980000000000001 0.7174891698066693
0.6990000000000001 0.7179896725012213
0.7000000000000001 0.7184893572594012
0.7010000000000001 0.7189882256654254
0.7020000000000001 0.7194862792994544
0.7030000000000001 0.7199835197376057
0.7040000000000001 0.7204799485519676
0.7050000000000001 0.7209755673106152
0.7060000000000001 0.7214703775776211
0.7070000000000001 0.7219643809130714
0.7080000000000001 0.7224575788730784
0.709 0.7229499730097935
0.71 0.7234415648714234
0.711 0.7239323560022402
0.712 0.7244223479425971
0.713 0.7249115422289405
0.714 0.7253999403938245
0.715 0.7258875439659231
0.716 0.7263743544700443
0.717 0.7268603734271422
0.718 0.7273456023543304
0.719 0.727830042764896
0.72 0.728313696168312
0.721 0.7287965640702487
0.722 0.7292786479725892
0.723 0.7297599493734406
0.724 0.7302404697671465
0.725 0.7307202106443013
0.726 0.7311991735103732
0.727 0.7316773598974661
0.728 0.7321547712909972
0.729 0.7326314091705075
0.73 0.7331072750119403
0.731 0.7335823702876526
0.732 0.734056696466429
0.733 0.7345302550134947
0.734 0.7350030473905286
0.735 0.7354750750556763
0.736 0.735946339463563
0.737 0.7364168420653059
0.738 0.736886584308528
0.739 0.7373555676373701
0.74 0.7378237934925032
0.741 0.7382912633111428
0.742 0.7387579785270599
0.743 0.7392239405705942
0.744 0.7396891508686668
0.745 0.7401536108447918
0.746 0.7406173219190902
0.747 0.7410802855083016
0.748 0.7415425030257953
0.749 0.7420039758815847
0.75 0.7424647054823386
0.751 0.7429246932313931
0.752 0.7433839405287638
0.753 0.7438424487711586
0.754 0.7443002193519892
0.755 0.744757253661383
0.756 0.7452135530861955
0.757 0.7456691190100216
0.758 0.7461239528132088
0.759 0.746578055872867
0.76 0.7470314295628819
0.761 0.7474840752539269
0.762 0.7479359943134732
0.763 0.7483871881058026
0.764 0.7488376579920194
0.765 0.7492874053300607
0.766 0.7497364314747103
0.767 0.7501847377776062
0.768 0.7506323255872568
0.769 0.7510791962490486
0.77 0.7515253511052595
0.771 0.7519707914950691
0.772 0.7524155187545707
0.773 0.7528595342167822
0.774 0.7533028392116572
0.775 0.7537454350660965
0.776 0.7541873231039588
0.777 0.7546285046460723
0.778 0.7550689810102448
0.779 0.7555087535112759
0.78 0.7559478234609666
0.781 0.756386192168132
0.782 0.75682386093861
0.783 0.7572608310752743
0.784 0.7576971038780432
0.785 0.758132680643892
0.786 0.7585675626668623
0.787 0.7590017512380741
0.788 0.7594352476457354
0.789 0.7598680531751533
0.79 0.7603001691087438
0.791 0.7607315967260441
0.792 0.7611623373037202
0.793 0.7615923920764547
0.794 0.7620217622058163
0.795 0.7624504489459355
0.796 0.7628784535536457
0.797 0.763305777282766
0.798 0.7637324213841087
0.799 0.7641583871054892
0.8 0.7645836756917329
0.801 0.7650082883846853
0.802 0.7654322264232178
0.803 0.765855491043239
0.804 0.7662780834777015
0.805 0.766700004956609
0.806 0.7671212567070265
0.807 0.7675418399530873
0.808 0.7679617559160018
0.809 0.7683810058140649
0.81 0.7687995908626644
0.811 0.7692175122742887
0.812 0.7696347712585361
0.8130000000000001 0.7700513690221212
0.8140000000000001 0.7704673067688832
0.8150000000000001 0.7708825856997944
0.8160000000000001 0.7712972070129677
0.8170000000000001 0.7717111719036645
0.8180000000000001 0.7721244815643021
0.8190000000000001 0.7725371371844624
0.8200000000000001 0.7729491399508989
0.8210000000000001 0.7733604910475439
0.8220000000000001 0.7737711916555183
0.8230000000000001 0.7741812429531366
0.8240000000000001 0.7745906461159167
0.8250000000000001 0.7749994023165857
0.8260000000000001 0.7754075127250893
0.8270000000000001 0.7758149785085975
0.8280000000000001 0.7762218008315138
0.8290000000000001 0.7766279808554812
0.8300000000000001 0.7770335197393905
0.8310000000000001 0.777438418639388
0.8320000000000001 0.7778426787088817
0.8330000000000001 0.7782463010985495
0.8340000000000001 0.7786492869563475
0.8350000000000001 0.7790516374275146
0.8360000000000001 0.7794533536545821
0.8370000000000001 0.779854436777381
0.838 0.780254887933047
0.839 0.7806547082560303
0.84 0.7810538988781011
0.841 0.7814524609283572
0.842 0.7818503955332314
0.843 0.7822477038164983
0.844 0.7826443868992813
0.845 0.7830404459000592
0.846 0.7834358819346748
0.847 0.7838306961163395
0.848 0.7842248895556428
0.849 0.7846184633605572
0.85 0.7850114186364454
0.851 0.7854037564860686
0.852 0.7857954780095916
0.853 0.7861865843045904
0.854 0.7865770764660591
0.855 0.7869669555864165
0.856 0.787356222755513
0.857 0.7877448790606361
0.858 0.7881329255865195
0.859 0.7885203634153474
0.86 0.7889071936618022
0.861 0.789293417507117
0.862 0.7896790360397961
0.863 0.7900640503398791
0.864 0.7904484614850779
0.865 0.7908322705507825
0.866 0.7912154786100702
0.867 0.791598086733714
0.868 0.7919800959901901
0.869 0.7923615074456863
0.87 0.7927423221641102
0.871 0.7931225412070967
0.872 0.7935021656340175
0.873 0.7938811965019872
0.874 0.7942596348658725
0.875 0.7946374817782998
0.876 0.795014738289664
0.877 0.7953914054481347
0.878 0.7957674842996654
0.879 0.7961429758880015
0.88 0.7965178812546869
0.881 0.7968922014390735
0.882 0.7972659374783274
0.883 0.7976390904074379
0.884 0.7980116612592242
0.885 0.7983836510643448
0.886 0.798755060851303
0.887 0.7991258916464564
0.888 0.7994961444740235
0.889 0.7998658203560922
0.89 0.8002349203126263
0.891 0.8006034453614743
0.892 0.800971396518376
0.893 0.8013387747969711
0.894 0.8017055812088054
0.895 0.8020718167633396
0.896 0.8024374824679557
0.897 0.8028025793279652
0.898 0.8031671083466165
0.899 0.8035310705251022
0.9 0.8038944668625657
0.901 0.8042572983561103
0.902 0.8046195660008052
0.903 0.8049812707896928
0.904 0.8053424137137968
0.905 0.8057029957621296
0.906 0.806063017921698
0.907 0.8064224811775127
0.908 0.8067813865125939
0.909 0.8071397349079786
0.91 0.807497527342729
0.911 0.807854764793938
0.912 0.8082114482367383
0.913 0.8085675786443071
0.914 0.8089231569878759
0.915 0.8092781842367355
0.916 0.8096326613582439
0.917 0.8099865893178334
0.918 0.8103399690790172
0.919 0.8106928016033975
0.92 0.8110450878506706
0.921 0.8113968287786363
0.922 0.8117480253432023
0.923 0.8120986784983929
0.924 0.8124487891963558
0.925 0.8127983583873678
0.926 0.813147387019843
0.927 0.813495876008988
0.928 0.8138438262004518
0.929 0.8141912385232318
0.93 0.8145381139108198
0.931 0.8148844532947033
0.932 0.8152302576043688
0.933 0.8155755277673075
0.934 0.8159202647090213
0.935 0.8162644693530263
0.936 0.8166081426208588
0.937 0.8169512854320802
0.9380000000000001 0.8172938987042825
0.9390000000000001 0.8176359833530918
0.9400000000000001 0.8179775402921753
0.9410000000000001 0.8183185704332446
0.9420000000000001 0.8186590746860619
0.9430000000000001 0.8189990539584443
0.9440000000000001 0.8193385091562687
0.9450000000000001 0.8196774411834769
0.9460000000000001 0.8200158509420804
0.9470000000000001 0.8203537393321654
0.9480000000000001 0.8206911072518981
0.9490000000000001 0.821027955597528
0.9500000000000001 0.8213642852633947
0.9510000000000001 0.8217000971419318
0.9520000000000001 0.822035392123671
0.9530000000000001 0.8223701710972482
0.9540000000000001 0.8227044349494081
0.9550000000000001 0.8230381845650072
0.9560000000000001 0.8233714208270212
0.9570000000000001 0.8237041446165475
0.9580000000000001 0.8240363568128114
0.9590000000000001 0.82436805829317
0.9600000000000001 0.8246992499331169
0.9610000000000001 0.8250299326062875
0.9620000000000001 0.8253601071844625
0.9630000000000001 0.8256897745375742
0.9640000000000001 0.8260189355337092
0.965 0.8263475910391143
0.966 0.826675741918201
0.967 0.8270033890335495
0.968 0.8273305332459135
0.969 0.8276571754142253
0.97 0.8279833163955994
0.971 0.8283089570453377
0.972 0.8286340982169333
0.973 0.8289587407620762
0.974 0.8292828855306567
0.975 0.8296065333707697
0.976 0.8299296851287203
0.977 0.8302523416490275
0.978 0.830574503774428
0.979 0.8308961723458823
0.98 0.8312173482025771
0.981 0.8315380321819315
0.982 0.8318582251195996
0.983 0.8321779278494762
0.984 0.8324971412037011
0.985 0.8328158660126622
0.986 0.8331341031050011
0.987 0.8334518533076165
0.988 0.8337691174456698
0.989 0.8340858963425871
0.99 0.8344021908200658
0.991 0.8347180016980775
0.992 0.8350333297948724
0.993 0.8353481759269842
0.994 0.8356625409256172
0.995 0.8359764256589514
0.996 0.8362898309464741
0.997 0.8366027576020532
0.998 0.8369152064379578
0.999 0.837227178264864
1.0 0.8375386738918588
1.001 0.8378496941264459
1.002 0.8381602397745507
1.003 0.838470311640525
1.004 0.8387799105271517
1.005 0.8390890372356503
1.006 0.839397692565682
1.007 0.839705877315354
1.008 0.8400135922812247
1.009 0.8403208382583089
1.01 0.8406276160400821
1.011 0.8409339264184865
1.012 0.8412397701839339
1.013 0.8415451481253131
1.014 0.8418500610299925
1.015 0.8421545096838262
1.016 0.8424584948711585
1.017 0.8427620173748293
1.018 0.8430650779761768
1.019 0.8433676774550454
1.02 0.8436698165897882
1.021 0.8439714961572727
1.022 0.8442727169328849
1.023 0.8445734796905345
1.024 0.8448737852026607
1.025 0.845173634240234
1.026 0.8454730275727642
1.027 0.8457719659683028
1.028 0.8460704501934492
1.029 0.8463684810133538
1.0299999999999998 0.8466660591917242
1.031 0.8469631854908293
1.0319999999999998 0.847259860671503
1.033 0.8475560854931509
1.0339999999999998 0.8478518607137522
1.035 0.8481471870898669
1.0359999999999998 0.8484420653766391
1.037 0.8487364963278012
1.0379999999999998 0.8490304806956801
1.039 0.8493240192311992
1.0399999999999998 0.849617112683886
1.041 0.8499097618018738
1.0419999999999998 0.8502019673319081
1.043 0.8504937300193509
1.0439999999999998 0.8507850506081842
1.045 0.8510759298410153
1.0459999999999998 0.8513663684590811
1.047 0.8516563672022531
1.0479999999999998 0.8519459268090407
1.049 0.8522350480165963
1.0499999999999998 0.8525237315607204
1.051 0.8528119781758644
1.0519999999999998 0.8530997885951374
1.053 0.8533871635503081
1.0539999999999998 0.8536741037718104
1.055 0.853960609988748
1.0559999999999998 0.8542466829288989
1.057 0.8545323233187184
1.0579999999999998 0.8548175318833455
1.059 0.8551023093466055
1.0599999999999998 0.855386656431015
1.061 0.8556705738287818
1.0619999999999998 0.8559540621560622
1.063 0.8562371221155054
1.0639999999999998 0.856519754416645
1.065 0.8568019597675446
1.0659999999999998 0.8570837388748002
1.067 0.857365092443543
1.0679999999999998 0.8576460211774412
1.069 0.8579265257787035
1.0699999999999998 0.8582066069480812
1.071 0.8584862653848714
1.0719999999999998 0.8587655017869171
1.073 0.859044316850614
1.0739999999999998 0.8593227112709081
1.075 0.8596006857413019
1.0759999999999998 0.8598782409538555
1.077 0.8601553775991886
1.0779999999999998 0.8604320963664842
1.079 0.8607083979434896
1.0799999999999998 0.860984283016521
1.081 0.8612597522704624
1.0819999999999999 0.8615348063887723
1.083 0.8618094460534826
1.0839999999999999 0.8620836719452033
1.085 0.8623574847431237
1.0859999999999999 0.8626308851250153
1.087 0.8629038737672337
1.0879999999999999 0.8631764513447213
1.089 0.8634486185310106
1.0899999999999999 0.8637203759982247
1.091 0.8639917244170809
1.0919999999999999 0.8642626644568929
1.093 0.8645331967855727
1.0939999999999999 0.8648033220696342
1.095 0.8650730409741929
1.0959999999999999 0.8653423541629717
1.097 0.8656112622983005
1.0979999999999999 0.8658797660411192
1.099 0.8661478660509808
1.0999999999999999 0.8664155629860528
1.101 0.86668285750312
1.1019999999999999 0.8669497502575862
1.103 0.8672162419034771
1.1039999999999999 0.8674823330934424
1.105 0.8677480244787577
1.1059999999999999 0.8680133167093269
1.107 0.8682782104336848
1.1079999999999999 0.8685427062989991
1.109 0.8688068049510714
1.1099999999999999 0.8690705070343427
1.111 0.869333813191892
1.1119999999999999 0.8695967240654399
1.113 0.8698592402953512
1.1139999999999999 0.8701213625206375
1.115 0.8703830913789572
1.1159999999999999 0.87064442750662
1.117 0.870905371538588
1.1179999999999999 0.8711659241084782
1.119 0.8714260858485636
1.1199999999999999 0.8716858573897776
1.121 0.8719452393617134
1.1219999999999999 0.8722042323926281
1.123 0.8724628371094442
1.1239999999999999 0.8727210541377514
1.125 0.8729788841018091
1.126 0.8732363276245484
1.127 0.8734933853275745
1.128 0.8737500578611188
1.129 0.8740063459582502
1.13 0.8742622502550393
1.131 0.8745177713763298
1.132 0.8747729099458513
1.133 0.8750276665862206
1.134 0.8752820419189479
1.135 0.8755360365644392
1.136 0.8757896511420016
1.137 0.8760428862698456
1.138 0.8762957425650906
1.139 0.8765482206437671
1.14 0.8768003211208222
1.141 0.8770520446101229
1.142 0.8773033917244594
1.143 0.8775543630755492
1.144 0.8778049592740419
1.145 0.8780551809295211
1.146 0.8783050286505106
1.147 0.8785545030444767
1.148 0.8788036047178317
1.149 0.8790523342759393
1.15 0.8793006923231174
1.151 0.8795486794626406
1.152 0.8797962962967469
1.153 0.88004354342664
1.154 0.8802904214524917
1.155 0.8805369309734487
1.156 0.8807830725876332
1.157 0.8810288468921487
1.158 0.8812742544830833
1.1589999999999998 0.8815192959555134
1.16 0.8817639719035073
1.1609999999999998 0.8820082829201287
1.162 0.8822522295974413
1.1629999999999998 0.8824958125265113
1.164 0.882739032297412
1.1649999999999998 0.8829818894992276
1.166 0.8832243847200559
1.1669999999999998 0.8834665185470134
1.168 0.8837082915662378
1.1689999999999998 0.8839497043628919
1.17 0.8841907575211679
1.1709999999999998 0.8844314516242907
1.172 0.8846717872545211
1.1729999999999998 0.8849117649931602
1.174 0.8851513854205527
1.1749999999999998 0.8853906491160902
1.176 0.8856295566582157
1.1769999999999998 0.8858681086244264
1.178 0.8861063055912777
1.1789999999999998 0.8863441481343867
1.18 0.8865816368284359
1.1809999999999998 0.8868187722471768
1.182 0.8870555549634337
1.1829999999999998 0.8872919855491063
1.184 0.8875280645751746
1.1849999999999998 0.8877637926117024
1.186 0.8879991702278391
1.1869999999999998 0.8882341979918259
1.188 0.8884688764709969
1.1889999999999998 0.8887032062317846
1.19 0.8889371878397221
1.1909999999999998 0.8891708218594473
1.192 0.8894041088547067
1.1929999999999998 0.8896370493883575
1.194 0.8898696440223737
1.1949999999999998 0.8901018932930577
1.196 0.8903337976599636
1.1969999999999998 0.8905653576653544
1.198 0.8907965738602157
1.1989999999999998 0.8910274467944874
1.2 0.89125797701707
1.2009999999999998 0.8914881650758216
1.202 0.8917180115175641
1.2029999999999998 0.8919475168880823
1.204 0.8921766817321262
1.2049999999999998 0.8924055065934144
1.206 0.8926339920146336
1.2069999999999999 0.8928621385374416
1.208 0.893089946702469
1.2089999999999999 0.8933174170493214
1.21 0.8935445501165798
1.2109999999999999 0.8937713464418041
1.212 0.8939978065615335
1.2129999999999999 0.8942239310112888
1.214 0.8944497203255748
1.2149999999999999 0.8946751750378807
1.216 0.8949002956806831
1.2169999999999999 0.8951250827854464
1.218 0.8953495368826269
1.2189999999999999 0.8955736585016714
1.22 0.8957974481710212
1.2209999999999999 0.8960209064181137
1.222 0.8962440337693826
1.2229999999999999 0.896466830750261
1.224 0.8966892978851834
1.2249999999999999 0.8969114356975858
1.226 0.8971332447099086
1.2269999999999999 0.897354725443598
1.228 0.8975758784191079
1.2289999999999999 0.8977967041559016
1.23 0.8980172031724531
1.2309999999999999 0.8982373759862486
1.232 0.8984572231137895
1.2329999999999999 0.8986767450705918
1.234 0.898895942371191
1.2349999999999999 0.8991148155291402
1.236 0.8993333650570141
1.2369999999999999 0.8995515914664102
1.238 0.8997694952679495
1.2389999999999999 0.89998707697128
1.24 0.9002043370850762
1.2409999999999999 0.9004212761170425
1.242 0.9006378945739137
1.2429999999999999 0.9008541929614573
1.244 0.9010701717844746
1.2449999999999999 0.9012858315468031
1.246 0.901501172751317
1.2469999999999999 0.9017161958999296
1.248 0.9019309014935949
1.2489999999999999 0.9021452900323088
1.25 0.9023593620151114
1.251 0.9025731179400878
1.252 0.9027865583043695
1.253 0.9029996836041377
1.254 0.903212494334623
1.255 0.9034249909901073
1.256 0.9036371740639263
1.257 0.9038490440484707
1.258 0.9040606014351872
1.259 0.9042718467145804
1.26 0.9044827803762142
1.261 0.9046934029087149
1.262 0.9049037148146816
1.263 0.905113716645464
1.264 0.905323408898393
1.265 0.9055327920631396
1.266 0.9057418666285555
1.267 0.9059506330826774
1.268 0.9061590919127286
1.269 0.9063672436051214
1.27 0.9065750886454612
1.271 0.9067826275185469
1.272 0.9069898607083754
1.273 0.9071967886981428
1.274 0.907403411970249
1.275 0.9076097310062962
1.276 0.9078157462870967
1.277 0.9080214582926716
1.278 0.9082268675022541
1.279 0.908431974394294
1.28 0.9086367794464574
1.281 0.9088412831356315
1.282 0.9090454859379259
1.283 0.9092493883286752
1.284 0.9094529907824423
1.285 0.9096562937730209
1.2859999999999998 0.9098592977734363
1.287 0.9100620032559507
1.2879999999999998 0.9102644106920621
1.289 0.9104665205525111
1.2899999999999998 0.9106683333072804
1.291 0.9108698494255972
1.2919999999999998 0.9110710693759381
1.293 0.911271993626029
1.2939999999999998 0.9114726226428496
1.295 0.9116729568926336
1.2959999999999998 0.9118729968408744
1.297 0.9120727429523239
1.2979999999999998 0.9122721956909982
1.299 0.912471355520178
1.2999999999999998 0.9126702229024117
1.301 0.9128687982995188
1.3019999999999998 0.9130670821725898
1.303 0.9132650749819916
1.3039999999999998 0.9134627771873688
1.305 0.9136601892476452
1.3059999999999998 0.9138573116210272
1.307 0.9140541447650072
1.3079999999999998 0.9142506891363631
1.309 0.9144469451911641
1.3099999999999998 0.9146429133847706
1.311 0.9148385941718387
1.3119999999999998 0.9150339880063209
1.313 0.9152290953414688
1.3139999999999998 0.9154239166298364
1.315 0.9156184523232824
1.3159999999999998 0.9158127028729711
1.317 0.9160066687293772
1.3179999999999998 0.9162003503422858
1.319 0.9163937481607964
1.3199999999999998 0.9165868626333249
1.321 0.9167796942076061
1.3219999999999998 0.9169722433306946
1.323 0.9171645104489703
1.3239999999999998 0.9173564960081381
1.325 0.9175482004532309
1.3259999999999998 0.9177396242286121
1.327 0.9179307677779789
1.3279999999999998 0.9181216315443634
1.329 0.9183122159467004
1.3299999999999998 0.9185025213182963
1.331 0.9186925480798939
1.3319999999999999 0.918882296663883
1.333 0.9190717675018115
1.3339999999999999 0.9192609610243861
1.335 0.9194498776614725
1.3359999999999999 0.9196385178420958
1.337 0.9198268819944415
1.3379999999999999 0.9200149705458557
1.339 0.920202783922846
1.3399999999999999 0.9203903225510821
1.341 0.9205775868553949
1.3419999999999999 0.9207645772597794
1.343 0.920951294187394
1.3439999999999999 0.9211377380605601
1.345 0.9213239093007644
1.3459999999999999 0.9215098083286584
1.347 0.9216954355640589
1.3479999999999999 0.9218807914259487
1.349 0.9220658763324777
1.3499999999999999 0.9222506907009628
1.351 0.9224352349478874
1.3519999999999999 0.9226195094889045
1.353 0.9228035147388352
1.3539999999999999 0.9229872511116693
1.355 0.9231707190205662
1.3559999999999999 0.9233539188778556
1.357 0.923536851095038
1.3579999999999999 0.9237195160827848
1.359 0.9239019142509393
1.3599999999999999 0.9240840460085162
1.361 0.9242659117637031
1.3619999999999999 0.9244475119238612
1.363 0.9246288468955237
1.3639999999999999 0.9248099170843995
1.365 0.924990722895371
1.3659999999999999 0.9251712647324957
1.367 0.9253515429990069
1.3679999999999999 0.925531558097313
1.369 0.9257113104290001
1.3699999999999999 0.925890800394829
1.371 0.9260700283947396
1.3719999999999999 0.9262489948278494
1.373 0.9264277000924529
1.3739999999999999 0.9266061445860241
1.375 0.9267843287052163
1.376 0.9269622528458616
1.377 0.9271399174029726
1.378 0.9273173227707425
1.379 0.9274944693425449
1.38 0.9276713575109345
1.381 0.9278479876676488
1.382 0.9280243602036061
1.383 0.9282004755089088
1.384 0.9283763339728415
1.385 0.9285519359838718
1.386 0.9287272819296527
1.387 0.92890237219702
1.388 0.9290772071719948
1.389 0.9292517872397836
1.39 0.9294261127847787
1.391 0.9296001841905573
1.392 0.9297740018398843
1.393 0.9299475661147106
1.394 0.9301208773961746
1.395 0.9302939360646024
1.396 0.9304667425254867
1.397 0.9306392972860028
1.398 0.9308116007493498
1.399 0.9309836533020769
1.4 0.9311554553301482
1.401 0.9313270072189429
1.402 0.931498309353259
1.403 0.9316693621173157
1.404 0.9318401658947559
1.405 0.9320107210686485
1.406 0.9321810280214908
1.407 0.9323510871352116
1.408 0.9325208987911731
1.409 0.9326904633701739
1.41 0.932859781252451
1.411 0.9330288528176821
1.412 0.9331976784449896
1.4129999999999998 0.933366258512941
1.414 0.9335345933995528
1.4149999999999998 0.9337026834822918
1.416 0.9338705291380802
1.4169999999999998 0.9340381307432941
1.418 0.9342054886737691
1.4189999999999998 0.9343726033048017
1.42 0.9345394750111519
1.4209999999999998 0.9347061041670448
1.422 0.9348724911461755
1.4229999999999998 0.9350386363217077
1.424 0.9352045400662804
1.4249999999999998 0.9353702027520072
1.426 0.9355356247504804
1.4269999999999998 0.935700806432772
1.428 0.9358657481694386
1.4289999999999998 0.9360304503305206
1.43 0.9361949132855478
1.4309999999999998 0.9363591374035397
1.432 0.9365231230530087
1.4329999999999998 0.9366868706019629
1.434 0.9368503804179071
1.4349999999999998 0.9370136528678473
1.436 0.9371766883182917
1.4369999999999998 0.9373394871352534
1.438 0.9375020496842529
1.4389999999999998 0.9376643763303202
1.44 0.937826467437999
1.4409999999999998 0.937988323371346
1.442 0.9381499444939359
1.4429999999999998 0.938311331168862
1.444 0.9384724837587411
1.4449999999999998 0.938633402625713
1.446 0.9387940881314443
1.4469999999999998 0.9389545406371317
1.448 0.939114760503502
1.4489999999999998 0.9392747480908171
1.45 0.9394345037588749
1.4509999999999998 0.9395940278670116
1.452 0.939753320774105
1.4529999999999998 0.9399123828385761
1.454 0.9400712144183921
1.4549999999999998 0.9402298158710682
1.456 0.9403881875536702
1.4569999999999999 0.9405463298228169
1.458 0.940704243034683
1.4589999999999999 0.9408619275450001
1.46 0.9410193837090607
1.4609999999999999 0.94117661188172
1.462 0.941333612417397
1.4629999999999999 0.9414903856511636
1.464 0.9416469318364464
1.4649999999999999 0.9418032513056301
1.466 0.9419593444040467
1.4669999999999999 0.9421152114764312
1.468 0.9422708528669206
1.4689999999999999 0.9424262689190563
1.47 0.9425814599757839
1.4709999999999999 0.9427364263794535
1.472 0.9428911684718215
1.4729999999999999 0.9430456865940503
1.474 0.9431999810867093
1.4749999999999999 0.9433540522897763
1.476 0.9435079005426369
1.4769999999999999 0.9436615261840855
1.478 0.9438149295523273
1.4789999999999999 0.943968110984977
1.48 0.9441210708190615
1.4809999999999999 0.9442738093910186
1.482 0.9444263270366985
1.4829999999999999 0.9445786240913653
1.484 0.9447307008896964
1.4849999999999999 0.9448825577657838
1.486 0.9450341950531349
1.4869999999999999 0.9451856130846727
1.488 0.9453368121927367
1.4889999999999999 0.9454877927090836
1.49 0.9456385549648877
1.4909999999999999 0.9457890992907423
1.492 0.9459394260166587
1.4929999999999999 0.9460895354720693
1.494 0.9462394279858263
1.4949999999999999 0.9463891038862026
1.496 0.9465385635008935
1.4969999999999999 0.9466878071570168
1.498 0.9468368351811125
1.4989999999999999 0.9469856478991449
1.5 0.9471342456365018
1.501 0.9472826287179973
1.502 0.9474307974678698
1.503 0.9475787522097848
1.504 0.9477264932668344
1.505 0.9478740209615379
1.506 0.948021335615843
1.507 0.9481684375511263
1.508 0.9483153270881934
1.509 0.9484620045472804
1.51 0.9486084702480536
1.511 0.948754724509611
1.512 0.9489007676504821
1.513 0.9490465999886295
1.514 0.9491922218414482
1.515 0.9493376335257675
1.516 0.9494828353578513
1.517 0.9496278276533979
1.518 0.9497726107275416
1.519 0.9499171848948531
1.52 0.9500615504693394
1.521 0.9502057077644454
1.522 0.9503496570930537
1.523 0.9504933987674866
1.524 0.9506369330995044
1.525 0.9507802604003083
1.526 0.9509233809805386
1.527 0.9510662951502792
1.528 0.9512090032190532
1.529 0.9513515054958277
1.53 0.9514938022938023
1.531 0.9516358939480162
1.532 0.9517777807716903
1.533 0.9519194630735669
1.534 0.9520609411618803
1.535 0.9522022153443589
1.536 0.9523432859282259
1.537 0.9524841532201997
1.538 0.9526248175264962
1.539 0.9527652791528293
1.54 0.9529055384044114
1.541 0.9530455955859549
1.5419999999999998 0.9531854510016734
1.543 0.9533251049552824
1.5439999999999998 0.9534645577500007
1.545 0.9536038096885507
1.5459999999999998 0.9537428610731608
1.547 0.9538817122055645
1.5479999999999998 0.9540203633870029
1.549 0.954158814918226
1.5499999999999998 0.9542970670994922
1.551 0.9544351202305706
1.5519999999999998 0.9545729746107408
1.553 0.9547106305387957
1.5539999999999998 0.9548480883130408
1.555 0.9549853482312964
1.5559999999999998 0.9551224105908979
1.557 0.9552592756886967
1.5579999999999998 0.9553959438210623
1.559 0.9555324152838822
1.5599999999999998 0.9556686903725631
1.561 0.9558047693820323
1.5619999999999998 0.9559406526067384
1.563 0.9560763403406527
1.5639999999999998 0.9562118328772697
1.565 0.956347130509608
1.5659999999999998 0.956482233530212
1.567 0.9566171422311526
1.5679999999999998 0.956751856904028
1.569 0.9568863778399639
1.5699999999999998 0.9570207053296169
1.571 0.9571548396631734
1.5719999999999998 0.9572887811303505
1.573 0.9574225300203988
1.5739999999999998 0.9575560866221016
1.575 0.9576894512237769
1.5759999999999998 0.9578226241132773
1.577 0.9579556055779926
1.5779999999999998 0.9580883959048498
1.579 0.958220995380314
1.5799999999999998 0.9583534042903891
1.581 0.9584856229206202
1.5819999999999999 0.9586176515560934
1.583 0.9587494904814361
1.5839999999999999 0.9588811399808204
1.585 0.9590126003379613
1.5859999999999999 0.95914387183612
1.587 0.9592749547581033
1.5879999999999999 0.9594058493862646
1.589 0.9595365560025061
1.5899999999999999 0.9596670748882793
1.591 0.9597974063245847
1.5919999999999999 0.9599275505919751
1.593 0.9600575079705536
1.5939999999999999 0.9601872787399781
1.595 0.9603168631794583
1.5959999999999999 0.9604462615677607
1.597 0.9605754741820869
1.5979999999999999 0.9607045012934919
1.599 0.9608333431778486
1.5999999999999999 0.9609620001116489
1.601 0.961090472370933
1.6019999999999999 0.9612187602312902
1.603 0.9613468639678584
1.6039999999999999 0.9614747838553263
1.605 0.9616025201679336
1.6059999999999999 0.9617300731794717
1.607 0.9618574431632854
1.6079999999999999 0.9619846303922722
1.609 0.9621116351388848
1.6099999999999999 0.9622384576751309
1.611 0.9623650982725744
1.6119999999999999 0.9624915572023357
1.613 0.9626178347350939
1.6139999999999999 0.9627439311410854
1.615 0.9628698466901076
1.6159999999999999 0.9629955816515168
1.617 0.9631211362942309
1.6179999999999999 0.9632465108867302
1.619 0.9633717056970563
1.6199999999999999 0.9634967209928165
1.621 0.9636215570411805
1.6219999999999999 0.963746214108884
1.623 0.9638706924622289
1.6239999999999999 0.9639949923670832
1.625 0.9641191140888836
1.626 0.9642430578926346
1.627 0.9643668240429097
1.628 0.9644904128038533
1.629 0.9646138244391804
1.63 0.9647370592121772
1.631 0.9648601173857031
1.632 0.9649829992221901
1.633 0.9651057049836455
1.634 0.9652282349316502
1.635 0.965350589327362
1.636 0.9654727684315143
1.637 0.9655947725044189
1.638 0.9657166018059649
1.639 0.9658382565956205
1.64 0.9659597371324341
1.641 0.9660810436750347
1.642 0.9662021764816321
1.643 0.9663231358100184
1.644 0.9664439219175692
1.645 0.9665645350612434
1.646 0.9666849754975847
1.647 0.9668052434827219
1.648 0.9669253392723699
1.649 0.9670452631218314
1.65 0.9671650152859955
1.651 0.9672845960193408
1.652 0.967404005575935
1.653 0.9675232442094355
1.654 0.967642312173091
1.655 0.9677612097197421
1.656 0.9678799371018211
1.657 0.9679984945713541
1.658 0.9681168823799611
1.659 0.9682351007788574
1.66 0.9683531500188527
1.661 0.9684710303503541
1.662 0.9685887420233655
1.663 0.968706285287489
1.664 0.9688236604063781
1.665 0.9689408677226415
1.666 0.9690579075050475
1.667 0.9691747800057248
1.668 0.9692914854762978
1.669 0.969408024167888
1.67 0.9695243963311154
1.6709999999999998 0.9696406022160967
1.672 0.969756642072448
1.6729999999999998 0.9698725161492827
1.674 0.9699882246952141
1.6749999999999998 0.9701037679583532
1.676 0.9702191461863111
1.6769999999999998 0.9703343596261987
1.678 0.9704494085246265
1.6789999999999998 0.9705642931277052
1.68 0.9706790136810459
1.6809999999999998 0.970793570429761
1.682 0.9709079636184632
1.6829999999999998 0.9710221934912675
1.684 0.9711362602917899
1.6849999999999998 0.9712501642631477
1.686 0.9713639056479623
1.6869999999999998 0.971477484688356
1.688 0.9715909016259543
1.6889999999999998 0.971704156701886
1.69 0.9718172501567832
1.6909999999999998 0.9719301822307814
1.692 0.9720429531635206
1.6929999999999998 0.972155563194144
1.694 0.9722680125613002
1.6949999999999998 0.9723803015031426
1.696 0.9724924302573282
1.6969999999999998 0.9726043990610213
1.698 0.9727162081508903
1.6989999999999998 0.9728278577631103
1.7 0.9729393481333621
1.7009999999999998 0.973050679496833
1.702 0.9731618520882171
1.7029999999999998 0.9732728661417154
1.704 0.9733837218910362
1.7049999999999998 0.9734944195693948
1.706 0.9736049594095146
1.7069999999999999 0.9737153416436277
1.708 0.9738255665034732
1.7089999999999999 0.9739356342202997
1.71 0.9740455450248641
1.7109999999999999 0.9741552991474328
1.712 0.9742648968177812
1.7129999999999999 0.9743743382651945
1.714 0.9744836237184682
1.7149999999999999 0.9745927534059068
1.716 0.9747017275553265
1.7169999999999999 0.9748105463940527
1.718 0.9749192101489238
1.7189999999999999 0.9750277190462873
1.72 0.9751360733120035
1.7209999999999999 0.9752442731714431
1.722 0.9753523188494901
1.7229999999999999 0.9754602105705407
1.724 0.975567948558502
1.7249999999999999 0.9756755330367956
1.726 0.9757829642283546
1.7269999999999999 0.9758902423556264
1.728 0.9759973676405715
1.7289999999999999 0.9761043403046641
1.73 0.9762111605688922
1.7309999999999999 0.9763178286537586
1.732 0.9764243447792795
1.7329999999999999 0.9765307091649872
1.734 0.9766369220299278
1.7349999999999999 0.9767429835926631
1.736 0.9768488940712703
1.7369999999999999 0.9769546536833427
1.738 0.977060262645989
1.7389999999999999 0.9771657211758338
1.74 0.9772710294890194
1.7409999999999999 0.9773761878012032
1.742 0.9774811963275607
1.7429999999999999 0.9775860552827842
1.744 0.9776907648810829
1.7449999999999999 0.9777953253361843
1.746 0.977899736861334
1.7469999999999999 0.9780039996692944
1.748 0.9781081139723475
1.7489999999999999 0.978212079982294
1.75 0.9783158979104521
1.751 0.9784195679676604
1.752 0.9785230903642763
1.753 0.978626465310176
1.754 0.978729693014757
1.755 0.9788327736869353
1.756 0.9789357075351481
1.757 0.9790384947673524
1.758 0.9791411355910262
1.759 0.9792436302131688
1.76 0.9793459788402998
1.761 0.9794481816784605
1.762 0.9795502389332142
1.763 0.9796521508096457
1.764 0.9797539175123617
1.765 0.9798555392454911
1.766 0.9799570162126858
1.767 0.9800583486171198
1.768 0.9801595366614911
1.769 0.9802605805480192
1.77 0.9803614804784485
1.771 0.9804622366540462
1.772 0.9805628492756034
1.773 0.9806633185434356
1.774 0.9807636446573826
1.775 0.9808638278168079
1.776 0.9809638682206007
1.777 0.981063766067174
1.778 0.9811635215544676
1.779 0.981263134879945
1.78 0.981362606240596
1.781 0.9814619358329364
1.782 0.9815611238530071
1.783 0.9816601704963761
1.784 0.9817590759581376
1.785 0.981857840432912
1.786 0.9819564641148477
1.787 0.9820549471976189
1.788 0.9821532898744271
1.789 0.9822514923380024
1.79 0.9823495547806012
1.791 0.9824474773940093
1.792 0.9825452603695392
1.793 0.9826429038980322
1.794 0.9827404081698584
1.795 0.9828377734900552
1.796 0.9829350004639242
1.797 0.9830320893305489
1.7979999999999998 0.9831290402927857
1.799 0.9832258535531492
1.7999999999999998 0.9833225293138095
1.801 0.9834190677765943
1.8019999999999998 0.9835154691429893
1.803 0.9836117336141362
1.8039999999999998 0.9837078613908358
1.805 0.9838038526735459
1.8059999999999998 0.9838997076623819
1.807 0.9839954265571189
1.8079999999999998 0.9840910095571891
1.809 0.9841864568616834
1.8099999999999998 0.984281768669352
1.811 0.9843769451786031
1.8119999999999998 0.9844719865875052
1.813 0.9845668930937855
1.8139999999999998 0.9846616648948298
1.815 0.984756302187685
1.8159999999999998 0.9848508051690565
1.817 0.9849451740353109
1.8179999999999998 0.9850394089824742
1.819 0.9851335102062326
1.8199999999999998 0.9852274779019334
1.821 0.985321312264584
1.8219999999999998 0.9854150134888534
1.823 0.9855085817690704
1.8239999999999998 0.9856020172992263
1.825 0.9856953202729731
1.8259999999999998 0.9857884908836245
1.827 0.985881529324156
1.8279999999999998 0.9859744357872047
1.829 0.9860672104650696
1.8299999999999998 0.9861598535497134
1.831 0.9862523652327594
1.8319999999999999 0.9863447457054939
1.833 0.9864369951588666
1.8339999999999999 0.9865291137834897
1.835 0.9866211017696387
1.8359999999999999 0.9867129593072517
1.837 0.986804686585931
1.8379999999999999 0.9868962837949417
1.839 0.9869877511232136
1.8399999999999999 0.9870790887593394
1.841 0.9871702968915769
1.8419999999999999 0.987261375707847
1.843 0.987352325395736
1.8439999999999999 0.9874431461424947
1.845 0.9875338381350375
1.8459999999999999 0.9876244015599448
1.847 0.9877148366034622
1.8479999999999999 0.9878051434514996
1.849 0.9878953222896326
1.8499999999999999 0.9879853733031029
1.851 0.9880752966768174
1.8519999999999999 0.9881650925953489
1.853 0.9882547612429363
1.8539999999999999 0.9883443028034846
1.855 0.988433717460565
1.8559999999999999 0.9885230053974159
1.857 0.9886121667969413
1.8579999999999999 0.9887012018417131
1.859 0.9887901107139689
1.8599999999999999 0.988878893595615
1.861 0.9889675506682232
1.8619999999999999 0.9890560821130348
1.863 0.9891444881109566
1.8639999999999999 0.9892327688425645
1.865 0.9893209244881019
1.8659999999999999 0.9894089552274804
1.867 0.9894968612402792
1.8679999999999999 0.989584642705747
1.869 0.9896722998027998
1.8699999999999999 0.9897598327100231
1.871 0.9898472416056708
1.8719999999999999 0.9899345266676661
1.873 0.9900216880736011
1.8739999999999999 0.9901087260007371
1.875 0.9901956406260047
1.876 0.9902824321260048
1.877 0.9903691006770068
1.878 0.9904556464549515
1.879 0.9905420696354483
1.88 0.9906283703937779
1.881 0.99071454890489
1.882 0.9908006053434064
1.883 0.9908865398836182
1.884 0.9909723526994875
1.885 0.9910580439646478
1.886 0.9911436138524038
1.887 0.99122906253573
1.888 0.9913143901872733
1.889 0.991399596979353
1.89 0.9914846830839574
1.891 0.9915696486727493
1.892 0.9916544939170623
1.893 0.9917392189879009
1.894 0.9918238240559437
1.895 0.9919083092915406
1.896 0.9919926748647147
1.897 0.9920769209451603
1.898 0.9921610477022461
1.899 0.9922450553050127
1.9 0.9923289439221741
1.901 0.9924127137221169
1.902 0.9924963648729022
1.903 0.9925798975422634
1.904 0.9926633118976084
1.905 0.992746608106018
1.906 0.9928297863342472
1.907 0.9929128467487255
1.908 0.9929957895155556
1.909 0.9930786148005152
1.91 0.9931613227690562
1.911 0.993243913586305
1.912 0.9933263874170629
1.913 0.9934087444258057
1.914 0.9934909847766843
1.915 0.993573108633525
1.916 0.9936551161598285
1.917 0.9937370075187715
1.918 0.9938187828732065
1.919 0.9939004423856608
1.92 0.993981986218338
1.921 0.9940634145331175
1.922 0.9941447274915544
1.923 0.99422592525488
1.924 0.9943070079840026
1.9249999999999998 0.9943879758395062
1.926 0.9944688290713892
1.9269999999999998 0.9945495680301676
1.928 0.9946301928877245
1.9289999999999998 0.9947107038098773
1.93 0.9947911009621684
1.9309999999999998 0.9948713845098662
1.932 0.9949515546179645
1.9329999999999998 0.9950316114511836
1.934 0.9951115551739694
1.9349999999999998 0.9951913859504935
1.936 0.9952711039446549
1.9369999999999998 0.9953507093200779
1.938 0.9954302022401135
1.9389999999999998 0.9955095828678399
1.94 0.9955888513660612
1.9409999999999998 0.9956680078973091
1.942 0.9957470526238418
1.9429999999999998 0.9958259857076448
1.944 0.9959048073104307
1.9449999999999998 0.9959835175936398
1.946 0.9960621167184388
1.9469999999999998 0.9961406048457233
1.948 0.9962189821361156
1.9489999999999998 0.9962972487499667
1.95 0.9963754048473543
1.9509999999999998 0.9964534505880851
1.952 0.9965313861316939
1.9529999999999998 0.9966092116374433
1.954 0.9966869272643242
1.9549999999999998 0.996764533171057
1.956 0.9968420295160892
1.9569999999999999 0.9969194164575986
1.958 0.9969966941534906
1.9589999999999999 0.9970738627613999
1.96 0.9971509224386907
1.9609999999999999 0.9972278733424561
1.962 0.9973047156295184
1.9629999999999999 0.9973814494564294
1.964 0.99745807497947
1.9649999999999999 0.9975345923546514
1.966 0.9976110017377144
1.9669999999999999 0.9976873032841294
1.968 0.9977634971490968
1.9689999999999999 0.9978395834875476
1.97 0.9979155624541417
1.9709999999999999 0.9979914342032705
1.972 0.998067198889056
1.9729999999999999 0.9981428566653495
1.974 0.9982184076857336
1.9749999999999999 0.9982938521035218
1.976 0.9983691900717585
1.9769999999999999 0.9984444217432185
1.978 0.9985195472704077
1.9789999999999999 0.9985945668055639
1.98 0.9986694805006556
1.9809999999999999 0.9987442885073828
1.982 0.9988189909771773
1.9829999999999999 0.9988935880612019
1.984 0.9989680799103512
1.9849999999999999 0.9990424666752519
1.986 0.9991167485062626
1.9869999999999999 0.999190925553474
1.988 0.9992649979667088
1.9889999999999999 0.9993389658955215
1.99 0.9994128294891996
1.9909999999999999 0.9994865888967627
1.992 0.9995602442669631
1.9929999999999999 0.9996337957482856
1.994 0.999707243488948
1.9949999999999999 0.9997805876369004
1.996 0.9998538283398269
1.9969999999999999 0.9999269657451435
1.998 1.0
