0.005 0.0020960201987891753
0.006 0.004185745193779601
0.007 0.006268840057336195
0.008 0.008345345354168308
0.009000000000000001 0.010415313328483982
0.01 0.012478784842643647
0.011 0.014535793947420314
0.012 0.01658637434533134
0.013000000000000001 0.01863055939557567
0.014000000000000002 0.020668382118883662
0.015 0.02269987520227599
0.016 0.02472507100373847
0.017 0.026744001556811857
0.018000000000000002 0.028756704829551828
0.019 0.030763229188995895
0.02 0.032763610501474506
0.021 0.03475788371454801
0.022000000000000002 0.03674608344704064
0.023000000000000003 0.03872824399358326
0.024 0.04070439932907342
0.025 0.04267458311305744
0.026000000000000002 0.04463882869403549
0.027 0.04659716911369117
0.028 0.04854963711104632
0.029 0.050496265126545495
0.030000000000000002 0.052437085306067235
0.031000000000000003 0.05437212950486818
0.032 0.056301429291458344
0.033 0.058225015885065366
0.034 0.06014291969775951
0.034999999999999996 0.06205517124455636
0.036 0.0639618008918577
0.037 0.0658628387382595
0.038 0.06775831461804213
0.039 0.06964825810459982
0.04 0.07153269851381604
0.041 0.07341166490737984
0.041999999999999996 0.0752851860960498
0.043 0.07715329064286178
0.044 0.07901600686628633
0.045 0.08087336284333317
0.046 0.08272538641260474
0.047 0.08457210517730131
0.048 0.08641354650521307
0.048999999999999995 0.08824973694952896
0.049999999999999996 0.09008070289875919
0.051 0.09190647092060045
0.052 0.09372706736232149
0.053 0.09554251835348072
0.054 0.0973528498085992
0.055 0.09915808742979339
0.056 0.10095825670936541
0.057 0.10275338293235341
0.057999999999999996 0.10454349117904137
0.059 0.10632860632743034
0.06 0.10810875305567193
0.061 0.10988395584446276
0.062 0.11165423897940334
0.063 0.11341962655332073
0.064 0.11518014246855482
0.065 0.1169358104392107
0.066 0.11868665399337602
0.067 0.12043269647530591
0.068 0.12217396104757389
0.069 0.12391047069319094
0.07 0.12564224821769293
0.07100000000000001 0.12736931625119705
0.07200000000000001 0.12909169725042627
0.07300000000000001 0.13080941350070652
0.07400000000000001 0.13252248711793208
0.07500000000000001 0.1342309400505021
0.07600000000000001 0.13593479408123005
0.07700000000000001 0.13763407082922455
0.078 0.13932879089403433
0.079 0.14101897414693876
0.08 0.1427046415713034
0.081 0.14438581401041262
0.082 0.14606251215348534
0.083 0.14773475653739024
0.084 0.149402567548336
0.085 0.151065965423538
0.08600000000000001 0.15272497025286072
0.08700000000000001 0.15437960198043787
0.08800000000000001 0.1560298804062686
0.08900000000000001 0.1576758251877919
0.09000000000000001 0.15931745584143936
0.09100000000000001 0.16095479174416474
0.09200000000000001 0.16258785213495386
0.093 0.16421665611631286
0.094 0.16584122265573564
0.095 0.16746157058715144
0.096 0.16907771861235202
0.097 0.1706896853024004
0.098 0.17229748909901904
0.099 0.17390114831595901
0.1 0.17550068114035314
0.101 0.17709610563404607
0.10200000000000001 0.17868743973491222
0.10300000000000001 0.18027470125815062
0.10400000000000001 0.18185790789756603
0.10500000000000001 0.18343707722683067
0.10600000000000001 0.18501222670073114
0.10700000000000001 0.18658337328591965
0.10800000000000001 0.18815053298573886
0.10900000000000001 0.18971372266692083
0.11 0.19127295915545792
0.111 0.19282825915968244
0.112 0.19437963927143762
0.113 0.1959271159672348
0.114 0.19747070560939456
0.115 0.1990104244471734
0.116 0.20054628861787532
0.117 0.20207831414794994
0.11800000000000001 0.20360651695407553
0.11900000000000001 0.20513091284422855
0.12000000000000001 0.20665151751873953
0.12100000000000001 0.20816834657133498
0.12200000000000001 0.20968141549016714
0.12300000000000001 0.2111907396588287
0.12400000000000001 0.21269633435735685
0.125 0.21419821476322348
0.126 0.2156963959523122
0.127 0.21719089289988477
0.128 0.21868172048153428
0.129 0.22016889347412674
0.13 0.22165242655673076
0.131 0.22313233431153578
0.132 0.22460863122475963
0.133 0.2260813316875425
0.134 0.22755044999683352
0.135 0.22901600035626368
0.136 0.23047799687700857
0.137 0.23193645357864132
0.138 0.2333913843899748
0.139 0.23484280314989264
0.14 0.23629072360817238
0.14100000000000001 0.23773515942629594
0.14200000000000002 0.23917612417825307
0.14300000000000002 0.24061363135133226
0.14400000000000002 0.24204769434690504
0.14500000000000002 0.24347832648119871
0.14600000000000002 0.2449055409860608
0.14700000000000002 0.2463293510097144
0.14800000000000002 0.2477497696175049
0.14900000000000002 0.2491668097926365
0.15 0.25058048444557446
0.151 0.2519908065344622
0.152 0.2533977888580791
0.153 0.2548014440919833
0.154 0.25620178483345535
0.155 0.2575988236021848
0.156 0.2589925728409475
0.157 0.260383044916276
0.158 0.26177025211912225
0.159 0.26315420666551154
0.16 0.26453492069719087
0.161 0.26591240628226753
0.162 0.26728667541584294
0.163 0.2686577400206373
0.164 0.2700256119476069
0.165 0.27139030297655686
0.166 0.2727518248167447
0.167 0.27411018910747736
0.168 0.27546540741870235
0.169 0.2768174912515919
0.17 0.2781664520391207
0.171 0.27951230114663567
0.17200000000000001 0.28085504987242277
0.17300000000000001 0.28219470944826314
0.17400000000000002 0.2835312910399875
0.17500000000000002 0.28486480574802076
0.17600000000000002 0.2861952646079228
0.17700000000000002 0.28752267859092207
0.17800000000000002 0.288847058604445
0.17900000000000002 0.290168415492637
0.18000000000000002 0.2914867600368807
0.181 0.292802102956306
0.182 0.2941144549082965
0.183 0.2954238264889887
0.184 0.2967302282337677
0.185 0.29803367061775626
0.186 0.29933416405629837
0.187 0.3006317189054382
0.188 0.30192634546239533
0.189 0.30321805396603146
0.19 0.3045068545973149
0.191 0.30579275747977996
0.192 0.30707577267997993
0.193 0.30835591020793657
0.194 0.30963318010256163
0.195 0.3109075923825459
0.196 0.3121791569047846
0.197 0.31344788347114116
0.198 0.3147137818293899
0.199 0.31597686167363526
0.2 0.317237132644729
0.201 0.31849460433068194
0.202 0.31974928626707166
0.203 0.321001187937446
0.20400000000000001 0.3222503187737224
0.20500000000000002 0.3234966881565833
0.20600000000000002 0.32474030541586657
0.20700000000000002 0.3259811798309544
0.20800000000000002 0.3272193206311544
0.20900000000000002 0.32845473699608024
0.21000000000000002 0.3296874380560264
0.21100000000000002 0.33091743289234077
0.21200000000000002 0.3321447305377913
0.21300000000000002 0.33336933997693097
0.214 0.33459127014645773
0.215 0.33581052993557203
0.216 0.3370271281863294
0.217 0.3382410736939905
0.218 0.3394523752073673
0.219 0.34066104142916576
0.22 0.3418670810163256
0.221 0.34307050258035576
0.222 0.3442713146876674
0.223 0.3454695258599031
0.224 0.3466651445742634
0.225 0.347858179263829
0.226 0.34904863831788124
0.227 0.3502365300822182
0.228 0.3514218628594688
0.229 0.35260464490940263
0.23 0.3537848844492378
0.231 0.35496258965394545
0.232 0.35613776865655106
0.233 0.35731042954843284
0.234 0.35848058037961805
0.23500000000000001 0.3596482291590754
0.23600000000000002 0.36081338385500555
0.23700000000000002 0.36197605242798614
0.23800000000000002 0.3631362429340292
0.23900000000000002 0.3642939632570488
0.24000000000000002 0.36544922122003803
0.24100000000000002 0.3666020246069326
0.24200000000000002 0.36775238116288256
0.24300000000000002 0.36890029859452395
0.24400000000000002 0.37004578457024573
0.245 0.3711888467204564
0.246 0.3723294926378447
0.247 0.37346772987764243
0.248 0.37460356595788097
0.249 0.375737008359647
0.25 0.37686806452733584
0.251 0.3779967418689027
0.252 0.37912304775611005
0.253 0.38024698952477504
0.254 0.3813685744750125
0.255 0.38248780987147707
0.256 0.3836047029436025
0.257 0.38471926088583863
0.258 0.3858314908578871
0.259 0.38694139998493365
0.26 0.3880489953578788
0.261 0.3891542840335675
0.262 0.3902572730350143
0.263 0.391357969351629
0.264 0.39245637993943866
0.265 0.39355251172130823
0.266 0.3946463715871593
0.267 0.3957379663941859
0.268 0.39682730296706986
0.269 0.397914388098193
0.27 0.3989992285478482
0.271 0.400081831044448
0.272 0.40116220228473193
0.273 0.4022403489339714
0.274 0.403316277626173
0.275 0.4043899949642803
0.276 0.40546150752037385
0.277 0.40653082183586847
0.278 0.4075979444217098
0.279 0.4086628817585696
0.28 0.40972564029953
0.281 0.41078622657597286
0.28200000000000003 0.41184464704668444
0.28300000000000003 0.41290090808481966
0.28400000000000003 0.4139550160344448
0.28500000000000003 0.4150069772107216
0.28600000000000003 0.41605679790008954
0.28700000000000003 0.4171044843604469
0.28800000000000003 0.41815004282132934
0.28900000000000003 0.4191934794840887
0.29000000000000004 0.42023480052206824
0.29100000000000004 0.4212740120807772
0.29200000000000004 0.4223111202780648
0.29300000000000004 0.4233461312042913
0.294 0.42437905092249784
0.295 0.4254098854685763
0.296 0.4264386408514353
0.297 0.42746532305316753
0.298 0.4284899380292128
0.299 0.4295124917085219
0.3 0.4305329899937185
0.301 0.43155143876125873
0.302 0.43256784386159153
0.303 0.43358221111931433
0.304 0.4345945463333316
0.305 0.435604855277008
0.306 0.4366131436983232
0.307 0.43761941732002446
0.308 0.43862368183977724
0.309 0.4396259429303152
0.31 0.4406262062395891
0.311 0.44162447739091426
0.312 0.44262076198311723
0.313 0.44361506559067965
0.314 0.4446073937638836
0.315 0.4455977520289529
0.316 0.4465861458881954
0.317 0.44757258082014345
0.318 0.4485570622796926
0.319 0.4495395956982397
0.32 0.4505201864838202
0.321 0.45149884002124363
0.322 0.45247556167222897
0.323 0.4534503567755371
0.324 0.4544232306879681
0.325 0.4553941887943258
0.326 0.4563632363789257
0.327 0.4573303787013894
0.328 0.4582956209994284
0.329 0.45925896848897735
0.33 0.460220426364325
0.331 0.46117999979824514
0.332 0.4621376939421257
0.333 0.4630935139260973
0.334 0.4640474648591613
0.335 0.4649995518293145
0.336 0.46594977990367714
0.337 0.46689815412861585
0.338 0.4678446795298675
0.339 0.4687893611126622
0.34 0.4697322038618451
0.341 0.47067321274199636
0.342 0.4716123926975518
0.343 0.4725497486529224
0.34400000000000003 0.4734852855126105
0.34500000000000003 0.4744190081613295
0.34600000000000003 0.47535092146411806
0.34700000000000003 0.47628103026645685
0.34800000000000003 0.47720933939438215
0.34900000000000003 0.4781358536546004
0.35000000000000003 0.47906057783460065
0.35100000000000003 0.47998351670276695
0.35200000000000004 0.48090467500848866
0.35300000000000004 0.4818240574822719
0.35400000000000004 0.4827416688358487
0.35500000000000004 0.4836575137622852
0.35600000000000004 0.48457159693609064
0.357 0.4854839230133236
0.358 0.4863944966316989
0.359 0.48730332241069263
0.36 0.48821040495164775
0.361 0.48911574883787756
0.362 0.490019358634769
0.363 0.4909212388898854
0.364 0.49182139413306813
0.365 0.4927198288765378
0.366 0.4936165476149941
0.367 0.49451155482571624
0.368 0.4954048549686611
0.369 0.4962964524865618
0.37 0.4971863518050246
0.371 0.4980745573326266
0.372 0.498961073461011
0.373 0.4998459045649823
0.374 0.5007290550026027
0.375 0.5016105291152836
0.376 0.502490331227881
0.377 0.5033684656487873
0.378 0.5042449366700233
0.379 0.5051197485673303
0.38 0.5059929056002598
0.381 0.5068644120122645
0.382 0.5077342720307876
0.383 0.5086024898673515
0.384 0.5094690697176454
0.385 0.5103340157616145
0.386 0.5111973321635459
0.387 0.5120590230721547
0.388 0.5129190926206707
0.389 0.5137775449269235
0.39 0.5146343840934267
0.391 0.5154896141799361
0.392 0.5163432391936355
0.393 0.517195263183703
0.394 0.5180456901864902
0.395 0.5188945242232942
0.396 0.5197417693004375
0.397 0.5205874294093467
0.398 0.5214315085266316
0.399 0.5222740106141628
0.4 0.5231149396191498
0.401 0.5239542994742163
0.402 0.5247920940974784
0.403 0.5256283273926194
0.404 0.5264630032489653
0.405 0.5272961255415598
0.406 0.5281276981312383
0.40700000000000003 0.5289577248647022
0.40800000000000003 0.5297862095745914
0.40900000000000003 0.5306131560795584
0.41000000000000003 0.5314385681843392
0.41100000000000003 0.5322624496798258
0.41200000000000003 0.5330848043431379
0.41300000000000003 0.5339056359376925
0.41400000000000003 0.5347249482132762
0.41500000000000004 0.5355427449061133
0.41600000000000004 0.5363590297389362
0.41700000000000004 0.5371738064210541
0.41800000000000004 0.5379870786484215
0.41900000000000004 0.5387988501037071
0.42000000000000004 0.5396091244563597
0.42100000000000004 0.5404179053626765
0.422 0.5412251964658705
0.423 0.5420310013961348
0.424 0.5428353237707103
0.425 0.5436381671939506
0.426 0.5444395352573859
0.427 0.545239431539789
0.428 0.5460378596072393
0.429 0.5468348230131851
0.43 0.5476303252985086
0.431 0.548424369991588
0.432 0.5492169606083592
0.433 0.5500081006523801
0.434 0.55079779361489
0.435 0.5515860429748717
0.436 0.5523728521991127
0.437 0.5531582247422654
0.438 0.5539421640469071
0.439 0.5547246735435998
0.44 0.5555057566509495
0.441 0.5562854167756649
0.442 0.5570636573126172
0.443 0.5578404816448957
0.444 0.5586158931438694
0.445 0.5593898951692398
0.446 0.5601624910691028
0.447 0.5609336841800013
0.448 0.5617034778269849
0.449 0.5624718753236634
0.45 0.5632388799722637
0.451 0.5640044950636848
0.452 0.5647687238775533
0.453 0.5655315696822771
0.454 0.5662930357351004
0.455 0.5670531252821569
0.456 0.5678118415585246
0.457 0.5685691877882778
0.458 0.5693251672162911
0.459 0.5700797831248351
0.46 0.5708330387149023
0.461 0.5715849371734787
0.462 0.572335481676961
0.463 0.5730846753912083
0.464 0.5738325214715962
0.465 0.5745790230630671
0.466 0.5753241833001829
0.467 0.5760680053071766
0.468 0.576810492198003
0.46900000000000003 0.5775516470763902
0.47000000000000003 0.5782914730358892
0.47100000000000003 0.579029973159925
0.47200000000000003 0.5797671505218461
0.47300000000000003 0.5805030081849744
0.47400000000000003 0.5812375492026546
0.47500000000000003 0.5819707766183028
0.47600000000000003 0.5827026934654559
0.47700000000000004 0.5834333027678196
0.47800000000000004 0.5841626075393173
0.47900000000000004 0.5848906107841371
0.48000000000000004 0.5856173154967802
0.48100000000000004 0.586342724662108
0.48200000000000004 0.5870668412553891
0.48300000000000004 0.5877896682423462
0.48400000000000004 0.5885112085792031
0.485 0.58923146521273
0.486 0.5899504410802903
0.487 0.5906681391098865
0.488 0.5913845622202046
0.489 0.5920997133206608
0.49 0.5928135953114454
0.491 0.5935262110835678
0.492 0.5942375635189011
0.493 0.594947655490226
0.494 0.5956564898612757
0.495 0.5963640694867774
0.496 0.5970703972124987
0.497 0.5977754758752881
0.498 0.5984793083031203
0.499 0.5991818973151369
0.5 0.5998832457216898
0.501 0.6005833563243841
0.502 0.6012822319161188
0.503 0.6019798752811294
0.504 0.6026762891950292
0.505 0.6033714764248505
0.506 0.604065439729086
0.507 0.6047581818577293
0.508 0.6054497055523156
0.509 0.6061400135459623
0.51 0.6068291085634088
0.511 0.6075169933210571
0.512 0.6082036705270107
0.513 0.6088891428811147
0.514 0.6095734130749948
0.515 0.610256483792097
0.516 0.6109383577077249
0.517 0.6116190374890802
0.518 0.6122985257953004
0.519 0.6129768252774966
0.52 0.6136539385787927
0.521 0.6143298683343613
0.522 0.615004617171463
0.523 0.6156781877094838
0.524 0.616350582559971
0.525 0.617021804261501
0.526 0.6176918552340126
0.527 0.6183607380438828
0.528 0.619028455258095
0.529 0.6196950094356661
0.53 0.6203604031276798
0.531 0.6210246388773203
0.532 0.6216877192199041
0.533 0.6223496466829149
0.534 0.6230104237860333
0.535 0.6236700530411715
0.536 0.6243285369525045
0.537 0.6249858780165023
0.538 0.625642078721961
0.539 0.6262971415500364
0.54 0.6269510689742732
0.541 0.6276038634606377
0.542 0.6282555274675486
0.543 0.6289060634459079
0.544 0.6295554738391314
0.545 0.6302037610831799
0.546 0.6308509276065897
0.547 0.631496975830502
0.548 0.6321419081686936
0.549 0.6327857270276074
0.55 0.6334284348063807
0.551 0.6340700338968759
0.552 0.6347105266837105
0.553 0.6353499155442852
0.554 0.6359882028488132
0.555 0.6366253909603502
0.556 0.6372614822348215
0.557 0.6378964790210524
0.558 0.6385303836607958
0.559 0.6391631984887607
0.56 0.6397949258326404
0.561 0.6404255680131404
0.562 0.6410551273440066
0.5630000000000001 0.6416836061320529
0.5640000000000001 0.6423110066771891
0.5650000000000001 0.6429373312724475
0.5660000000000001 0.643562582204011
0.5670000000000001 0.6441867617512399
0.5680000000000001 0.6448098721866994
0.5690000000000001 0.6454319157761854
0.5700000000000001 0.6460528947787525
0.5710000000000001 0.6466728114467399
0.5720000000000001 0.6472916680257979
0.5730000000000001 0.6479094667549135
0.5740000000000001 0.648526209866438
0.5750000000000001 0.6491418995861128
0.5760000000000001 0.6497565381330936
0.5770000000000001 0.650370127719978
0.5780000000000001 0.6509826705528307
0.5790000000000001 0.6515941688312077
0.5800000000000001 0.652204624748184
0.5810000000000001 0.6528140404903763
0.582 0.65342241823797
0.583 0.6540297601647428
0.584 0.6546360684380906
0.585 0.6552413452190516
0.586 0.6558455926623311
0.587 0.6564488129163252
0.588 0.6570510081231468
0.589 0.6576521804186469
0.59 0.6582523319324424
0.591 0.6588514647879368
0.592 0.6594495811416372
0.593 0.6600466832184607
0.594 0.6606427731382156
0.595 0.6612378530083971
0.596 0.6618319249306066
0.597 0.662424991000577
0.598 0.663017053308197
0.599 0.6636081139375368
0.6 0.6641981749668714
0.601 0.6647872384687062
0.602 0.6653753065098009
0.603 0.6659623811511939
0.604 0.6665484644482264
0.605 0.6671335584505667
0.606 0.6677176652022336
0.607 0.6683007867416209
0.608 0.6688829251015206
0.609 0.6694640823091462
0.61 0.6700442603861576
0.611 0.6706234613486828
0.612 0.6712016872073416
0.613 0.6717789399672699
0.614 0.672355221628141
0.615 0.6729305341841898
0.616 0.6735048796242353
0.617 0.674078259931703
0.618 0.6746506770846479
0.619 0.6752221330557767
0.62 0.6757926298124709
0.621 0.676362169316808
0.622 0.6769307535255845
0.623 0.6774983843903379
0.624 0.6780650638573686
0.625 0.6786307938677618
0.626 0.679195576357409
0.627 0.6797594132570304
0.628 0.6803223064921958
0.629 0.6808842579833465
0.63 0.6814452696458166
0.631 0.6820053433898547
0.632 0.682564481120644
0.633 0.6831226847383248
0.634 0.6836799561380142
0.635 0.6842362972098283
0.636 0.6847917098389021
0.637 0.6853461959054109
0.638 0.6858997572845897
0.639 0.686452395846756
0.64 0.6870041134573277
0.641 0.6875549119768452
0.642 0.6881047932609916
0.643 0.6886537591606114
0.644 0.689201811521733
0.645 0.689748952185586
0.646 0.6902951829886235
0.647 0.6908405057625407
0.648 0.6913849223342947
0.649 0.6919284345261244
0.65 0.6924710441555699
0.651 0.6930127530354926
0.652 0.6935535629740938
0.653 0.6940934757749342
0.654 0.6946324932369534
0.655 0.695170617154489
0.656 0.6957078493172963
0.657 0.6962441915105652
0.658 0.6967796455149416
0.659 0.6973142130698179
0.66 0.6978478958325793
0.661 0.698380695554588
0.662 0.6989126139898394
0.663 0.6994436528876768
0.664 0.6999738139928076
0.665 0.7005030990453209
0.666 0.7010315097807024
0.667 0.7015590479298528
0.668 0.7020857152191026
0.669 0.702611513370228
0.67 0.703136444100469
0.671 0.7036605091225441
0.672 0.7041837101446659
0.673 0.7047060488705583
0.674 0.7052275269994716
0.675 0.7057481462261991
0.676 0.7062679082410913
0.677 0.7067868147300732
0.678 0.7073048673746594
0.679 0.7078220678519684
0.68 0.7083384178347404
0.681 0.7088539189913503
0.682 0.7093685729858247
0.683 0.709882381477857
0.684 0.7103953461228206
0.685 0.7109074685717873
0.686 0.7114187504715396
0.687 0.7119291934645864
0.6880000000000001 0.7124387991891792
0.6890000000000001 0.712947569279325
0.6900000000000001 0.7134555053648024
0.6910000000000001 0.7139626090711757
0.6920000000000001 0.71446888201981
0.6930000000000001 0.7149743258278853
0.6940000000000001 0.7154789421084113
0.6950000000000001 0.715982732470242
0.6960000000000001 0.7164856985180896
0.6970000000000001 0.7169878418525396
0.6980000000000001 0.7174891640700637
0.6990000000000001 0.7179896667630357
0.7000000000000001 0.7184893515197446
0.7010000000000001 0.7189882199244088
0.7020000000000001 0.71948627355719
0.7030000000000001 0.7199835139942078
0.7040000000000001 0.7204799428075531
0.7050000000000001 0.7209755615653018
0.7060000000000001 0.7214703718315292
0.7070000000000001 0.7219643751663225
0.7080000000000001 0.7224575731257957
0.709 0.7229499672621029
0.71 0.7234415591234515
0.711 0.7239323502541163
0.712 0.7244223421944515
0.713 0.7249115364809059
0.714 0.7253999346460349
0.715 0.7258875382185144
0.716 0.7263743487231539
0.717 0.7268603676809092
0.718 0.7273455966088964
0.719 0.7278300370204034
0.72 0.7283136904249049
0.721 0.7287965583280736
0.722 0.7292786422317935
0.723 0.7297599436341734
0.724 0.7302404640295588
0.725 0.7307202049085454
0.726 0.7311991677731855
0.727 0.7316773541573611
0.728 0.7321547655478863
0.729 0.7326314034242978
0.73 0.7331072692625358
0.731 0.7335823645349528
0.732 0.7340566907103299
0.733 0.7345302492538882
0.734 0.7350030416273027
0.735 0.7354750692887153
0.736 0.7359463336927461
0.737 0.7364168362905089
0.738 0.7368865785296225
0.739 0.7373555618542228
0.74 0.7378237877049775
0.741 0.738291257519097
0.742 0.7387579727303478
0.743 0.7392239347690652
0.744 0.7396891450621658
0.745 0.7401536050331593
0.746 0.7406173161021617
0.747 0.7410802796859075
0.748 0.7415424971977624
0.749 0.7420039700477343
0.75 0.7424646996424871
0.751 0.7429246873853514
0.752 0.7433839346763387
0.753 0.7438424429121513
0.754 0.744300213486196
0.755 0.744757247788595
0.756 0.7452135472061981
0.757 0.745669113122596
0.758 0.7461239469181296
0.759 0.746578049969904
0.76 0.7470314236517996
0.761 0.7474840693344835
0.762 0.7479359883854219
0.763 0.7483871821688909
0.764 0.7488376520459892
0.765 0.7492873993746478
0.766 0.7497364255096446
0.767 0.7501847318026124
0.768 0.750632319602053
0.769 0.7510791902533469
0.77 0.7515253450987657
0.771 0.7519707854774836
0.772 0.7524155127255873
0.773 0.7528595281760883
0.774 0.7533028331589342
0.775 0.7537454290010194
0.776 0.7541873170261956
0.777 0.754628498555285
0.778 0.7550689749060887
0.779 0.7555087473933996
0.78 0.7559478173290124
0.781 0.7563861860217349
0.782 0.7568238547773987
0.783 0.7572608248988699
0.784 0.7576970976860605
0.785 0.7581326744359382
0.786 0.7585675564425386
0.787 0.7590017449969735
0.788 0.759435241387444
0.789 0.7598680468992499
0.79 0.7603001628148002
0.791 0.760731590413624
0.792 0.7611623309723808
0.793 0.761592385733378
0.794 0.7620217558545425
0.795 0.7624504425865818
0.796 0.7628784471863346
0.797 0.7633057709076249
0.798 0.7637324150012713
0.799 0.7641583807150936
0.8 0.7645836692939237
0.801 0.7650082819796116
0.802 0.7654322200110352
0.803 0.7658554846241085
0.804 0.7662780770517892
0.805 0.7666999985240871
0.806 0.7671212502680732
0.807 0.767541833507886
0.808 0.7679617494647419
0.809 0.7683809993569416
0.81 0.7687995843998789
0.811 0.7692175058060484
0.812 0.7696347647850539
0.8130000000000001 0.7700513625436158
0.8140000000000001 0.7704673002855799
0.8150000000000001 0.7708825792119243
0.8160000000000001 0.7712972005207677
0.8170000000000001 0.7717111654073777
0.8180000000000001 0.7721244750641779
0.8190000000000001 0.7725371306807567
0.8200000000000001 0.7729491334438731
0.8210000000000001 0.7733604845374663
0.8220000000000001 0.7737711851426629
0.8230000000000001 0.7741812364377844
0.8240000000000001 0.7745906395983541
0.8250000000000001 0.7749993957971065
0.8260000000000001 0.7754075062039928
0.8270000000000001 0.7758149719861902
0.8280000000000001 0.7762217943081079
0.8290000000000001 0.7766279743313959
0.8300000000000001 0.7770335132149513
0.8310000000000001 0.7774384121149268
0.8320000000000001 0.7778426721847371
0.8330000000000001 0.7782462945750672
0.8340000000000001 0.7786492804338788
0.8350000000000001 0.7790516309064185
0.8360000000000001 0.7794533471352234
0.8370000000000001 0.7798544302601313
0.838 0.7802548814182853
0.839 0.7806547017441416
0.84 0.7810538923694775
0.841 0.7814524544233976
0.842 0.7818503890323413
0.843 0.7822476973200903
0.844 0.7826443804077745
0.845 0.7830404394138799
0.846 0.7834358754542561
0.847 0.7838306896421217
0.848 0.7842248830880726
0.849 0.7846184569000882
0.85 0.7850114121835389
0.851 0.7854037500411918
0.852 0.7857954715732199
0.853 0.7861865778772056
0.854 0.7865770700481501
0.855 0.7869669491784792
0.856 0.7873562163580505
0.857 0.7877448726741586
0.858 0.7881329192115445
0.859 0.7885203570523992
0.86 0.7889071873041615
0.861 0.7892934111512129
0.862 0.7896790296856144
0.863 0.7900640439874008
0.864 0.7904484551342794
0.865 0.7908322642016342
0.866 0.7912154722625384
0.867 0.7915980803877585
0.868 0.7919800896457658
0.869 0.7923615011027427
0.87 0.7927423158225909
0.871 0.7931225348669402
0.872 0.7935021592951561
0.873 0.7938811901643473
0.874 0.7942596285293752
0.875 0.7946374754428602
0.876 0.7950147319551905
0.877 0.79539139911453
0.878 0.7957674779668266
0.879 0.7961429695558183
0.88 0.7965178749230436
0.881 0.7968921951078471
0.882 0.7972659311473894
0.883 0.7976390840766525
0.884 0.7980116549284496
0.885 0.7983836447334317
0.886 0.7987550545200957
0.887 0.7991258853147922
0.888 0.799496138141733
0.889 0.7998658140229983
0.89 0.8002349139785454
0.891 0.8006034390262157
0.892 0.8009713901817412
0.893 0.8013387684587542
0.894 0.8017055748687937
0.895 0.8020718104213121
0.896 0.8024374761236844
0.897 0.8028025729812144
0.898 0.8031671019971424
0.899 0.8035310641726533
0.9 0.8038944605068828
0.901 0.8042572919969257
0.902 0.8046195596378436
0.903 0.8049812644226707
0.904 0.8053424073424224
0.905 0.8057029893861027
0.906 0.8060630115407104
0.907 0.8064224747912468
0.908 0.8067813801207244
0.909 0.8071397285101716
0.91 0.8074975209386414
0.911 0.8078547583832183
0.912 0.8082114418190258
0.913 0.808567572219233
0.914 0.8089231505550614
0.915 0.8092781777957929
0.916 0.8096326549087765
0.917 0.8099865828594354
0.918 0.8103399626112734
0.919 0.810692795125883
0.92 0.8110450813629513
0.921 0.8113968222802684
0.922 0.8117480188337323
0.923 0.8120986719773576
0.924 0.8124487826632822
0.925 0.8127983518417735
0.926 0.8131473804612347
0.927 0.8134958694437412
0.928 0.8138438196322817
0.929 0.8141912319521706
0.93 0.8145381073369024
0.931 0.8148844467179661
0.932 0.8152302510248512
0.933 0.8155755211850506
0.934 0.8159202581240684
0.935 0.8162644627654226
0.936 0.8166081360306522
0.937 0.8169512788393206
0.9380000000000001 0.8172938921090219
0.9390000000000001 0.8176359767553847
0.9400000000000001 0.8179775336920783
0.9410000000000001 0.818318563830817
0.9420000000000001 0.818659068081365
0.9430000000000001 0.8189990473515417
0.9440000000000001 0.8193385025472262
0.9450000000000001 0.8196774345723631
0.9460000000000001 0.820015844328966
0.9470000000000001 0.8203537327171238
0.9480000000000001 0.8206911006350045
0.9490000000000001 0.8210279489788607
0.9500000000000001 0.8213642786430345
0.9510000000000001 0.821700090519961
0.9520000000000001 0.8220353855001756
0.9530000000000001 0.8223701644723159
0.9540000000000001 0.8227044283231291
0.9550000000000001 0.8230381779374745
0.9560000000000001 0.8233714141983303
0.9570000000000001 0.8237041379867962
0.9580000000000001 0.8240363501821003
0.9590000000000001 0.8243680516616024
0.9600000000000001 0.8246992433007984
0.9610000000000001 0.8250299259733261
0.9620000000000001 0.8253601005509694
0.9630000000000001 0.8256897679036624
0.9640000000000001 0.826018928899495
0.965 0.8263475844047167
0.966 0.8266757352837408
0.967 0.8270033823991507
0.968 0.827330526611703
0.969 0.8276571687803325
0.97 0.8279833097621561
0.971 0.8283089504124783
0.972 0.8286340915847953
0.973 0.8289587341307998
0.974 0.8292828789003843
0.975 0.829606526741647
0.976 0.8299296785008955
0.977 0.8302523350226512
0.978 0.8305744971496539
0.979 0.8308961657228667
0.98 0.8312173415814791
0.981 0.8315380255629126
0.982 0.8318582185028246
0.983 0.8321779212351125
0.984 0.8324971345919183
0.985 0.8328158594036335
0.986 0.8331340964989018
0.987 0.8334518467046256
0.988 0.8337691108459676
0.989 0.834085889746358
0.99 0.8344021842274961
0.991 0.834717995109357
0.992 0.835033323210193
0.993 0.8353481693465408
0.994 0.8356625343458014
0.995 0.8359764190774398
0.996 0.8362898243631597
0.997 0.8366027510168251
0.998 0.8369151998507015
0.999 0.8372271716754602
1.0 0.8375386673001849
1.001 0.8378496875323749
1.002 0.8381602331779514
1.003 0.8384703050412617
1.004 0.8387799039250848
1.005 0.8390890306306362
1.006 0.8393976859575724
1.007 0.8397058707039957
1.008 0.8400135856664612
1.009 0.840320831639978
1.01 0.840627609418018
1.011 0.840933919792518
1.012 0.8412397635538857
1.013 0.8415451414910049
1.014 0.8418500543912394
1.015 0.8421545030404383
1.016 0.8424584882229418
1.017 0.8427620107215835
1.018 0.8430650713176981
1.019 0.8433676707911244
1.02 0.8436698099202103
1.021 0.8439714894818179
1.022 0.8442727102513288
1.023 0.8445734730026475
1.024 0.8448737785082069
1.025 0.8451736275389735
1.026 0.845473020864451
1.027 0.8457719592526859
1.028 0.8460704434702718
1.029 0.846368474282354
1.0299999999999998 0.8466660524526342
1.031 0.8469631787433756
1.0319999999999998 0.8472598539154068
1.033 0.8475560787281273
1.0339999999999998 0.8478518539395112
1.035 0.8481471803061124
1.0359999999999998 0.8484420585830688
1.037 0.8487364895241074
1.0379999999999998 0.8490304738815486
1.039 0.8493240124063105
1.0399999999999998 0.8496171058479138
1.041 0.8499097549544864
1.0419999999999998 0.8502019604727675
1.043 0.8504937231481126
1.0439999999999998 0.8507850437244974
1.045 0.8510759229445228
1.0459999999999998 0.8513663615494202
1.047 0.8516563602790537
1.0479999999999998 0.8519459198719266
1.049 0.8522350410651851
1.0499999999999998 0.8525237245946224
1.051 0.8528119711946844
1.0519999999999998 0.8530997815984726
1.053 0.853387156537749
1.0539999999999998 0.8536740967429411
1.055 0.853960602943146
1.0559999999999998 0.8542466758661343
1.057 0.8545323162383548
1.0579999999999998 0.8548175247849391
1.059 0.8551023022297056
1.0599999999999998 0.855386649295164
1.061 0.8556705666806497
1.0619999999999998 0.8559540550002945
1.063 0.856237114952235
1.0639999999999998 0.8565197472460108
1.065 0.8568019525896919
1.0659999999999998 0.8570837316898807
1.067 0.8573650852517148
1.0679999999999998 0.8576460139788693
1.069 0.857926518573559
1.0699999999999998 0.8582065997365422
1.071 0.8584862581671222
1.0719999999999998 0.8587654945631492
1.073 0.8590443096210252
1.0739999999999998 0.8593227040357034
1.075 0.859600678500693
1.0759999999999998 0.859878233708061
1.077 0.8601553703484345
1.0779999999999998 0.8604320891110031
1.079 0.8607083906835213
1.0799999999999998 0.860984275752312
1.081 0.8612597450022673
1.0819999999999999 0.861534799116852
1.083 0.8618094387781061
1.0839999999999999 0.8620836646666464
1.085 0.8623574774616696
1.0859999999999999 0.8626308778409548
1.087 0.8629038664808649
1.0879999999999999 0.8631764440563504
1.089 0.8634486112409501
1.0899999999999999 0.8637203687067956
1.091 0.8639917171246119
1.0919999999999999 0.8642626571637197
1.093 0.8645331894920398
1.0939999999999999 0.8648033147760925
1.095 0.865073033681003
1.0959999999999999 0.8653423468705005
1.097 0.8656112550069229
1.0979999999999999 0.8658797587512189
1.099 0.8661478587629491
1.0999999999999999 0.8664155557002887
1.101 0.8666828502200311
1.1019999999999999 0.8669497429775876
1.103 0.8672162346269932
1.1039999999999999 0.8674823258209043
1.105 0.8677480172106058
1.1059999999999999 0.8680133094460095
1.107 0.8682782031756585
1.1079999999999999 0.8685426990467285
1.109 0.8688067977050308
1.1099999999999999 0.8690704997950134
1.111 0.8693338059597641
1.1119999999999999 0.8695967168410123
1.113 0.8698592330791314
1.1139999999999999 0.8701213553131409
1.115 0.8703830841807086
1.1159999999999999 0.8706444203181528
1.117 0.870905364360444
1.1179999999999999 0.8711659169412076
1.119 0.8714260786927261
1.1199999999999999 0.8716858502459408
1.121 0.8719452322304543
1.1219999999999999 0.8722042252745328
1.123 0.8724628300051068
1.1239999999999999 0.8727210470477756
1.125 0.8729788770268075
1.126 0.8732363205651426
1.127 0.8734933782843947
1.128 0.8737500508270113
1.129 0.8740063389278383
1.13 0.8742622432282972
1.131 0.8745177643532265
1.132 0.8747729029263493
1.133 0.8750276595702768
1.134 0.8752820349065127
1.135 0.8755360295554575
1.136 0.8757896441364115
1.137 0.8760428792675796
1.138 0.8762957355660739
1.139 0.8765482136479193
1.14 0.8768003141280566
1.141 0.8770520376203449
1.142 0.8773033847375686
1.143 0.8775543560914384
1.144 0.8778049522925964
1.145 0.8780551739506203
1.146 0.8783050216740262
1.147 0.8785544960702728
1.148 0.8788035977457668
1.149 0.8790523273058629
1.15 0.8793006853548724
1.151 0.8795486724960626
1.152 0.879796289331664
1.153 0.8800435364628723
1.154 0.8802904144898518
1.155 0.8805369240117412
1.156 0.8807830656266555
1.157 0.8810288399316899
1.158 0.8812742475229248
1.1589999999999998 0.881519288995428
1.16 0.8817639649432599
1.1609999999999998 0.8820082759594762
1.162 0.8822522226361317
1.1629999999999998 0.8824958055642843
1.164 0.8827390253339995
1.1649999999999998 0.8829818825343526
1.166 0.8832243777534324
1.1669999999999998 0.8834665115783469
1.168 0.8837082845952253
1.1689999999999998 0.8839496973892214
1.17 0.8841907505445182
1.1709999999999998 0.8844314446443318
1.172 0.8846717802709138
1.1729999999999998 0.8849117580055563
1.174 0.8851513784285941
1.1749999999999998 0.8853906421194102
1.176 0.8856295496564379
1.1769999999999998 0.8858681016171649
1.178 0.8861062985781372
1.1789999999999998 0.8863441411149615
1.18 0.8865816298023113
1.1809999999999998 0.8868187652139284
1.182 0.8870555479226266
1.1829999999999998 0.8872919785002962
1.184 0.8875280575179068
1.1849999999999998 0.8877637855455119
1.186 0.8879991631522515
1.1869999999999998 0.8882341909063558
1.188 0.8884688693751485
1.1889999999999998 0.8887031991250521
1.19 0.8889371807215889
1.1909999999999998 0.8891708147293865
1.192 0.8894041017121808
1.1929999999999998 0.8896370422328179
1.194 0.8898696368532609
1.1949999999999998 0.8901018861166228
1.196 0.8903337904813163
1.1969999999999998 0.8905653504845281
1.198 0.8907965666772453
1.1989999999999998 0.8910274396094117
1.2 0.8912579698299291
1.2009999999999998 0.89148815788666
1.202 0.8917180043264281
1.2029999999999998 0.8919475096950216
1.204 0.8921766745371935
1.2049999999999998 0.8924054993966647
1.206 0.8926339848161254
1.2069999999999999 0.8928621313372364
1.208 0.8930899395006312
1.2089999999999999 0.8933174098459182
1.21 0.8935445429116821
1.2109999999999999 0.8937713392354854
1.212 0.8939977993538705
1.2129999999999999 0.8942239238023618
1.214 0.8944497131154667
1.2149999999999999 0.8946751678266781
1.216 0.8949002884684756
1.2169999999999999 0.8951250755723272
1.218 0.8953495296686922
1.2189999999999999 0.8955736512870209
1.22 0.8957974409557582
1.2209999999999999 0.8960208992023442
1.222 0.8962440265532168
1.2229999999999999 0.8964668235338124
1.224 0.8966892906685684
1.2249999999999999 0.8969114284809249
1.226 0.8971332374933254
1.2269999999999999 0.89735471822722
1.228 0.8975758712030665
1.2289999999999999 0.8977966969403309
1.23 0.8980171959574912
1.2309999999999999 0.8982373687720375
1.232 0.898457215900475
1.2329999999999999 0.8986767378583232
1.234 0.8988959351601208
1.2349999999999999 0.8991148083194253
1.236 0.899333357848815
1.2369999999999999 0.8995515842598909
1.238 0.8997694880632784
1.2389999999999999 0.8999870697686284
1.24 0.9002043298846202
1.2409999999999999 0.9004212689189613
1.242 0.9006378873783912
1.2429999999999999 0.9008541857686807
1.244 0.9010701645946353
1.2449999999999999 0.9012858243600961
1.246 0.9015011655679415
1.2469999999999999 0.901716188720089
1.248 0.9019308943174964
1.2489999999999999 0.9021452828601638
1.25 0.9023593548471348
1.251 0.902573110776499
1.252 0.9027865511453923
1.253 0.9029996764499998
1.254 0.903212487185555
1.255 0.903424983846346
1.256 0.9036371669257112
1.257 0.9038490369160461
1.258 0.904060594308801
1.259 0.9042718395944856
1.26 0.9044827732626677
1.261 0.9046933958019769
1.262 0.9049037077106806
1.263 0.905113709540574
1.264 0.9053234017924817
1.265 0.9055327849560697
1.266 0.9057418595201859
1.267 0.9059506259728619
1.268 0.9061590848013158
1.269 0.906367236491956
1.27 0.9065750815303827
1.271 0.9067826204013899
1.272 0.9069898535889702
1.273 0.907196781576314
1.274 0.9074034048458158
1.275 0.9076097238790745
1.276 0.9078157391568955
1.277 0.9080214511592958
1.278 0.908226860365503
1.279 0.9084319672539617
1.28 0.9086367723023328
1.281 0.9088412759874981
1.282 0.9090454787855617
1.283 0.9092493811718533
1.284 0.9094529836209299
1.285 0.909656286606579
1.2859999999999998 0.9098592906018216
1.287 0.9100619960789127
1.2879999999999998 0.9102644035093463
1.289 0.910466513363856
1.2899999999999998 0.9106683261124191
1.291 0.9108698422242573
1.2919999999999998 0.9110710621678408
1.293 0.9112719864108899
1.2939999999999998 0.9114726154203777
1.295 0.911672949662533
1.2959999999999998 0.911872989602842
1.297 0.9120727357060512
1.2979999999999998 0.9122721884361699
1.299 0.9124713482564731
1.2999999999999998 0.9126702156295028
1.301 0.9128687910170711
1.3019999999999998 0.913067074880264
1.303 0.9132650676794406
1.3039999999999998 0.9134627698742394
1.305 0.9136601819235776
1.3059999999999998 0.9138573042856554
1.307 0.9140541374179574
1.3079999999999998 0.9142506817772565
1.309 0.9144469378196138
1.3099999999999998 0.914642906000384
1.311 0.9148385867742156
1.3119999999999998 0.9150339805950541
1.313 0.915229087916145
1.3139999999999998 0.9154239091900347
1.315 0.9156184448685748
1.3159999999999998 0.9158126954029229
1.317 0.9160066612435461
1.3179999999999998 0.9162003428402226
1.319 0.9163937406420452
1.3199999999999998 0.9165868550974217
1.321 0.91677968665408
1.3219999999999998 0.9169722357590677
1.323 0.9171645028587568
1.3239999999999998 0.9173564883988443
1.325 0.9175481928243562
1.3259999999999998 0.9177396165796485
1.327 0.9179307601084103
1.3279999999999998 0.9181216238536665
1.329 0.9183122082415465
1.3299999999999998 0.9185025136051231
1.331 0.9186925403588612
1.3319999999999999 0.9188822889351587
1.333 0.9190717597655709
1.3339999999999999 0.9192609532808129
1.335 0.9194498699107578
1.3359999999999999 0.9196385100844391
1.337 0.9198268742300503
1.3379999999999999 0.9200149627749458
1.339 0.9202027761456412
1.3399999999999999 0.920390314767814
1.341 0.9205775790663047
1.3419999999999999 0.9207645694651159
1.343 0.9209512863874143
1.3439999999999999 0.9211377302555306
1.345 0.9213239014909593
1.3459999999999999 0.9215098005143613
1.347 0.9216954277455619
1.3479999999999999 0.921880783603553
1.349 0.9220658685064931
1.3499999999999999 0.9222506828717079
1.351 0.9224352271156905
1.3519999999999999 0.9226195016541022
1.353 0.9228035069017737
1.3539999999999999 0.9229872432727037
1.355 0.9231707111800612
1.3559999999999999 0.9233539110361852
1.357 0.9235368432525861
1.3579999999999999 0.9237195082399439
1.359 0.9239019064081115
1.3599999999999999 0.9240840381661136
1.361 0.9242659039221475
1.3619999999999999 0.9244475040835832
1.363 0.9246288390569651
1.3639999999999999 0.924809909248011
1.365 0.9249907150616135
1.3659999999999999 0.9251712569018401
1.367 0.9253515351719335
1.3679999999999999 0.9255315502743127
1.369 0.9257113026105735
1.3699999999999999 0.9258907925814879
1.371 0.926070020587005
1.3719999999999999 0.9262489870262525
1.373 0.926427692297536
1.3739999999999999 0.9266061367983395
1.375 0.9267843209253265
1.376 0.9269622450743404
1.377 0.9271399096404035
1.378 0.9273173150177197
1.379 0.9274944615996734
1.38 0.9276713497788304
1.381 0.9278479799469388
1.382 0.9280243524949275
1.383 0.9282004678129097
1.384 0.9283763262901809
1.385 0.9285519283152199
1.386 0.9287272742756905
1.387 0.9289023645584396
1.388 0.9290771995494996
1.389 0.9292517796340881
1.39 0.9294261051966082
1.391 0.929600176620649
1.392 0.929773994288986
1.393 0.9299475585835819
1.394 0.9301208698855866
1.395 0.9302939285753374
1.396 0.9304667350499031
1.397 0.9306392898161068
1.398 0.930811593285104
1.399 0.9309836458434372
1.4 0.9311554478770626
1.401 0.931326999771353
1.402 0.9314983019110982
1.403 0.9316693546805107
1.404 0.9318401584632255
1.405 0.932010713642304
1.406 0.9321810206002358
1.407 0.9323510797189417
1.408 0.9325208913797763
1.409 0.93269045596353
1.41 0.9328597738504317
1.411 0.9330288454201516
1.412 0.9331976710518024
1.4129999999999998 0.9333662511239443
1.414 0.9335345860145849
1.4149999999999998 0.9337026761011833
1.416 0.9338705217606518
1.4169999999999998 0.9340381233693583
1.418 0.9342054813031299
1.4189999999999998 0.934372595937254
1.42 0.9345394676464812
1.4209999999999998 0.9347060968050284
1.422 0.93487248378658
1.4229999999999998 0.9350386289642922
1.424 0.9352045327107935
1.4249999999999998 0.9353701953981884
1.426 0.9355356173980592
1.4269999999999998 0.9357007990814691
1.428 0.935865740818964
1.4289999999999998 0.9360304429805753
1.43 0.9361949059358223
1.4309999999999998 0.9363591300537152
1.432 0.9365231157027555
1.4329999999999998 0.9366868632509415
1.434 0.9368503730657681
1.4349999999999998 0.9370136455142306
1.436 0.9371766809628265
1.4369999999999998 0.9373394797775588
1.438 0.9375020423239374
1.4389999999999998 0.9376643689669822
1.44 0.9378264600712243
1.4409999999999998 0.9379883160007111
1.442 0.9381499371190055
1.4429999999999998 0.9383113237891909
1.444 0.9384724763738718
1.4449999999999998 0.9386333952351771
1.446 0.9387940807347626
1.4469999999999998 0.9389545332338125
1.448 0.9391147530930436
1.4489999999999998 0.9392747406727053
1.45 0.939434496332584
1.4509999999999998 0.9395940204320041
1.452 0.9397533133298321
1.4529999999999998 0.939912375384477
1.454 0.9400712069538937
1.4549999999999998 0.9402298083955852
1.456 0.9403881800666056
1.4569999999999999 0.9405463223235615
1.458 0.940704235522615
1.4589999999999999 0.9408619200194859
1.46 0.9410193761694533
1.4609999999999999 0.9411766043273605
1.462 0.9413336048476137
1.4629999999999999 0.9414903780717606
1.464 0.941646924254024
1.4649999999999999 0.9418032437201665
1.466 0.9419593368155229
1.4669999999999999 0.9421152038848303
1.468 0.9422708452722282
1.4689999999999999 0.9424262613212603
1.47 0.9425814523748741
1.4709999999999999 0.9427364187754226
1.472 0.9428911608646647
1.4729999999999999 0.9430456789837652
1.474 0.9431999734732962
1.4749999999999999 0.9433540446732376
1.476 0.9435078929229779
1.4769999999999999 0.9436615185613146
1.478 0.943814921926455
1.4789999999999999 0.9439681033560172
1.48 0.9441210631870296
1.4809999999999999 0.9442738017559332
1.482 0.9444263193985821
1.4829999999999999 0.9445786164502421
1.484 0.9447306932455939
1.4849999999999999 0.9448825501187326
1.486 0.9450341874031684
1.4869999999999999 0.9451856054318268
1.488 0.9453368045370508
1.4889999999999999 0.9454877850505999
1.49 0.9456385473036522
1.4909999999999999 0.9457890916268029
1.492 0.9459394183500675
1.4929999999999999 0.9460895278028807
1.494 0.9462394203140986
1.4949999999999999 0.9463890962119972
1.496 0.9465385558242749
1.4969999999999999 0.9466877994780524
1.498 0.9468368274998734
1.4989999999999999 0.9469856402157056
1.5 0.9471342379509404
1.501 0.9472826210303947
1.502 0.947430789778311
1.503 0.9475787445183578
1.504 0.9477264855736305
1.505 0.9478740132666523
1.506 0.9480213279193743
1.507 0.9481684298531767
1.508 0.948315319388869
1.509 0.9484619968466903
1.51 0.9486084625463113
1.511 0.9487547168068329
1.512 0.9489007599467889
1.513 0.949046592284145
1.514 0.9491922141363005
1.515 0.9493376258200887
1.516 0.9494828276517764
1.517 0.9496278199470665
1.518 0.9497726030210969
1.519 0.9499171771884419
1.52 0.9500615427631126
1.521 0.9502057000585583
1.522 0.9503496493876652
1.523 0.9504933910627593
1.524 0.9506369253956051
1.525 0.9507802526974075
1.526 0.9509233732788116
1.527 0.9510662874499048
1.528 0.9512089955202143
1.529 0.951351497798711
1.53 0.951493794596864
1.531 0.9516358862493479
1.532 0.9517777730713018
1.533 0.9519194553714674
1.534 0.9520609334580795
1.535 0.9522022076388659
1.536 0.9523432782210499
1.537 0.9524841455113505
1.538 0.9526248098159833
1.539 0.952765271440662
1.54 0.9529055306905989
1.541 0.9530455878705069
1.5419999999999998 0.953185443284599
1.543 0.9533250972365909
1.5439999999999998 0.9534645500297014
1.545 0.9536038019666527
1.5459999999999998 0.953742853349673
1.547 0.9538817044804958
1.5479999999999998 0.9540203556603626
1.549 0.9541588071900226
1.5499999999999998 0.9542970593697339
1.551 0.9544351124992657
1.5519999999999998 0.954572966877898
1.553 0.9547106228044226
1.5539999999999998 0.9548480805771457
1.555 0.9549853404938864
1.5559999999999998 0.9551224028519809
1.557 0.95525926794828
1.5579999999999998 0.955395936079153
1.559 0.9555324075404869
1.5599999999999998 0.9556686826276882
1.561 0.9558047616356843
1.5619999999999998 0.9559406448589235
1.563 0.9560763325913763
1.5639999999999998 0.9562118251265374
1.565 0.956347122757425
1.5659999999999998 0.9564822257765829
1.567 0.9566171344760819
1.5679999999999998 0.9567518491475193
1.569 0.9568863700820215
1.5699999999999998 0.9570206975702439
1.571 0.9571548319023725
1.5719999999999998 0.9572887733681246
1.573 0.9574225222567501
1.5739999999999998 0.9575560788570313
1.575 0.9576894434572863
1.5759999999999998 0.9578226163453674
1.577 0.9579555978086638
1.5779999999999998 0.9580883881341018
1.579 0.9582209876081458
1.5799999999999998 0.9583533965167997
1.581 0.958485615145608
1.5819999999999999 0.9586176437796559
1.583 0.9587494827035707
1.5839999999999999 0.9588811322015235
1.585 0.959012592557229
1.5859999999999999 0.9591438640539476
1.587 0.9592749469744853
1.5879999999999999 0.9594058416011956
1.589 0.9595365482159796
1.5899999999999999 0.9596670671002877
1.591 0.9597973985351209
1.5919999999999999 0.9599275428010298
1.593 0.9600575001781182
1.5939999999999999 0.9601872709460422
1.595 0.960316855384012
1.5959999999999999 0.960446253770792
1.597 0.9605754663840123
1.5979999999999999 0.9607044934948618
1.599 0.9608333353787011
1.5999999999999999 0.9609619923120233
1.601 0.9610904645708687
1.6019999999999999 0.9612187524308271
1.603 0.9613468561670367
1.6039999999999999 0.9614747760541872
1.605 0.961602512366518
1.6059999999999999 0.9617300653778212
1.607 0.9618574353614419
1.6079999999999999 0.9619846225902785
1.609 0.9621116273367837
1.6099999999999999 0.9622384498729656
1.611 0.9623650904703882
1.6119999999999999 0.9624915494001729
1.613 0.9626178269329985
1.6139999999999999 0.9627439233391026
1.615 0.9628698388882825
1.6159999999999999 0.9629955738498948
1.617 0.9631211284928578
1.6179999999999999 0.9632465030856523
1.619 0.9633716978963203
1.6199999999999999 0.9634967131924688
1.621 0.9636215492412685
1.6219999999999999 0.9637462063094552
1.623 0.9638706846633315
1.6239999999999999 0.9639949845687658
1.625 0.9641191062911943
1.626 0.9642430500956223
1.627 0.964366816246624
1.628 0.9644904050083433
1.629 0.9646138166444956
1.63 0.9647370514183683
1.631 0.9648601095928201
1.632 0.9649829914302838
1.633 0.9651056971927665
1.634 0.96522822714185
1.635 0.9653505815386917
1.636 0.965472760644026
1.637 0.9655947647181642
1.638 0.965716594020996
1.639 0.9658382488119901
1.64 0.9659597293501946
1.641 0.9660810358942388
1.642 0.9662021687023328
1.643 0.9663231280322693
1.644 0.9664439141414234
1.645 0.9665645272867549
1.646 0.9666849677248069
1.647 0.9668052357117091
1.648 0.9669253315031764
1.649 0.9670452553545109
1.65 0.967165007520603
1.651 0.9672845882559308
1.652 0.9674039978145618
1.653 0.9675232364501544
1.654 0.9676423044159569
1.655 0.9677612019648097
1.656 0.9678799293491458
1.657 0.9679984868209913
1.658 0.9681168746319663
1.659 0.9682350930332855
1.66 0.9683531422757596
1.661 0.968471022609795
1.662 0.9685887342853965
1.663 0.9687062775521654
1.664 0.9688236526679365
1.665 0.9689408599732787
1.666 0.9690578997446552
1.667 0.969174772234218
1.668 0.9692914776936161
1.669 0.9694080163739962
1.67 0.9695243885260024
1.6709999999999998 0.9696405943997777
1.672 0.969756634244963
1.6729999999999998 0.9698725083106983
1.674 0.9699882168456215
1.6749999999999998 0.970103760097871
1.676 0.9702191383150843
1.6769999999999998 0.9703343517443985
1.678 0.9704494006324513
1.6789999999999998 0.9705642852253805
1.68 0.9706790057688253
1.6809999999999998 0.9707935625079247
1.682 0.9709079556873207
1.6829999999999998 0.971022185551155
1.684 0.9711362523430728
1.6849999999999998 0.971250156306221
1.686 0.9713638976832482
1.6869999999999998 0.9714774767163068
1.688 0.9715908936470519
1.6889999999999998 0.9717041487166416
1.69 0.971817242165738
1.6909999999999998 0.9719301742345067
1.692 0.972042945162618
1.6929999999999998 0.9721555551892461
1.694 0.9722680045530705
1.6949999999999998 0.9723802934922754
1.696 0.9724924222445495
1.6969999999999998 0.9726043910470884
1.698 0.972716200136593
1.6989999999999998 0.9728278497492697
1.7 0.9729393401208324
1.7009999999999998 0.9730506714865004
1.702 0.973161844081001
1.7029999999999998 0.9732728581385682
1.704 0.9733837138929435
1.7049999999999998 0.9734944115773763
1.706 0.9736049514246236
1.7069999999999999 0.973715333666951
1.708 0.9738255585361324
1.7089999999999999 0.973935626263451
1.71 0.9740455370796985
1.7109999999999999 0.9741552912151763
1.712 0.9742648888996954
1.7129999999999999 0.9743743303625764
1.714 0.9744836158326498
1.7149999999999999 0.974592745538257
1.716 0.9747017197072504
1.7169999999999999 0.9748105385669918
1.718 0.974919202344356
1.7189999999999999 0.9750277112657282
1.72 0.9751360655570055
1.7209999999999999 0.9752442654435962
1.722 0.9753523111504224
1.7229999999999999 0.9754602029019173
1.724 0.9755679409220273
1.7249999999999999 0.9756755254342118
1.726 0.975782956661443
1.7269999999999999 0.9758902348262071
1.728 0.9759973601505034
1.7289999999999999 0.9761043328558463
1.73 0.976211153163263
1.7309999999999999 0.9763178212932966
1.732 0.9764243374660031
1.7329999999999999 0.9765307019009548
1.734 0.9766369148172398
1.7349999999999999 0.9767429764334599
1.736 0.9768488869677339
1.7369999999999999 0.9769546466376954
1.738 0.9770602556604957
1.7389999999999999 0.9771657142528017
1.74 0.9772710226307963
1.7409999999999999 0.9773761810101808
1.742 0.9774811896061727
1.7429999999999999 0.9775860486335068
1.744 0.9776907583064367
1.7449999999999999 0.9777953188387316
1.746 0.9778997304436816
1.7469999999999999 0.9780039933340929
1.748 0.9781081077222916
1.7489999999999999 0.9782120738201219
1.75 0.9783158918389477
1.751 0.9784195619896515
1.752 0.9785230844826361
1.753 0.9786264595278237
1.754 0.9787296873346559
1.755 0.9788327681120957
1.756 0.9789357020686257
1.757 0.9790384894122494
1.758 0.9791411303504913
1.759 0.9792436250903972
1.76 0.9793459738385341
1.761 0.9794481768009901
1.762 0.9795502341833763
1.763 0.9796521461908247
1.764 0.9797539130279904
1.765 0.979855534899051
1.766 0.9799570120077061
1.767 0.9800583445571787
1.768 0.980159532750215
1.769 0.9802605767890847
1.77 0.9803614768755813
1.771 0.9804622332110213
1.772 0.9805628459962462
1.773 0.9806633154316216
1.774 0.9807636417170369
1.775 0.9808638250519073
1.776 0.9809638656351719
1.777 0.981063763665296
1.778 0.9811635193402695
1.779 0.9812631328576082
1.78 0.9813626044143539
1.781 0.9814619342070736
1.782 0.9815611224318614
1.783 0.9816601692843381
1.784 0.9817590749596496
1.785 0.9818578396524703
1.786 0.9819564635570015
1.787 0.9820549468669711
1.788 0.9821532897756345
1.789 0.9822514924757749
1.79 0.9823495551597047
1.791 0.9824474780192624
1.792 0.9825452612458161
1.793 0.9826429050302622
1.794 0.9827404095630261
1.795 0.9828377750346915
1.796 0.9829350019433947
1.797 0.9830320907449677
1.7979999999999998 0.983129041642289
1.799 0.9832258548378932
1.7999999999999998 0.9833225305339726
1.801 0.9834190689323765
1.8019999999999998 0.983515470234612
1.803 0.9836117346418437
1.8039999999999998 0.9837078623548939
1.805 0.9838038535742437
1.8059999999999998 0.9838997085000315
1.807 0.9839954273320546
1.8079999999999998 0.9840910102697692
1.809 0.9841864575122895
1.8099999999999998 0.9842817692583898
1.811 0.9843769457065024
1.8119999999999998 0.9844719870547194
1.813 0.9845668935007926
1.8139999999999998 0.9846616652421338
1.815 0.9847563024758135
1.8159999999999998 0.984850805398563
1.817 0.9849451742067743
1.8179999999999998 0.9850394090964985
1.819 0.9851335102634486
1.8199999999999998 0.9852274779029973
1.821 0.9853213122101795
1.8219999999999998 0.9854150133796895
1.823 0.9855085816058844
1.8239999999999998 0.9856020170827815
1.825 0.9856953200040607
1.8259999999999998 0.9857884905630633
1.827 0.9858815289527925
1.8279999999999998 0.9859744353659137
1.829 0.9860672099947542
1.8299999999999998 0.9861598530313046
1.831 0.9862523646672178
1.8319999999999999 0.9863447450938092
1.833 0.9864369945020575
1.8339999999999999 0.9865291130826037
1.835 0.986621101025754
1.8359999999999999 0.9867129585214759
1.837 0.9868046857594024
1.8379999999999999 0.9868962829288289
1.839 0.9869877502187153
1.8399999999999999 0.9870790878176864
1.841 0.98717029591403
1.8419999999999999 0.9872613746956993
1.843 0.9873523243503117
1.8439999999999999 0.9874431450651497
1.845 0.9875338370271606
1.8459999999999999 0.9876244004229566
1.847 0.9877148354388159
1.8479999999999999 0.9878051422606813
1.849 0.9878953210741617
1.8499999999999999 0.987985372064532
1.851 0.9880752954167319
1.8519999999999999 0.9881650913153688
1.853 0.9882547599447156
1.8539999999999999 0.9883443014887112
1.855 0.9884337161309615
1.8559999999999999 0.9885230040547397
1.857 0.9886121654429844
1.8579999999999999 0.9887012004783028
1.859 0.9887901093429685
1.8599999999999999 0.9888788922189226
1.861 0.9889675492877734
1.8619999999999999 0.9890560807307979
1.863 0.9891444867289396
1.8639999999999999 0.9892327674628109
1.865 0.9893209231126922
1.8659999999999999 0.9894089538585317
1.867 0.9894968598799466
1.8679999999999999 0.9895846413562226
1.869 0.9896722984663139
1.8699999999999999 0.9897598313888437
1.871 0.9898472403021046
1.8719999999999999 0.9899345253840576
1.873 0.9900216868123339
1.8739999999999999 0.990108724764234
1.875 0.9901956394167277
1.876 0.9902824309464552
1.877 0.9903690995297257
1.878 0.9904556453425194
1.879 0.9905420685604862
1.88 0.9906283693589475
1.881 0.9907145479128936
1.882 0.9908006043969865
1.883 0.990886538985559
1.884 0.9909723518526147
1.885 0.9910580431718279
1.886 0.9911436131165452
1.887 0.9912290618597839
1.888 0.9913143895742329
1.889 0.9913995964322534
1.89 0.9914846826058779
1.891 0.9915696482668103
1.892 0.9916544935864281
1.893 0.9917392187357803
1.894 0.9918238238855881
1.895 0.9919083092062458
1.896 0.9919926748678198
1.897 0.9920769210400503
1.898 0.9921610478923492
1.899 0.9922450555938026
1.9 0.9923289443131695
1.901 0.9924127142188827
1.902 0.9924963654790473
1.903 0.9925798982614438
1.904 0.9926633127335256
1.905 0.9927466090624197
1.906 0.992829787414928
1.907 0.9929128479575264
1.908 0.9929957908563647
1.909 0.993078616277268
1.91 0.9931613243857353
1.911 0.9932439153469415
1.912 0.9933263893257347
1.913 0.9934087464866397
1.914 0.9934909869938551
1.915 0.9935731110112566
1.916 0.9936551187023934
1.917 0.9937370102304914
1.918 0.9938187857584525
1.919 0.9939004454488529
1.92 0.993981989463947
1.921 0.9940634179656638
1.922 0.9941447311156083
1.923 0.9942259290750635
1.924 0.9943070120049873
1.9249999999999998 0.9943879800660151
1.926 0.9944688334184589
1.9269999999999998 0.9945495722961766
1.928 0.9946301970617744
1.9289999999999998 0.9947107078921513
1.93 0.9947911049528768
1.9309999999999998 0.9948713884092462
1.932 0.9949515584262822
1.9329999999999998 0.9950316151687318
1.934 0.9951115588010694
1.9349999999999998 0.9951913894874955
1.936 0.9952711073919372
1.9369999999999998 0.9953507126780484
1.938 0.9954302055092091
1.9389999999999998 0.9955095860485269
1.94 0.995588854458836
1.9409999999999998 0.9956680109026977
1.942 0.995747055542401
1.9429999999999998 0.9958259885399613
1.944 0.9959048100571226
1.9449999999999998 0.9959835202553561
1.946 0.99606211929586
1.9469999999999998 0.9961406073395613
1.948 0.9962189845471148
1.9489999999999998 0.9962972510789028
1.95 0.996375407095036
1.9509999999999998 0.9964534527553536
1.952 0.9965313882194234
1.9529999999999998 0.996609213646541
1.954 0.9966869291957315
1.9549999999999998 0.9967645350257482
1.956 0.9968420312950734
1.9569999999999999 0.9969194181619185
1.958 0.9969966957842235
1.9589999999999999 0.9970738643196584
1.96 0.9971509239256222
1.9609999999999999 0.9972278747592432
1.962 0.9973047169773793
1.9629999999999999 0.9973814507366185
1.964 0.9974580761932778
1.9649999999999999 0.9975345935034045
1.966 0.9976110028227763
1.9669999999999999 0.9976873043069002
1.968 0.9977634981110141
1.9689999999999999 0.9978395843900859
1.97 0.9979155632988141
1.9709999999999999 0.9979914349916279
1.972 0.9980671996226866
1.9729999999999999 0.9981428573458812
1.974 0.9982184083148328
1.9749999999999999 0.9982938526828932
1.976 0.9983691906031462
1.9769999999999999 0.9984444222284072
1.978 0.9985195477112215
1.9789999999999999 0.9985945672038666
1.98 0.9986694808583517
1.9809999999999999 0.9987442888264173
1.982 0.9988189912595357
1.9829999999999999 0.9988935883089111
1.984 0.9989680801254796
1.9849999999999999 0.9990424668599099
1.986 0.9991167486626024
1.9869999999999999 0.9991909256836893
1.988 0.9992649980730366
1.9889999999999999 0.999338965980241
1.99 0.9994128295546334
1.9909999999999999 0.9994865889452761
1.992 0.9995602443009657
1.9929999999999999 0.9996337957702305
1.994 0.9997072435013317
1.9949999999999999 0.9997805876422646
1.996 0.9998538283407572
1.9969999999999999 0.9999269657442709
1.998 1.0
