0.005 0.0020960231206897753
0.006 0.004185748164295519
0.007 0.006268843095206637
0.008 0.008345348514920126
0.009000000000000001 0.01041531678468489
0.01 0.01247878850224539
0.011 0.014535797718849388
0.012 0.016586378137482125
0.013000000000000001 0.01863056311780504
0.014000000000000002 0.020668385681003737
0.015 0.022699878514548955
0.016 0.024725073976870245
0.017 0.026744004101946047
0.018000000000000002 0.028756707312433658
0.019 0.030763231733135846
0.02 0.03276361310729722
0.021 0.03475788638266798
0.022000000000000002 0.036746086178261854
0.023000000000000003 0.03872824678889739
0.024 0.04070440218965888
0.025 0.04267458604027816
0.026000000000000002 0.04463883168944008
0.027 0.04659717217901112
0.028 0.04854964024819581
0.029 0.050496268337619346
0.030000000000000002 0.05243708859334064
0.031000000000000003 0.05437213287079542
0.032 0.056301432738671595
0.033 0.05822501940198894
0.034 0.06014292326734333
0.034999999999999996 0.06205517486763681
0.036 0.06396180456956027
0.037 0.06586284247199732
0.038 0.06775831840951349
0.039 0.06964826195578759
0.04 0.07153270242698517
0.041 0.07341166888507636
0.041999999999999996 0.07528519014109847
0.043 0.07715329475836549
0.044 0.07901601105562397
0.045 0.08087336711015815
0.046 0.08272539076084356
0.047 0.084572109611152
0.048 0.08641355102282834
0.048999999999999995 0.08824974149987397
0.049999999999999996 0.09008070748110215
0.051 0.09190647553457415
0.052 0.0937270720079213
0.053 0.09554252303106174
0.054 0.0973528545188751
0.055 0.09915809217383414
0.056 0.10095826148859574
0.057 0.10275338774854978
0.057999999999999996 0.1045434960343313
0.059 0.10632861122429008
0.06 0.10810875799692432
0.061 0.10988396083327585
0.062 0.11165424401928876
0.063 0.11341963164813114
0.064 0.11518014762248287
0.065 0.1169358156567868
0.066 0.11868665927946774
0.067 0.120432701835115
0.068 0.12217396648663519
0.069 0.12391047621737097
0.07 0.1256422538331879
0.07100000000000001 0.12736932196453146
0.07200000000000001 0.12909170306845152
0.07300000000000001 0.13080941943059923
0.07400000000000001 0.1325224931671922
0.07500000000000001 0.13423094622695228
0.07600000000000001 0.13593480039301326
0.07700000000000001 0.13763407728480348
0.078 0.1393287973615091
0.079 0.14101898061425974
0.08 0.14270464803967906
0.081 0.1443858204814508
0.082 0.14606251862919156
0.083 0.14773476302016525
0.084 0.14940257404097404
0.085 0.15106597192922502
0.08600000000000001 0.15272497677517255
0.08700000000000001 0.15437960852333824
0.08800000000000001 0.15602988697410777
0.08900000000000001 0.1576758317853042
0.09000000000000001 0.15931746247374182
0.09100000000000001 0.1609547984167557
0.09200000000000001 0.16258785885371063
0.093 0.16421666288749062
0.094 0.16584122948596516
0.095 0.16746157748343796
0.096 0.1690777255820736
0.097 0.17068969235330592
0.098 0.17229749623922674
0.099 0.1739011555539556
0.1 0.17550068848499117
0.101 0.1770961130945435
0.10200000000000001 0.17868744732085
0.10300000000000001 0.1802747089794718
0.10400000000000001 0.1818579157645738
0.10500000000000001 0.18343708525018745
0.10600000000000001 0.18501223489145727
0.10700000000000001 0.18658338156425083
0.10800000000000001 0.18815054131796907
0.10900000000000001 0.18971373105298858
0.11 0.19127296759528972
0.111 0.19282826765319172
0.112 0.19437964781852446
0.113 0.19592712456778494
0.114 0.19747071426327847
0.115 0.19901043315424577
0.116 0.20054629737797391
0.117 0.20207832296089537
0.11800000000000001 0.20360652581967
0.11900000000000001 0.2051309217622555
0.12000000000000001 0.20665152648896273
0.12100000000000001 0.2081683555934977
0.12200000000000001 0.20968142456399128
0.12300000000000001 0.2111907487840149
0.12400000000000001 0.21269634353358263
0.125 0.2141982239901429
0.126 0.2156964052295555
0.127 0.21719090222705728
0.128 0.2186817298582159
0.129 0.22016890289987107
0.13 0.2216524360310644
0.131 0.22313234383395777
0.132 0.22460864079474002
0.133 0.22608134130452326
0.134 0.22755045966022627
0.135 0.2290160100654498
0.136 0.23047800663133777
0.137 0.23193646337743212
0.138 0.2333913942325124
0.139 0.23484281303542962
0.14 0.23629073353592694
0.14100000000000001 0.2377351693954521
0.14200000000000002 0.23917613418795894
0.14300000000000002 0.24061364140070055
0.14400000000000002 0.24204770443501133
0.14500000000000002 0.2434783366070814
0.14600000000000002 0.24490555114872056
0.14700000000000002 0.2463293612081129
0.14800000000000002 0.24774977985056448
0.14900000000000002 0.24916682005923943
0.15 0.2505804947514219
0.151 0.25199081689157005
0.152 0.2533977992663914
0.153 0.25480145455142555
0.154 0.2562017953439342
0.155 0.2575988341635867
0.156 0.2589925834531383
0.157 0.26038305557909963
0.158 0.2617702628324005
0.159 0.26315421742904327
0.16 0.26453493151075086
0.161 0.26591241714560643
0.162 0.26728668632868574
0.163 0.26865775098268246
0.164 0.2700256229585268
0.165 0.271390314035996
0.166 0.27275183592431906
0.167 0.274110200262774
0.168 0.27546541862127877
0.169 0.2768175025009749
0.17 0.2781664633348054
0.171 0.2795123124880857
0.17200000000000001 0.2808550612590688
0.17300000000000001 0.28219472087950265
0.17400000000000002 0.28353130251518355
0.17500000000000002 0.2848648172665014
0.17600000000000002 0.2861952761689807
0.17700000000000002 0.2875226901938138
0.17800000000000002 0.28884707024838957
0.17900000000000002 0.29016842717681607
0.18000000000000002 0.29148677176043747
0.181 0.2928021147183443
0.182 0.29411446670788016
0.183 0.29542383832514163
0.184 0.2967302401054722
0.185 0.29803368252395235
0.186 0.29933417599588386
0.187 0.30063173087726774
0.188 0.30192635746527907
0.189 0.3032180659987349
0.19 0.3045068666585585
0.191 0.3057927695682377
0.192 0.30707578479427927
0.193 0.30835592234693876
0.194 0.30963319228926195
0.195 0.31090760461735273
0.196 0.3121791691875648
0.197 0.31344789580173615
0.198 0.3147137942076134
0.199 0.3159768740992738
0.2 0.31723714511754036
0.201 0.3184946168503947
0.202 0.3197492988333837
0.203 0.32100120055002473
0.20400000000000001 0.32225033143220333
0.20500000000000002 0.32349670086056903
0.20600000000000002 0.3247403181649268
0.20700000000000002 0.3259811926246241
0.20800000000000002 0.3272193334689338
0.20900000000000002 0.3284547498774335
0.21000000000000002 0.3296874509803817
0.21100000000000002 0.3309174458590883
0.21200000000000002 0.33214474354628337
0.21300000000000002 0.33336935302648063
0.214 0.33459128323633885
0.215 0.33581054306501745
0.216 0.33702714135453077
0.217 0.33824108690009747
0.218 0.3394523884504867
0.219 0.34066105470836067
0.22 0.34186709433061513
0.221 0.34307051592871346
0.222 0.34427132806902094
0.223 0.34546953927313356
0.224 0.34666515801820424
0.225 0.34785819273726587
0.226 0.3490486518195505
0.227 0.3502365436108068
0.228 0.35142187641361283
0.229 0.35260465848768735
0.23 0.3537848980501964
0.231 0.35496260327605833
0.232 0.3561377822982451
0.233 0.357310443208081
0.234 0.35848059405553834
0.23500000000000001 0.3596482428495299
0.23600000000000002 0.36081339755820013
0.23700000000000002 0.361976066162742
0.23800000000000002 0.3631362567123957
0.23900000000000002 0.3642939770790148
0.24000000000000002 0.3654492350855682
0.24100000000000002 0.36660203851596607
0.24200000000000002 0.3677523951153327
0.24300000000000002 0.3689003125902769
0.24400000000000002 0.37004579860916004
0.245 0.37118886080236124
0.246 0.37232950676254
0.247 0.3734677440448974
0.248 0.37460358016743334
0.249 0.3757370226112023
0.25 0.3768680788205661
0.251 0.377996756203446
0.252 0.37912306213156954
0.253 0.3802470039407178
0.254 0.38136858893096925
0.255 0.38248782436694057
0.256 0.383604717478027
0.257 0.3847192754586396
0.258 0.38583150546843936
0.259 0.386941414632571
0.26 0.38804901004189335
0.261 0.3891542987532084
0.262 0.3902572877894872
0.263 0.39135798414009504
0.264 0.3924563947610139
0.265 0.3935525265750626
0.266 0.3946463864721153
0.267 0.39573798130931853
0.268 0.39682731791130543
0.269 0.3979144030704084
0.27 0.39899924354686994
0.271 0.40008184606905134
0.272 0.40116221733364005
0.273 0.4022403640058548
0.274 0.4033162927196486
0.275 0.4043900100779103
0.276 0.40546152265266544
0.277 0.40653083698527254
0.278 0.4075979595866205
0.279 0.4086628969373228
0.28 0.4097256554980984
0.281 0.41078624181560813
0.28200000000000003 0.4118446623273558
0.28300000000000003 0.4129009234064692
0.28400000000000003 0.41395503139698714
0.28500000000000003 0.41500699261404234
0.28600000000000003 0.41605681334404465
0.28700000000000003 0.41710449984486164
0.28800000000000003 0.41815005834599805
0.28900000000000003 0.4191934950487726
0.29000000000000004 0.4202348161264952
0.29100000000000004 0.4212740277246413
0.29200000000000004 0.42231113596102443
0.29300000000000004 0.42334614692596867
0.294 0.4243790666824784
0.295 0.42540990126640715
0.296 0.4264386566866251
0.297 0.4274653389251847
0.298 0.4284899539374851
0.299 0.4295125076524358
0.3 0.4305330059726175
0.301 0.4315514547744434
0.302 0.43256785990831736
0.303 0.4335822271987923
0.304 0.43459456244472616
0.305 0.4356048714194368
0.306 0.436613159870856
0.307 0.43761943352168214
0.308 0.4386236980695308
0.309 0.4396259591870853
0.31 0.44062622252224476
0.311 0.44162449369827284
0.312 0.4426207783139419
0.313 0.4436150819436803
0.314 0.44460741013771443
0.315 0.44559776842221277
0.316 0.44658616229942655
0.317 0.44757259724783033
0.318 0.44855707872226097
0.319 0.44953961215405663
0.32 0.45052020295119205
0.321 0.451498856498416
0.322 0.4524755781573853
0.323 0.45345037326679843
0.324 0.45442324720677313
0.325 0.4553942053433164
0.326 0.45636325295810054
0.327 0.4573303953107519
0.328 0.45829563763898806
0.329 0.45925898515874897
0.33 0.46022044306432935
0.331 0.4611800165285089
0.332 0.4621377107026819
0.333 0.46309353071698506
0.334 0.4640474816804259
0.335 0.4649995686810085
0.336 0.4659497967858598
0.337 0.466898171041353
0.338 0.46784469647323274
0.339 0.4687893780867362
0.34 0.46973222086671595
0.341 0.47067322977776
0.342 0.4716124097643121
0.343 0.47254976575079105
0.34400000000000003 0.47348530264170796
0.34500000000000003 0.47441902532178454
0.34600000000000003 0.4753509386560677
0.34700000000000003 0.47628104749004735
0.34800000000000003 0.47720935664976866
0.34900000000000003 0.47813587094194754
0.35000000000000003 0.47906059515408195
0.35100000000000003 0.4799835340545659
0.35200000000000004 0.48090469239279854
0.35300000000000004 0.48182407489929613
0.35400000000000004 0.48274168628580066
0.35500000000000004 0.48365753124538885
0.35600000000000004 0.4845716144525806
0.357 0.4854839405634453
0.358 0.48639451421570873
0.359 0.4873033400288584
0.36 0.4882104226042487
0.361 0.48911576652520466
0.362 0.490019376357125
0.363 0.49092125664758535
0.364 0.49182141192643913
0.365 0.4927198467059197
0.366 0.49361656548073973
0.367 0.4945115727281913
0.368 0.4954048729082444
0.369 0.4962964704636456
0.37 0.49718636982001524
0.371 0.49807457538594374
0.372 0.49896109155308893
0.373 0.4998459226962698
0.374 0.5007290731735627
0.375 0.5016105473263941
0.376 0.5024903494796353
0.377 0.5033684839416939
0.378 0.5042449550046062
0.379 0.5051197669441293
0.38 0.5059929240198311
0.381 0.5068644304751803
0.382 0.5077342905376369
0.383 0.5086025084187399
0.384 0.5094690883141959
0.385 0.510334034403967
0.386 0.5111973508523578
0.387 0.512059041808102
0.388 0.5129191114044469
0.389 0.5137775637592408
0.39 0.5146344029750151
0.391 0.5154896330944226
0.392 0.5163432581383998
0.393 0.5171952821584103
0.394 0.5180457091907961
0.395 0.518894543256844
0.396 0.519741788362867
0.397 0.5205874485002818
0.398 0.5214315276456886
0.399 0.5222740297609475
0.4 0.5231149587932581
0.401 0.5239543186752345
0.402 0.5247921133249827
0.403 0.5256283466461754
0.404 0.5264630225281289
0.405 0.527296144845877
0.406 0.5281277174602448
0.40700000000000003 0.5289577442179235
0.40800000000000003 0.5297862289515433
0.40900000000000003 0.5306131754797457
0.41000000000000003 0.531438587607257
0.41100000000000003 0.5322624691249596
0.41200000000000003 0.5330848238099617
0.41300000000000003 0.5339056554256714
0.41400000000000003 0.5347249677218642
0.41500000000000004 0.5355427644347547
0.41600000000000004 0.5363590492870647
0.41700000000000004 0.5371738259880935
0.41800000000000004 0.5379870982337857
0.41900000000000004 0.5387988697067988
0.42000000000000004 0.5396091440765725
0.42100000000000004 0.5404179249993932
0.422 0.5412252161184637
0.423 0.5420310210639673
0.424 0.5428353434531349
0.425 0.5436381868903091
0.426 0.5444395549670109
0.427 0.5452394512620029
0.428 0.5460378793413538
0.429 0.5468348427585027
0.43 0.5476303450543211
0.431 0.5484243897571772
0.432 0.5492169803829978
0.433 0.55000812043533
0.434 0.5507978134054036
0.435 0.5515860627721914
0.436 0.5523728720024709
0.437 0.553158244550885
0.438 0.5539421838600013
0.439 0.5547246933603718
0.44 0.5555057764705927
0.441 0.556285436597364
0.442 0.557063677135546
0.443 0.5578405014682201
0.444 0.5586159129667438
0.445 0.559389914990811
0.446 0.560162510888507
0.447 0.5609337039963664
0.448 0.5617034976394285
0.449 0.5624718951312947
0.45 0.5632388997741821
0.451 0.5640045148589814
0.452 0.5647687436653096
0.453 0.5655315894615659
0.454 0.5662930555049852
0.455 0.5670531450416931
0.456 0.5678118613067583
0.457 0.5685692075242469
0.458 0.5693251869605099
0.459 0.5700798028809293
0.46 0.5708330584831945
0.461 0.5715849569543133
0.462 0.5723355014707044
0.463 0.5730846951982491
0.464 0.5738325412923447
0.465 0.5745790428979575
0.466 0.5753242031496723
0.467 0.5760680251717453
0.468 0.576810512078156
0.46900000000000003 0.5775516669726559
0.47000000000000003 0.5782914929488211
0.47100000000000003 0.5790299930901016
0.47200000000000003 0.5797671704698708
0.47300000000000003 0.5805030281514765
0.47400000000000003 0.581237569188289
0.47500000000000003 0.5819707966237512
0.47600000000000003 0.5827027134914261
0.47700000000000004 0.583433322815047
0.47800000000000004 0.5841626276085641
0.47900000000000004 0.5848906308761938
0.48000000000000004 0.5856173356124651
0.48100000000000004 0.5863427448022672
0.48200000000000004 0.5870668614208983
0.48300000000000004 0.5877896884341097
0.48400000000000004 0.5885112287981549
0.485 0.589231485459834
0.486 0.5899504613565404
0.487 0.5906681594163071
0.488 0.5913845825578511
0.489 0.5920997336906201
0.49 0.5928136157148356
0.491 0.5935262315215394
0.492 0.5942375839926365
0.493 0.5949476760009408
0.494 0.5956565104102176
0.495 0.596364090075229
0.496 0.5970704178417753
0.497 0.5977754965467396
0.498 0.5984793290181308
0.499 0.599181918075126
0.5 0.5998832665281123
0.501 0.6005833771787299
0.502 0.6012822528199143
0.503 0.6019798962359372
0.504 0.6026763102024489
0.505 0.6033714974865186
0.506 0.6040654608466767
0.507 0.6047582030329546
0.508 0.6054497267869259
0.509 0.6061400348417466
0.51 0.6068291299221954
0.511 0.6075170147447134
0.512 0.6082036920174442
0.513 0.6088891644402726
0.514 0.6095734347048656
0.515 0.6102565054947094
0.516 0.61093837948515
0.517 0.6116190593434299
0.518 0.6122985477287293
0.519 0.6129768472922015
0.52 0.6136539606770132
0.521 0.6143298905183806
0.522 0.6150046394436082
0.523 0.6156782100721256
0.524 0.616350605015525
0.525 0.617021826764454
0.526 0.6176918777755508
0.527 0.61836076062361
0.528 0.619028477875595
0.529 0.6196950320905034
0.53 0.6203604258193992
0.531 0.6210246616054468
0.532 0.6216877419839434
0.533 0.6223496694823518
0.534 0.6230104466203334
0.535 0.6236700759097795
0.536 0.6243285598548451
0.537 0.6249859009519795
0.538 0.6256421016899586
0.539 0.626297164549917
0.54 0.6269510920053791
0.541 0.62760388652229
0.542 0.6282555505590474
0.543 0.6289060865665321
0.544 0.6295554969881393
0.545 0.630203784259808
0.546 0.630850950810053
0.547 0.6314969990599945
0.548 0.6321419314233873
0.549 0.6327857503066522
0.55 0.6334284581089058
0.551 0.6340700572219886
0.552 0.6347105500304957
0.553 0.6353499389118058
0.554 0.6359882262361102
0.555 0.6366254143664422
0.556 0.6372615056587051
0.557 0.637896502461702
0.558 0.6385304071171636
0.559 0.639163221959776
0.56 0.6397949493172101
0.561 0.6404255915101494
0.562 0.6410551508523169
0.5630000000000001 0.6416836296505037
0.5640000000000001 0.6423110302045967
0.5650000000000001 0.6429373548076056
0.5660000000000001 0.6435626057456907
0.5670000000000001 0.6441867852981895
0.5680000000000001 0.6448098957376438
0.5690000000000001 0.645431939329827
0.5700000000000001 0.6460529183337705
0.5710000000000001 0.6466728350017903
0.5720000000000001 0.6472916915795135
0.5730000000000001 0.6479094903059048
0.5740000000000001 0.6485262334132917
0.5750000000000001 0.6491419231273923
0.5760000000000001 0.6497565616673395
0.5770000000000001 0.6503701512457074
0.5780000000000001 0.650982694068537
0.5790000000000001 0.651594192335362
0.5800000000000001 0.6522046482392335
0.5810000000000001 0.6528140639667445
0.582 0.6534224416980577
0.583 0.6540297836069273
0.584 0.6546360918607258
0.585 0.6552413686204676
0.586 0.655845616040835
0.587 0.6564488362702007
0.588 0.6570510314506536
0.589 0.657652203718022
0.59 0.6582523552018991
0.591 0.6588514880256647
0.592 0.6594496043772163
0.593 0.660046706458124
0.594 0.6606427963819979
0.595 0.6612378762563504
0.596 0.661831948182801
0.597 0.6624250142571005
0.598 0.6630170765691565
0.599 0.6636081372030571
0.6 0.6641981982370967
0.601 0.6647872617438005
0.602 0.6653753297899477
0.603 0.6659624044365964
0.604 0.6665484877391085
0.605 0.6671335817471725
0.606 0.6677176885048283
0.607 0.668300810050491
0.608 0.6688829484169738
0.609 0.6694641056315126
0.61 0.6700442837157887
0.611 0.6706234846859528
0.612 0.671201710552648
0.613 0.6717789633210322
0.614 0.6723552449908031
0.615 0.6729305575562191
0.616 0.6735049030061226
0.617 0.6740782833239644
0.618 0.6746507004878232
0.619 0.6752221564704312
0.62 0.6757926532391948
0.621 0.6763621927562175
0.622 0.6769307769783214
0.623 0.6774984078570705
0.624 0.6780650873387913
0.625 0.6786308173645959
0.626 0.6791955998704035
0.627 0.6797594367869612
0.628 0.6803223300398674
0.629 0.6808842815495904
0.63 0.6814452932314942
0.631 0.6820053669958545
0.632 0.6825645047478848
0.633 0.6831227083877544
0.634 0.6836799798106105
0.635 0.6842363209065985
0.636 0.6847917335608846
0.637 0.6853462196536743
0.638 0.6858997810602343
0.639 0.6864524196509124
0.64 0.6870041372911591
0.641 0.6875549358415469
0.642 0.6881048171577906
0.643 0.6886537830907679
0.644 0.6892018354865398
0.645 0.6897489761863697
0.646 0.6902952070267443
0.647 0.6908405298393923
0.648 0.6913849464513057
0.649 0.6919284586847577
0.65 0.692471068357324
0.651 0.6930127772819008
0.652 0.6935535872667252
0.653 0.6940935001153937
0.654 0.6946325176268829
0.655 0.6951706415955669
0.656 0.6957078738112372
0.657 0.696244216059122
0.658 0.6967796701199042
0.659 0.6973142377010925
0.66 0.6978479204829947
0.661 0.698380720224005
0.662 0.6989126386781116
0.663 0.6994436775946524
0.664 0.6999738387183273
0.665 0.7005031237892193
0.666 0.7010315345428072
0.667 0.701559072709985
0.668 0.702085740017076
0.669 0.7026115381858505
0.67 0.7031364689335414
0.671 0.7036605339728598
0.672 0.7041837350120123
0.673 0.7047060737547156
0.674 0.7052275519002134
0.675 0.7057481711432912
0.676 0.706267933174294
0.677 0.7067868396791391
0.678 0.7073048923393337
0.679 0.7078220928319906
0.68 0.7083384428298419
0.681 0.7088539440012563
0.682 0.7093685980102534
0.683 0.709882406516519
0.684 0.7103953711754206
0.685 0.7109074936380222
0.686 0.7114187755510992
0.687 0.7119292185571545
0.6880000000000001 0.7124388242944314
0.6890000000000001 0.7129475943969311
0.6900000000000001 0.7134555304944247
0.6910000000000001 0.7139626342124695
0.6920000000000001 0.7144689071724241
0.6930000000000001 0.7149743509914611
0.6940000000000001 0.7154789672825836
0.6950000000000001 0.7159827576546386
0.6960000000000001 0.7164857237123315
0.6970000000000001 0.7169878670562405
0.6980000000000001 0.7174891892828311
0.6990000000000001 0.7179896919844697
0.7000000000000001 0.718489376749439
0.7010000000000001 0.7189882451619505
0.7020000000000001 0.7194862988021588
0.7030000000000001 0.7199835392461774
0.7040000000000001 0.7204799680660896
0.7050000000000001 0.7209755868299653
0.7060000000000001 0.7214703971018726
0.7070000000000001 0.7219644004418924
0.7080000000000001 0.7224575984061324
0.709 0.7229499925467401
0.71 0.7234415844119158
0.711 0.7239323755459277
0.712 0.7244223674891244
0.713 0.7249115617779478
0.714 0.7253999599449467
0.715 0.7258875635187911
0.716 0.7263743740242841
0.717 0.726860392982375
0.718 0.7273456219101739
0.719 0.7278300623209627
0.72 0.7283137157242093
0.721 0.7287965836255812
0.722 0.729278667526956
0.723 0.7297599689264362
0.724 0.7302404893183623
0.725 0.730720230193323
0.726 0.7311991930676991
0.727 0.7316773794654229
0.728 0.7321547908698206
0.729 0.732631428760443
0.73 0.7331072946132438
0.731 0.7335823899005895
0.732 0.7340567160912762
0.733 0.7345302746505394
0.734 0.7350030670400686
0.735 0.7354750947180204
0.736 0.7359463591390306
0.737 0.7364168617542283
0.738 0.7368866040112475
0.739 0.7373555873542403
0.74 0.7378238132238905
0.741 0.7382912830574239
0.742 0.7387579982886241
0.743 0.7392239603478428
0.744 0.7396891706620131
0.745 0.7401536306546621
0.746 0.7406173417459233
0.747 0.7410803053525479
0.748 0.7415425228879193
0.749 0.7420039957620637
0.75 0.7424647253816627
0.751 0.7429247131500658
0.752 0.743383960467302
0.753 0.7438424687300933
0.754 0.7443002393318644
0.755 0.7447572736627573
0.756 0.7452135731096411
0.757 0.7456691390561255
0.758 0.7461239728825719
0.759 0.7465780759661049
0.76 0.7470314496806255
0.761 0.7474840953968208
0.762 0.747936014482178
0.763 0.7483872083009936
0.764 0.7488376782143873
0.765 0.7492874255803124
0.766 0.7497364517535668
0.767 0.7501847580858063
0.768 0.7506323459255541
0.769 0.7510792166182132
0.77 0.7515253715060775
0.771 0.7519708119283433
0.772 0.7524155392211207
0.773 0.7528595547174441
0.774 0.7533028597472844
0.775 0.7537454556375596
0.776 0.754187343712145
0.777 0.7546285252918871
0.778 0.7550690016946111
0.779 0.755508774235134
0.78 0.7559478442252756
0.781 0.7563862129738682
0.782 0.7568238817867688
0.783 0.7572608519668689
0.784 0.757697124814106
0.785 0.7581327016254736
0.786 0.7585675836950333
0.787 0.7590017723139235
0.788 0.7594352687703714
0.789 0.7598680743497036
0.79 0.7603001903343566
0.791 0.7607316180038863
0.792 0.7611623586349799
0.793 0.7615924134376815
0.794 0.7620217835914536
0.795 0.7624504703556627
0.796 0.7628784749871278
0.797 0.7633057987396529
0.798 0.7637324428640365
0.799 0.7641584086080789
0.8 0.7645836972165913
0.801 0.7650083099314038
0.802 0.7654322479913734
0.803 0.7658555126323938
0.804 0.7662781050874014
0.805 0.7667000265863855
0.806 0.7671212783563954
0.807 0.7675418616215492
0.808 0.7679617776030415
0.809 0.7683810275191515
0.81 0.7687996125852515
0.811 0.7692175340138142
0.812 0.7696347930144214
0.8130000000000001 0.770051390793772
0.8140000000000001 0.7704673285556892
0.8150000000000001 0.7708826075011285
0.8160000000000001 0.7712972288281871
0.8170000000000001 0.77171119373211
0.8180000000000001 0.7721245034052978
0.8190000000000001 0.7725371590373157
0.8200000000000001 0.7729491618149006
0.8210000000000001 0.7733605129219685
0.8220000000000001 0.7737712135396231
0.8230000000000001 0.7741812648461618
0.8240000000000001 0.774590668017086
0.8250000000000001 0.7749994242251056
0.8260000000000001 0.7754075346401489
0.8270000000000001 0.7758150004293688
0.8280000000000001 0.7762218227571517
0.8290000000000001 0.776628002785123
0.8300000000000001 0.7770335416721564
0.8310000000000001 0.7774384405743802
0.8320000000000001 0.7778427006451851
0.8330000000000001 0.7782463230352316
0.8340000000000001 0.7786493088924572
0.8350000000000001 0.7790516593620842
0.8360000000000001 0.7794533755866255
0.8370000000000001 0.7798544587058939
0.838 0.7802549098570072
0.839 0.780654730174398
0.84 0.7810539207898181
0.841 0.7814524828323468
0.842 0.7818504174283993
0.843 0.7822477257017315
0.844 0.7826444087734485
0.845 0.7830404677620109
0.846 0.783435903783243
0.847 0.7838307179503373
0.848 0.7842249113738654
0.849 0.7846184851617802
0.85 0.7850114404194268
0.851 0.785403778249547
0.852 0.785795499752287
0.853 0.7861866060252042
0.854 0.7865770981632736
0.855 0.786966977258895
0.856 0.7873562444019
0.857 0.7877449006795572
0.858 0.7881329471765812
0.859 0.7885203849751371
0.86 0.7889072152135774
0.861 0.7892934390564509
0.862 0.7896790575867244
0.863 0.7900640718844518
0.864 0.7904484830273584
0.865 0.790832292090848
0.866 0.7912155001480123
0.867 0.7915981082696387
0.868 0.7919801175242177
0.869 0.7923615289779519
0.87 0.7927423436947636
0.871 0.7931225627363035
0.872 0.7935021871619581
0.873 0.7938812180288576
0.874 0.794259656391885
0.875 0.7946375033036827
0.876 0.7950147598146611
0.877 0.7953914269730068
0.878 0.7957675058246898
0.879 0.7961429974134723
0.88 0.7965179027809155
0.881 0.796892222966388
0.882 0.7972659590070738
0.883 0.79763911193798
0.884 0.7980116827919438
0.885 0.7983836725996413
0.886 0.7987550823895945
0.887 0.7991259131881792
0.888 0.799496166019633
0.889 0.7998658419060622
0.89 0.8002349418674507
0.891 0.8006034669216653
0.892 0.8009714180844663
0.893 0.8013387963695127
0.894 0.80170560278837
0.895 0.8020718383505198
0.896 0.8024375040633639
0.897 0.8028026009322352
0.898 0.803167129960402
0.899 0.8035310921490784
0.9 0.8038944884974295
0.901 0.8042573200025794
0.902 0.8046195876596188
0.903 0.804981292461613
0.904 0.8053424353996071
0.905 0.8057030174626361
0.906 0.8060630396377291
0.907 0.8064225029099195
0.908 0.8067814082622504
0.909 0.8071397566757823
0.91 0.8074975491296004
0.911 0.8078547866008218
0.912 0.8082114700646018
0.913 0.8085676004941432
0.914 0.8089231788607004
0.915 0.8092782061335896
0.916 0.8096326832801924
0.917 0.8099866112659666
0.918 0.8103399910544506
0.919 0.8106928236072716
0.92 0.8110451098841515
0.921 0.8113968508429155
0.922 0.8117480474394975
0.923 0.8120987006279482
0.924 0.8124488113604409
0.925 0.8127983805872796
0.926 0.8131474092569048
0.927 0.8134958982617996
0.928 0.8138438484630988
0.929 0.8141912607956222
0.93 0.8145381361928568
0.931 0.814884475586284
0.932 0.8152302799053845
0.933 0.8155755500776444
0.934 0.8159202870285589
0.935 0.8162644916816385
0.936 0.8166081649584137
0.937 0.81695130777844
0.9380000000000001 0.8172939210593029
0.9390000000000001 0.8176360057166226
0.9400000000000001 0.8179775626640605
0.9410000000000001 0.8183185928133215
0.9420000000000001 0.8186590970741622
0.9430000000000001 0.818999076354393
0.9440000000000001 0.8193385315598842
0.9450000000000001 0.8196774635945718
0.9460000000000001 0.8200158733604607
0.9470000000000001 0.8203537617576309
0.9480000000000001 0.8206911296842414
0.9490000000000001 0.8210279780365358
0.9500000000000001 0.8213643077088473
0.9510000000000001 0.821700119593602
0.9520000000000001 0.8220354145813261
0.9530000000000001 0.8223701935606483
0.9540000000000001 0.8227044574183061
0.9550000000000001 0.8230382070391501
0.9560000000000001 0.8233714433061488
0.9570000000000001 0.8237041671003927
0.9580000000000001 0.8240363793011007
0.9590000000000001 0.8243680807856227
0.9600000000000001 0.8246992724294455
0.9610000000000001 0.8250299551061975
0.9620000000000001 0.8253601296876527
0.9630000000000001 0.8256897970437357
0.9640000000000001 0.8260189580425267
0.965 0.8263476135502658
0.966 0.8266757644313565
0.967 0.8270034115483723
0.968 0.8273305557620604
0.969 0.8276571979313452
0.97 0.8279833389133343
0.971 0.8283089795633224
0.972 0.8286341207347955
0.973 0.8289587632794364
0.974 0.8292829080471279
0.975 0.829606555885958
0.976 0.8299297076422245
0.977 0.8302523641604386
0.978 0.8305745262833305
0.979 0.8308961948518527
0.98 0.8312173707051851
0.981 0.8315380546807386
0.982 0.8318582476141613
0.983 0.8321779503393398
0.984 0.8324971636884061
0.985 0.8328158884917415
0.986 0.8331341255779801
0.987 0.8334518757740133
0.988 0.8337691399049942
0.989 0.8340859187943428
0.99 0.8344022132637482
0.991 0.8347180241331746
0.992 0.8350333522208654
0.993 0.8353481983433463
0.994 0.8356625633445616
0.995 0.8359764480843134
0.996 0.8362898533785397
0.997 0.836602780041119
0.998 0.8369152288843316
0.999 0.8372272007188635
1.0 0.8375386963538134
1.001 0.8378497165966957
1.002 0.8381602622534474
1.003 0.8384703341284309
1.004 0.8387799330244411
1.005 0.8390890597427089
1.006 0.839397715082907
1.007 0.8397058998431548
1.008 0.8400136148200228
1.009 0.8403208608085375
1.01 0.8406276386021869
1.011 0.8409339489929253
1.012 0.8412397927711774
1.013 0.8415451707258441
1.014 0.841850083644307
1.015 0.8421545323124332
1.016 0.8424585175145796
1.017 0.8427620400335991
1.018 0.8430651006508441
1.019 0.8433677001461716
1.02 0.8436698392979486
1.021 0.843971518883056
1.022 0.8442727396768941
1.023 0.8445735024533865
1.024 0.844873807984986
1.025 0.8451736570426778
1.026 0.8454730503959859
1.027 0.8457719888129761
1.028 0.8460704730602626
1.029 0.8463685039030109
1.0299999999999998 0.8466660821049433
1.031 0.8469632084283432
1.0319999999999998 0.8472598836340602
1.033 0.8475561084815151
1.0339999999999998 0.8478518837287025
1.035 0.8481472101321982
1.0359999999999998 0.8484420884471616
1.037 0.8487365194273412
1.0379999999999998 0.8490305038250797
1.039 0.8493240423913168
1.0399999999999998 0.849617135875596
1.041 0.8499097850260674
1.0419999999999998 0.8502019905894929
1.043 0.850493753311251
1.0439999999999998 0.8507850739353403
1.045 0.8510759532043852
1.0459999999999998 0.8513663918596402
1.047 0.8516563906409932
1.0479999999999998 0.8519459502869711
1.049 0.852235071534744
1.0499999999999998 0.8525237551201299
1.051 0.8528120017775984
1.0519999999999998 0.8530998122402755
1.053 0.8533871872399486
1.0539999999999998 0.8536741275070698
1.055 0.8539606337707613
1.0559999999999998 0.8542467067588188
1.057 0.8545323471977168
1.0579999999999998 0.8548175558126125
1.059 0.8551023333273503
1.0599999999999998 0.8553866804644659
1.061 0.8556705978919671
1.0619999999999998 0.855954086241303
1.063 0.8562371462224393
1.0639999999999998 0.8565197785448929
1.065 0.8568019839167101
1.0659999999999998 0.8570837630444702
1.067 0.8573651166332865
1.0679999999999998 0.85764604538681
1.069 0.8579265500072317
1.0699999999999998 0.8582066311952854
1.071 0.8584862896502495
1.0719999999999998 0.8587655260699502
1.073 0.8590443411507632
1.0739999999999998 0.8593227355876178
1.075 0.8596007100739976
1.0759999999999998 0.8598782653019438
1.077 0.8601554019620573
1.0779999999999998 0.8604321207435026
1.079 0.860708422334008
1.0799999999999998 0.8609843074198698
1.081 0.861259776685954
1.0819999999999999 0.8615348308156985
1.083 0.8618094704911163
1.0839999999999999 0.8620836963927976
1.085 0.862357509199912
1.0859999999999999 0.8626309095902106
1.087 0.8629038982400296
1.0879999999999999 0.8631764758242911
1.089 0.8634486430165069
1.0899999999999999 0.8637204004887802
1.091 0.8639917489118073
1.0919999999999999 0.8642626889548816
1.093 0.8645332212858945
1.0939999999999999 0.8648033465713382
1.095 0.8650730654763085
1.0959999999999999 0.8653423786645061
1.097 0.86561128679824
1.0979999999999999 0.8658797905384289
1.099 0.8661478905446043
1.0999999999999999 0.866415587474912
1.101 0.8666828819861155
1.1019999999999999 0.8669497747335965
1.103 0.8672162663713587
1.1039999999999999 0.8674823575520302
1.105 0.8677480489268643
1.1059999999999999 0.8680133411457427
1.107 0.8682782348571778
1.1079999999999999 0.8685427307083148
1.109 0.8688068293449339
1.1099999999999999 0.869070531411452
1.111 0.8693338375509257
1.1119999999999999 0.8695967484050535
1.113 0.8698592646141772
1.1139999999999999 0.8701213868172848
1.115 0.8703831156520119
1.1159999999999999 0.8706444517546454
1.117 0.8709053957601237
1.1179999999999999 0.8711659483020404
1.119 0.8714261100126458
1.1199999999999999 0.8716858815228489
1.121 0.8719452634622195
1.1219999999999999 0.872204256458991
1.123 0.8724628611400621
1.1239999999999999 0.8727210781309988
1.125 0.8729789080560368
1.126 0.8732363515380824
1.127 0.8734934091987173
1.128 0.8737500817149734
1.129 0.8740063698036561
1.13 0.8742622740920661
1.131 0.874517795205063
1.132 0.8747729337663913
1.133 0.8750276903986849
1.134 0.8752820657234699
1.135 0.8755360603611688
1.136 0.8757896749311054
1.137 0.8760429100515073
1.138 0.8762957663395105
1.139 0.8765482444111637
1.14 0.8768003448814313
1.141 0.8770520683641975
1.142 0.8773034154722712
1.143 0.8775543868173883
1.144 0.8778049830102161
1.145 0.878055204660358
1.146 0.8783050523763559
1.147 0.878554526765695
1.148 0.8788036284348077
1.149 0.8790523579890769
1.15 0.8793007160328399
1.151 0.8795487031693923
1.152 0.8797963200009915
1.153 0.8800435671288617
1.154 0.8802904451531955
1.155 0.8805369546731602
1.156 0.8807830962868994
1.157 0.8810288705915382
1.158 0.8812742781831856
1.1589999999999998 0.8815193196569403
1.16 0.881763995606892
1.1609999999999998 0.8820083066261267
1.162 0.8822522533067302
1.1629999999999998 0.8824958362397914
1.164 0.882739056015407
1.1649999999999998 0.8829819132226834
1.166 0.8832244084497426
1.1669999999999998 0.8834665422837235
1.168 0.8837083153107876
1.1689999999999998 0.883949728116122
1.17 0.8841907812839428
1.1709999999999998 0.8844314753974989
1.172 0.8846718110390761
1.1729999999999998 0.8849117887899995
1.174 0.8851514092306393
1.1749999999999998 0.8853906729404122
1.176 0.885629580497786
1.1769999999999998 0.8858681324802835
1.178 0.8861063294644861
1.1789999999999998 0.8863441720260371
1.18 0.8865816607396445
1.1809999999999998 0.8868187961790868
1.182 0.8870555789172144
1.1829999999999998 0.8872920095259538
1.184 0.8875280885763126
1.1849999999999998 0.887763816638381
1.186 0.8879991942813364
1.1869999999999998 0.8882342220734473
1.188 0.8884689005820757
1.1889999999999998 0.888703230373682
1.19 0.8889372120138274
1.1909999999999998 0.8891708460671787
1.192 0.8894041330975103
1.1929999999999998 0.8896370736677094
1.194 0.8898696683397778
1.1949999999999998 0.8901019176262159
1.196 0.890333822000379
1.1969999999999998 0.8905653820129362
1.198 0.8907965982148648
1.1989999999999998 0.8910274711560985
1.2 0.8912580013855292
1.2009999999999998 0.8914881894510079
1.202 0.8917180358993492
1.2029999999999998 0.8919475412763297
1.204 0.892176706126692
1.2049999999999998 0.8924055309941459
1.206 0.8926340164213711
1.2069999999999999 0.8928621629500169
1.208 0.8930899711207055
1.2089999999999999 0.8933174414730346
1.21 0.8935445745455772
1.2109999999999999 0.8937713708758839
1.212 0.8939978310004864
1.2129999999999999 0.8942239554548965
1.214 0.8944497447736101
1.2149999999999999 0.8946751994901084
1.216 0.8949003201368585
1.2169999999999999 0.8951251072453168
1.218 0.8953495613459296
1.2189999999999999 0.8955736829681351
1.22 0.8957974726403661
1.2209999999999999 0.8960209308900503
1.222 0.8962440582436124
1.2229999999999999 0.8964668552264766
1.224 0.8966893223630672
1.2249999999999999 0.8969114601768111
1.226 0.8971332691901397
1.2269999999999999 0.8973547499244893
1.228 0.8975759029003044
1.2289999999999999 0.8977967286370384
1.23 0.8980172276531552
1.2309999999999999 0.8982374004661321
1.232 0.8984572475924597
1.2329999999999999 0.8986767695476454
1.234 0.8988959668462132
1.2349999999999999 0.8991148400017073
1.236 0.8993333895266915
1.2369999999999999 0.8995516159327533
1.238 0.899769519730504
1.2389999999999999 0.8999871014295808
1.24 0.9002043615386479
1.2409999999999999 0.9004213005653996
1.242 0.9006379190165604
1.2429999999999999 0.9008542173978868
1.244 0.9010701962141701
1.2449999999999999 0.9012858559692366
1.246 0.90150119716595
1.2469999999999999 0.9017162203062131
1.248 0.9019309258909695
1.2489999999999999 0.9021453144202038
1.25 0.9023593863929452
1.251 0.902573142307268
1.252 0.9027865826602931
1.253 0.9029997079481904
1.254 0.903212518666179
1.255 0.9034250153085307
1.256 0.9036371983685697
1.257 0.9038490683386752
1.258 0.9040606257102828
1.259 0.9042718709738863
1.26 0.9044828046190381
1.261 0.9046934271343527
1.262 0.9049037390378053
1.263 0.9051137408722604
1.264 0.9053234331292188
1.265 0.9055328162983631
1.266 0.9057418908685578
1.267 0.905950657327852
1.268 0.9061591161634809
1.269 0.9063672678618706
1.27 0.9065751129086386
1.271 0.906782651788597
1.272 0.9069898849857565
1.273 0.9071968129833261
1.274 0.9074034362637184
1.275 0.9076097553085501
1.276 0.9078157705986468
1.277 0.9080214826140433
1.278 0.9082268918339874
1.279 0.9084319987369422
1.28 0.9086368038005885
1.281 0.9088413075018277
1.282 0.9090455103167839
1.283 0.9092494127208071
1.284 0.9094530151884742
1.285 0.9096563181935934
1.2859999999999998 0.9098593222092058
1.287 0.910062027707588
1.2879999999999998 0.9102644351602547
1.289 0.9104665450379609
1.2899999999999998 0.9106683578107044
1.291 0.9108698739477296
1.2919999999999998 0.9110710939175275
1.293 0.911272018187841
1.2939999999999998 0.9114726472256648
1.295 0.9116729814972506
1.2959999999999998 0.9118730214681064
1.297 0.9120727676030015
1.2979999999999998 0.9122722203659687
1.299 0.9124713802203048
1.2999999999999998 0.9126702476285756
1.301 0.9128688230526173
1.3019999999999998 0.9130671069535379
1.303 0.9132650997917219
1.3039999999999998 0.9134628020268304
1.305 0.9136602141178051
1.3059999999999998 0.9138573365228704
1.307 0.9140541696995363
1.3079999999999998 0.9142507141045989
1.309 0.9144469701941451
1.3099999999999998 0.9146429384235542
1.311 0.9148386192474997
1.3119999999999998 0.9150340131199527
1.313 0.9152291204941841
1.3139999999999998 0.9154239418227663
1.315 0.9156184775575762
1.3159999999999998 0.9158127281497984
1.317 0.9160066940499253
1.3179999999999998 0.9162003757077624
1.319 0.916393773572428
1.3199999999999998 0.9165868880923579
1.321 0.9167797197153056
1.3219999999999998 0.916972268888347
1.323 0.9171645360578805
1.3239999999999998 0.9173565216696316
1.325 0.9175482261686534
1.3259999999999998 0.9177396499993298
1.327 0.9179307936053777
1.3279999999999998 0.9181216574298503
1.329 0.9183122418657205
1.3299999999999998 0.9185025472598505
1.331 0.9186925740435465
1.3319999999999999 0.9188823226491771
1.333 0.9190717935082698
1.3339999999999999 0.9192609870515096
1.335 0.9194499037087407
1.3359999999999999 0.9196385439089672
1.337 0.9198269080803524
1.3379999999999999 0.9200149966502209
1.339 0.920202810045058
1.3399999999999999 0.9203903486905105
1.341 0.9205776130113879
1.3419999999999999 0.9207646034316614
1.343 0.920951320374467
1.3439999999999999 0.9211377642621037
1.345 0.921323935516034
1.3459999999999999 0.9215098345568861
1.347 0.9216954618044538
1.3479999999999999 0.9218808176776963
1.349 0.922065902594739
1.3499999999999999 0.9222507169728744
1.351 0.922435261228563
1.3519999999999999 0.9226195357774323
1.353 0.9228035410342786
1.3539999999999999 0.9229872774130675
1.355 0.923170745326933
1.3559999999999999 0.9233539451881805
1.357 0.9235368774082845
1.3579999999999999 0.9237195423978913
1.359 0.9239019405668181
1.3599999999999999 0.9240840723240544
1.361 0.924265938077762
1.3619999999999999 0.9244475382352751
1.363 0.924628873203102
1.3639999999999999 0.9248099433869242
1.365 0.9249907491915978
1.3659999999999999 0.9251712910211541
1.367 0.9253515692787988
1.3679999999999999 0.925531584366914
1.369 0.9257113366870574
1.3699999999999999 0.9258908266399639
1.371 0.9260700546255454
1.3719999999999999 0.9262490210428918
1.373 0.9264277262902698
1.3739999999999999 0.9266061707651256
1.375 0.9267843548640843
1.376 0.92696227898295
1.377 0.9271399435167074
1.378 0.92731734885952
1.379 0.9274944954047339
1.38 0.927671383544875
1.381 0.9278480136716514
1.382 0.9280243861759528
1.383 0.9282005014478526
1.384 0.9283763598766053
1.385 0.9285519618506503
1.386 0.9287273077576096
1.387 0.9289023979842904
1.388 0.9290772329166841
1.389 0.9292518129399666
1.39 0.9294261384385004
1.391 0.929600209795833
1.392 0.9297740273946984
1.393 0.9299475916170172
1.394 0.9301209028438974
1.395 0.9302939614556343
1.396 0.9304667678886492
1.397 0.9306393226348879
1.398 0.9308116260840601
1.399 0.9309836786227352
1.4 0.9311554806368955
1.401 0.9313270325119399
1.402 0.9314983346326863
1.403 0.9316693873833745
1.404 0.9318401911476666
1.405 0.9320107463086522
1.406 0.9321810532488501
1.407 0.9323511123502097
1.408 0.9325209239941148
1.409 0.9326904885613848
1.41 0.932859806432279
1.411 0.9330288779864968
1.412 0.9331977036031831
1.4129999999999998 0.933366283660928
1.414 0.9335346185377705
1.4149999999999998 0.9337027086112012
1.416 0.933870554258164
1.4169999999999998 0.9340381558550598
1.418 0.9342055137777475
1.4189999999999998 0.934372628401548
1.42 0.9345395001012449
1.4209999999999998 0.9347061292510884
1.422 0.9348725162247977
1.4229999999999998 0.9350386613955619
1.424 0.9352045651360452
1.4249999999999998 0.9353702278183864
1.426 0.9355356498142036
1.4269999999999998 0.935700831494595
1.428 0.9358657732301426
1.4289999999999998 0.9360304753909143
1.43 0.9361949383464658
1.4309999999999998 0.9363591624658435
1.432 0.9365231481175871
1.4329999999999998 0.9366868956697317
1.434 0.9368504054898101
1.4349999999999998 0.9370136779448562
1.436 0.9371767134014058
1.4369999999999998 0.9373395122255005
1.438 0.9375020747826891
1.4389999999999998 0.9376644014380315
1.44 0.9378264925560986
1.4409999999999998 0.9379883485009776
1.442 0.9381499696362716
1.4429999999999998 0.938311356325105
1.444 0.9384725089301232
1.4449999999999998 0.9386334278134965
1.446 0.938794113336922
1.4469999999999998 0.9389545658616266
1.448 0.9391147857483687
1.4489999999999998 0.9392747733574408
1.45 0.9394345290486715
1.4509999999999998 0.9395940531814292
1.452 0.9397533461146235
1.4529999999999998 0.939912408206707
1.454 0.9400712398156786
1.4549999999999998 0.9402298412990862
1.456 0.9403882130140288
1.4569999999999999 0.9405463553171574
1.458 0.9407042685646795
1.4589999999999999 0.9408619531123606
1.46 0.9410194093155264
1.4609999999999999 0.9411766375290654
1.462 0.9413336381074314
1.4629999999999999 0.9414904113614706
1.464 0.9416469575557754
1.4649999999999999 0.9418032770340354
1.466 0.9419593701415776
1.4669999999999999 0.9421152372231307
1.468 0.9422708786228248
1.4689999999999999 0.9424262946841955
1.47 0.9425814857501815
1.4709999999999999 0.9427364521631267
1.472 0.9428911942647805
1.4729999999999999 0.943045712396299
1.474 0.9432000068982446
1.4749999999999999 0.9433540781105877
1.476 0.9435079263727073
1.4769999999999999 0.9436615520233907
1.478 0.9438149554008363
1.4789999999999999 0.9439681368426506
1.48 0.9441210966858532
1.4809999999999999 0.9442738352668748
1.482 0.9444263529215584
1.4829999999999999 0.9445786499851596
1.484 0.9447307267923484
1.4849999999999999 0.9448825836772091
1.486 0.9450342209732409
1.4869999999999999 0.9451856390133591
1.488 0.9453368381298947
1.4889999999999999 0.9454878186545962
1.49 0.9456385809186303
1.4909999999999999 0.945789125252581
1.492 0.9459394519864519
1.4929999999999999 0.9460895614496666
1.494 0.9462394539710687
1.4949999999999999 0.9463891298789225
1.496 0.9465385895009151
1.4969999999999999 0.9466878331641542
1.498 0.9468368611951717
1.4989999999999999 0.9469856739199226
1.5 0.9471342716637865
1.501 0.9472826547515668
1.502 0.9474308235074941
1.503 0.9475787782552241
1.504 0.9477265193178391
1.505 0.9478740470178496
1.506 0.9480213616771931
1.507 0.9481684636172374
1.508 0.9483153531587779
1.509 0.9484620306220409
1.51 0.9486084963266834
1.511 0.9487547505917932
1.512 0.9489007937358898
1.513 0.9490466260769258
1.514 0.9491922479322864
1.515 0.9493376596187906
1.516 0.9494828614526918
1.517 0.9496278537496785
1.518 0.9497726368248743
1.519 0.9499172109928393
1.52 0.9500615765675705
1.521 0.9502057338625022
1.522 0.9503496831905064
1.523 0.9504934248638943
1.524 0.9506369591944159
1.525 0.9507802864932614
1.526 0.950923407071061
1.527 0.9510663212378864
1.528 0.9512090293032507
1.529 0.9513515315761093
1.53 0.9514938283762684
1.531 0.9516359200359341
1.532 0.951777806865034
1.533 0.9519194891723098
1.534 0.9520609672659963
1.535 0.952202241453821
1.536 0.9523433120430076
1.537 0.9524841793402745
1.538 0.9526248436518374
1.539 0.95276530528341
1.54 0.9529055645402053
1.541 0.9530456217269354
1.5419999999999998 0.9531854771478147
1.543 0.9533251311065583
1.5439999999999998 0.9534645839063849
1.545 0.9536038358500182
1.5459999999999998 0.9537428872396856
1.547 0.9538817383771215
1.5479999999999998 0.9540203895635683
1.549 0.9541588410997743
1.5499999999999998 0.9542970932859998
1.551 0.9544351464220135
1.5519999999999998 0.954573000807096
1.553 0.9547106567400402
1.5539999999999998 0.9548481145191524
1.555 0.9549853744422533
1.5559999999999998 0.9551224368066789
1.557 0.9552593019092812
1.5579999999999998 0.9553959700464305
1.559 0.9555324415140146
1.5599999999999998 0.9556687166074412
1.561 0.9558047956216381
1.5619999999999998 0.955940678851055
1.563 0.9560763665896637
1.5639999999999998 0.9562118591309596
1.565 0.9563471567679619
1.5659999999999998 0.9564822597932161
1.567 0.9566171684987941
1.5679999999999998 0.9567518831762948
1.569 0.9568864041168457
1.5699999999999998 0.9570207316111036
1.571 0.9571548659492557
1.5719999999999998 0.9572888074210213
1.573 0.9574225563156515
1.5739999999999998 0.9575561129219307
1.575 0.9576894775281779
1.5759999999999998 0.9578226504222476
1.577 0.9579556318915308
1.5779999999999998 0.9580884222229555
1.579 0.9582210217029876
1.5799999999999998 0.9583534306176335
1.581 0.9584856492524395
1.5819999999999999 0.9586176778924923
1.583 0.9587495168224218
1.5839999999999999 0.9588811663264013
1.585 0.9590126266881474
1.5859999999999999 0.9591438981909229
1.587 0.9592749811175361
1.5879999999999999 0.9594058757503425
1.589 0.959536582371246
1.5899999999999999 0.9596671012616992
1.591 0.9597974327027052
1.5919999999999999 0.9599275769748178
1.593 0.9600575343581432
1.5939999999999999 0.9601873051323402
1.595 0.9603168895766213
1.5959999999999999 0.9604462879697545
1.597 0.960575500587273
1.5979999999999999 0.9607045277008813
1.599 0.9608333695873364
1.5999999999999999 0.9609620265231282
1.601 0.9610904987842966
1.6019999999999999 0.9612187866464296
1.603 0.9613468903846639
1.6039999999999999 0.9614748102736869
1.605 0.9616025465877374
1.6059999999999999 0.9617300996006057
1.607 0.9618574695856352
1.6079999999999999 0.9619846568157228
1.609 0.9621116615633196
1.6099999999999999 0.9622384841004329
1.611 0.9623651246986248
1.6119999999999999 0.9624915836290155
1.613 0.9626178611622823
1.6139999999999999 0.9627439575686614
1.615 0.9628698731179484
1.6159999999999999 0.9629956080794989
1.617 0.96312116272223
1.6179999999999999 0.9632465373146211
1.619 0.9633717321247126
1.6199999999999999 0.9634967474201106
1.621 0.9636215834679844
1.6219999999999999 0.9637462405350689
1.623 0.9638707188876646
1.6239999999999999 0.9639950187916391
1.625 0.9641191405124282
1.626 0.9642430843150354
1.627 0.9643668504640335
1.628 0.9644904392235659
1.629 0.9646138508573471
1.63 0.9647370856286622
1.631 0.9648601438003701
1.632 0.9649830256349022
1.633 0.9651057313942645
1.634 0.9652282613400378
1.635 0.9653506157333788
1.636 0.9654727948350209
1.637 0.9655947989052744
1.638 0.9657166282040284
1.639 0.96583828299075
1.64 0.9659597635244875
1.641 0.9660810700638691
1.642 0.966202202867104
1.643 0.9663231621919839
1.644 0.9664439482958838
1.645 0.9665645614357619
1.646 0.9666850018681614
1.647 0.9668052698492116
1.648 0.9669253656346257
1.649 0.9670452894797067
1.65 0.9671650416393432
1.651 0.9672846223680134
1.652 0.9674040319197844
1.653 0.9675232705483139
1.654 0.9676423385068498
1.655 0.9677612360482322
1.656 0.9678799634248938
1.657 0.9679985208888602
1.658 0.9681169086917512
1.659 0.9682351270847813
1.66 0.968353176318761
1.661 0.9684710566440969
1.662 0.968588768310793
1.663 0.9687063115684504
1.664 0.9688236867036552
1.665 0.9689408940496032
1.666 0.9690579338617457
1.667 0.9691748063921349
1.668 0.9692915118923203
1.669 0.9694080506133471
1.67 0.969524422805757
1.6709999999999998 0.9696406287195892
1.672 0.969756668604381
1.6729999999999998 0.9698725427091656
1.674 0.9699882512824753
1.6749999999999998 0.9701037945723407
1.676 0.9702191728262909
1.6769999999999998 0.9703343862913534
1.678 0.9704494352140542
1.6789999999999998 0.9705643198404207
1.68 0.9706790404159785
1.6809999999999998 0.970793597185753
1.682 0.970907990394271
1.6829999999999998 0.971022220285559
1.684 0.971136287103145
1.6849999999999998 0.9712501910900571
1.686 0.971363932488826
1.6869999999999998 0.9714775115414837
1.688 0.971590928489564
1.6889999999999998 0.9717041835741025
1.69 0.9718172770356394
1.6909999999999998 0.9719302091142148
1.692 0.9720429800493742
1.6929999999999998 0.9721555900801655
1.694 0.9722680394451406
1.6949999999999998 0.9723803283823552
1.696 0.9724924571293698
1.6969999999999998 0.9726044259232481
1.698 0.97271623500056
1.6989999999999998 0.9728278845973799
1.7 0.9729393749492872
1.7009999999999998 0.9730507062913676
1.702 0.9731618788582119
1.7029999999999998 0.9732728928839183
1.704 0.9733837486020894
1.7049999999999998 0.9734944462458368
1.706 0.9736049860477771
1.7069999999999999 0.973715368240036
1.708 0.9738255930542447
1.7089999999999999 0.9739356607215437
1.71 0.9740455714725809
1.7109999999999999 0.9741553255375127
1.712 0.9742649231460035
1.7129999999999999 0.9743743645272274
1.714 0.9744836499098675
1.7149999999999999 0.9745927795221152
1.716 0.974701753591673
1.7169999999999999 0.9748105723457515
1.718 0.9749192360110734
1.7189999999999999 0.9750277448138703
1.72 0.9751360989798852
1.7209999999999999 0.9752442987343715
1.722 0.9753523443020938
1.7229999999999999 0.9754602359073292
1.724 0.9755679737738653
1.7249999999999999 0.9756755581250016
1.726 0.9757829891835504
1.7269999999999999 0.9758902671718358
1.728 0.9759973923116955
1.7289999999999999 0.9761043648244789
1.73 0.9762111849310499
1.7309999999999999 0.9763178528517846
1.732 0.9764243688065736
1.7329999999999999 0.9765307330148213
1.734 0.976636945695446
1.7349999999999999 0.9767430070668811
1.736 0.9768489173470732
1.7369999999999999 0.9769546767534856
1.738 0.9770602855030954
1.7389999999999999 0.9771657438123961
1.74 0.9772710518973963
1.7409999999999999 0.9773762099736197
1.742 0.9774812182561079
1.7429999999999999 0.977586076959418
1.744 0.9776907862976231
1.7449999999999999 0.9777953464843141
1.746 0.9778997577325986
1.7469999999999999 0.9780040202551011
1.748 0.9781081342639648
1.7489999999999999 0.9782120999708492
1.75 0.9783159175869328
1.751 0.9784195873229128
1.752 0.9785231093890039
1.753 0.9786264839949397
1.754 0.9787297113499729
1.755 0.9788327916628758
1.756 0.9789357251419398
1.757 0.9790385119949758
1.758 0.9791411524293152
1.759 0.9792436466518083
1.76 0.9793459948688275
1.761 0.9794481972862641
1.762 0.979550254109531
1.763 0.9796521655435623
1.764 0.9797539317928132
1.765 0.9798555530612598
1.766 0.979957029552401
1.767 0.9800583614692567
1.768 0.9801595490143697
1.769 0.980260592389804
1.77 0.9803614917971477
1.771 0.9804622474375105
1.772 0.9805628595115263
1.773 0.980663328219351
1.774 0.9807636537606648
1.775 0.980863836334671
1.776 0.9809638761400981
1.777 0.9810637733751965
1.778 0.9811635282377434
1.779 0.9812631409250389
1.78 0.9813626116339088
1.781 0.9814619405607032
1.782 0.9815611279012979
1.783 0.9816601738510936
1.784 0.9817590786050177
1.785 0.981857842357522
1.786 0.9819564653025857
1.787 0.9820549476337136
1.788 0.9821532895439365
1.789 0.9822514912258128
1.79 0.9823495528714277
1.791 0.9824474746723928
1.792 0.9825452568198476
1.793 0.9826428995970432
1.794 0.982740403608198
1.795 0.9828377691049736
1.796 0.9829349962908456
1.797 0.9830320853689453
1.7979999999999998 0.9831290365420594
1.799 0.9832258500126309
1.7999999999999998 0.9833225259827589
1.801 0.9834190646541986
1.8019999999999998 0.9835154662283622
1.803 0.9836117309063175
1.8039999999999998 0.9837078588887904
1.805 0.9838038503761636
1.8059999999999998 0.9838997055684755
1.807 0.983995424665424
1.8079999999999998 0.9840910078663638
1.809 0.984186455370307
1.8099999999999998 0.9842817673759241
1.811 0.9843769440815436
1.8119999999999998 0.9844719856851519
1.813 0.9845668923843949
1.8139999999999998 0.9846616643765757
1.815 0.9847563018586579
1.8159999999999998 0.9848508050272626
1.817 0.9849451740786717
1.8179999999999998 0.9850394092088246
1.819 0.9851335106133216
1.8199999999999998 0.9852274784874224
1.821 0.9853213130260468
1.8219999999999998 0.9854150144237738
1.823 0.9855085828748438
1.8239999999999998 0.9856020185731569
1.825 0.9856953217122737
1.8259999999999998 0.9857884924854163
1.827 0.9858815310854672
1.8279999999999998 0.98597443770497
1.829 0.9860672125361294
1.8299999999999998 0.9861598557708124
1.831 0.9862523676005468
1.8319999999999999 0.9863447482165226
1.833 0.986436997809591
1.8339999999999999 0.9865291165702665
1.835 0.9866211046887252
1.8359999999999999 0.986712962354806
1.837 0.9868046897580094
1.8379999999999999 0.9868962870875005
1.839 0.9869877545321059
1.8399999999999999 0.987079092280316
1.841 0.9871703005202842
1.8419999999999999 0.9872613794398274
1.843 0.9873523292264259
1.8439999999999999 0.9874431500672247
1.845 0.9875338421490318
1.8459999999999999 0.9876244056583198
1.847 0.9877148407812251
1.8479999999999999 0.9878051477035493
1.849 0.9878953266107575
1.8499999999999999 0.9879853776879806
1.851 0.9880753011200143
1.8519999999999999 0.9881650970913187
1.853 0.9882547657860197
1.8539999999999999 0.9883443073879085
1.855 0.9884337220804417
1.8559999999999999 0.9885230100467419
1.857 0.988612171469597
1.8579999999999999 0.988701206531462
1.859 0.9887901154144567
1.8599999999999999 0.9888788983003686
1.861 0.9889675553706504
1.8619999999999999 0.9890560868064228
1.863 0.9891444927884723
1.8639999999999999 0.9892327734972528
1.865 0.9893209291128857
1.8659999999999999 0.9894089598151585
1.867 0.989496865783527
1.8679999999999999 0.9895846471971147
1.869 0.9896723042347122
1.8699999999999999 0.9897598370747787
1.871 0.9898472458954408
1.8719999999999999 0.9899345308744941
1.873 0.9900216921894018
1.8739999999999999 0.9901087300172954
1.875 0.9901956445349758
1.876 0.9902824359189127
1.877 0.9903691043452438
1.878 0.9904556499897768
1.879 0.9905420730279882
1.88 0.9906283736350245
1.881 0.9907145519857006
1.882 0.9908006082545022
1.883 0.9908865426155841
1.884 0.9909723552427715
1.885 0.9910580463095594
1.886 0.9911436159891134
1.887 0.9912290644542694
1.888 0.9913143918775337
1.889 0.9913995984310835
1.89 0.9914846842867666
1.891 0.9915696496161016
1.892 0.9916544945902795
1.893 0.991739219380161
1.894 0.9918238241562791
1.895 0.9919083090888378
1.896 0.9919926743477135
1.897 0.992076920102454
1.898 0.992161046522279
1.899 0.9922450537760805
1.9 0.9923289420324227
1.901 0.9924127114595425
1.902 0.9924963622253489
1.903 0.9925798944974238
1.904 0.9926633084430216
1.905 0.9927466042290705
1.906 0.9928297820221704
1.907 0.9929128419885961
1.908 0.9929957842942942
1.909 0.9930786091048863
1.91 0.993161316585666
1.911 0.9932439069016022
1.912 0.9933263802173369
1.913 0.993408736697186
1.914 0.99349097650514
1.915 0.9935730998048639
1.916 0.9936551067596965
1.917 0.9937369975326518
1.918 0.9938187722864178
1.919 0.993900431183358
1.92 0.9939819743855111
1.921 0.9940634020545899
1.922 0.9941447143718013
1.923 0.9942259117019736
1.924 0.9943069942644902
1.9249999999999998 0.9943879622261786
1.926 0.9944688157535924
1.9269999999999998 0.9945495550130078
1.928 0.9946301801704266
1.9289999999999998 0.9947106913915744
1.93 0.9947910888419021
1.9309999999999998 0.9948713726865845
1.932 0.994951543090522
1.9329999999999998 0.9950316002183397
1.934 0.9951115442343876
1.9349999999999998 0.9951913753027417
1.936 0.9952710935872023
1.9369999999999998 0.9953506992512963
1.938 0.9954301924582755
1.9389999999999998 0.9955095733711176
1.94 0.9955888421525261
1.9409999999999998 0.9956679989649306
1.942 0.9957470439704872
1.9429999999999998 0.995825977331077
1.944 0.9959047992083089
1.9449999999999998 0.9959835097635172
1.946 0.9960621091577634
1.9469999999999998 0.9961405975518348
1.948 0.9962189751062468
1.9489999999999998 0.9962972419812406
1.95 0.9963753983367851
1.9509999999999998 0.9964534443325758
1.952 0.9965313801280361
1.9529999999999998 0.9966092058823164
1.954 0.9966869217542946
1.9549999999999998 0.9967645279025766
1.956 0.9968420244854954
1.9569999999999999 0.9969194116611125
1.958 0.9969966895872169
1.9589999999999999 0.9970738584213256
1.96 0.9971509183206843
1.9609999999999999 0.9972278694422666
1.962 0.9973047119427747
1.9629999999999999 0.9973814459786393
1.964 0.9974580717060197
1.9649999999999999 0.9975345892808039
1.966 0.9976109988586087
1.9669999999999999 0.9976873005947802
1.968 0.9977634946443935
1.9689999999999999 0.9978395811622527
1.97 0.9979155603028909
1.9709999999999999 0.9979914322205719
1.972 0.9980671970692874
1.9729999999999999 0.9981428550027598
1.974 0.9982184061744411
1.9749999999999999 0.9982938507375128
1.976 0.9983691888448865
1.9769999999999999 0.9984444206492046
1.978 0.998519546302838
1.9789999999999999 0.9985945659578898
1.98 0.9986694797661924
1.9809999999999999 0.9987442878793085
1.982 0.9988189904485328
1.9829999999999999 0.9988935876248892
1.984 0.998968079559133
1.9849999999999999 0.9990424664017508
1.986 0.9991167483029594
1.9869999999999999 0.9991909254127077
1.988 0.9992649978806751
1.9889999999999999 0.9993389658562728
1.99 0.9994128294886435
1.9909999999999999 0.9994865889266612
1.992 0.9995602443189315
1.9929999999999999 0.9996337958137923
1.994 0.9997072435593124
1.9949999999999999 0.9997805877032936
1.996 0.9998538283932694
1.9969999999999999 0.9999269657765055
1.998 1.0
