0.005 0.0006129837793846804
0.006 0.0012241264330869726
0.007 0.0018333300972299905
0.008 0.0024406066360508232
0.009000000000000001 0.0030459713320515063
0.01 0.0036494361275346545
0.011 0.004251010980704943
0.012 0.004850705747918924
0.013000000000000001 0.005448530185129323
0.014000000000000002 0.006044493949302891
0.015 0.0066386065998125686
0.016 0.007230877599804334
0.017 0.007821316317539687
0.018000000000000002 0.008409933870089982
0.019 0.00899674439568132
0.02 0.009581758379623198
0.021 0.01016498604237832
0.022000000000000002 0.010746437508270264
0.023000000000000003 0.011326122806811634
0.024 0.011904051874008595
0.025 0.012480234553642574
0.026000000000000002 0.013054680598528984
0.027 0.013627399671754399
0.028 0.014198401347891541
0.029 0.014767695114193749
0.030000000000000002 0.01533529037176826
0.031000000000000003 0.01590119643672944
0.032 0.01646542254133224
0.033 0.017027977815276825
0.034 0.017588871152411662
0.034999999999999996 0.018148111477437844
0.036 0.018705707671055484
0.037 0.019261668535644663
0.038 0.019816002796285846
0.039 0.020368719101763178
0.04 0.02091982602555114
0.041 0.02146933206678499
0.041999999999999996 0.02201724565121472
0.043 0.022563575132143725
0.044 0.023108328791351804
0.045 0.02365151484000314
0.046 0.024193141419539436
0.047 0.024733216602558727
0.048 0.025271748392673116
0.048999999999999995 0.02580874455385259
0.049999999999999996 0.026344212804978315
0.051 0.026878160915816778
0.052 0.02741059659166995
0.053 0.027941527474169985
0.054 0.02847096114206109
0.055 0.028998905111969456
0.056 0.02952536683916083
0.057 0.030050353718286148
0.057999999999999996 0.03057387308411576
0.059 0.031095932212262107
0.06 0.03161653831989122
0.061 0.032135698566423204
0.062 0.03265342005422213
0.063 0.033169709829275
0.064 0.03368457488186064
0.065 0.034198022147208296
0.066 0.03471005850614616
0.067 0.03522069078574031
0.068 0.03572992575992391
0.069 0.036237770150116436
0.07 0.036744230625834894
0.07100000000000001 0.03724931380529453
0.07200000000000001 0.037753026256001514
0.07300000000000001 0.038255374495336385
0.07400000000000001 0.03875636499112921
0.07500000000000001 0.03925600416222596
0.07600000000000001 0.03975429837904673
0.07700000000000001 0.04025125396413602
0.078 0.0407468769378606
0.079 0.04124117311485517
0.08 0.041734148632258494
0.081 0.042225809585726644
0.082 0.042716162025858886
0.083 0.043205211958699495
0.084 0.043692965346231974
0.085 0.04417942810686641
0.08600000000000001 0.044664606115919984
0.08700000000000001 0.045148505206090685
0.08800000000000001 0.045631131167923986
0.08900000000000001 0.046112489750273544
0.09000000000000001 0.04659258666075515
0.09100000000000001 0.04707142756619409
0.09200000000000001 0.047549018093066636
0.093 0.04802536382793548
0.094 0.04850047031787857
0.095 0.04897434307091283
0.096 0.049446987556411436
0.097 0.0499184092055155
0.098 0.05038861341154037
0.099 0.05085760553037612
0.1 0.05132539088088282
0.101 0.05179197474528016
0.10200000000000001 0.05225736236953219
0.10300000000000001 0.052721558963726635
0.10400000000000001 0.05318456970244903
0.10500000000000001 0.053646399725152207
0.10600000000000001 0.05410705413652049
0.10700000000000001 0.05456653789593299
0.10800000000000001 0.055024855684685084
0.10900000000000001 0.05548201243658826
0.11 0.05593801307242444
0.111 0.056392862478565606
0.112 0.05684656550731637
0.113 0.057299126977252375
0.114 0.05775055167355405
0.115 0.05820084434833595
0.116 0.05865000972097213
0.117 0.059098052478417006
0.11800000000000001 0.05954497727552224
0.11900000000000001 0.059990788735349444
0.12000000000000001 0.0604354914494791
0.12100000000000001 0.060879089978315246
0.12200000000000001 0.06132158885138632
0.12300000000000001 0.061762992567642505
0.12400000000000001 0.0622033055957488
0.125 0.06264253237437482
0.126 0.06308067731248068
0.127 0.0635177447895994
0.128 0.06395373915611581
0.129 0.06438866473354186
0.13 0.06482252581478835
0.131 0.06525532666443391
0.132 0.06568707151898977
0.133 0.06611776458716198
0.134 0.06654741005011011
0.135 0.06697601206170248
0.136 0.06740357474876892
0.137 0.06783010221135008
0.138 0.06825559852294327
0.139 0.06868006773074635
0.14 0.06910351385589754
0.14100000000000001 0.06952594089371321
0.14200000000000002 0.06994735281392224
0.14300000000000002 0.0703677535608978
0.14400000000000002 0.07078714705388647
0.14500000000000002 0.07120553718723416
0.14600000000000002 0.0716229278306099
0.14700000000000002 0.07203932282922672
0.14800000000000002 0.07245472600405971
0.14900000000000002 0.07286914115206176
0.15 0.073282572049088
0.151 0.07369502248499968
0.152 0.074106496202437
0.153 0.07451699690838204
0.154 0.07492652828692452
0.155 0.07533509399946249
0.156 0.07574269768490044
0.157 0.07614934295984552
0.158 0.07655503341880099
0.159 0.07695977263435798
0.16 0.07736356415738462
0.161 0.07776641151721313
0.162 0.07816831822182489
0.163 0.07856928775803333
0.164 0.07896932359166453
0.165 0.07936842916773623
0.166 0.07976660791063432
0.167 0.0801638632242877
0.168 0.0805601984923409
0.169 0.08095561707832503
0.17 0.08135012232582668
0.171 0.08174371755865469
0.17200000000000001 0.08213640608100571
0.17300000000000001 0.08252819117762708
0.17400000000000002 0.08291907611397877
0.17500000000000002 0.0833090641363926
0.17600000000000002 0.08369815847223076
0.17700000000000002 0.08408636233004145
0.17800000000000002 0.0844736788997138
0.17900000000000002 0.08486011135263054
0.18000000000000002 0.08524566284181913
0.181 0.08563033650210115
0.182 0.0860141354502405
0.183 0.0863970627850891
0.184 0.0867791215877322
0.185 0.08716031492163097
0.186 0.08754064583276445
0.187 0.08792011734976944
0.188 0.08829873248407899
0.189 0.08867649423005951
0.19 0.08905340556514663
0.191 0.08942946944997887
0.192 0.0898046888285309
0.193 0.0901790666282445
0.194 0.09055260578569828
0.195 0.09092530923027044
0.196 0.09129717984457361
0.197 0.09166822049517412
0.198 0.09203843403281982
0.199 0.09240782329256265
0.2 0.09277639109388079
0.201 0.09314414024079902
0.202 0.0935110735220078
0.203 0.09387719371098155
0.20400000000000001 0.09424250356609523
0.20500000000000002 0.09460700583073997
0.20600000000000002 0.09497070323343755
0.20700000000000002 0.09533359848795353
0.20800000000000002 0.0956956942934094
0.20900000000000002 0.09605699333439345
0.21000000000000002 0.09641749828107052
0.21100000000000002 0.09677721178929084
0.21200000000000002 0.0971361365006975
0.21300000000000002 0.09749427504283283
0.214 0.0978516300292442
0.215 0.0982082040595879
0.216 0.09856399971973286
0.217 0.09891901958186264
0.218 0.0992732662045769
0.219 0.09962674213299141
0.22 0.09997944989883753
0.221 0.10033139202056046
0.222 0.10068257100341635
0.223 0.10103298933956863
0.224 0.10138264950818368
0.225 0.10173155397552505
0.226 0.10207970519504692
0.227 0.10242710560748679
0.228 0.10277375764095718
0.229 0.10311966371103659
0.23 0.10346482622085894
0.231 0.10380924756120308
0.232 0.10415293011058076
0.233 0.10449587623532407
0.234 0.10483808828967164
0.23500000000000001 0.10517956861585477
0.23600000000000002 0.10552031954418174
0.23700000000000002 0.10586034340326764
0.23800000000000002 0.10619964254903524
0.23900000000000002 0.10653821928673057
0.24000000000000002 0.10687607590419694
0.24100000000000002 0.10721321467785522
0.24200000000000002 0.10754963787278334
0.24300000000000002 0.10788534774279565
0.24400000000000002 0.10822034653052132
0.245 0.10855463646748167
0.246 0.1088882197741673
0.247 0.10922109866011392
0.248 0.10955327532397828
0.249 0.10988475195361243
0.25 0.1102155307261381
0.251 0.11054561380801978
0.252 0.11087500335513764
0.253 0.1112037015128593
0.254 0.11153171041611128
0.255 0.11185903218944972
0.256 0.11218566894713031
0.257 0.1125116227931777
0.258 0.11283689582145423
0.259 0.11316149011572806
0.26 0.1134854077497406
0.261 0.11380865078727362
0.262 0.11413122128221509
0.263 0.11445312127862524
0.264 0.11477435281080149
0.265 0.1150949179033429
0.266 0.11541481857121408
0.267 0.11573405681980854
0.268 0.11605263464501146
0.269 0.11637055403326188
0.27 0.11668781696161433
0.271 0.11700442539779987
0.272 0.11732038130028664
0.273 0.11763568661834002
0.274 0.11795034329208182
0.275 0.11826435325254953
0.276 0.11857771842175453
0.277 0.11889044071273995
0.278 0.1192025220296384
0.279 0.11951396426772846
0.28 0.11982476931437586
0.281 0.1201349390802684
0.28200000000000003 0.12044447545360269
0.28300000000000003 0.12075338029821495
0.28400000000000003 0.12106165546943436
0.28500000000000003 0.12136930281413694
0.28600000000000003 0.12167632417079877
0.28700000000000003 0.121982721369549
0.28800000000000003 0.12228849623222227
0.28900000000000003 0.12259365057241052
0.29000000000000004 0.12289818619551461
0.29100000000000004 0.12320210489879538
0.29200000000000004 0.12350540847142427
0.29300000000000004 0.12380809869453366
0.294 0.12411017734126631
0.295 0.12441164617682514
0.296 0.12471250695852183
0.297 0.12501276143582546
0.298 0.12531241135041069
0.299 0.12561145843620522
0.3 0.12590990441943747
0.301 0.12620775101868303
0.302 0.12650499994491143
0.303 0.12680165290153228
0.304 0.1270977115844408
0.305 0.12739317768206343
0.306 0.12768805287540244
0.307 0.12798233883808094
0.308 0.12827603723638673
0.309 0.12856914972931627
0.31 0.1288616779686183
0.311 0.12915362359883686
0.312 0.12944498825735395
0.313 0.1297357735744323
0.314 0.13002598117325684
0.315 0.13031561266997707
0.316 0.13060466967374815
0.317 0.13089315378677183
0.318 0.1311810666043374
0.319 0.13146840971486173
0.32 0.1317551846999299
0.321 0.13204139313433427
0.322 0.1323270365861142
0.323 0.13261211661659517
0.324 0.13289663479298722
0.325 0.13318059268967208
0.326 0.13346399185191235
0.327 0.13374683381789093
0.328 0.1340291201193832
0.329 0.1343108522817959
0.33 0.13459203182420532
0.331 0.13487266025939573
0.332 0.13515273909389702
0.333 0.13543226982802242
0.334 0.1357112539559058
0.335 0.13598969296553845
0.336 0.136267588338806
0.337 0.13654494155152486
0.338 0.13682175407347813
0.339 0.13709802736845184
0.34 0.1373737628942701
0.341 0.13764896210283095
0.342 0.13792362644014097
0.343 0.1381977573463503
0.34400000000000003 0.13847135625578708
0.34500000000000003 0.13874442459699202
0.34600000000000003 0.1390169637927518
0.34700000000000003 0.13928897526013356
0.34800000000000003 0.1395604604105178
0.34900000000000003 0.1398314206496321
0.35000000000000003 0.14010185737758368
0.35100000000000003 0.14037177198889264
0.35200000000000004 0.14064116587252418
0.35300000000000004 0.1409100404119208
0.35400000000000004 0.14117839698503462
0.35500000000000004 0.14144623696435904
0.35600000000000004 0.14171356171696028
0.357 0.14198037260450877
0.358 0.14224667098331018
0.359 0.14251245820433642
0.36 0.1427777356132562
0.361 0.1430425045504655
0.362 0.14330676635111766
0.363 0.14357052234515358
0.364 0.1438337738573313
0.365 0.14409652220725566
0.366 0.1443587687094076
0.367 0.14462051467317316
0.368 0.14488176140287268
0.369 0.14514251019778937
0.37 0.14540276235219762
0.371 0.14566251915539158
0.372 0.14592178189171318
0.373 0.1461805518405799
0.374 0.1464388302765127
0.375 0.14669661846916318
0.376 0.1469539176833413
0.377 0.14721072917904207
0.378 0.14746705421147277
0.379 0.14772289403107972
0.38 0.14797824988357441
0.381 0.1482331230099604
0.382 0.148487514646559
0.383 0.14874142602503562
0.384 0.14899485837242543
0.385 0.14924781291115885
0.386 0.1495002908590874
0.387 0.14975229342950847
0.388 0.15000382183119068
0.389 0.1502548772683989
0.39 0.15050546094091882
0.391 0.15075557403558912
0.392 0.1510052177246086
0.393 0.15125439319228257
0.394 0.1515031016190466
0.395 0.15175134418093375
0.396 0.1519991220495977
0.397 0.15224643639233584
0.398 0.15249328837211232
0.399 0.15273967914758085
0.4 0.15298560987310722
0.401 0.15323108169879196
0.402 0.15347609577049262
0.403 0.15372065322984588
0.404 0.15396475521428968
0.405 0.15420840285708495
0.406 0.15445159728733762
0.40700000000000003 0.15469433963001986
0.40800000000000003 0.1549366310059917
0.40900000000000003 0.1551784725320224
0.41000000000000003 0.15541986532081145
0.41100000000000003 0.15566081048100958
0.41200000000000003 0.15590130911723982
0.41300000000000003 0.15614136233011783
0.41400000000000003 0.15638097121627298
0.41500000000000004 0.1566201368683684
0.41600000000000004 0.15685886037512148
0.41700000000000004 0.15709714282132398
0.41800000000000004 0.1573349852878622
0.41900000000000004 0.15757238885173652
0.42000000000000004 0.15780935458608167
0.42100000000000004 0.158045883560186
0.422 0.15828197683951128
0.423 0.15851763548571177
0.424 0.1587528605566536
0.425 0.15898765310643412
0.426 0.15922201418540066
0.427 0.15945594484016934
0.428 0.15968944611364408
0.429 0.15992251904503507
0.43 0.16015516466987734
0.431 0.16038738402004912
0.432 0.1606191781237901
0.433 0.1608505480057195
0.434 0.16108149468685448
0.435 0.16131201918462754
0.436 0.16154212251290462
0.437 0.16177180568200283
0.438 0.16200106969870787
0.439 0.16222991556629146
0.44 0.162458344284529
0.441 0.16268635684971633
0.442 0.1629139542546873
0.443 0.16314113748883052
0.444 0.16336790753810643
0.445 0.16359426538506394
0.446 0.16382021200885732
0.447 0.16404574838526248
0.448 0.16427087548669392
0.449 0.1644955942822207
0.45 0.16471990573758286
0.451 0.1649438108152077
0.452 0.16516731047422567
0.453 0.16539040567048657
0.454 0.16561309735657506
0.455 0.16583538648182683
0.456 0.16605727399234413
0.457 0.1662787608310112
0.458 0.16649984794734596
0.459 0.16672053630090478
0.46 0.16694082682765657
0.461 0.16716072045963992
0.462 0.16738021812579643
0.463 0.1675993207519864
0.464 0.16781802926100375
0.465 0.16803634457259145
0.466 0.1682542676034568
0.467 0.16847179926728617
0.468 0.16868894047476027
0.46900000000000003 0.1689056921335688
0.47000000000000003 0.16912205514842535
0.47100000000000003 0.16933803042108206
0.47200000000000003 0.16955361885034423
0.47300000000000003 0.1697688213320849
0.47400000000000003 0.1699836387592592
0.47500000000000003 0.17019807202191867
0.47600000000000003 0.1704121220072258
0.47700000000000004 0.17062578959946778
0.47800000000000004 0.17083907568007095
0.47900000000000004 0.17105198112761474
0.48000000000000004 0.17126450681784547
0.48100000000000004 0.17147665362369036
0.48200000000000004 0.1716884224152712
0.48300000000000004 0.17189981405991822
0.48400000000000004 0.17211082942218336
0.485 0.17232146936385423
0.486 0.1725317347439672
0.487 0.17274162641882104
0.488 0.17295114524199012
0.489 0.17316029206433764
0.49 0.1733690677340287
0.491 0.17357747309654348
0.492 0.17378550899469036
0.493 0.1739931762686185
0.494 0.17420047575583106
0.495 0.17440740829119772
0.496 0.17461397470696746
0.497 0.1748201758327814
0.498 0.17502601249568492
0.499 0.17523148552014065
0.5 0.17543659572804057
0.501 0.17564134393871841
0.502 0.1758457309689621
0.503 0.17604975763302572
0.504 0.1762534247426419
0.505 0.17645673310703375
0.506 0.1766596835329269
0.507 0.1768622768245615
0.508 0.17706451378370408
0.509 0.1772663952096592
0.51 0.17746792189928148
0.511 0.17766909464698719
0.512 0.17786991424476561
0.513 0.17807038148219095
0.514 0.17827049714643378
0.515 0.17847026202227215
0.516 0.1786696768921033
0.517 0.1788687425359548
0.518 0.179067459731496
0.519 0.17926582925404871
0.52 0.17946385187659897
0.521 0.17966152836980767
0.522 0.1798588595020217
0.523 0.18005584603928487
0.524 0.18025248874534885
0.525 0.18044878836140638
0.526 0.18064474559589702
0.527 0.18084036119977107
0.528 0.1810356359237452
0.529 0.18123057051620658
0.53 0.1814251657232222
0.531 0.18161942228854877
0.532 0.1818133409536424
0.533 0.18200692245766792
0.534 0.18220016753750864
0.535 0.1823930769277758
0.536 0.18258565136081778
0.537 0.18277789156672963
0.538 0.18296979827336254
0.539 0.1831613722063327
0.54 0.18335261408903086
0.541 0.18354352464263124
0.542 0.18373410458610082
0.543 0.18392435463620824
0.544 0.184114275507533
0.545 0.18430386791247413
0.546 0.18449313256125946
0.547 0.18468207016195393
0.548 0.1848706814204692
0.549 0.1850589670405716
0.55 0.1852469277238913
0.551 0.18543456416993082
0.552 0.18562187707607378
0.553 0.18580886713759326
0.554 0.18599553504766048
0.555 0.1861818814973532
0.556 0.18636790717566418
0.557 0.18655361276950966
0.558 0.18673899896373738
0.559 0.1869240664411352
0.56 0.1871088158824394
0.561 0.18729324796634242
0.562 0.18747736336950144
0.5630000000000001 0.18766116276654646
0.5640000000000001 0.18784464683008806
0.5650000000000001 0.1880278162307259
0.5660000000000001 0.1882106716370562
0.5670000000000001 0.18839321371568016
0.5680000000000001 0.18857544313121155
0.5690000000000001 0.18875736054628448
0.5700000000000001 0.18893896662156168
0.5710000000000001 0.1891202620157417
0.5720000000000001 0.189301247385567
0.5730000000000001 0.18948192338583172
0.5740000000000001 0.18966229066938906
0.5750000000000001 0.18984234988715887
0.5760000000000001 0.1900221016881355
0.5770000000000001 0.19020154671939513
0.5780000000000001 0.1903806856261033
0.5790000000000001 0.19055951905152238
0.5800000000000001 0.1907380476370191
0.5810000000000001 0.19091627202207154
0.582 0.1910941928442769
0.583 0.1912718107393586
0.584 0.19144912634117345
0.585 0.191626140281719
0.586 0.19180285319114085
0.587 0.19197926569773952
0.588 0.19215537842797759
0.589 0.192331192006487
0.59 0.19250670705607587
0.591 0.19268192419773564
0.592 0.19285684406292933
0.593 0.19303146730189552
0.594 0.1932057945342796
0.595 0.19337982637642148
0.596 0.1935535634429377
0.597 0.19372700634672843
0.598 0.19390015569898475
0.599 0.19407301210919603
0.6 0.19424557618515698
0.601 0.19441784853297495
0.602 0.19458982975707678
0.603 0.1947615204602165
0.604 0.19493292124348163
0.605 0.19510403270630078
0.606 0.19527485544645043
0.607 0.1954453900600619
0.608 0.1956156371416284
0.609 0.19578559728401174
0.61 0.1959552710784493
0.611 0.19612465911456095
0.612 0.1962937619803556
0.613 0.19646258026223837
0.614 0.19663111454501683
0.615 0.1967993654119082
0.616 0.19696733344454567
0.617 0.19713501922298526
0.618 0.19730242332571224
0.619 0.19746954632964794
0.62 0.197636388810156
0.621 0.19780295134104942
0.622 0.19796923449459633
0.623 0.19813523884152717
0.624 0.19830096495104052
0.625 0.19846641339081003
0.626 0.19863158472699025
0.627 0.19879647952422352
0.628 0.19896109834564596
0.629 0.19912544175289382
0.63 0.19928951030610972
0.631 0.199453304563949
0.632 0.19961682508358577
0.633 0.19978007242071913
0.634 0.19994304712957942
0.635 0.20010574976293422
0.636 0.2002681808720944
0.637 0.20043034100692056
0.638 0.20059223071582838
0.639 0.20075385054579536
0.64 0.20091520104236624
0.641 0.2010762827496593
0.642 0.2012370962103722
0.643 0.2013976419657878
0.644 0.20155792055578017
0.645 0.2017179325188202
0.646 0.2018776783919819
0.647 0.20203715871094777
0.648 0.20219637401001456
0.649 0.2023553248220994
0.65 0.20251401167874514
0.651 0.20267243511012625
0.652 0.20283059564505462
0.653 0.2029884938109848
0.654 0.20314613013401994
0.655 0.20330350513891735
0.656 0.20346061934909412
0.657 0.20361747328663254
0.658 0.20377406747228563
0.659 0.20393040241394686
0.66 0.20408647859673015
0.661 0.20424229653315212
0.662 0.20439785673617064
0.663 0.20455315971738325
0.664 0.20470820598703157
0.665 0.20486299605400646
0.666 0.20501753042585294
0.667 0.2051718096087746
0.668 0.2053258341076388
0.669 0.20547960442598096
0.67 0.20563312106600984
0.671 0.20578638452861187
0.672 0.20593939531335564
0.673 0.20609215391849722
0.674 0.2062446608409843
0.675 0.20639691657646092
0.676 0.20654892161927207
0.677 0.20670067646246845
0.678 0.20685218159781069
0.679 0.20700343751577413
0.68 0.20715444470555333
0.681 0.20730520365506666
0.682 0.20745571485096043
0.683 0.20760597877861356
0.684 0.20775599592214225
0.685 0.20790576676440398
0.686 0.20805529178700222
0.687 0.20820457147029067
0.6880000000000001 0.2083536062933775
0.6890000000000001 0.20850239673413018
0.6900000000000001 0.208650943269179
0.6910000000000001 0.20879924637392228
0.6920000000000001 0.20894730652252977
0.6930000000000001 0.2090951241879479
0.6940000000000001 0.2092426998419029
0.6950000000000001 0.20939003395490594
0.6960000000000001 0.20953712699625698
0.6970000000000001 0.2096839794340488
0.6980000000000001 0.20983059173517157
0.6990000000000001 0.20997696436531668
0.7000000000000001 0.21012309778898094
0.7010000000000001 0.2102689924694708
0.7020000000000001 0.21041464886890648
0.7030000000000001 0.21056006744822572
0.7040000000000001 0.21070524866718832
0.7050000000000001 0.2108501929843798
0.7060000000000001 0.2109949008572155
0.7070000000000001 0.211139372741945
0.7080000000000001 0.21128360909365548
0.709 0.21142761036627603
0.71 0.21157137701258172
0.711 0.21171490948419722
0.712 0.21185820823160112
0.713 0.2120012737041294
0.714 0.2121441063499797
0.715 0.21228670661621482
0.716 0.21242907494876714
0.717 0.2125712117924419
0.718 0.21271311759092124
0.719 0.21285479278676808
0.72 0.2129962378214298
0.721 0.21313745313524216
0.722 0.2132784391674328
0.723 0.21341919635612533
0.724 0.21355972513834276
0.725 0.21370002595001136
0.726 0.21384009923076175
0.727 0.21397994542901247
0.728 0.21411956497942344
0.729 0.21425895831468783
0.73 0.21439812586644602
0.731 0.21453706806529016
0.732 0.21467578534076728
0.733 0.21481427812138362
0.734 0.2149525468346082
0.735 0.21509059190687685
0.736 0.21522841376359564
0.737 0.21536601282914475
0.738 0.2155033895268826
0.739 0.2156405442791492
0.74 0.2157774775072698
0.741 0.2159141896315589
0.742 0.21605068107132386
0.743 0.21618695224486834
0.744 0.21632300356949644
0.745 0.2164588354615158
0.746 0.21659444833624153
0.747 0.21672984260800002
0.748 0.21686501869013214
0.749 0.21699997699499712
0.75 0.2171347179339759
0.751 0.21726924191747515
0.752 0.21740354935493011
0.753 0.21753764065480874
0.754 0.21767151622461517
0.755 0.2178051764708929
0.756 0.21793862179922843
0.757 0.218071852614255
0.758 0.2182048693196558
0.759 0.21833767231816736
0.76 0.21847026201158334
0.761 0.21860263880075761
0.762 0.21873480308560786
0.763 0.21886675526511903
0.764 0.2189984957373466
0.765 0.21913002489942007
0.766 0.2192613431475461
0.767 0.21939245087701242
0.768 0.2195233484821903
0.769 0.2196540363565389
0.77 0.21978451489260778
0.771 0.21991478448204055
0.772 0.22004484551557826
0.773 0.22017469838306242
0.774 0.2203043434734384
0.775 0.22043378117475895
0.776 0.22056301187418678
0.777 0.22069203595799855
0.778 0.22082085381158767
0.779 0.22094946581946753
0.78 0.22107787236527493
0.781 0.22120607383177296
0.782 0.2213340706008545
0.783 0.22146186305354498
0.784 0.2215894515700061
0.785 0.22171683652953844
0.786 0.22184401831058484
0.787 0.22197099729073358
0.788 0.22209777384672136
0.789 0.22222434835443636
0.79 0.22235072118892155
0.791 0.22247689272437757
0.792 0.22260286333416585
0.793 0.22272863338081406
0.794 0.22285420320329305
0.795 0.22297957316776695
0.796 0.22310474364179908
0.797 0.22322971499207137
0.798 0.22335448758438642
0.799 0.22347906178367044
0.8 0.22360343795397516
0.801 0.22372761645848077
0.802 0.22385159765949803
0.803 0.22397538191847077
0.804 0.22409896959597841
0.805 0.22422236105173837
0.806 0.22434555664460828
0.807 0.22446855673258861
0.808 0.22459136167282467
0.809 0.22471397182160957
0.81 0.22483638753438603
0.811 0.22495860916574895
0.812 0.2250806370694479
0.8130000000000001 0.2252024715983889
0.8140000000000001 0.22532411310463776
0.8150000000000001 0.2254455619394212
0.8160000000000001 0.22556681845313
0.8170000000000001 0.22568788299532086
0.8180000000000001 0.225808755914719
0.8190000000000001 0.22592943755922007
0.8200000000000001 0.22604992827589285
0.8210000000000001 0.22617022841098106
0.8220000000000001 0.22629033830990597
0.8230000000000001 0.22641025831726833
0.8240000000000001 0.22652998877685102
0.8250000000000001 0.22664953003162064
0.8260000000000001 0.22676888242373042
0.8270000000000001 0.226888046294522
0.8280000000000001 0.22700702198452763
0.8290000000000001 0.22712580983347255
0.8300000000000001 0.22724441018027702
0.8310000000000001 0.2273628233630586
0.8320000000000001 0.2274810497191342
0.8330000000000001 0.22759908958502217
0.8340000000000001 0.22771694329644473
0.8350000000000001 0.22783461118832987
0.8360000000000001 0.22795209359481353
0.8370000000000001 0.2280693908492418
0.838 0.22818650328417278
0.839 0.22830343123137892
0.84 0.22842017502184914
0.841 0.22853673498579086
0.842 0.22865311145263187
0.843 0.22876930475102272
0.844 0.22888531520883865
0.845 0.22900114315318143
0.846 0.22911678891038184
0.847 0.22923225280600146
0.848 0.22934753516483455
0.849 0.22946263631091043
0.85 0.2295775565674952
0.851 0.22969229625709386
0.852 0.2298068557014524
0.853 0.22992123522155955
0.854 0.2300354351376489
0.855 0.23014945576920107
0.856 0.23026329743494534
0.857 0.23037696045286188
0.858 0.23049044514018346
0.859 0.23060375181339754
0.86 0.2307168807971216
0.861 0.230829832437449
0.862 0.23094260705334663
0.863 0.2310552049606727
0.864 0.23116762647460437
0.865 0.23127987190963978
0.866 0.23139194157960086
0.867 0.23150383579763534
0.868 0.2316155548762195
0.869 0.23172709912716025
0.87 0.2318384688615975
0.871 0.23194966439000694
0.872 0.23206068602220187
0.873 0.23217153406733562
0.874 0.23228220883390432
0.875 0.23239271062974876
0.876 0.23250303976205702
0.877 0.23261319653736645
0.878 0.23272318126156635
0.879 0.2328329942399001
0.88 0.23294263577696744
0.881 0.23305210617672686
0.882 0.2331614057424977
0.883 0.23327053477696255
0.884 0.23337949358216956
0.885 0.2334882824595347
0.886 0.23359690170984376
0.887 0.2337053516332552
0.888 0.23381363252930148
0.889 0.23392174469689217
0.89 0.23402968843431574
0.891 0.2341374640392419
0.892 0.23424507180872353
0.893 0.23435251203919955
0.894 0.2344597850264964
0.895 0.2345668910658306
0.896 0.23467383045181095
0.897 0.23478060347844057
0.898 0.23488721043911925
0.899 0.2349936516266456
0.9 0.2350999273332189
0.901 0.23520603785044164
0.902 0.23531198346932153
0.903 0.23541776448027363
0.904 0.23552338117312258
0.905 0.23562883383710448
0.906 0.2357341227608694
0.907 0.23583924823248328
0.908 0.2359442105394299
0.909 0.23604900996861328
0.91 0.23615364680635959
0.911 0.23625812133841942
0.912 0.23636243384996977
0.913 0.2364665846256159
0.914 0.236570573949394
0.915 0.23667440210477256
0.916 0.23677806937465493
0.917 0.23688157604138144
0.918 0.2369849223867309
0.919 0.23708810869192323
0.92 0.23719113523762114
0.921 0.23729400230393238
0.922 0.2373967101704118
0.923 0.23749925911606315
0.924 0.2376016494193412
0.925 0.23770388135815385
0.926 0.23780595520986414
0.927 0.23790787124342894
0.928 0.238009629705609
0.929 0.23811123086743477
0.93 0.2382126750019079
0.931 0.23831396238144323
0.932 0.23841509327787067
0.933 0.23851606796243663
0.934 0.2386168867058056
0.935 0.2387175497780613
0.936 0.23881805744870885
0.937 0.23891840998667535
0.9380000000000001 0.23901860766031216
0.9390000000000001 0.2391186507373957
0.9400000000000001 0.23921853948512944
0.9410000000000001 0.23931827417014506
0.9420000000000001 0.23941785505850408
0.9430000000000001 0.23951728241569914
0.9440000000000001 0.2396165565066553
0.9450000000000001 0.23971567759573217
0.9460000000000001 0.23981464594672455
0.9470000000000001 0.23991346182286408
0.9480000000000001 0.24001212548682094
0.9490000000000001 0.24011063720070516
0.9500000000000001 0.24020899722606767
0.9510000000000001 0.24030720582390228
0.9520000000000001 0.24040526325464656
0.9530000000000001 0.24050316977818373
0.9540000000000001 0.24060092565384358
0.9550000000000001 0.24069853114040418
0.9560000000000001 0.2407959864960932
0.9570000000000001 0.2408932919785893
0.9580000000000001 0.24099044784502335
0.9590000000000001 0.24108745435197998
0.9600000000000001 0.2411843117554989
0.9610000000000001 0.24128102031107632
0.9620000000000001 0.2413775802736661
0.9630000000000001 0.2414739918976814
0.9640000000000001 0.24157025543699576
0.965 0.24166637114494474
0.966 0.24176233927432683
0.967 0.2418581600774052
0.968 0.24195383380590904
0.969 0.2420493607110344
0.97 0.24214474104344605
0.971 0.2422399750532786
0.972 0.24233506299013763
0.973 0.24243000510310148
0.974 0.24252480164072202
0.975 0.2426194528510263
0.976 0.2427139589815177
0.977 0.2428083202791773
0.978 0.24290253699046513
0.979 0.24299660936132153
0.98 0.24309053763716826
0.981 0.24318432206290996
0.982 0.24327796288293532
0.983 0.24337146034111845
0.984 0.24346481468081996
0.985 0.2435580261448886
0.986 0.24365109497566198
0.987 0.24374402141496826
0.988 0.2438368057041273
0.989 0.24392944808395164
0.99 0.2440219487947482
0.991 0.2441143080763193
0.992 0.24420652616796357
0.993 0.2442986033084779
0.994 0.244390539740226
0.995 0.24448233571738034
0.996 0.24457399147999576
0.997 0.24466550726608818
0.998 0.24475688331320616
0.999 0.244848119858432
1.0 0.24493921713838354
1.001 0.24503017538921537
1.002 0.24512099484662064
1.003 0.2452116757458323
1.004 0.24530221832162438
1.005 0.24539262280831367
1.006 0.2454828894397613
1.007 0.24557301844937382
1.008 0.24566301007010508
1.009 0.24575286453445708
1.01 0.245842582074482
1.011 0.24593216292178338
1.012 0.24602160730751735
1.013 0.24611091546239441
1.014 0.24620008761668066
1.015 0.24628912400019923
1.016 0.2463780248423316
1.017 0.24646679037201927
1.018 0.24655542081776485
1.019 0.24664391640763375
1.02 0.24673227736925535
1.021 0.24682050392982458
1.022 0.2469085963161031
1.023 0.2469965547544208
1.024 0.24708437947067738
1.025 0.24717207069034333
1.026 0.2472596286384616
1.027 0.24734705353964892
1.028 0.24743434561809705
1.029 0.24752150509757434
1.0299999999999998 0.24760853220142684
1.031 0.24769542715258008
1.0319999999999998 0.2477821901735398
1.033 0.24786882148639391
1.0339999999999998 0.24795532131281353
1.035 0.24804168987405434
1.0359999999999998 0.24812792739095818
1.037 0.24821403408395387
1.0379999999999998 0.24830001017305917
1.039 0.24838585587788153
1.0399999999999998 0.24847157141762002
1.041 0.2485571570110661
1.0419999999999998 0.24864261287660527
1.043 0.2487279392322182
1.0439999999999998 0.24881313629548243
1.045 0.24889820428357312
1.0459999999999998 0.24898314341326475
1.047 0.2490679539009324
1.0479999999999998 0.24915263596255288
1.049 0.24923718981370624
1.0499999999999998 0.24932161566957683
1.051 0.24940591374495483
1.0519999999999998 0.2494900842542375
1.053 0.24957412741143029
1.0539999999999998 0.24965804343014833
1.055 0.24974183252361762
1.0559999999999998 0.24982549490467634
1.057 0.24990903078577612
1.0579999999999998 0.24999244037898327
1.059 0.25007572389598015
1.0599999999999998 0.2501588815480664
1.061 0.2502419135390361
1.0619999999999998 0.25032482004864215
1.063 0.25040760128157036
1.0639999999999998 0.25049025744532594
1.065 0.2505727887469841
1.0659999999999998 0.2506551953931911
1.067 0.25073747759016424
1.0679999999999998 0.25081963554369374
1.069 0.2509016694591424
1.0699999999999998 0.2509835795414473
1.071 0.2510653659951195
1.0719999999999998 0.2511470290242458
1.073 0.25122856883248884
1.0739999999999998 0.2513099856230879
1.075 0.25139127959885993
1.0759999999999998 0.25147245096219994
1.077 0.25155349991508197
1.0779999999999998 0.2516344266590596
1.079 0.2517152313952668
1.0799999999999998 0.2517959143244187
1.081 0.25187647564681215
1.0819999999999999 0.2519569155623264
1.083 0.2520372342704242
1.0839999999999999 0.2521174319701519
1.085 0.25219750886014075
1.0859999999999999 0.2522774651386071
1.087 0.2523573010033535
1.0879999999999999 0.25243701665176915
1.089 0.2525166122808306
1.0899999999999999 0.25259608808710277
1.091 0.25267544426673894
1.0919999999999999 0.25275468101548226
1.093 0.25283379852866594
1.0939999999999999 0.25291279700121405
1.095 0.25299167662764216
1.0959999999999999 0.25307043760205805
1.097 0.2531490801181624
1.0979999999999999 0.25322760436924957
1.099 0.253306010548208
1.0999999999999999 0.25338429884752106
1.101 0.2534624694592678
1.1019999999999999 0.2535405225751234
1.103 0.25361845838636005
1.1039999999999999 0.25369627708384734
1.105 0.2537739788580532
1.1059999999999999 0.25385156389904445
1.107 0.2539290323964873
1.1079999999999999 0.25400638453964836
1.109 0.2540836205173948
1.1099999999999999 0.2541607405181954
1.111 0.25423774473012123
1.1119999999999999 0.2543146333408459
1.113 0.25439140653764636
1.1139999999999999 0.2544680645074039
1.115 0.25454460743660406
1.1159999999999999 0.25462103551133825
1.117 0.2546973489173034
1.1179999999999999 0.25477354783980294
1.119 0.254849632463748
1.1199999999999999 0.254925602973657
1.121 0.2550014595536571
1.1219999999999999 0.25507720238748455
1.123 0.2551528316584852
1.1239999999999999 0.25522834754961515
1.125 0.2553037502434415
1.126 0.25537903992214295
1.127 0.2554542167675103
1.128 0.25552928096822
1.129 0.25560423273906685
1.13 0.25567907226702535
1.131 0.25575379973483087
1.132 0.2558284153248926
1.133 0.25590291921929464
1.134 0.25597731159979714
1.135 0.25605159264783767
1.136 0.25612576254453195
1.137 0.25619982147067544
1.138 0.2562737696067442
1.139 0.256347607132896
1.14 0.25642133422897156
1.141 0.2564949510744959
1.142 0.2565684578486789
1.143 0.256641854730417
1.144 0.2567151418982939
1.145 0.2567883195305822
1.146 0.25686138780524376
1.147 0.25693434689993155
1.148 0.25700719699199054
1.149 0.25707993825845854
1.15 0.2571525708760676
1.151 0.25722509502124496
1.152 0.2572975108701145
1.153 0.2573698185984973
1.154 0.25744201838191316
1.155 0.25751411039558164
1.156 0.257586094814423
1.157 0.25765797181305944
1.158 0.25772974156581613
1.1589999999999998 0.2578014042467224
1.16 0.25787296002951277
1.1609999999999998 0.2579444090876279
1.162 0.2580157515942159
1.1629999999999998 0.25808698772213334
1.164 0.2581581176439464
1.1649999999999998 0.2582291415319318
1.166 0.2583000595580779
1.1669999999999998 0.258370871894086
1.168 0.2584415787113711
1.1689999999999998 0.25851218018106326
1.17 0.25858267647400857
1.1709999999999998 0.25865306776077
1.172 0.25872335421162895
1.1729999999999998 0.2587935359965858
1.174 0.2588636132853614
1.1749999999999998 0.2589335862473979
1.176 0.25900345505185973
1.1769999999999998 0.2590732198676351
1.178 0.2591428808633364
1.1789999999999998 0.2592124382073019
1.18 0.2592818920675962
1.1809999999999998 0.2593512426120122
1.182 0.2594204900080707
1.1829999999999998 0.25948963442302314
1.184 0.25955867602385124
1.1849999999999998 0.2596276149772689
1.186 0.25969645144972275
1.1869999999999998 0.2597651856073937
1.188 0.2598338176161975
1.1889999999999998 0.25990234764178594
1.19 0.259970775849548
1.1909999999999998 0.2600391024046108
1.192 0.26010732747184057
1.1929999999999998 0.2601754512158439
1.194 0.26024347380096846
1.1949999999999998 0.26031139538535797
1.196 0.26037921610312464
1.1969999999999998 0.26044693611194764
1.198 0.26051455557296366
1.1989999999999998 0.2605820746470041
1.2 0.2606494934945956
1.2009999999999998 0.260716812275961
1.202 0.2607840311510192
1.2029999999999998 0.2608511502793863
1.204 0.26091816982037586
1.2049999999999998 0.2609850899329993
1.206 0.2610519107759666
1.2069999999999999 0.26111863250768697
1.208 0.26118525528626896
1.2089999999999999 0.2612517792695214
1.21 0.26131820461495364
1.2109999999999999 0.2613845314797763
1.212 0.26145076002090145
1.2129999999999999 0.2615168903949435
1.214 0.2615829227582196
1.2149999999999999 0.2616488572667499
1.216 0.26171469407625847
1.2169999999999999 0.2617804333421734
1.218 0.2618460752196276
1.2189999999999999 0.26191161986345946
1.22 0.2619770674282128
1.2209999999999999 0.2620424180681378
1.222 0.26210767193719137
1.2229999999999999 0.2621728291890379
1.224 0.2622378899770492
1.2249999999999999 0.2623028544543057
1.226 0.2623677227735962
1.2269999999999999 0.2624324950874191
1.228 0.26249717154798247
1.2289999999999999 0.2625617523072046
1.23 0.2626262375167144
1.2309999999999999 0.2626906273278522
1.232 0.26275492189167005
1.2329999999999999 0.2628191213589322
1.234 0.26288322588011537
1.2349999999999999 0.26294723560540983
1.236 0.26301115068471936
1.2369999999999999 0.263074971267662
1.238 0.2631386975035701
1.2389999999999999 0.2632023295414916
1.24 0.26326586753018966
1.2409999999999999 0.2633293116181438
1.242 0.26339266195355004
1.2429999999999999 0.26345591868432133
1.244 0.26351908195808826
1.2449999999999999 0.26358215192219925
1.246 0.2636451287237214
1.2469999999999999 0.26370801250944065
1.248 0.26377080342586223
1.2489999999999999 0.2638335016192115
1.25 0.2638961072354339
1.251 0.2639586204201957
1.252 0.2640210413188847
1.253 0.26408337007661026
1.254 0.26414560683820393
1.255 0.26420775174822
1.256 0.2642698049509356
1.257 0.26433176659035196
1.258 0.264393636810194
1.259 0.2644554157539113
1.26 0.26451710356467806
1.261 0.2645787003853944
1.262 0.26464020636221663
1.263 0.26470162165652006
1.264 0.26476294641437376
1.265 0.2648241807789818
1.266 0.2648853248933086
1.267 0.2649463789000803
1.268 0.265007342941785
1.269 0.2650682171606737
1.27 0.2651290016987614
1.271 0.26518969669782727
1.272 0.26525030229941604
1.273 0.26531081864483785
1.274 0.2653712458751702
1.275 0.26543158413125756
1.276 0.2654918335537129
1.277 0.26555199428291804
1.278 0.2656120664590246
1.279 0.26567205022195445
1.28 0.2657319457114011
1.281 0.2657917530668294
1.282 0.2658514724274775
1.283 0.26591110393235634
1.284 0.2659706477202517
1.285 0.2660301039297238
1.2859999999999998 0.2660894726991086
1.287 0.26614875416651845
1.2879999999999998 0.2662079484698429
1.289 0.2662670557467493
1.2899999999999998 0.26632607613468356
1.291 0.2663850097708708
1.2919999999999998 0.2664438567923164
1.293 0.2665026173358063
1.2939999999999998 0.26656129153790814
1.295 0.26661987953497157
1.2959999999999998 0.26667838146312933
1.297 0.2667367974582978
1.2979999999999998 0.26679512765617774
1.299 0.2668533721922551
1.2999999999999998 0.26691153120180144
1.301 0.26696960481987525
1.3019999999999998 0.2670275931813221
1.303 0.2670854964207754
1.3039999999999998 0.2671433146726577
1.305 0.2672010480711805
1.3059999999999998 0.26725869675034575
1.307 0.2673162608439462
1.3079999999999998 0.2673737404855662
1.309 0.2674311358085823
1.3099999999999998 0.2674884469461641
1.311 0.2675456740312749
1.3119999999999998 0.2676028171966724
1.313 0.2676598765749094
1.3139999999999998 0.26771685229833464
1.315 0.26777374449909314
1.3159999999999998 0.2678305533091276
1.317 0.2678872788601782
1.3179999999999998 0.26794392128378386
1.319 0.2680004807112832
1.3199999999999998 0.26805695727381446
1.321 0.26811335110231677
1.3219999999999998 0.2681696623275308
1.323 0.2682258910799993
1.3239999999999998 0.2682820374900676
1.325 0.2683381016878851
1.3259999999999998 0.26839408380340485
1.327 0.26844998396638536
1.3279999999999998 0.2685058023063902
1.329 0.26856153894731816
1.3299999999999998 0.26861719398651324
1.331 0.26867276754590036
1.3319999999999999 0.26872825975193393
1.333 0.268783670730822
1.3339999999999999 0.26883900060852683
1.335 0.2688942495107646
1.3359999999999999 0.2689494175630057
1.337 0.2690045048904751
1.3379999999999999 0.2690595116181522
1.339 0.26911443787077116
1.3399999999999999 0.26916928377282096
1.341 0.26922404944854583
1.3419999999999999 0.269278735021945
1.343 0.26933334061677316
1.3439999999999999 0.2693878663565405
1.345 0.2694423123645128
1.3459999999999999 0.2694966787637117
1.347 0.26955096567691494
1.3479999999999999 0.2696051732266561
1.349 0.26965930153522527
1.3499999999999999 0.2697133507246689
1.351 0.2697673209167899
1.3519999999999999 0.2698212122331482
1.353 0.26987502479506015
1.3539999999999999 0.26992875872359945
1.355 0.26998241413959695
1.3559999999999999 0.27003599116364063
1.357 0.27008948991607606
1.3579999999999999 0.2701429105170063
1.359 0.2701962530862923
1.3599999999999999 0.27024951774355266
1.361 0.2703027046081643
1.3619999999999999 0.27035581379926205
1.363 0.27040884543573906
1.3639999999999999 0.2704617996362473
1.365 0.27051467651919675
1.3659999999999999 0.27056747620275656
1.367 0.27062019880485444
1.3679999999999999 0.2706728444431773
1.369 0.270725413235171
1.3699999999999999 0.27077790529804097
1.371 0.2708303207487517
1.3719999999999999 0.27088265970402736
1.373 0.27093492228035193
1.3739999999999999 0.2709871085939689
1.375 0.27103921876088205
1.376 0.2710912528968549
1.377 0.2711432111174113
1.378 0.2711950935378353
1.379 0.2712469002731717
1.38 0.2712986314382257
1.381 0.27135028714756315
1.382 0.27140186751551093
1.383 0.2714533726561566
1.384 0.271504802683349
1.385 0.2715561577106983
1.386 0.2716074378515758
1.387 0.2716586432191144
1.388 0.2717097739262085
1.389 0.27176083008551405
1.39 0.2718118118094493
1.391 0.27186271921019406
1.392 0.27191355239969034
1.393 0.2719643114896422
1.394 0.2720149965915163
1.395 0.27206560781654154
1.396 0.2721161452816851
1.397 0.2721666091353157
1.398 0.27221699949677214
1.399 0.27226731647910013
1.4 0.2723175601951738
1.401 0.27236773075769655
1.402 0.27241782827920163
1.403 0.27246785287205316
1.404 0.27251780464844627
1.405 0.27256768372040874
1.406 0.27261749019980097
1.407 0.27266722419831696
1.408 0.27271688582748516
1.409 0.2727664751986691
1.41 0.272815992423068
1.411 0.27286543761171766
1.412 0.27291481087549124
1.4129999999999998 0.2729641123250998
1.414 0.27301334207109307
1.4149999999999998 0.2730625002238603
1.416 0.273111586893631
1.4169999999999998 0.2731606021904753
1.418 0.27320954622430516
1.4189999999999998 0.27325841910487486
1.42 0.27330722094178167
1.4209999999999998 0.2733559518444668
1.422 0.2734046119222156
1.4229999999999998 0.2734532012841591
1.424 0.273501720039274
1.4249999999999998 0.2735501682963835
1.426 0.27359854616415863
1.4269999999999998 0.2736468537511182
1.428 0.27369509116562973
1.4289999999999998 0.27374325851591075
1.43 0.2737913559100283
1.4309999999999998 0.273839383455901
1.432 0.273887341261299
1.4329999999999998 0.2739352294338444
1.434 0.2739830480810131
1.4349999999999998 0.27403079731013413
1.436 0.2740784772283914
1.4369999999999998 0.2741260879428241
1.438 0.27417362956032704
1.4389999999999998 0.27422110218765194
1.44 0.2742685059314076
1.4409999999999998 0.27431584089806127
1.442 0.2743631071939385
1.4429999999999998 0.27441030492522467
1.444 0.274457434197965
1.4449999999999998 0.2745044951180659
1.446 0.2745514877912952
1.4469999999999998 0.2745984123232829
1.448 0.2746452688195222
1.4489999999999998 0.27469205738536984
1.45 0.27473877812604697
1.4509999999999998 0.2747854311466398
1.452 0.2748320165521004
1.4529999999999998 0.27487853444724714
1.454 0.27492498493676587
1.4549999999999998 0.27497136812520995
1.456 0.27501768411700156
1.4569999999999999 0.2750639330164322
1.458 0.2751101149276631
1.4589999999999999 0.27515622995472616
1.46 0.27520227820152493
1.4609999999999999 0.27524825977183465
1.462 0.27529417476930357
1.4629999999999999 0.27534002329317175
1.464 0.2753858054176115
1.4649999999999999 0.2754315212386444
1.466 0.2754771708572637
1.4669999999999999 0.27552275437428786
1.468 0.27556827189036087
1.4689999999999999 0.27561372350595204
1.47 0.27565910932135673
1.4709999999999999 0.2757044294366961
1.472 0.27574968395191773
1.4729999999999999 0.27579487296679545
1.474 0.27583999658092967
1.4749999999999999 0.27588505489374776
1.476 0.2759300480045039
1.4769999999999999 0.27597497601227955
1.478 0.2760198390159837
1.4789999999999999 0.27606463711435264
1.48 0.27610937040595074
1.4809999999999999 0.2761540389891703
1.482 0.27619864296223157
1.4829999999999999 0.27624318242318363
1.484 0.2762876574699036
1.4849999999999999 0.27633206820009776
1.486 0.27637641471130137
1.4869999999999999 0.2764206971008787
1.488 0.27646491546602325
1.4889999999999999 0.2765090699037584
1.49 0.27655316051093703
1.4909999999999999 0.276597187384242
1.492 0.2766411506201863
1.4929999999999999 0.27668505031511337
1.494 0.2767288865651969
1.4949999999999999 0.27677265946644153
1.496 0.27681636911468266
1.4969999999999999 0.27686001560558676
1.498 0.27690359903465156
1.4989999999999999 0.2769471194972064
1.5 0.27699057708841207
1.501 0.2770339719032613
1.502 0.2770773040365787
1.503 0.27712057358302133
1.504 0.27716378063707847
1.505 0.2772069252930719
1.506 0.2772500076451563
1.507 0.2772930277873194
1.508 0.27733598581338187
1.509 0.27737888181699766
1.51 0.27742171589165443
1.511 0.2774644881306733
1.512 0.2775071986272096
1.513 0.27754984747425204
1.514 0.2775924347646245
1.515 0.2776349605909844
1.516 0.2776774250458243
1.517 0.2777198282214713
1.518 0.2777621702100875
1.519 0.2778044511036701
1.52 0.27784667099405175
1.521 0.2778888299729005
1.522 0.27793092813172005
1.523 0.2779729655618499
1.524 0.2780149423544657
1.525 0.27805685860057916
1.526 0.27809871439103867
1.527 0.2781405098165287
1.528 0.2781822449675711
1.529 0.27822391993452383
1.53 0.27826553480864835
1.531 0.2783070896878854
1.532 0.2783485846641803
1.533 0.2783900198278249
1.534 0.2784313952689628
1.535 0.2784727110775896
1.536 0.27851396734355294
1.537 0.27855516415655307
1.538 0.2785963016061433
1.539 0.2786373797817299
1.54 0.27867839877257267
1.541 0.2787193586677852
1.5419999999999998 0.27876025955633493
1.543 0.2788011015270439
1.5439999999999998 0.27884188466858895
1.545 0.27888260906950146
1.5459999999999998 0.27892327481816853
1.547 0.2789638820028324
1.5479999999999998 0.27900443071159164
1.549 0.2790449210324006
1.5499999999999998 0.2790853530530703
1.551 0.2791257268612686
1.5519999999999998 0.2791660425445201
1.553 0.27920630019020726
1.5539999999999998 0.27924649988556977
1.555 0.27928664171770545
1.5559999999999998 0.2793267257735703
1.557 0.2793667521399792
1.5579999999999998 0.2794067209036054
1.559 0.27944663215098153
1.5599999999999998 0.27948648596849984
1.561 0.27952628244241184
1.5619999999999998 0.2795660216588296
1.563 0.2796057037037251
1.5639999999999998 0.27964532866293124
1.565 0.2796848966221416
1.5659999999999998 0.2797244076669111
1.567 0.27976386188265606
1.5679999999999998 0.2798032593546547
1.569 0.2798426001680472
1.5699999999999998 0.27988188440783623
1.571 0.2799211121588871
1.5719999999999998 0.2799602835059279
1.573 0.27999939853355016
1.5739999999999998 0.28003845732620886
1.575 0.2800774599682228
1.5759999999999998 0.28011640654377506
1.577 0.2801552971369128
1.5779999999999998 0.28019413183154795
1.579 0.28023291071145773
1.5799999999999998 0.2802716338602843
1.581 0.28031030136153523
1.5819999999999999 0.2803489132985844
1.583 0.28038746975467155
1.5839999999999999 0.2804259708129027
1.585 0.2804644165562509
1.5859999999999999 0.2805028070675558
1.587 0.2805411424295245
1.5879999999999999 0.28057942272473163
1.589 0.28061764803561984
1.5899999999999999 0.28065581844449955
1.591 0.28069393403354975
1.5919999999999999 0.2807319948848182
1.593 0.2807700010802215
1.5939999999999999 0.28080795270154546
1.595 0.28084584983044564
1.5959999999999999 0.28088369254844714
1.597 0.28092148093670083
1.5979999999999999 0.2809592150744954
1.599 0.2809968950424181
1.5999999999999999 0.2810345209213297
1.601 0.28107209279195855
1.6019999999999999 0.28110961073490115
1.603 0.28114707483062207
1.6039999999999999 0.2811844851594544
1.605 0.28122184180159987
1.6059999999999999 0.2812591448371293
1.607 0.2812963943459828
1.6079999999999999 0.28133359040796957
1.609 0.28137073310276883
1.6099999999999999 0.2814078225099297
1.611 0.2814448587088713
1.6119999999999999 0.28148184177888347
1.613 0.2815187717991265
1.6139999999999999 0.28155564884863143
1.615 0.28159247300630097
1.6159999999999999 0.2816292443509087
1.617 0.2816659629611002
1.6179999999999999 0.28170262891539277
1.619 0.2817392422921758
1.6199999999999999 0.28177580316971107
1.621 0.28181231162613307
1.6219999999999999 0.281848767739449
1.623 0.2818851715875392
1.6239999999999999 0.28192152324815717
1.625 0.28195782279893006
1.626 0.2819940703173591
1.627 0.28203026588081914
1.628 0.28206640956655954
1.629 0.282102501451704
1.63 0.2821385416132512
1.631 0.2821745301280746
1.632 0.2822104670729229
1.633 0.28224635252442026
1.634 0.2822821865590668
1.635 0.28231796925323815
1.636 0.2823537006831863
1.637 0.2823893809250398
1.638 0.28242501005480347
1.639 0.28246058814835934
1.64 0.2824961152814663
1.641 0.2825315915297609
1.642 0.28256701696875686
1.643 0.2826023916738459
1.644 0.2826377157202978
1.645 0.2826729891832606
1.646 0.28270821213776076
1.647 0.2827433846587036
1.648 0.2827785068208733
1.649 0.28281357869893337
1.65 0.2828486003674266
1.651 0.2828835719007754
1.652 0.28291849337328234
1.653 0.2829533648591299
1.654 0.282988186432381
1.655 0.28302295816697903
1.656 0.2830576801367483
1.657 0.28309235241539427
1.658 0.2831269750765034
1.659 0.2831615481935439
1.66 0.28319607183986534
1.661 0.2832305460886998
1.662 0.283264971013161
1.663 0.28329934668624557
1.664 0.28333367318392905
1.665 0.28336795060613174
1.666 0.28340217903283327
1.667 0.28343635853777316
1.668 0.2834704891945441
1.669 0.2835045710765916
1.67 0.2835386042572144
1.6709999999999998 0.2835725888095644
1.672 0.2836065248066467
1.6729999999999998 0.28364041232132
1.674 0.2836742514262961
1.6749999999999998 0.2837080421941407
1.676 0.2837417846972729
1.6769999999999998 0.2837754790079656
1.678 0.28380912519834534
1.6789999999999998 0.28384272334039273
1.68 0.2838762735059424
1.6809999999999998 0.2839097757666828
1.682 0.2839432301941566
1.6829999999999998 0.28397663685976077
1.684 0.2840099958347466
1.6849999999999998 0.28404330719021964
1.686 0.28407657099714
1.6869999999999998 0.28410978732632225
1.688 0.2841429562484357
1.6889999999999998 0.28417607783400445
1.69 0.28420915215340714
1.6909999999999998 0.2842421792768775
1.692 0.28427515927450436
1.6929999999999998 0.28430809221623116
1.694 0.28434097817185683
1.6949999999999998 0.2843738172110355
1.696 0.2844066094032764
1.6969999999999998 0.28443935481794425
1.698 0.28447205352425936
1.6989999999999998 0.2845047055912972
1.7 0.2845373110879893
1.7009999999999998 0.28456987008312246
1.702 0.28460238264533955
1.7029999999999998 0.2846348488431393
1.704 0.28466726874487613
1.7049999999999998 0.28469964241876067
1.706 0.2847319699328596
1.7069999999999999 0.28476425135509575
1.708 0.28479648675324815
1.7089999999999999 0.2848286761949522
1.71 0.2848608197476998
1.7109999999999999 0.28489291747883916
1.712 0.28492496945557516
1.7129999999999999 0.2849569757449692
1.714 0.28498893641393963
1.7149999999999999 0.28502085152926115
1.716 0.28505272115756586
1.7169999999999999 0.28508454536534233
1.718 0.28511632421893646
1.7189999999999999 0.28514805778455105
1.72 0.2851797461282462
1.7209999999999999 0.2852113893159392
1.722 0.2852429874134046
1.7229999999999999 0.28527454048627443
1.724 0.28530604860003805
1.7249999999999999 0.28533751182004263
1.726 0.28536893021149257
1.7269999999999999 0.2854003038394503
1.728 0.2854316327688359
1.7289999999999999 0.28546291706442706
1.73 0.2854941567908598
1.7309999999999999 0.28552535201262774
1.732 0.2855565027940828
1.7329999999999999 0.2855876091994349
1.734 0.28561867129275215
1.7349999999999999 0.28564968913796107
1.736 0.2856806627988463
1.7369999999999999 0.2857115923390511
1.738 0.28574247782207707
1.7389999999999999 0.2857733193112844
1.74 0.2858041168698921
1.7409999999999999 0.28583487056097745
1.742 0.28586558044747695
1.7429999999999999 0.2858962465921856
1.744 0.2859268690577576
1.7449999999999999 0.28595744790670585
1.746 0.2859879832014025
1.7469999999999999 0.28601847500407884
1.748 0.28604892337682497
1.7489999999999999 0.2860793283815908
1.75 0.28610969008018516
1.751 0.28614000853427646
1.752 0.2861702838053925
1.753 0.28620051595492063
1.754 0.2862307050441077
1.755 0.28626085113406047
1.756 0.28629095428574525
1.757 0.2863210145599881
1.758 0.2863510320174752
1.759 0.2863810067187522
1.76 0.2864109387242254
1.761 0.28644082809416066
1.762 0.28647067488868405
1.763 0.2865004791677822
1.764 0.2865302409913014
1.765 0.2865599604189489
1.766 0.2865896375102918
1.767 0.2866192723247582
1.768 0.2866488649216362
1.769 0.2866784153600749
1.77 0.2867079236990838
1.771 0.28673738999753345
1.772 0.28676681431415474
1.773 0.28679619670753964
1.774 0.2868255372361411
1.775 0.28685483595827316
1.776 0.2868840929321105
1.777 0.2869133082156893
1.778 0.2869424818669067
1.779 0.2869716139435211
1.78 0.28700070450315224
1.781 0.28702975360328137
1.782 0.2870587613012507
1.783 0.2870877276542644
1.784 0.287116652719388
1.785 0.28714553655354874
1.786 0.28717437921353534
1.787 0.2872031807559984
1.788 0.2872319412374502
1.789 0.28726066071426504
1.79 0.2872893392426791
1.791 0.2873179768787904
1.792 0.2873465736785591
1.793 0.2873751296978073
1.794 0.28740364499221965
1.795 0.2874321196226162
1.796 0.2874605537586202
1.797 0.2874889475050129
1.7979999999999998 0.2875173009211243
1.799 0.2875456140661838
1.7999999999999998 0.28757388699932046
1.801 0.28760211977956335
1.8019999999999998 0.28763031246584114
1.803 0.28765846511698245
1.8039999999999998 0.28768657779171575
1.805 0.2877146505486697
1.8059999999999998 0.28774268344637277
1.807 0.28777067654325356
1.8079999999999998 0.28779862989764077
1.809 0.2878265435677635
1.8099999999999998 0.28785441761175085
1.811 0.2878822520876323
1.8119999999999998 0.28791004705333767
1.813 0.2879378025666974
1.8139999999999998 0.28796551868544185
1.815 0.28799319546720237
1.8159999999999998 0.2880208329695107
1.817 0.2880484312497992
1.8179999999999998 0.2880759903654009
1.819 0.28810351037354937
1.8199999999999998 0.2881309913313792
1.821 0.2881584332959258
1.8219999999999998 0.288185836324125
1.823 0.2882132004728141
1.8239999999999998 0.2882405257987311
1.825 0.28826781235851495
1.8259999999999998 0.2882950602087059
1.827 0.288322269405745
1.8279999999999998 0.28834944000597484
1.829 0.2883765720656389
1.8299999999999998 0.288403665640882
1.831 0.28843072078775045
1.8319999999999999 0.2884577375621917
1.833 0.2884847160200547
1.8339999999999999 0.2885116562170899
1.835 0.28853855820894925
1.8359999999999999 0.2885654220511863
1.837 0.28859224779925596
1.8379999999999999 0.2886190355085152
1.839 0.28864578523422246
1.8399999999999999 0.2886724970315379
1.841 0.28869917095552355
1.8419999999999999 0.28872580706114326
1.843 0.2887524054032629
1.8439999999999999 0.2887789660366501
1.845 0.28880548901597475
1.8459999999999999 0.28883197439580843
1.847 0.2888584222306251
1.8479999999999999 0.2888848325748007
1.849 0.2889112054826134
1.8499999999999999 0.2889375410082437
1.851 0.28896383920577423
1.8519999999999999 0.28899010012918996
1.853 0.28901632383237835
1.8539999999999999 0.2890425103691292
1.855 0.2890686597931348
1.8559999999999999 0.2890947721579899
1.857 0.2891208475171918
1.8579999999999999 0.28914688592414056
1.859 0.28917288743213876
1.8599999999999999 0.28919885209439156
1.861 0.2892247799640071
1.8619999999999999 0.28925067109399627
1.863 0.2892765255372726
1.8639999999999999 0.28930234334665267
1.865 0.2893281245748559
1.8659999999999999 0.2893538692745047
1.867 0.28937957749812454
1.8679999999999999 0.28940524929814393
1.869 0.2894308847268945
1.8699999999999999 0.28945648383661093
1.871 0.2894820466794311
1.8719999999999999 0.28950757330739624
1.873 0.28953306377245075
1.8739999999999999 0.2895585181264425
1.875 0.2895839364211225
1.876 0.2896093187081453
1.877 0.2896346650390691
1.878 0.2896599754653552
1.879 0.28968525003836865
1.88 0.2897104888093781
1.881 0.28973569182955583
1.882 0.28976085914997773
1.883 0.2897859908216234
1.884 0.2898110868953763
1.885 0.2898361474220236
1.886 0.2898611724522564
1.887 0.2898861620366694
1.888 0.28991111622576166
1.889 0.2899360350699359
1.89 0.289960918619499
1.891 0.2899857669246618
1.892 0.29001058003553926
1.893 0.29003535800215047
1.894 0.2900601008744187
1.895 0.29008480870217146
1.896 0.2901094815351405
1.897 0.29013411942296197
1.898 0.29015872241517615
1.899 0.290183290561228
1.9 0.2902078239104665
1.901 0.29023232251214554
1.902 0.2902567864154232
1.903 0.29028121566936227
1.904 0.29030561032292995
1.905 0.2903299704249983
1.906 0.29035429602434387
1.907 0.29037858716964804
1.908 0.29040284390949683
1.909 0.2904270662923812
1.91 0.29045125436669667
1.911 0.2904754081807439
1.912 0.2904995277827283
1.913 0.29052361322076037
1.914 0.29054766454285536
1.915 0.29057168179693377
1.916 0.29059566503082107
1.917 0.2906196142922478
1.918 0.29064352962884965
1.919 0.2906674110881676
1.92 0.2906912587176477
1.921 0.2907150725646415
1.922 0.2907388526764055
1.923 0.2907625991001017
1.924 0.2907863118827975
1.9249999999999998 0.29080999107146577
1.926 0.29083363671333623
1.9269999999999998 0.29085724890381637
1.928 0.2908808277252848
1.9289999999999998 0.29090437322624013
1.93 0.29092788545510073
1.9309999999999998 0.29095136446020475
1.932 0.29097481028981026
1.9329999999999998 0.2909982229920951
1.934 0.29102160261515714
1.9349999999999998 0.29104494920701407
1.936 0.29106826281560383
1.9369999999999998 0.2910915434887841
1.938 0.2911147912743327
1.9389999999999998 0.2911380062199477
1.94 0.2911611883732471
1.9409999999999998 0.2911843377817692
1.942 0.2912074544929725
1.9429999999999998 0.2912305385542357
1.944 0.2912535900128577
1.9449999999999998 0.2912766089160578
1.946 0.29129959531097577
1.9469999999999998 0.2913225492446714
1.948 0.2913454707641252
1.9489999999999998 0.29136835991623805
1.95 0.29139121674783125
1.9509999999999998 0.2914140413056467
1.952 0.2914368336363467
1.9529999999999998 0.29145959378651426
1.954 0.29148232180265304
1.9549999999999998 0.2915050177311872
1.956 0.2915276816184617
1.9569999999999999 0.2915503135107422
1.958 0.291572913454215
1.9589999999999999 0.2915954814949874
1.96 0.2916180176790872
1.9609999999999999 0.29164052205246344
1.962 0.29166299466098583
1.9629999999999999 0.2916854355504448
1.964 0.291707844766552
1.9649999999999999 0.2917302223549401
1.966 0.2917525683611626
1.9669999999999999 0.2917748828306941
1.968 0.29179716580893034
1.9689999999999999 0.2918194173411881
1.97 0.29184163747270536
1.9709999999999999 0.29186382624864116
1.972 0.2918859837140759
1.9729999999999999 0.2919081099140113
1.974 0.29193020489336996
1.9749999999999999 0.29195226869699614
1.976 0.29197430136965524
1.9769999999999999 0.2919963029560343
1.978 0.2920182735007414
1.9789999999999999 0.2920402130483063
1.98 0.29206212164318
1.9809999999999999 0.2920839993297354
1.982 0.2921058461522664
1.9829999999999999 0.29212766215498887
1.984 0.2921494473820401
1.9849999999999999 0.29217120187747897
1.986 0.2921929256852861
1.9869999999999999 0.2922146188493636
1.988 0.2922362814135356
1.9889999999999999 0.2922579134215477
1.99 0.2922795149170675
1.9909999999999999 0.29230108594368404
1.992 0.2923226265449087
1.9929999999999999 0.2923441367641742
1.994 0.2923656166448357
1.9949999999999999 0.29238706623016963
1.996 0.292408485563375
1.9969999999999999 0.2924298746875725
1.998 0.2924512336458047
