0.005 0.0006129835932629576
0.006 0.0012241262485994892
0.007 0.0018333299131417682
0.008 0.002440606448866384
0.009000000000000001 0.0030459711302946316
0.01 0.003649435917182972
0.011 0.004251010767705336
0.012 0.0048507055381878305
0.013000000000000001 0.005448529984553202
0.014000000000000002 0.006044493763738599
0.015 0.00663860643508774
0.016 0.007230877461717805
0.017 0.007821316211861835
0.018000000000000002 0.008409933773560405
0.019 0.008996744299773658
0.02 0.009581758284296154
0.021 0.010164985947578276
0.022000000000000002 0.010746437413931331
0.023000000000000003 0.011326122712855895
0.024 0.011904051780346054
0.025 0.012480234460171198
0.026000000000000002 0.013054680505134928
0.027 0.013627399578311904
0.028 0.014198401254263185
0.029 0.014767695020230346
0.030000000000000002 0.015335290277309023
0.031000000000000003 0.01590119634160204
0.032 0.01646542244535284
0.033 0.01702797771913607
0.034 0.01758887105724723
0.034999999999999996 0.018148111383183205
0.036 0.018705707577625397
0.037 0.019261668442935437
0.038 0.019816002704175186
0.039 0.020368719010110538
0.04 0.02091982593419775
0.041 0.02146933197555391
0.041999999999999996 0.022017245559910963
0.043 0.022563575040554396
0.044 0.023108328699246176
0.045 0.023651514747132753
0.046 0.024193141325638188
0.047 0.02473321650734294
0.048 0.025271748296134513
0.048999999999999995 0.025808744459389757
0.049999999999999996 0.02634421271262767
0.051 0.026878160825591125
0.052 0.027410596503558697
0.053 0.027941527388139306
0.054 0.028470961058054092
0.055 0.02899890502990629
0.056 0.029525366758938604
0.057 0.030050353639779398
0.057999999999999996 0.030573873007176247
0.059 0.03109593213671918
0.06 0.0316165382455518
0.061 0.03213569849307198
0.062 0.03265341998162166
0.063 0.033169709757165725
0.064 0.0336845748099611
0.065 0.03419802207521522
0.066 0.034710058433734606
0.067 0.03522069071256375
0.068 0.035729925685614096
0.069 0.03623777007428407
0.07 0.036744230548069114
0.07100000000000001 0.03724931372516343
0.07200000000000001 0.03775302617305199
0.07300000000000001 0.038255374409094454
0.07400000000000001 0.03875636490109991
0.07500000000000001 0.039256004067893584
0.07600000000000001 0.03975429827987492
0.07700000000000001 0.04025125385956769
0.078 0.04074687683605071
0.079 0.041241173016912394
0.08 0.04173414853809575
0.081 0.04222580949523106
0.082 0.042716161938892105
0.083 0.043205211875097585
0.084 0.043692965265805565
0.085 0.044179428029400884
0.08600000000000001 0.044664606041175704
0.08700000000000001 0.04514850513380283
0.08800000000000001 0.0456311310978029
0.08900000000000001 0.046112489682004904
0.09000000000000001 0.04659258659399975
0.09100000000000001 0.04707142750058823
0.09200000000000001 0.04754901802822221
0.093 0.04802536376343988
0.094 0.04850047025329518
0.095 0.04897434300578078
0.096 0.049446987490245724
0.097 0.04991840913780731
0.098 0.05038861334175708
0.099 0.0508576054579613
0.1 0.051325390805256395
0.101 0.051791974665838646
0.10200000000000001 0.052257362285648604
0.10300000000000001 0.0527215588747506
0.10400000000000001 0.05318456960770697
0.10500000000000001 0.05364639962394744
0.10600000000000001 0.054107054028133206
0.10700000000000001 0.05456653778516452
0.10800000000000001 0.055024855574007436
0.10900000000000001 0.055482012325996255
0.11 0.05593801296191375
0.111 0.05639286236813268
0.112 0.05684656539695863
0.113 0.05729912686696822
0.114 0.057750551563342745
0.115 0.05820084423819806
0.116 0.05865000961090912
0.117 0.05909805236843155
0.11800000000000001 0.059544977165618185
0.11900000000000001 0.059990788625532046
0.12000000000000001 0.06043549133975475
0.12100000000000001 0.06087908986869172
0.12200000000000001 0.06132158874187279
0.12300000000000001 0.06176299245824959
0.12400000000000001 0.062203305486488586
0.125 0.06264253226526093
0.126 0.06308067720352836
0.127 0.06351774468082554
0.128 0.06395373904753897
0.129 0.06438866462518215
0.13 0.0648225257066679
0.131 0.06525532655657644
0.132 0.06568707141142104
0.133 0.06611776447990951
0.134 0.06654740994320338
0.135 0.06697601195517305
0.136 0.06740357464265044
0.137 0.06783010210567808
0.138 0.06825559841775558
0.139 0.06868006762608282
0.14 0.0691035137518004
0.14100000000000001 0.0695259407902268
0.14200000000000002 0.06994735271109329
0.14300000000000002 0.07036775345877534
0.14400000000000002 0.0707871469525219
0.14500000000000002 0.07120553708668137
0.14600000000000002 0.07162292773092525
0.14700000000000002 0.07203932273046902
0.14800000000000002 0.0724547259062904
0.14900000000000002 0.07286914105534491
0.15 0.07328257195311587
0.151 0.07369502238893307
0.152 0.07410649610627175
0.153 0.07451699681211514
0.154 0.0749265281905543
0.155 0.07533509390298854
0.156 0.07574269758832368
0.157 0.0761493428631683
0.158 0.07655503332202707
0.159 0.07695977253749275
0.16 0.07736356406043483
0.161 0.0777664114201873
0.162 0.07816831812473313
0.163 0.07856928766088739
0.164 0.07896932349447798
0.165 0.07936842907052435
0.166 0.07976660781341431
0.167 0.08016386312707854
0.168 0.08056019839516365
0.169 0.08095561698120263
0.17 0.08135012222878404
0.171 0.08174371746171896
0.17200000000000001 0.08213640598420605
0.17300000000000001 0.08252819108099486
0.17400000000000002 0.08291907601754749
0.17500000000000002 0.08330906404019815
0.17600000000000002 0.08369815837631112
0.17700000000000002 0.08408636223443715
0.17800000000000002 0.08447367880446771
0.17900000000000002 0.08486011125778796
0.18000000000000002 0.08524566274742787
0.181 0.08563033640821154
0.182 0.08601413535690533
0.183 0.08639706269236397
0.184 0.0867791214956752
0.185 0.08716031483030309
0.186 0.0875406457422293
0.187 0.08792011726009344
0.188 0.08829873239533136
0.189 0.08867649414231248
0.19 0.08905340547847525
0.191 0.08942946936446125
0.192 0.08980468874424809
0.193 0.0901790665452807
0.194 0.09055260570265042
0.195 0.09092530914702256
0.196 0.0912971797611275
0.197 0.0916682204115333
0.198 0.09203843394898953
0.199 0.09240782320854991
0.2 0.09277639100969455
0.201 0.09314414015644995
0.202 0.0935110734375086
0.203 0.0938771936263469
0.20400000000000001 0.09424250348134193
0.20500000000000002 0.09460700574588685
0.20600000000000002 0.09497070314850559
0.20700000000000002 0.09533359840296589
0.20800000000000002 0.09569569420839158
0.20900000000000002 0.09605699324937314
0.21000000000000002 0.09641749819607787
0.21100000000000002 0.0967772117043583
0.21200000000000002 0.09713613641586001
0.21300000000000002 0.09749427495812793
0.214 0.0978516299447118
0.215 0.0982082039752707
0.216 0.09856399963567608
0.217 0.09891901949811426
0.218 0.09927326612118757
0.219 0.0996267420500147
0.22 0.09997944981632986
0.221 0.10033139193858102
0.222 0.10068257092202734
0.223 0.10103298925883529
0.224 0.10138264942817427
0.225 0.10173155389631085
0.226 0.10207970511670247
0.227 0.10242710553008975
0.228 0.10277375756458851
0.229 0.10311966363578041
0.23 0.10346482614680277
0.231 0.10380924748843788
0.232 0.1041529300392008
0.233 0.10449587616542716
0.234 0.10483808822135919
0.23500000000000001 0.10517956854923159
0.23600000000000002 0.10552031947935639
0.23700000000000002 0.10586034333920154
0.23800000000000002 0.10619964248480068
0.23900000000000002 0.10653821922232258
0.24000000000000002 0.10687607583961203
0.24100000000000002 0.10721321461309148
0.24200000000000002 0.10754963780784062
0.24300000000000002 0.10788534767767556
0.24400000000000002 0.1082203464652271
0.245 0.10855463640201848
0.246 0.1088882197085422
0.247 0.10922109859433601
0.248 0.10955327525805855
0.249 0.109884751887564
0.25 0.11021553065997618
0.251 0.11054561374176183
0.252 0.11087500328880326
0.253 0.11120370144647045
0.254 0.11153171034969223
0.255 0.11185903212302724
0.256 0.11218566888073349
0.257 0.11251162272683823
0.258 0.11283689575520633
0.259 0.11316149004960858
0.26 0.1134854076837891
0.261 0.11380865072153232
0.262 0.11413122121672903
0.263 0.11445312121344235
0.264 0.11477435274597254
0.265 0.11509491783892159
0.266 0.11541481850725711
0.267 0.11573405675637571
0.268 0.11605263458216565
0.269 0.11637055397106914
0.27 0.11668781690014389
0.271 0.11700442533712427
0.272 0.11732038124048173
0.273 0.11763568655948499
0.274 0.11795034323425929
0.275 0.11826435319584566
0.276 0.1185777183662589
0.277 0.11889044065854583
0.278 0.11920252197684265
0.279 0.11951396421643157
0.28 0.11982476926436235
0.281 0.12013493903002531
0.28200000000000003 0.12044447540312693
0.28300000000000003 0.1207533802475051
0.28400000000000003 0.12106165541849082
0.28500000000000003 0.12136930276296186
0.28600000000000003 0.12167632411939631
0.28700000000000003 0.12198272131792524
0.28800000000000003 0.12228849618038526
0.28900000000000003 0.12259365052037031
0.29000000000000004 0.12289818614328352
0.29100000000000004 0.12320210484638787
0.29200000000000004 0.12350540841885702
0.29300000000000004 0.12380809864182561
0.294 0.1241101772884389
0.295 0.12441164612390204
0.296 0.12471250690552935
0.297 0.12501276138279235
0.298 0.12531241129736834
0.299 0.1256114583831877
0.3 0.12590990436648142
0.301 0.126207750965828
0.302 0.1265049998921997
0.303 0.12680165284900913
0.304 0.1270977115321543
0.305 0.1273931776300647
0.306 0.1276880528237457
0.307 0.12798233878682339
0.308 0.12827603718558886
0.309 0.12856914967904165
0.31 0.128861677918934
0.311 0.12915362354981305
0.312 0.12944498820906433
0.313 0.1297357735269538
0.314 0.1300259811266702
0.315 0.13031561262436636
0.316 0.13060466962920111
0.317 0.1308931537433799
0.318 0.13118106656219555
0.319 0.13146840967406903
0.32 0.13175518466058894
0.321 0.1320413930965517
0.322 0.13232703655000055
0.323 0.13261211658226504
0.324 0.13289663475925065
0.325 0.1331805926561965
0.326 0.1334639918186936
0.327 0.13374683378492458
0.328 0.13402912008666448
0.329 0.1343108522493196
0.33 0.134592031791966
0.331 0.1348726602273875
0.332 0.1351527390621137
0.333 0.13543226979645737
0.334 0.13571125392455194
0.335 0.1359896929343884
0.336 0.13626758830785193
0.337 0.13654494152075844
0.338 0.13682175404289065
0.339 0.13709802733803408
0.34 0.1373737628640125
0.341 0.1376489620727233
0.342 0.1379236264101727
0.343 0.13819775731651024
0.34400000000000003 0.13847135622606374
0.34500000000000003 0.1387444245673731
0.34600000000000003 0.1390169637632247
0.34700000000000003 0.13928897523068504
0.34800000000000003 0.13956046038113407
0.34900000000000003 0.13983142062029869
0.35000000000000003 0.1401018573482857
0.35100000000000003 0.14037177195961453
0.35200000000000004 0.14064116584324973
0.35300000000000004 0.14091004038263322
0.35400000000000004 0.14117839695571652
0.35500000000000004 0.14144623693499236
0.35600000000000004 0.14171356168752625
0.357 0.14198037257498794
0.358 0.14224667095368249
0.359 0.14251245817458108
0.36 0.1427777355833516
0.361 0.14304250452038947
0.362 0.14330676632084718
0.363 0.14357052231466488
0.364 0.14383377382659984
0.365 0.1440965221762561
0.366 0.14435876867811379
0.367 0.14462051464155826
0.368 0.14488176137090888
0.369 0.14514251016544805
0.37 0.14540276231944932
0.371 0.145662519122206
0.372 0.14592178185805907
0.373 0.14618055180642517
0.374 0.14643883024182425
0.375 0.14669661843390708
0.376 0.14695391764748256
0.377 0.14721072914254488
0.378 0.14746705417430023
0.379 0.14772289399319394
0.38 0.1479782498449366
0.381 0.14823312297053057
0.382 0.1484875146062963
0.383 0.14874142598389808
0.384 0.1489948583303699
0.385 0.14924781286814126
0.386 0.14950029081506247
0.387 0.14975229338442977
0.388 0.15000382178501076
0.389 0.1502548772210691
0.39 0.15050546089238925
0.391 0.15075557398675854
0.392 0.15100521767576686
0.393 0.1512543931434472
0.394 0.1515031015702359
0.395 0.15175134413216645
0.396 0.15199912200089327
0.397 0.15224643634371438
0.398 0.15249328832359452
0.399 0.15273967909918804
0.4 0.15298560982486145
0.401 0.15323108165071586
0.402 0.15347609572260948
0.403 0.15372065318217965
0.404 0.1539647551668649
0.405 0.15420840280992684
0.406 0.15445159724047208
0.40700000000000003 0.15469433958347342
0.40800000000000003 0.15493663095979154
0.40900000000000003 0.15517847248619637
0.41000000000000003 0.15541986527538804
0.41100000000000003 0.15566081043601793
0.41200000000000003 0.15590130907270966
0.41300000000000003 0.15614136228607972
0.41400000000000003 0.15638097117275804
0.41500000000000004 0.15662013682540835
0.41600000000000004 0.15685886033274876
0.41700000000000004 0.15709714277957168
0.41800000000000004 0.15733498524676395
0.41900000000000004 0.15757238881132685
0.42000000000000004 0.15780935454639558
0.42100000000000004 0.15804588352125928
0.422 0.15828197680138015
0.423 0.1585176354484133
0.424 0.1587528605202255
0.425 0.1589876530709147
0.426 0.15922201415082882
0.427 0.15945594480658476
0.428 0.15968944608108704
0.429 0.15992251901354643
0.43 0.16015516463949866
0.431 0.16038738399082259
0.432 0.1606191780957585
0.433 0.16085054797892648
0.434 0.16108149466134403
0.435 0.16131201916044438
0.436 0.16154212249009423
0.437 0.16177180566061117
0.438 0.16200106967878158
0.439 0.16222991554787786
0.44 0.16245834426767589
0.441 0.1626863568344723
0.442 0.16291395424110147
0.443 0.16314113747695264
0.444 0.16336790752798683
0.445 0.16359426537675356
0.446 0.16382021200240768
0.447 0.16404574838072591
0.448 0.16427087548412303
0.449 0.1644955942816689
0.45 0.16471990573910414
0.451 0.16494381081885656
0.452 0.16516731048005726
0.453 0.16539040567855645
0.454 0.16561309736693963
0.455 0.16583538649454288
0.456 0.16605727400746903
0.457 0.16627876084860296
0.458 0.16649984796628278
0.459 0.16672053632078287
0.46 0.1669408268484527
0.461 0.16716072048132938
0.462 0.16738021814835327
0.463 0.1675993207753832
0.464 0.16781802928521164
0.465 0.1680363445975802
0.466 0.16825426762919463
0.467 0.16847179929373993
0.468 0.16868894050189523
0.46900000000000003 0.16890569216134868
0.47000000000000003 0.16912205517681234
0.47100000000000003 0.1693380304500368
0.47200000000000003 0.1695536188798258
0.47300000000000003 0.1697688213620507
0.47400000000000003 0.16998363878966496
0.47500000000000003 0.1701980720527186
0.47600000000000003 0.1704121220383723
0.47700000000000004 0.1706257896309116
0.47800000000000004 0.17083907571176113
0.47900000000000004 0.17105198115949846
0.48000000000000004 0.1712645068498683
0.48100000000000004 0.171476653655796
0.48200000000000004 0.17168842244740154
0.48300000000000004 0.17189981409201327
0.48400000000000004 0.17211082945418135
0.485 0.17232146939569146
0.486 0.17253173477557812
0.487 0.17274162645013813
0.488 0.17295114527294383
0.489 0.17316029209485656
0.49 0.17336906776403932
0.491 0.17357747312597047
0.492 0.1737855090234562
0.493 0.17399317629664365
0.494 0.17420047578303377
0.495 0.17440740831749424
0.496 0.17461397473227194
0.497 0.17482017585700574
0.498 0.17502601251873887
0.499 0.1752314855419318
0.5 0.17543659574847417
0.501 0.17564134395769754
0.502 0.17584573098638756
0.503 0.17604975764879596
0.504 0.17625342475665315
0.505 0.17645673311917973
0.506 0.17665968354309913
0.507 0.17686227683264902
0.508 0.17706451378959343
0.509 0.17726639521323465
0.51 0.1774679219004247
0.511 0.17766909464557742
0.512 0.1778699142406795
0.513 0.17807038147530274
0.514 0.1782704971366149
0.515 0.17847026200939176
0.516 0.1786696768760277
0.517 0.17886874251654772
0.518 0.17906745970861845
0.519 0.17926582922755915
0.52 0.17946385184635313
0.521 0.1796615283356584
0.522 0.17985885946381916
0.523 0.18005584599687646
0.524 0.1802524886985791
0.525 0.18044878831272493
0.526 0.18064474554626697
0.527 0.18084036114921462
0.528 0.18103563587228588
0.529 0.18123057046386923
0.53 0.18142516567003272
0.531 0.1816194222345345
0.532 0.1818133408988318
0.533 0.18200692240209074
0.534 0.182200167481196
0.535 0.18239307687075998
0.536 0.18258565130313248
0.537 0.18277789150840984
0.538 0.18296979821444448
0.539 0.18316137214685396
0.54 0.18335261402903028
0.541 0.18354352458214912
0.542 0.18373410452517866
0.543 0.183924354574889
0.544 0.18411427544586093
0.545 0.18430386785049482
0.546 0.18449313249901989
0.547 0.18468207009950252
0.548 0.18487068135785562
0.549 0.1850589669778469
0.55 0.18524692766110798
0.551 0.18543456410714282
0.552 0.18562187701333627
0.553 0.1858088670749629
0.554 0.18599553498519542
0.555 0.18618188143511283
0.556 0.18636790711370943
0.557 0.18655361270790277
0.558 0.18673899890254214
0.559 0.1869240663804169
0.56 0.18710881582226446
0.561 0.1872932479067789
0.562 0.18747736331061884
0.5630000000000001 0.1876611627084157
0.5640000000000001 0.18784464677278154
0.5650000000000001 0.1880278161743174
0.5660000000000001 0.18821067158162094
0.5670000000000001 0.18839321366129497
0.5680000000000001 0.18857544307795446
0.5690000000000001 0.18875736049423522
0.5700000000000001 0.18893896657080136
0.5710000000000001 0.18912026196635287
0.5720000000000001 0.18930124733763382
0.5730000000000001 0.18948192333943964
0.5740000000000001 0.18966229062462503
0.5750000000000001 0.18984234984411147
0.5760000000000001 0.1900221016468946
0.5770000000000001 0.19020154668005218
0.5780000000000001 0.19038068558875135
0.5790000000000001 0.1905595190162558
0.5800000000000001 0.19073804760393373
0.5810000000000001 0.19091627199126482
0.582 0.1910941928158477
0.583 0.1912718107134073
0.584 0.19144912631780184
0.585 0.19162614026103064
0.586 0.19180285317324047
0.587 0.1919792656827334
0.588 0.1921553784159736
0.589 0.19233119199759452
0.59 0.19250670705040573
0.591 0.19268192419540014
0.592 0.19285684406235265
0.593 0.19303146730239654
0.594 0.19320579453585396
0.595 0.1933798263790638
0.596 0.19355356344664165
0.597 0.19372700635148626
0.598 0.19390015570478777
0.599 0.19407301211603428
0.6 0.19424557619301924
0.601 0.1944178485418488
0.602 0.19458982976694872
0.603 0.19476152047107154
0.604 0.19493292125530354
0.605 0.19510403271907223
0.606 0.19527485546015266
0.607 0.1954453900746748
0.608 0.1956156371571304
0.609 0.1957855973003801
0.61 0.19595527109565974
0.611 0.1961246591325878
0.612 0.1962937619991719
0.613 0.19646258028181537
0.614 0.19663111456532473
0.615 0.19679936543291537
0.616 0.19696733346621917
0.617 0.19713501924529045
0.618 0.19730242334861306
0.619 0.19746954635310665
0.62 0.19763638883413343
0.621 0.19780295136550458
0.622 0.1979692345194868
0.623 0.19813523886680867
0.624 0.19830096497666727
0.625 0.19846641341673438
0.626 0.19863158475316312
0.627 0.1987964795505939
0.628 0.19896109837216097
0.629 0.19912544177949895
0.63 0.19928951033274872
0.631 0.1994533045905636
0.632 0.19961682511011605
0.633 0.1997800724471033
0.634 0.19994304715575364
0.635 0.200105749788833
0.636 0.20026818089765022
0.637 0.20043034103206386
0.638 0.20059223074048776
0.639 0.20075385056989742
0.64 0.2009152010658356
0.641 0.20107628277241846
0.642 0.20123709623234162
0.643 0.20139764198688598
0.644 0.20155792057592345
0.645 0.20171793253792292
0.646 0.20187767840995616
0.647 0.2020371587277034
0.648 0.20219637402545948
0.649 0.20235532483613922
0.65 0.20251401169128322
0.651 0.20267243512106387
0.652 0.20283059565429054
0.653 0.20298849381841566
0.654 0.20314613013954008
0.655 0.20330350514241888
0.656 0.20346061935046666
0.657 0.20361747328576335
0.658 0.2037740674690597
0.659 0.20393040240994387
0.66 0.2040864785927087
0.661 0.204242296529119
0.662 0.20439785673213304
0.663 0.20455315971334875
0.664 0.2047082059830082
0.665 0.20486299605000277
0.666 0.2050175304218777
0.667 0.20517180960483725
0.668 0.20532583410374894
0.669 0.20547960442214894
0.67 0.20563312106224624
0.671 0.20578638452492756
0.672 0.20593939530976227
0.673 0.2060921539150068
0.674 0.206244660837609
0.675 0.2063969165732136
0.676 0.20654892161616603
0.677 0.20670067645951729
0.678 0.20685218159502855
0.679 0.20700343751317563
0.68 0.2071544447031535
0.681 0.20730520365288085
0.682 0.20745571484900452
0.683 0.20760597877690398
0.684 0.2077559959206958
0.685 0.2079057667632379
0.686 0.20805529178613416
0.687 0.20820457146973873
0.6880000000000001 0.20835360629316027
0.6890000000000001 0.2085023967342666
0.6900000000000001 0.20865094326968867
0.6910000000000001 0.20879924637482494
0.6920000000000001 0.20894730652384602
0.6930000000000001 0.20909512418969828
0.6940000000000001 0.20924269984410873
0.6950000000000001 0.20939003395758884
0.6960000000000001 0.20953712699943908
0.6970000000000001 0.2096839794377527
0.6980000000000001 0.20983059173942023
0.6990000000000001 0.2099769643701335
0.7000000000000001 0.21012309779438978
0.7010000000000001 0.21026899247549602
0.7020000000000001 0.21041464887557282
0.7030000000000001 0.21056006745555833
0.7040000000000001 0.21070524867521273
0.7050000000000001 0.21085019299312205
0.7060000000000001 0.21099490086670217
0.7070000000000001 0.2111393727522028
0.7080000000000001 0.2112836091047117
0.709 0.2114276103781585
0.71 0.21157137702531847
0.711 0.2117149094978169
0.712 0.2118582082461326
0.713 0.21200127371960217
0.714 0.21214410636642345
0.715 0.21228670663365978
0.716 0.21242907496724397
0.717 0.21257121181198158
0.718 0.21271311761155517
0.719 0.21285479280852806
0.72 0.21299623784434799
0.721 0.21313745315935112
0.722 0.2132784391927656
0.723 0.21341919638271523
0.724 0.21355972516622357
0.725 0.21370002597921714
0.726 0.2138400992605737
0.727 0.21397994545904142
0.728 0.21411956500964727
0.729 0.21425895834508343
0.73 0.21439812589698967
0.731 0.214537068095957
0.732 0.21467578537153167
0.733 0.214814278152219
0.734 0.2149525468654871
0.735 0.21509059193777066
0.736 0.21522841379447502
0.737 0.2153660128599794
0.738 0.21550338955764115
0.739 0.21564054430979915
0.74 0.21577747753777782
0.741 0.21591418966189063
0.742 0.2160506811014439
0.743 0.21618695227474027
0.744 0.21632300359908263
0.745 0.21645883549077768
0.746 0.21659444836513955
0.747 0.21672984263649325
0.748 0.21686501871817876
0.749 0.21699997702255402
0.75 0.21713471796099904
0.751 0.21726924194391908
0.752 0.21740354938074838
0.753 0.21753764067995376
0.754 0.21767151624903808
0.755 0.2178051764945435
0.756 0.2179386218220556
0.757 0.2180718526362061
0.758 0.21820486934067712
0.759 0.21833767233820395
0.76 0.21847026203057876
0.761 0.21860263881865435
0.762 0.21873480310234705
0.763 0.21886675528064048
0.764 0.2189984957515887
0.765 0.21913002491231987
0.766 0.21926134315903958
0.767 0.21939245088703377
0.768 0.21952334849067265
0.769 0.21965403636341377
0.77 0.21978451489780526
0.771 0.2199147844854896
0.772 0.22004484551720604
0.773 0.2201746983827948
0.774 0.2203043434711998
0.775 0.2204337811704721
0.776 0.22056301186777327
0.777 0.22069203594937822
0.778 0.22082085380067873
0.779 0.22094946580618693
0.78 0.22107787234953782
0.781 0.22120607381349305
0.782 0.2213340705799438
0.783 0.22146186302991408
0.784 0.22158945154356377
0.785 0.22171683650019194
0.786 0.22184401827823977
0.787 0.22197099725529382
0.788 0.22209777380808907
0.789 0.22222434831251214
0.79 0.22235072114360427
0.791 0.2224768926755643
0.792 0.22260286328175197
0.793 0.2227286333263686
0.794 0.22285420314773868
0.795 0.22297957311112965
0.796 0.22310474358410592
0.797 0.22322971493335086
0.798 0.22335448752466833
0.799 0.22347906172298568
0.8 0.22360343789235598
0.801 0.22372761639596067
0.802 0.2238515975961119
0.803 0.22397538185425475
0.804 0.22409896953097
0.805 0.22422236098597634
0.806 0.22434555657813277
0.807 0.2244685566654411
0.808 0.22459136160504803
0.809 0.224713971753248
0.81 0.22483638746548504
0.811 0.22495860909635557
0.812 0.22508063699961037
0.8130000000000001 0.22520247152815717
0.8140000000000001 0.22532411303406272
0.8150000000000001 0.22544556186855558
0.8160000000000001 0.2255668183820277
0.8170000000000001 0.2256878829240373
0.8180000000000001 0.225808755843311
0.8190000000000001 0.22592943748774602
0.8200000000000001 0.2260499282044123
0.8210000000000001 0.22617022833955533
0.8220000000000001 0.2262903382385977
0.8230000000000001 0.22641025824614172
0.8240000000000001 0.22652998870597155
0.8250000000000001 0.2266495299610555
0.8260000000000001 0.2267688823535482
0.8270000000000001 0.22688804622479272
0.8280000000000001 0.22700702191532293
0.8290000000000001 0.22712580976486552
0.8300000000000001 0.22724441011234237
0.8310000000000001 0.22736282329587232
0.8320000000000001 0.2274810496527741
0.8330000000000001 0.2275990895195675
0.8340000000000001 0.22771694323197622
0.8350000000000001 0.22783461112492992
0.8360000000000001 0.22795209353256596
0.8370000000000001 0.22806939078823193
0.838 0.2281865032244878
0.839 0.22830343117310742
0.84 0.22842017496508132
0.841 0.22853673493061832
0.842 0.22865311139914804
0.843 0.22876930469932258
0.844 0.22888531515901864
0.845 0.2290011431053397
0.846 0.22911678886461828
0.847 0.2292322527624174
0.848 0.22934753512353298
0.849 0.229462636271996
0.85 0.22957755653107412
0.851 0.22969229622327406
0.852 0.22980685567034329
0.853 0.22992123519327234
0.854 0.2300354351122965
0.855 0.23014945574689788
0.856 0.2302632974158075
0.857 0.23037696043700712
0.858 0.23049044512773123
0.859 0.23060375180446907
0.86 0.23071688079025482
0.861 0.23082983243171012
0.862 0.23094260704873137
0.863 0.2310552049571756
0.864 0.2311676264722187
0.865 0.23127987190835783
0.866 0.23139194157941348
0.867 0.23150383579853226
0.868 0.23161555487818913
0.869 0.2317270991301897
0.87 0.23183846886567275
0.871 0.2319496643951125
0.872 0.23206068602832086
0.873 0.23217153407445013
0.874 0.23228220884199474
0.875 0.23239271063879416
0.876 0.23250303977203512
0.877 0.2326131965482536
0.878 0.23272318127333744
0.879 0.2328329942525285
0.88 0.23294263579042515
0.881 0.2330521061909842
0.882 0.23316140575752364
0.883 0.23327053479272444
0.884 0.23337949359863336
0.885 0.23348828247666456
0.886 0.23359690172760247
0.887 0.23370535165160372
0.888 0.2338136325481993
0.889 0.23392174471629723
0.89 0.23402968845418412
0.891 0.234137464059528
0.892 0.2342450718293803
0.893 0.234352512060178
0.894 0.23445978504774578
0.895 0.23456689108729856
0.896 0.23467383047344334
0.897 0.23478060350018146
0.898 0.23488721046091088
0.899 0.2349936516484283
0.9 0.23509992735493127
0.901 0.23520603787202035
0.902 0.23531198349070143
0.903 0.23541776450138766
0.904 0.2355233811939016
0.905 0.23562883385747774
0.906 0.23573412278076397
0.907 0.23583924825182428
0.908 0.23594421055814044
0.909 0.23604900998661454
0.91 0.2361536468235707
0.911 0.23625812135475752
0.912 0.23636243386534975
0.913 0.23646658463995082
0.914 0.23657057396259457
0.915 0.23667440211674756
0.916 0.236778069385311
0.917 0.23688157605062288
0.918 0.23698492239446003
0.919 0.23708810869803998
0.92 0.23719113524202348
0.921 0.2372940023065159
0.922 0.2373967101710698
0.923 0.23749925911468672
0.924 0.23760164941581915
0.925 0.23770388135237272
0.926 0.23780595520170808
0.927 0.2379078712342762
0.928 0.23800962969642586
0.929 0.23811123085822794
0.93 0.23821267499268442
0.931 0.2383139623722105
0.932 0.2384150932686368
0.933 0.2385160679532102
0.934 0.2386168866965957
0.935 0.2387175497688776
0.936 0.2388180574395613
0.937 0.23891840997757463
0.9380000000000001 0.2390186076512693
0.9390000000000001 0.23911865072842248
0.9400000000000001 0.23921853947623803
0.9410000000000001 0.23931827416134832
0.9420000000000001 0.23941785504981514
0.9430000000000001 0.2395172824071318
0.9440000000000001 0.23961655649822422
0.9450000000000001 0.2397156775874521
0.9460000000000001 0.23981464593861093
0.9470000000000001 0.2399134618149331
0.9480000000000001 0.24001212547908923
0.9490000000000001 0.24011063719318979
0.9500000000000001 0.24020899721878652
0.9510000000000001 0.2403072058168736
0.9520000000000001 0.24040526324788936
0.9530000000000001 0.24050316977171746
0.9540000000000001 0.24060092564768823
0.9550000000000001 0.24069853113458056
0.9560000000000001 0.24079598649062256
0.9570000000000001 0.24089329197349346
0.9580000000000001 0.24099044784032475
0.9590000000000001 0.24108745434770165
0.9600000000000001 0.2411843117516646
0.9610000000000001 0.24128102030771026
0.9620000000000001 0.24137758027079315
0.9630000000000001 0.241473991895327
0.9640000000000001 0.24157025543518607
0.965 0.24166637114370634
0.966 0.24176233927368715
0.967 0.24185816007739214
0.968 0.24195383380655114
0.969 0.24204936071236083
0.97 0.24214474104548664
0.971 0.2422399750560638
0.972 0.24233506299369847
0.973 0.24243000510746968
0.974 0.2425248016459299
0.975 0.2426194528571068
0.976 0.2427139589885044
0.977 0.24280832028710447
0.978 0.24290253699936765
0.979 0.24299660937123482
0.98 0.24309053764812855
0.981 0.24318432207495402
0.982 0.2432779628961005
0.983 0.2433714603554429
0.984 0.24346481469634246
0.985 0.2435580261616484
0.986 0.24365109499369908
0.987 0.24374402143432336
0.988 0.24383680572484165
0.989 0.24392944810606718
0.99 0.24402194881830766
0.991 0.2441143081013658
0.992 0.24420652619454114
0.993 0.24429860333663098
0.994 0.24439053976917577
0.995 0.2444823357465243
0.996 0.24457399150930823
0.997 0.24466550729554248
0.998 0.2447568833427746
0.999 0.24484811988808608
1.0 0.24493921716809378
1.001 0.2450301754189513
1.002 0.24512099487635086
1.003 0.24521167577552438
1.004 0.24530221835124497
1.005 0.24539262283782837
1.006 0.24548288946913469
1.007 0.24557301847856955
1.008 0.2456630100990855
1.009 0.24575286456318382
1.01 0.24584258210291549
1.011 0.24593216294988293
1.012 0.24602160733524123
1.013 0.24611091548969982
1.014 0.24620008764352366
1.015 0.24628912402653472
1.016 0.2463780248681135
1.017 0.24646679039720018
1.018 0.24655542084229634
1.019 0.2466439164314662
1.02 0.24673227739233788
1.021 0.24682050395210525
1.022 0.2469085963375287
1.023 0.246996554774937
1.024 0.24708437949022855
1.025 0.24717207070887257
1.026 0.24725962865591078
1.027 0.24734705355595868
1.028 0.2474343456332068
1.029 0.24752150511142207
1.0299999999999998 0.24760853221394952
1.031 0.24769542716371307
1.0319999999999998 0.24778219018321726
1.033 0.24786882149454878
1.0339999999999998 0.2479553213193773
1.035 0.24804168987895725
1.0359999999999998 0.24812792739412895
1.037 0.24821403408531995
1.0379999999999998 0.24830001017254652
1.039 0.24838585587541495
1.0399999999999998 0.24847157141312265
1.041 0.24855715700445974
1.0419999999999998 0.24864261286781025
1.043 0.24872793922115358
1.0439999999999998 0.24881313628206564
1.045 0.2488982042677201
1.0459999999999998 0.2489831433948901
1.047 0.24906795387994915
1.0479999999999998 0.24915263593887252
1.049 0.24923718978723877
1.0499999999999998 0.24932161564023078
1.051 0.24940591371263712
1.0519999999999998 0.24949008421885352
1.053 0.24957412737288387
1.0539999999999998 0.2496580433883417
1.055 0.24974183247845144
1.0559999999999998 0.24982549485604968
1.057 0.2499090307335864
1.0579999999999998 0.24999244032312637
1.059 0.2500757238363502
1.0599999999999998 0.25015888148455595
1.061 0.2502419134730726
1.0619999999999998 0.2503248199814273
1.063 0.2504076012131342
1.0639999999999998 0.2504902573757001
1.065 0.2505727886762014
1.0659999999999998 0.250655195321286
1.067 0.25073747751717285
1.0679999999999998 0.2508196354696534
1.069 0.25090166938409236
1.0699999999999998 0.25098357946542793
1.071 0.2510653659181731
1.0719999999999998 0.25114702894641594
1.073 0.25122856875382077
1.0739999999999998 0.25130998554362854
1.075 0.25139127951865786
1.0759999999999998 0.2514724508813052
1.077 0.2515534998335462
1.0779999999999998 0.2516344265769362
1.079 0.2517152313126108
1.0799999999999998 0.2517959142412867
1.081 0.2518764755632625
1.0819999999999999 0.2519569154784192
1.083 0.25203723418622115
1.0839999999999999 0.25211743188571645
1.085 0.2521975087755379
1.0859999999999999 0.252277465053904
1.087 0.2523573009186187
1.0879999999999999 0.252437016567073
1.089 0.2525166121962453
1.0899999999999999 0.25259608800270206
1.091 0.2526754441825987
1.0919999999999999 0.25275468093167996
1.093 0.2528337984452809
1.0939999999999999 0.25291279691832735
1.095 0.2529916765453367
1.0959999999999999 0.25307043752041875
1.097 0.2531490800372758
1.0979999999999999 0.2532276042892042
1.099 0.2533060104690941
1.0999999999999999 0.253384298769431
1.101 0.2534624693822957
1.1019999999999999 0.2535405224993652
1.103 0.2536184583119136
1.1039999999999999 0.2536962770108125
1.105 0.2537739787865318
1.1059999999999999 0.25385156382914
1.107 0.25392903232830555
1.1079999999999999 0.25400638447329676
1.109 0.254083620452983
1.1099999999999999 0.25416074045583487
1.111 0.25423774466992544
1.1119999999999999 0.2543146332829302
1.113 0.25439140648212827
1.1139999999999999 0.2544680644544028
1.115 0.2545446073862416
1.1159999999999999 0.25462103546373765
1.117 0.25469734887259016
1.1179999999999999 0.2547735477981048
1.119 0.2548496324251943
1.1199999999999999 0.2549256029383795
1.121 0.25500145952178954
1.1219999999999999 0.25507720235916265
1.123 0.25515283163384667
1.1239999999999999 0.2552283475287999
1.125 0.2553037502265917
1.126 0.2553790399094025
1.127 0.25545421675902535
1.128 0.25552928096246974
1.129 0.25560423273465777
1.13 0.25567907226395087
1.131 0.25575379973308304
1.132 0.25582841532446204
1.133 0.25590291922017067
1.134 0.25597731160196774
1.135 0.25605159265128924
1.136 0.2561257625492495
1.137 0.2561998214766426
1.138 0.256273769613943
1.139 0.25634760714130705
1.14 0.2564213342385739
1.141 0.256494951085267
1.142 0.25656845786059473
1.143 0.25664185474345186
1.144 0.2567151419124208
1.145 0.2567883195457721
1.146 0.2568613878214662
1.147 0.2569343469171546
1.148 0.2570071970101802
1.149 0.2570799382775793
1.15 0.2571525708960823
1.151 0.25722509504211466
1.152 0.2572975108917984
1.153 0.2573698186209531
1.154 0.2574420184050965
1.155 0.2575141104194465
1.156 0.2575860948389214
1.157 0.2576579718381418
1.158 0.2577297415914308
1.1589999999999998 0.2578014042728159
1.16 0.25787296005602967
1.1609999999999998 0.25794440911451094
1.162 0.25801575162140594
1.1629999999999998 0.2580869877495691
1.164 0.25815811767156477
1.1649999999999998 0.25822914155966764
1.166 0.25830005958586405
1.1669999999999998 0.2583708719218532
1.168 0.25844157873904816
1.1689999999999998 0.2585121802085769
1.17 0.2585826765012834
1.1709999999999998 0.25865306778772856
1.172 0.25872335423819154
1.1729999999999998 0.25879353602267074
1.174 0.2588636133108847
1.1749999999999998 0.2589335862722735
1.176 0.2590034550759994
1.1769999999999998 0.2590732198909483
1.178 0.25914288088573034
1.1789999999999998 0.2592124382286816
1.18 0.25928189208786456
1.1809999999999998 0.2593512426310694
1.182 0.2594204900258152
1.1829999999999998 0.2594896344393505
1.184 0.2595586760386551
1.1849999999999998 0.25962761499044035
1.186 0.2596964514611506
1.1869999999999998 0.2597651856169644
1.188 0.25983381762379476
1.1889999999999998 0.2599023476472914
1.19 0.25997077585284073
1.1909999999999998 0.26003910240556743
1.192 0.26010732747033516
1.1929999999999998 0.2601754512117481
1.194 0.26024347379415136
1.1949999999999998 0.2603113953771385
1.196 0.2603792160948234
1.1969999999999998 0.2604469361035716
1.198 0.2605145555645203
1.1989999999999998 0.2605820746385017
1.2 0.26064949348604305
1.2009999999999998 0.26071681226736787
1.202 0.2607840311423956
1.2029999999999998 0.2608511502707433
1.204 0.2609181698117248
1.2049999999999998 0.26098508992435243
1.206 0.261051910767337
1.2069999999999999 0.2611186324990882
1.208 0.26118525527771536
1.2089999999999999 0.261251779261028
1.21 0.2613182046065362
1.2109999999999999 0.26138453147145135
1.212 0.2614507600126862
1.2129999999999999 0.26151689038685605
1.214 0.26158292275027856
1.2149999999999999 0.26164885725897474
1.216 0.26171469406866943
1.2169999999999999 0.26178043333479156
1.218 0.26184607521247477
1.2189999999999999 0.26191161985655814
1.22 0.2619770674215864
1.2209999999999999 0.2620424180618104
1.222 0.262107671931188
1.2229999999999999 0.26217282918338425
1.224 0.2622378899717719
1.2249999999999999 0.2623028544494321
1.226 0.2623677227691546
1.2269999999999999 0.26243249508343847
1.228 0.26249717154449276
1.2289999999999999 0.2625617523042364
1.23 0.26262623751429937
1.2309999999999999 0.2626906273260228
1.232 0.2627549218904594
1.2329999999999999 0.26281912135837443
1.234 0.26288322588024554
1.2349999999999999 0.262947235606264
1.236 0.26301115068633407
1.2369999999999999 0.2630749712700748
1.238 0.2631386975068196
1.2389999999999999 0.26320232954561723
1.24 0.2632658675352318
1.2409999999999999 0.2633293116241436
1.242 0.2633926619605496
1.2429999999999999 0.26345591869236373
1.244 0.26351908196721746
1.2449999999999999 0.26358215193246015
1.246 0.2636451287351599
1.2469999999999999 0.2637080125221033
1.248 0.2637708034397968
1.2489999999999999 0.26383350163446656
1.25 0.263896107252059
1.251 0.26395862043824136
1.252 0.2640210413384025
1.253 0.2640833700976526
1.254 0.264145606860824
1.255 0.26420775177247213
1.256 0.2642698049768753
1.257 0.2643317666180355
1.258 0.26439363683967854
1.259 0.26445541578525505
1.26 0.2645171035979404
1.261 0.2645787004206354
1.262 0.26464020639858016
1.263 0.2647016216930719
1.264 0.2647629464510826
1.265 0.26482418081581516
1.266 0.264885324930233
1.267 0.264946378937061
1.268 0.26500734297878636
1.269 0.26506821719765905
1.27 0.26512900173569276
1.271 0.2651896967346657
1.272 0.2652503023361212
1.273 0.2653108186813685
1.274 0.26537124591148387
1.275 0.26543158416731066
1.276 0.2654918335894605
1.277 0.2655519943183141
1.278 0.26561206649402186
1.279 0.26567205025650453
1.28 0.26573194574545417
1.281 0.2657917531003346
1.282 0.26585147246038243
1.283 0.2659111039646077
1.284 0.26597064775179474
1.285 0.26603010396050236
1.2859999999999998 0.26608947272906536
1.287 0.2661487541955948
1.2879999999999998 0.26620794849797874
1.289 0.2662670557738833
1.2899999999999998 0.2663260761607531
1.291 0.26638500979581187
1.2919999999999998 0.2664438568160634
1.293 0.26650261735829267
1.2939999999999998 0.2665612915590655
1.295 0.2666198795547304
1.2959999999999998 0.2666783814814185
1.297 0.2667367974750448
1.2979999999999998 0.26679512767130875
1.299 0.2668533722056947
1.2999999999999998 0.26691153121347294
1.301 0.2669696048297003
1.3019999999999998 0.2670275931892208
1.303 0.2670854964266666
1.3039999999999998 0.2671433146764584
1.305 0.2672010480728065
1.3059999999999998 0.26725869674971126
1.307 0.26731626084096377
1.3079999999999998 0.26737374048014684
1.309 0.26743113580063543
1.3099999999999998 0.2674884469355976
1.311 0.2675456740179951
1.3119999999999998 0.267602817180584
1.313 0.26765987655591544
1.3139999999999998 0.26771685227633657
1.315 0.2677737444739909
1.3159999999999998 0.2678305532808191
1.317 0.26788727882856006
1.3179999999999998 0.267943921248751
1.319 0.2680004806727287
1.3199999999999998 0.2680569572316298
1.321 0.26811335105639167
1.3219999999999998 0.2681696622777533
1.323 0.2682258910262556
1.3239999999999998 0.2682820374322425
1.325 0.26833810162586114
1.3259999999999998 0.26839408373706336
1.327 0.26844998389560537
1.3279999999999998 0.2685058022310494
1.329 0.26856153886880535
1.3299999999999998 0.268617193906485
1.331 0.26867276746439317
1.3319999999999999 0.26872825966898634
1.333 0.26878367064647424
1.3339999999999999 0.268839000522821
1.335 0.26889424942374457
1.3359999999999999 0.26894941747471734
1.337 0.26900450480096605
1.3379999999999999 0.26905951152747215
1.339 0.26911443777897154
1.3399999999999999 0.26916928367995524
1.341 0.2692240493546694
1.3419999999999999 0.26927873492711535
1.343 0.2693333405210496
1.3439999999999999 0.2693878662599843
1.345 0.2694423122671874
1.3459999999999999 0.26949667866568244
1.347 0.2695509655782492
1.3479999999999999 0.2696051731274235
1.349 0.2696593014354974
1.3499999999999999 0.2697133506245193
1.351 0.2697673208162945
1.3519999999999999 0.26982121213238475
1.353 0.26987502469410873
1.3539999999999999 0.2699287586225423
1.355 0.2699824140385183
1.3559999999999999 0.270035991062627
1.357 0.27008948981521613
1.3579999999999999 0.2701429104163911
1.359 0.2701962529860149
1.3599999999999999 0.27024951764370847
1.361 0.2703027045088509
1.3619999999999999 0.27035581370057943
1.363 0.27040884533778947
1.3639999999999999 0.2704617995391349
1.365 0.27051467642302857
1.3659999999999999 0.2705674761076415
1.367 0.270620198710904
1.3679999999999999 0.2706728443505052
1.369 0.2707254131438935
1.3699999999999999 0.27077790520827644
1.371 0.27083032066062107
1.3719999999999999 0.2708826596176539
1.373 0.2709349221958613
1.3739999999999999 0.2709871085114892
1.375 0.27103921868054387
1.376 0.27109125281879115
1.377 0.2711432110417575
1.378 0.2711950934647294
1.379 0.27124690020275416
1.38 0.27129863137063936
1.381 0.27135028708295345
1.382 0.2714018674540258
1.383 0.2714533725979465
1.384 0.27150480262856713
1.385 0.27155615765950003
1.386 0.27160743780411933
1.387 0.27165864317556043
1.388 0.2717097738867203
1.389 0.27176083005025775
1.39 0.2718118117785933
1.391 0.27186271918390953
1.392 0.27191355237815107
1.393 0.27196431147302463
1.394 0.27201499657999956
1.395 0.27206560781030736
1.396 0.272116145279159
1.397 0.27216660913443824
1.398 0.27221699949753425
1.399 0.27226731648149105
1.4 0.2723175601991813
1.401 0.2723677307633064
1.402 0.2724178282863981
1.403 0.2724678528808186
1.404 0.27251780465876174
1.405 0.27256768373225315
1.406 0.27261749021315146
1.407 0.27266722421314893
1.408 0.2727168858437722
1.409 0.2727664752163827
1.41 0.272815992442178
1.411 0.27286543763219195
1.412 0.27291481089729586
1.4129999999999998 0.2729641123481987
1.414 0.2730133420954483
1.4149999999999998 0.27306250024943196
1.416 0.2731115869203769
1.4169999999999998 0.27316060221835164
1.418 0.2732095462532658
1.4189999999999998 0.2732584191348718
1.42 0.2733072209727646
1.4209999999999998 0.2733559518763833
1.422 0.2734046119550113
1.4229999999999998 0.27345320131777734
1.424 0.27350172007365575
1.4249999999999998 0.2735501683314679
1.426 0.2735985461998824
1.4269999999999998 0.2736468537874158
1.428 0.2736950912024335
1.4289999999999998 0.27374325855315046
1.43 0.2737913559476317
1.4309999999999998 0.27383938349379344
1.432 0.2738873412994033
1.4329999999999998 0.27393522947208127
1.434 0.2739830481193007
1.4349999999999998 0.27403079734838826
1.436 0.2740784772665255
1.4369999999999998 0.274126087980749
1.438 0.27417362959795116
1.4389999999999998 0.2742211022248812
1.44 0.27426850596814556
1.4409999999999998 0.27431584093420874
1.442 0.27436310722939383
1.4429999999999998 0.27441030495988367
1.444 0.27445743423172086
1.4449999999999998 0.27450449515080927
1.446 0.2745514878229139
1.4469999999999998 0.27459841235366234
1.448 0.27464526884854495
1.4489999999999998 0.2746920574129158
1.45 0.27473877815199343
1.4509999999999998 0.2747854311708613
1.452 0.2748320165744685
1.4529999999999998 0.27487853446763105
1.454 0.27492498495503165
1.4549999999999998 0.27497136814122103
1.456 0.2750176841306185
1.4569999999999999 0.27506393302751264
1.458 0.27511011493606186
1.4589999999999999 0.2751562299602953
1.46 0.27520227820411347
1.4609999999999999 0.2752482597712887
1.462 0.27529417476546625
1.4629999999999999 0.27534002328722534
1.464 0.27538580541125474
1.4649999999999999 0.275431521231872
1.466 0.27547717085007056
1.4669999999999999 0.2755227543666697
1.468 0.2755682718823137
1.4689999999999999 0.2756137234974727
1.47 0.27565910931244236
1.4709999999999999 0.27570442942734463
1.472 0.2757496839421275
1.4729999999999999 0.2757948729565654
1.474 0.2758399965702595
1.4749999999999999 0.27588505488263754
1.476 0.27593004799295445
1.4769999999999999 0.2759749760002923
1.478 0.2760198390035606
1.4789999999999999 0.2760646371014964
1.48 0.2761093703926647
1.4809999999999999 0.2761540389754583
1.482 0.27619864294809837
1.4829999999999999 0.2762431824086343
1.484 0.27628765745494427
1.4849999999999999 0.2763320681847351
1.486 0.2763764146955425
1.4869999999999999 0.2764206970847316
1.488 0.27646491544949675
1.4889999999999999 0.2765090698868618
1.49 0.27655316049368056
1.4909999999999999 0.27659718736663635
1.492 0.27664115060224326
1.4929999999999999 0.27668505029684515
1.494 0.27672888654661654
1.4949999999999999 0.27677265944756285
1.496 0.27681636909552026
1.4969999999999999 0.276860015586156
1.498 0.2769035990149686
1.4989999999999999 0.276947119477288
1.5 0.276990577068276
1.501 0.27703397188292606
1.502 0.27707730401606356
1.503 0.2771205735623464
1.504 0.27716378061626445
1.505 0.27720692527214064
1.506 0.2772500076241304
1.507 0.27729302776622206
1.508 0.2773359857922373
1.509 0.2773788817958311
1.51 0.2774217158704916
1.511 0.2774644881095411
1.512 0.27750719860613543
1.513 0.2775498474532647
1.514 0.27759243474375306
1.515 0.27763496057025944
1.516 0.27767742502527665
1.517 0.2777198282011331
1.518 0.2777621701899918
1.519 0.2778044510838506
1.52 0.2778466709745432
1.521 0.27788882995373854
1.522 0.2779309281129413
1.523 0.27797296554349177
1.524 0.2780149423365667
1.525 0.27805685858317875
1.526 0.27809871437417694
1.527 0.2781405098002471
1.528 0.27818224495191163
1.529 0.2782239199195298
1.53 0.278265534794008
1.531 0.27830708967310774
1.532 0.278348584649267
1.533 0.2783900198127778
1.534 0.27843139525378363
1.535 0.27847271106228016
1.536 0.278513967328115
1.537 0.2785551641409887
1.538 0.2785963015904542
1.539 0.27863737976591785
1.54 0.27867839875663947
1.541 0.27871935865173253
1.5419999999999998 0.27876025954016476
1.543 0.278801101510758
1.5439999999999998 0.27884188465218906
1.545 0.2788826090529893
1.5459999999999998 0.2789232748015458
1.547 0.27896388198610084
1.5479999999999998 0.27900443069475295
1.549 0.27904492101545636
1.5499999999999998 0.27908535303602217
1.551 0.2791257268441182
1.5519999999999998 0.27916604252726895
1.553 0.2792063001728568
1.5539999999999998 0.2792464998681215
1.555 0.2792866417001608
1.5559999999999998 0.27932672575593076
1.557 0.2793667521222459
1.5579999999999998 0.2794067208857797
1.559 0.2794466321330647
1.5599999999999998 0.27948648595049286
1.561 0.279526282424316
1.5619999999999998 0.2795660216406458
1.563 0.27960570368545434
1.5639999999999998 0.2796453286445744
1.565 0.27968489660369955
1.5659999999999998 0.2797244076483846
1.567 0.2797638618640457
1.5679999999999998 0.2798032593359612
1.569 0.279842600149271
1.5699999999999998 0.27988188438897776
1.571 0.2799211121399466
1.5719999999999998 0.27996028348690566
1.573 0.27999939851444633
1.5739999999999998 0.2800384573070235
1.575 0.28007745994895583
1.5759999999999998 0.28011640652442626
1.577 0.2801552971174819
1.5779999999999998 0.2801941318120346
1.579 0.28023291069186135
1.5799999999999998 0.28027163384060416
1.581 0.2803103013417708
1.5819999999999999 0.28034891327873473
1.583 0.2803874697347356
1.5839999999999999 0.2804259707928794
1.585 0.28046441653613874
1.5859999999999999 0.2805028070473535
1.587 0.28054114240923056
1.5879999999999999 0.28057942270434433
1.589 0.2806176480151372
1.5899999999999999 0.2806558184239196
1.591 0.2806939340128705
1.5919999999999999 0.28073199486403716
1.593 0.2807700010593362
1.5939999999999999 0.2808079526805533
1.595 0.2808458498093437
1.5959999999999999 0.28088369252723244
1.597 0.28092148091545727
1.5979999999999999 0.28095921505336274
1.599 0.2809968950214052
1.5999999999999999 0.28103452090044523
1.601 0.2810720927712114
1.6019999999999999 0.2811096107143003
1.603 0.28114707481017653
1.6039999999999999 0.2811844851391733
1.605 0.28122184178149257
1.6059999999999999 0.2812591448172051
1.607 0.281296394326251
1.6079999999999999 0.2813335903884398
1.609 0.28137073308345073
1.6099999999999999 0.281407822490833
1.611 0.2814448586900058
1.6119999999999999 0.28148184176025903
1.613 0.28151877178075313
1.6139999999999999 0.2815556488305193
1.615 0.28159247298846013
1.6159999999999999 0.28162924433334957
1.617 0.2816659629438331
1.6179999999999999 0.28170262889842806
1.619 0.281739242275524
1.6199999999999999 0.28177580315338285
1.621 0.28181231161013903
1.6219999999999999 0.28184876772379985
1.623 0.2818851715722458
1.6239999999999999 0.2819215232332304
1.625 0.28195782278438103
1.626 0.2819940703031988
1.627 0.2820302658670587
1.628 0.2820664095532101
1.629 0.2821025014387769
1.63 0.28213854160075774
1.631 0.28217453011602617
1.632 0.28221046706133096
1.633 0.2822463525132965
1.634 0.28228218654842263
1.635 0.2823179692430853
1.636 0.2823537006735365
1.637 0.2823893809159047
1.638 0.2824250100461951
1.639 0.2824605881402895
1.64 0.282496115273947
1.641 0.282531591522804
1.642 0.2825670169623744
1.643 0.28260239166804996
1.644 0.28263771571510066
1.645 0.2826729891786743
1.646 0.28270821213379754
1.647 0.28274338465537574
1.648 0.28277850681819316
1.649 0.28281357869691315
1.65 0.28284860036607873
1.651 0.2828835719001124
1.652 0.28291849337331654
1.653 0.2829533648598739
1.654 0.28298818643384716
1.655 0.2830229581691799
1.656 0.2830576801396965
1.657 0.2830923524191023
1.658 0.2831269750809838
1.659 0.28316154819880923
1.66 0.28319607184592843
1.661 0.28323054609557313
1.662 0.2832649710208574
1.663 0.2832993466947775
1.664 0.2833336731921377
1.665 0.2833679506120071
1.666 0.2834021790363406
1.667 0.2834363585388831
1.668 0.2834704891932326
1.669 0.28350457107284016
1.67 0.2835386042510098
1.6709999999999998 0.2835725888008989
1.672 0.2836065247955183
1.6729999999999998 0.28364041230773207
1.674 0.2836742514102578
1.6749999999999998 0.2837080421756668
1.676 0.2837417846763839
1.6769999999999998 0.2837754789846878
1.678 0.2838091251727111
1.6789999999999998 0.2838427233124402
1.68 0.2838762734757155
1.6809999999999998 0.2839097757342318
1.682 0.2839432301595376
1.6829999999999998 0.28397663682303603
1.684 0.28400999579598446
1.6849999999999998 0.2840433071494949
1.686 0.2840765709545335
1.6869999999999998 0.28410978728192127
1.688 0.2841429562023339
1.6889999999999998 0.28417607778630183
1.69 0.2842091521042103
1.6909999999999998 0.28424217922629963
1.692 0.2842751592226649
1.6929999999999998 0.2843080921632565
1.694 0.2843409781178799
1.6949999999999998 0.284373817156196
1.696 0.28440660934772083
1.6969999999999998 0.28443935476182597
1.698 0.28447205346773846
1.6989999999999998 0.28450470553454105
1.7 0.2845373110311719
1.7009999999999998 0.2845698700264252
1.702 0.28460238258895065
1.7029999999999998 0.28463484878725426
1.704 0.2846672686896976
1.7049999999999998 0.2846996423644987
1.706 0.2847319698797313
1.7069999999999999 0.2847642513033258
1.708 0.2847964867030685
1.7089999999999999 0.2848286761466024
1.71 0.2848608197014268
1.7109999999999999 0.2848929174348975
1.712 0.284924969414227
1.7129999999999999 0.2849569757064845
1.714 0.28498893637859574
1.7149999999999999 0.2850208514973436
1.716 0.2850527211293677
1.7169999999999999 0.28508454534116473
1.718 0.2851163241990882
1.7189999999999999 0.2851480577693492
1.72 0.2851797461180157
1.7209999999999999 0.28521138931101314
1.722 0.2852429874141242
1.7229999999999999 0.285274540492989
1.724 0.28530604861310527
1.7249999999999999 0.2853375118398283
1.726 0.2853689302383712
1.7269999999999999 0.2854003038738043
1.728 0.2854316328110564
1.7289999999999999 0.2854629171149138
1.73 0.2854941568500207
1.7309999999999999 0.2855253520808796
1.732 0.285556502871851
1.7329999999999999 0.28558760928715354
1.734 0.2856186713908641
1.7349999999999999 0.28564968924691797
1.736 0.2856806629191086
1.7369999999999999 0.2857115924710882
1.738 0.2857424779663674
1.7389999999999999 0.2857733194683153
1.74 0.28580411704015996
1.7409999999999999 0.2858348707449879
1.742 0.2858655806457447
1.7429999999999999 0.2858962468052346
1.744 0.28592686928612115
1.7449999999999999 0.2859574481509264
1.746 0.2859879834620319
1.7469999999999999 0.2860184752816784
1.748 0.2860489236719656
1.7489999999999999 0.2860793286948528
1.75 0.2861096904121584
1.751 0.28614000888556046
1.752 0.2861702841765965
1.753 0.28620051634666355
1.754 0.28623070545701834
1.755 0.2862608515687774
1.756 0.2862909547429168
1.757 0.28632101504027285
1.758 0.2863510325215414
1.759 0.2863810072472784
1.76 0.2864109392779
1.761 0.28644082867368237
1.762 0.2864706754947618
1.763 0.28650047980113486
1.764 0.28653024165265856
1.765 0.28655996110905024
1.766 0.2865896382298875
1.767 0.2866192730746087
1.768 0.2866488657025128
1.769 0.28667841617275924
1.77 0.28670792454436816
1.771 0.28673739087622063
1.772 0.28676681522705844
1.773 0.2867961976554843
1.774 0.286825538219962
1.775 0.28685483697881614
1.776 0.28688409399023274
1.777 0.2869133093122586
1.778 0.2869424830028021
1.779 0.2869716151196327
1.78 0.28700070572038117
1.781 0.28702975486253973
1.782 0.2870587626034623
1.783 0.287087729000364
1.784 0.28711665411032183
1.785 0.2871455379902742
1.786 0.2871743806970214
1.787 0.28720318228722547
1.788 0.2872319428174103
1.789 0.28726066234396164
1.79 0.2872893409231274
1.791 0.28731797861101727
1.792 0.28734657546360315
1.793 0.28737513153671895
1.794 0.287403646886061
1.795 0.28743212156718784
1.796 0.28746055569217294
1.797 0.28748894942511233
1.7979999999999998 0.28751730282779475
1.799 0.2875456159594541
1.7999999999999998 0.2875738888792241
1.801 0.287602121646138
1.8019999999999998 0.2876303143191293
1.803 0.287658466957031
1.8039999999999998 0.2876865796185765
1.805 0.28771465236239896
1.8059999999999998 0.28774268524703167
1.807 0.287770678330908
1.8079999999999998 0.2877986316723617
1.809 0.2878265453296266
1.8099999999999998 0.2878544193608367
1.811 0.28788225382402677
1.8119999999999998 0.2879100487771315
1.813 0.2879378042779864
1.8139999999999998 0.2879655203843271
1.815 0.2879931971537902
1.8159999999999998 0.2880208346439126
1.817 0.28804843291213195
1.8179999999999998 0.28807599201578665
1.819 0.2881035120121159
1.8199999999999998 0.28813099295825956
1.821 0.28815843491125837
1.8219999999999998 0.28818583792805413
1.823 0.2882132020654895
1.8239999999999998 0.28824052738030814
1.825 0.2882678139291549
1.8259999999999998 0.28829506176857556
1.827 0.28832227095501706
1.8279999999999998 0.2883494415448279
1.829 0.2883765735942573
1.8299999999999998 0.28840366715945626
1.831 0.2884307222964769
1.8319999999999999 0.2884577390612729
1.833 0.2884847175096994
1.8339999999999999 0.28851165769751275
1.835 0.28853855968037123
1.8359999999999999 0.28856542351383463
1.837 0.28859224925336424
1.8379999999999999 0.2886190369543233
1.839 0.28864578667197666
1.8399999999999999 0.28867249846149096
1.841 0.2886991723779347
1.8419999999999999 0.2887258084762784
1.843 0.28875240681139447
1.8439999999999999 0.2887789674380572
1.845 0.2888054904109431
1.8459999999999999 0.2888319757846306
1.847 0.2888584236136004
1.8479999999999999 0.28888483395223546
1.849 0.28891120685482063
1.8499999999999999 0.28893754237554353
1.851 0.28896384056849367
1.8519999999999999 0.28899010148766313
1.853 0.28901632518694653
1.8539999999999999 0.2890425117201407
1.855 0.28906866114094526
1.8559999999999999 0.28909477350296214
1.857 0.289120848859696
1.8579999999999999 0.28914688726455423
1.859 0.28917288877084657
1.8599999999999999 0.28919885343178603
1.861 0.289224781300488
1.8619999999999999 0.289250672429971
1.863 0.2892765268731561
1.8639999999999999 0.2893023446828676
1.865 0.28932812591183255
1.8659999999999999 0.28935387061268125
1.867 0.2893795788379468
1.8679999999999999 0.2894052506400656
1.869 0.28943088607137724
1.8699999999999999 0.28945648518412426
1.871 0.2894820480304526
1.8719999999999999 0.28950757466241145
1.873 0.2895330651319534
1.8739999999999999 0.2895585194909345
1.875 0.28958393779111385
1.876 0.2896093200841542
1.877 0.28963466642162217
1.878 0.28965997685498723
1.879 0.289685251435623
1.88 0.28971049021480655
1.881 0.28973569324371856
1.882 0.2897608605734436
1.883 0.2897859922549697
1.884 0.28981108833918906
1.885 0.28983614887689746
1.886 0.2898611739187947
1.887 0.2898861635154846
1.888 0.2899111177174746
1.889 0.28993603657517647
1.89 0.2899609201389061
1.891 0.2899857684588833
1.892 0.290010581585232
1.893 0.29003535956798043
1.894 0.2900601024570611
1.895 0.2900848103023105
1.896 0.2901094831534697
1.897 0.29013412106018405
1.898 0.2901587240720033
1.899 0.29018329223838163
1.9 0.2902078256086777
1.901 0.2902323242321546
1.902 0.29025678815798006
1.903 0.29028121743522645
1.904 0.29030561211287065
1.905 0.2903299722397943
1.906 0.29035429786478373
1.907 0.29037858903653013
1.908 0.2904028458036293
1.909 0.290427068214582
1.91 0.2904512563177938
1.911 0.2904754101615752
1.912 0.29049952979414173
1.913 0.2905236152636139
1.914 0.2905476666180173
1.915 0.2905716839052822
1.916 0.29059566717324464
1.917 0.29061961646964524
1.918 0.2906435318421302
1.919 0.2906674133382506
1.92 0.2906912610054631
1.921 0.2907150748911295
1.922 0.29073885504251706
1.923 0.29076260150679833
1.924 0.2907863143310512
1.9249999999999998 0.29080999356225923
1.926 0.2908336392473113
1.9269999999999998 0.29085725143746133
1.928 0.2908808302399292
1.9289999999999998 0.2909043757219168
1.93 0.2909278879318482
1.9309999999999998 0.2909513669180672
1.932 0.29097481272883763
1.9329999999999998 0.29099822541234294
1.934 0.29102160501668695
1.9349999999999998 0.29104495158989335
1.936 0.2910682651799057
1.9369999999999998 0.29109154583458785
1.938 0.2911147936017238
1.9389999999999998 0.29113800852901756
1.94 0.2911611906640933
1.9409999999999998 0.2911843400544955
1.942 0.291207456747689
1.9429999999999998 0.2912305407910588
1.944 0.2912535922319102
1.9449999999999998 0.29127661111746894
1.946 0.29129959749488116
1.9469999999999998 0.2913225514112133
1.948 0.29134547291345253
1.9489999999999998 0.29136836204850625
1.95 0.29139121886320263
1.9509999999999998 0.29141404340429
1.952 0.29143683571843787
1.9529999999999998 0.29145959585223596
1.954 0.29148232385219486
1.9549999999999998 0.2915050197647457
1.956 0.2915276836362405
1.9569999999999999 0.29155031551295196
1.958 0.2915729154410737
1.9589999999999999 0.29159548346672
1.96 0.2916180196359262
1.9609999999999999 0.29164052399464835
1.962 0.29166299658876366
1.9629999999999999 0.29168543746407005
1.964 0.29170784666628674
1.9649999999999999 0.2917302242410536
1.966 0.291752570233932
1.9669999999999999 0.2917748846904041
1.968 0.29179716765587327
1.9689999999999999 0.2918194191756642
1.97 0.29184163929502255
1.9709999999999999 0.2918638280591154
1.972 0.29188598551303097
1.9729999999999999 0.2919081117017787
1.974 0.29193020667028957
1.9749999999999999 0.29195227046341593
1.976 0.2919743031259312
1.9769999999999999 0.2919963047025305
1.978 0.2920182752378304
1.9789999999999999 0.2920402147763689
1.98 0.29206212336260534
1.9809999999999999 0.2920840010409209
1.982 0.2921058478556182
1.9829999999999999 0.29212766385092154
1.984 0.2921494490709767
1.9849999999999999 0.2921712035598512
1.986 0.2921929273615345
1.9869999999999999 0.2922146205199374
1.988 0.2922362830788928
1.9889999999999999 0.2922579150821552
1.99 0.29227951657340095
1.9909999999999999 0.2923010875962284
1.992 0.29232262819415755
1.9929999999999999 0.2923441384106305
1.994 0.29236561828901125
1.9949999999999999 0.2923870678725859
1.996 0.2924084872045622
1.9969999999999999 0.2924298763280704
1.998 0.29245123528616235
