0.005 0.0006129839251547749
0.006 0.0012241265775758013
0.007 0.0018333302414062778
0.008 0.002440606782697671
0.009000000000000001 0.0030459714901010736
0.01 0.0036494362922979812
0.011 0.004251011147517242
0.012 0.00485070591213926
0.013000000000000001 0.005448530342140313
0.014000000000000002 0.006044494094510347
0.015 0.006638606728645193
0.016 0.007230877707713514
0.017 0.007821316399999017
0.018000000000000002 0.008409933945518063
0.019 0.008996744470622662
0.02 0.009581758454110401
0.021 0.010164986116453615
0.022000000000000002 0.010746437581985426
0.023000000000000003 0.01132612288022797
0.024 0.011904051947196912
0.025 0.012480234626683014
0.026000000000000002 0.013054680671511077
0.027 0.013627399744776975
0.028 0.014198401421062651
0.029 0.01476769518763062
0.030000000000000002 0.01533529044559726
0.031000000000000003 0.01590119651108601
0.032 0.016465422616360813
0.033 0.017027977890420272
0.034 0.017588871226789676
0.034999999999999996 0.018148111551102852
0.036 0.018705707744074693
0.037 0.019261668608099865
0.038 0.019816002868273296
0.039 0.020368719173393536
0.04 0.02091982609694946
0.041 0.021469332138090488
0.041999999999999996 0.022017245722580892
0.043 0.022563575203738123
0.044 0.023108328863355947
0.045 0.02365151491261255
0.046 0.0241931414929635
0.047 0.02473321667702057
0.048 0.025271748468143927
0.048999999999999995 0.025808744627691775
0.049999999999999996 0.026344212877157575
0.051 0.026878160986326317
0.052 0.02741059666051841
0.053 0.02794152754138421
0.054 0.028470961207686222
0.055 0.02899890517606866
0.056 0.029525366901815342
0.057 0.030050353779594995
0.057999999999999996 0.03057387314419576
0.059 0.031095932271247906
0.06 0.03161653837793496
0.061 0.03213569862369461
0.062 0.03265342011090834
0.063 0.03316970988558049
0.064 0.03368457493800713
0.065 0.03419802220343467
0.066 0.034710058562708465
0.067 0.03522069084291149
0.068 0.03572992581799379
0.069 0.03623777020939184
0.07 0.03674423068663924
0.07100000000000001 0.03724931386796792
0.07200000000000001 0.0377530263209007
0.07300000000000001 0.03825537456283464
0.07400000000000001 0.03875636506161613
0.07500000000000001 0.03925600423610763
0.07600000000000001 0.03975429845674553
0.07700000000000001 0.04025125404609046
0.078 0.04074687701754167
0.079 0.04124117319149381
0.08 0.04173414870592373
0.081 0.04222580965650768
0.082 0.04271616209386518
0.083 0.043205212024060566
0.084 0.04369296540909727
0.085 0.04417942816740533
0.08600000000000001 0.04466460617432171
0.08700000000000001 0.045148505262564
0.08800000000000001 0.04563113122269735
0.08900000000000001 0.046112489803595044
0.09000000000000001 0.046592586712892146
0.09100000000000001 0.047071427617433347
0.09200000000000001 0.0475490181437142
0.093 0.04802536387831648
0.094 0.04850047036833731
0.095 0.048974343121812605
0.096 0.049446987608134395
0.097 0.04991840925846272
0.098 0.050388613466131604
0.099 0.050857605587049944
0.1 0.05132539094009623
0.101 0.051791974807508794
0.10200000000000001 0.052257362435270134
0.10300000000000001 0.052721559033486305
0.10400000000000001 0.053184569776761156
0.10500000000000001 0.053646399804565766
0.10600000000000001 0.054107054221602634
0.10700000000000001 0.05456653798279879
0.10800000000000001 0.05502485577148029
0.10900000000000001 0.05548201252331693
0.11 0.055938013159089944
0.111 0.056392862565170634
0.112 0.05684656559386294
0.113 0.0572991270637418
0.114 0.05775055175998671
0.115 0.05820084443471146
0.116 0.058650009807289225
0.117 0.059098052564673494
0.11800000000000001 0.059544977361715046
0.11900000000000001 0.05999078882147446
0.12000000000000001 0.06043549153553111
0.12100000000000001 0.06087909006428811
0.12200000000000001 0.0613215889372727
0.12300000000000001 0.06176299265343402
0.12400000000000001 0.0622033056814358
0.125 0.06264253245994646
0.126 0.06308067739792486
0.127 0.06351774487490283
0.128 0.0639537392412638
0.129 0.06438866481851832
0.13 0.06482252589957588
0.131 0.06525532674901366
0.132 0.06568707160334139
0.133 0.06611776467126367
0.134 0.06654741013393843
0.135 0.06697601214523251
0.136 0.06740357483197419
0.137 0.06783010229420236
0.138 0.06825559860541269
0.139 0.06868006781280137
0.14 0.06910351393750482
0.14100000000000001 0.06952594097483766
0.14200000000000002 0.06994735289452693
0.14300000000000002 0.07036775364094393
0.14400000000000002 0.07078714713333338
0.14500000000000002 0.07120553726603927
0.14600000000000002 0.07162292790872876
0.14700000000000002 0.07203932290661276
0.14800000000000002 0.07245472608066438
0.14900000000000002 0.07286914122783456
0.15 0.07328257212429205
0.151 0.07369502256027967
0.152 0.07410649627779618
0.153 0.07451699698382262
0.154 0.07492652836244784
0.155 0.07533509407506876
0.156 0.0757426977605889
0.157 0.07614934303561413
0.158 0.07655503349464672
0.159 0.07695977271027653
0.16 0.07736356423337049
0.161 0.07776641159325949
0.162 0.07816831829792373
0.163 0.07856928783417516
0.164 0.07896932366783861
0.165 0.07936842924393034
0.166 0.07976660798683476
0.167 0.08016386330047931
0.168 0.080560198568507
0.169 0.08095561715444742
0.17 0.0813501224018854
0.171 0.08174371763462833
0.17200000000000001 0.08213640615687103
0.17300000000000001 0.08252819125335925
0.17400000000000002 0.0829190761895511
0.17500000000000002 0.08330906421177674
0.17600000000000002 0.0836981585473963
0.17700000000000002 0.08408636240495641
0.17800000000000002 0.0844736789743442
0.17900000000000002 0.0848601114269404
0.18000000000000002 0.08524566291577057
0.181 0.08563033657565433
0.182 0.08601413552335335
0.183 0.08639706285771771
0.184 0.08677912165983039
0.185 0.08716031499315063
0.186 0.08754064590365507
0.187 0.08792011741997834
0.188 0.08829873255355127
0.189 0.08867649429873807
0.19 0.08905340563297186
0.191 0.08942946951688904
0.192 0.08980468889446175
0.193 0.09017906669312939
0.194 0.09055260585068134
0.195 0.09092530929541275
0.196 0.09129717990987361
0.197 0.09166822056062898
0.198 0.09203843409842526
0.199 0.09240782335831306
0.2 0.09277639115976902
0.201 0.09314414030681643
0.202 0.09351107358814423
0.203 0.09387719377722525
0.20400000000000001 0.09424250363243286
0.20500000000000002 0.09460700589715647
0.20600000000000002 0.09497070329991622
0.20700000000000002 0.09533359855447586
0.20800000000000002 0.09569569435995516
0.20900000000000002 0.09605699340094045
0.21000000000000002 0.09641749834759487
0.21100000000000002 0.0967772118557667
0.21200000000000002 0.097136136567097
0.21300000000000002 0.09749427510912627
0.214 0.09785163009539971
0.215 0.0982082041255716
0.216 0.09856399978550878
0.217 0.0989190196473927
0.218 0.09927326626982076
0.219 0.09962674219790653
0.22 0.0999794499633792
0.221 0.10033139208468156
0.222 0.10068257106706745
0.223 0.10103298940269798
0.224 0.10138264957073706
0.225 0.10173155403744584
0.226 0.10207970525627594
0.227 0.10242710566796241
0.228 0.10277375770061524
0.229 0.10311966376981015
0.23 0.10346482627867855
0.231 0.1038092476179966
0.232 0.10415293016627336
0.233 0.10449587628983806
0.234 0.10483808834292668
0.23500000000000001 0.10517956866776759
0.23600000000000002 0.10552031959466629
0.23700000000000002 0.10586034345319807
0.23800000000000002 0.10619964259910052
0.23900000000000002 0.10653821933693465
0.24000000000000002 0.10687607595454252
0.24100000000000002 0.10721321472834365
0.24200000000000002 0.10754963792341472
0.24300000000000002 0.10788534779356874
0.24400000000000002 0.10822034658143338
0.245 0.10855463651852848
0.246 0.10888821982534312
0.247 0.10922109871141156
0.248 0.10955327537538893
0.249 0.10988475200512555
0.25 0.1102155307777415
0.251 0.11054561385969955
0.252 0.11087500340687809
0.253 0.11120370156464288
0.254 0.11153171046791864
0.255 0.11185903224125962
0.256 0.11218566899891952
0.257 0.11251162284492092
0.258 0.11283689587312423
0.259 0.11316149016729547
0.26 0.11348540780117396
0.261 0.11380865083853924
0.262 0.11413122133327716
0.263 0.11445312132944566
0.264 0.11477435286133982
0.265 0.11509491795355634
0.266 0.11541481862105757
0.267 0.11573405686923446
0.268 0.1160526346939699
0.269 0.1163705540817002
0.27 0.11668781700947752
0.271 0.11700442544503019
0.272 0.11732038134682375
0.273 0.11763568666412101
0.274 0.11795034333704099
0.275 0.11826435329661839
0.276 0.11857771846486176
0.277 0.11889044075481157
0.278 0.11920252207059732
0.279 0.11951396430749481
0.28 0.11982476935317193
0.281 0.12013493911924811
0.28200000000000003 0.12044447549276842
0.28300000000000003 0.12075338033756773
0.28400000000000003 0.12106165550897384
0.28500000000000003 0.12136930285386122
0.28600000000000003 0.12167632421070454
0.28700000000000003 0.12198272140963141
0.28800000000000003 0.12228849627247476
0.28900000000000003 0.122593650612825
0.29000000000000004 0.1228981862360812
0.29100000000000004 0.12320210493950255
0.29200000000000004 0.1235054085122587
0.29300000000000004 0.12380809873548008
0.294 0.12411017738230777
0.295 0.12441164621794261
0.296 0.12471250699969434
0.297 0.12501276147703005
0.298 0.1253124113916223
0.299 0.1256114584773968
0.3 0.12590990446057965
0.301 0.12620775105974427
0.302 0.12650499998585807
0.303 0.12680165294232829
0.304 0.12709771162504782
0.305 0.1273931777224407
0.306 0.1276880529155069
0.307 0.12798233887786686
0.308 0.12827603727580597
0.309 0.12856914976831818
0.31 0.12886167800714962
0.311 0.12915362363684157
0.312 0.12944498829477347
0.313 0.12973577361120517
0.314 0.130025981209319
0.315 0.13031561270526157
0.316 0.13060466970818507
0.317 0.13089315382028843
0.318 0.13118106663685797
0.319 0.13146840974630766
0.32 0.13175518473021933
0.321 0.13204139316338237
0.322 0.13232703661383305
0.323 0.13261211664289368
0.324 0.13289663481886396
0.325 0.13318059271534288
0.326 0.13346399187738048
0.327 0.13374683384315994
0.328 0.13402912014445692
0.329 0.13431085230667847
0.33 0.13459203184890112
0.331 0.13487266028390932
0.332 0.13515273911823353
0.333 0.135432269852187
0.334 0.13571125397990413
0.335 0.13598969298937644
0.336 0.1362675883624899
0.337 0.13654494157506128
0.338 0.136821754096874
0.339 0.13709802739171445
0.34 0.13737376291740724
0.341 0.13764896212585062
0.342 0.1379236264630516
0.343 0.13819775736916076
0.34400000000000003 0.13847135627850674
0.34500000000000003 0.13874442461963044
0.34600000000000003 0.1390169638153192
0.34700000000000003 0.13928897528264036
0.34800000000000003 0.1395604604329751
0.34900000000000003 0.1398314206720513
0.35000000000000003 0.14010185739997666
0.35100000000000003 0.14037177201127182
0.35200000000000004 0.1406411658949024
0.35300000000000004 0.14091004043431143
0.35400000000000004 0.14117839700745158
0.35500000000000004 0.14144623698681671
0.35600000000000004 0.14171356173947358
0.357 0.14198037262709315
0.358 0.14224667100598168
0.359 0.1425124582271116
0.36 0.14277773563615215
0.361 0.14304250457349998
0.362 0.14330676637430895
0.363 0.14357052236852064
0.364 0.14383377388089366
0.365 0.14409652223103345
0.366 0.14435876873342157
0.367 0.14462051469744477
0.368 0.1448817614274241
0.369 0.1451425102226432
0.37 0.1454027623773774
0.371 0.1456625191809215
0.372 0.145921781917618
0.373 0.14618055186688525
0.374 0.14643883030324484
0.375 0.14669661849634913
0.376 0.14695391771100882
0.377 0.14721072920721978
0.378 0.14746705424019005
0.379 0.14772289406036654
0.38 0.1479782499134618
0.381 0.14823312304048006
0.382 0.1484875146777435
0.383 0.1487414260569184
0.384 0.14899485840504068
0.385 0.14924781294454179
0.386 0.14950029089327393
0.387 0.1497522934645355
0.388 0.15000382186709607
0.389 0.15025487730522136
0.39 0.15050546097869796
0.391 0.1507555740735693
0.392 0.15100521776259773
0.393 0.15125439323026663
0.394 0.15150310165701122
0.395 0.151751344218864
0.396 0.15199912208747798
0.397 0.15224643643015023
0.398 0.15249328840984425
0.399 0.15273967918521328
0.4 0.15298560991062266
0.401 0.15323108173617242
0.402 0.15347609580771956
0.403 0.15372065326690024
0.404 0.15396475525115186
0.405 0.15420840289373489
0.406 0.15445159732375463
0.40700000000000003 0.1546943396661829
0.40800000000000003 0.1549366310418791
0.40900000000000003 0.15517847256761202
0.41000000000000003 0.15541986535608063
0.41100000000000003 0.15566081051593508
0.41200000000000003 0.15590130915179787
0.41300000000000003 0.15614136236428428
0.41400000000000003 0.15638097125002304
0.41500000000000004 0.15662013690167678
0.41600000000000004 0.15685886040796237
0.41700000000000004 0.15709714285367107
0.41800000000000004 0.15733498531968854
0.41900000000000004 0.15757238888301478
0.42000000000000004 0.15780935461678403
0.42100000000000004 0.15804588359028401
0.422 0.15828197686897605
0.423 0.15851763551451376
0.424 0.15875286058476296
0.425 0.1589876531338203
0.426 0.15922201421203264
0.427 0.15945594486601564
0.428 0.15968944613867267
0.429 0.15992251906921345
0.43 0.16015516469317237
0.431 0.16038738404242728
0.432 0.16061917814521723
0.433 0.16085054802616117
0.434 0.1610814947062755
0.435 0.16131201920299235
0.436 0.16154212253017716
0.437 0.16177180569814642
0.438 0.16200106971368544
0.439 0.16222991558006547
0.44 0.16245834429706132
0.441 0.1626863568609684
0.442 0.16291395426462008
0.443 0.16314113749740444
0.444 0.16336790754528144
0.445 0.16359426539079952
0.446 0.16382021201311245
0.447 0.1640457483879957
0.448 0.1642708754878633
0.449 0.1644955942817838
0.45 0.16471990573549683
0.451 0.1649438108114292
0.452 0.16516731046871086
0.453 0.16539040566319113
0.454 0.1656130973474543
0.455 0.16583538647083557
0.456 0.16605727397943673
0.457 0.16627876081614162
0.458 0.16649984793146122
0.459 0.1667205362842743
0.46 0.16694082681029895
0.461 0.16716072044157473
0.462 0.16738021810704456
0.463 0.1675993207325696
0.464 0.16781802924094508
0.465 0.16803634455191502
0.466 0.16825426758218798
0.467 0.16847179924545141
0.468 0.16868894045238733
0.46900000000000003 0.1689056921106865
0.47000000000000003 0.16912205512506387
0.47100000000000003 0.16933803039727277
0.47200000000000003 0.16955361882611986
0.47300000000000003 0.1697688213074793
0.47400000000000003 0.16998363873430763
0.47500000000000003 0.1701980719966577
0.47600000000000003 0.17041212198169334
0.47700000000000004 0.17062578957370308
0.47800000000000004 0.17083907565411466
0.47900000000000004 0.17105198110150885
0.48000000000000004 0.17126450679163335
0.48100000000000004 0.17147665359741693
0.48200000000000004 0.17168842238898274
0.48300000000000004 0.17189981403366245
0.48400000000000004 0.17211082939600947
0.485 0.17232146933781298
0.486 0.17253173471811087
0.487 0.1727416263932034
0.488 0.17295114521666652
0.489 0.17316029203936487
0.49 0.1733690677094653
0.491 0.1735774730724496
0.492 0.17378550897112768
0.493 0.1739931762456504
0.494 0.1742004757335225
0.495 0.17440740826961543
0.496 0.1746139746861799
0.497 0.1748201758128586
0.498 0.17502601247669874
0.499 0.1752314855021648
0.5 0.17543659571115028
0.501 0.17564134392299094
0.502 0.1758457309544764
0.503 0.1760497576198626
0.504 0.17625342473088398
0.505 0.17645673309676557
0.506 0.1766596835242349
0.507 0.176862276817534
0.508 0.17706451377843124
0.509 0.1772663952062333
0.51 0.17746792189779664
0.511 0.17766909464753947
0.512 0.17786991424745324
0.513 0.17807038148711404
0.514 0.1782704971536945
0.515 0.17847026203197486
0.516 0.17866967690435417
0.517 0.1788687425508624
0.518 0.17906745974917077
0.519 0.1792658292746034
0.52 0.17946385190014846
0.521 0.179661528396469
0.522 0.17985885953191402
0.523 0.18005584607252967
0.524 0.1802524887820698
0.525 0.1804487883995244
0.526 0.18064474563476937
0.527 0.18084036123937997
0.528 0.18103563596407185
0.529 0.18123057055723119
0.53 0.18142516576492407
0.531 0.18161942233090617
0.532 0.18181334099663246
0.533 0.18200692250126688
0.534 0.1822001675816918
0.535 0.18239307697251722
0.536 0.18258565140609062
0.537 0.18277789161250607
0.538 0.1829697983196136
0.539 0.18316137225302845
0.54 0.1833526141361403
0.541 0.18354352469012225
0.542 0.18373410463394024
0.543 0.18392435468436188
0.544 0.18411427555596557
0.545 0.18430386796114925
0.546 0.1844931326101397
0.547 0.1846820702110009
0.548 0.18487068146964314
0.549 0.18505896708983183
0.55 0.18524692777319599
0.551 0.185434564219237
0.552 0.18562187712533745
0.553 0.18580886718676926
0.554 0.1859955350967026
0.555 0.18618188154621398
0.556 0.18636790722429522
0.557 0.18655361281786123
0.558 0.1867389990117588
0.559 0.18692406648877455
0.56 0.18710881592964365
0.561 0.18729324801305733
0.562 0.1874773634156717
0.5630000000000001 0.18766116281211562
0.5640000000000001 0.18784464687499852
0.5650000000000001 0.18802781627491885
0.5660000000000001 0.18821067168047176
0.5670000000000001 0.18839321375825724
0.5680000000000001 0.1885754431728879
0.5690000000000001 0.18875736058699674
0.5700000000000001 0.1889389666612451
0.5710000000000001 0.18912026205433072
0.5720000000000001 0.18930124742299473
0.5730000000000001 0.18948192342203002
0.5740000000000001 0.18966229070428858
0.5750000000000001 0.18984234992068932
0.5760000000000001 0.19002210172022524
0.5770000000000001 0.19020154674997133
0.5780000000000001 0.19038068565509209
0.5790000000000001 0.19055951907884863
0.5800000000000001 0.1907380476626064
0.5810000000000001 0.19091627204584244
0.582 0.19109419286615276
0.583 0.1912718107592595
0.584 0.19144912635901828
0.585 0.19162614029742575
0.586 0.19180285320462595
0.587 0.1919792657089183
0.588 0.19215537843676436
0.589 0.19233119201279472
0.59 0.19250670705981643
0.591 0.19268192419881966
0.592 0.19285684406270123
0.593 0.19303146730081133
0.594 0.1932057945323426
0.595 0.19337982637363604
0.596 0.1935535634393091
0.597 0.19372700634226284
0.598 0.19390015569368915
0.599 0.19407301210307845
0.6 0.19424557617822638
0.601 0.1944178485252412
0.602 0.1945898297485509
0.603 0.19476152045091022
0.604 0.194932921233408
0.605 0.19510403269547374
0.606 0.19527485543488496
0.607 0.19544539004777414
0.608 0.1956156371286355
0.609 0.1957855972703319
0.61 0.19595527106410188
0.611 0.1961246590995664
0.612 0.19629376196473558
0.613 0.19646258024601568
0.614 0.1966311145282154
0.615 0.19679936539455323
0.616 0.19696733342666342
0.617 0.1971350192046033
0.618 0.19730242330685943
0.619 0.19746954631035427
0.62 0.19763638879045295
0.621 0.19780295132096942
0.622 0.19796923447417344
0.623 0.1981352388207965
0.624 0.19830096493003868
0.625 0.19846641336957488
0.626 0.19863158470556116
0.627 0.19879647950264112
0.628 0.19896109832395228
0.629 0.19912544173113236
0.63 0.19928951028432537
0.631 0.19945330454218807
0.632 0.19961682506189604
0.633 0.1997800723991499
0.634 0.19994304710818148
0.635 0.20010574974175985
0.636 0.20026818085119752
0.637 0.20043034098635637
0.638 0.20059223069565382
0.639 0.20075385052606895
0.64 0.20091520102314808
0.641 0.20107628273101108
0.642 0.2012370961923573
0.643 0.2013976419484711
0.644 0.2015579205392283
0.645 0.20171793250310158
0.646 0.20187767837716644
0.647 0.20203715869710714
0.648 0.20219637399722226
0.649 0.20235532481043061
0.65 0.20251401166827676
0.651 0.20267243510093702
0.652 0.20283059563722497
0.653 0.20298849380459705
0.654 0.20314613012915828
0.655 0.20330350513566783
0.656 0.20346061934754447
0.657 0.20361747328687252
0.658 0.2037740674744069
0.659 0.20393040241659446
0.66 0.2040864785993933
0.661 0.20424229653582537
0.662 0.2043978567388484
0.663 0.20455315972005916
0.664 0.2047082059896994
0.665 0.20486299605665942
0.666 0.20501753042848386
0.667 0.20517180961137615
0.668 0.2053258341102032
0.669 0.20547960442850008
0.67 0.20563312106847523
0.671 0.20578638453101453
0.672 0.20593939531568664
0.673 0.20609215392074695
0.674 0.20624466084314297
0.675 0.20639691657851822
0.676 0.20654892162121752
0.677 0.20670067646429113
0.678 0.20685218159949934
0.679 0.20700343751731712
0.68 0.20715444470693878
0.681 0.20730520365628213
0.682 0.20745571485199327
0.683 0.20760597877945083
0.684 0.20775599592277047
0.685 0.20790576676480954
0.686 0.20805529178717097
0.687 0.20820457147020816
0.6880000000000001 0.20835360629302901
0.6890000000000001 0.20850239673350043
0.6900000000000001 0.20865094326825262
0.6910000000000001 0.2087992463726833
0.6920000000000001 0.20894730652096224
0.6930000000000001 0.20909512418603496
0.6940000000000001 0.20924269983962782
0.6950000000000001 0.20939003395225142
0.6960000000000001 0.2095371269932054
0.6970000000000001 0.20968397943058223
0.6980000000000001 0.20983059173127172
0.6990000000000001 0.20997696436096483
0.7000000000000001 0.21012309778415816
0.7010000000000001 0.21026899246415773
0.7020000000000001 0.21041464886308342
0.7030000000000001 0.2105600674418727
0.7040000000000001 0.2107052486602848
0.7050000000000001 0.21085019297690516
0.7060000000000001 0.21099490084914876
0.7070000000000001 0.21113937273326472
0.7080000000000001 0.21128360908433996
0.709 0.21142761035630311
0.71 0.2115713770019291
0.711 0.2117149094728422
0.712 0.21185820821952064
0.713 0.21200127369130004
0.714 0.21214410633637773
0.715 0.2122867066018163
0.716 0.21242907493354773
0.717 0.21257121177637692
0.718 0.21271311757398564
0.719 0.21285479276893657
0.72 0.21299623780267687
0.721 0.21313745311554178
0.722 0.21327843914675879
0.723 0.21341919633445117
0.724 0.21355972511564159
0.725 0.21370002592625617
0.726 0.213840099206571
0.727 0.21397994540465168
0.728 0.21411956495491036
0.729 0.21425895829004063
0.73 0.21439812584168386
0.731 0.21453706804043274
0.732 0.21467578531583512
0.733 0.21481427809639786
0.734 0.21495254680959083
0.735 0.2150905918818505
0.736 0.21522841373858373
0.737 0.2153660128041716
0.738 0.21550338950197323
0.739 0.21564054425432935
0.74 0.215777477482566
0.741 0.21591418960699862
0.742 0.21605068104693528
0.743 0.2161869522206806
0.744 0.21632300354553943
0.745 0.2164588354378202
0.746 0.21659444831283908
0.747 0.21672984258492325
0.748 0.21686501866741434
0.749 0.21699997697267254
0.75 0.2171347179120798
0.751 0.21726924189604357
0.752 0.2174035493340001
0.753 0.21753764063441833
0.754 0.2176715162048032
0.755 0.21780517645169925
0.756 0.21793862178069404
0.757 0.21807185259642162
0.758 0.21820486930256625
0.759 0.21833767230186552
0.76 0.21847026199611397
0.761 0.21860263878616665
0.762 0.21873480307194226
0.763 0.2188667552524267
0.764 0.21899849572567656
0.765 0.21913002488882224
0.766 0.21926134313807194
0.767 0.2193924508687139
0.768 0.21952334847512095
0.769 0.21965403635075312
0.77 0.2197845148881612
0.771 0.21991478447898993
0.772 0.22004484551398143
0.773 0.22017469838297843
0.774 0.2203043434749275
0.775 0.22043378117788243
0.776 0.2205630118790073
0.777 0.22069203596457995
0.778 0.22082085381999492
0.779 0.22094946582976693
0.78 0.22107787237753382
0.781 0.22120607384606022
0.782 0.22133407061723998
0.783 0.2214618630721001
0.784 0.2215894515908034
0.785 0.22171683655265176
0.786 0.22184401833608933
0.787 0.2219709973187057
0.788 0.22209777387723895
0.789 0.22222434838757865
0.79 0.22235072122476898
0.791 0.22247689276301216
0.792 0.22260286337567076
0.793 0.22272863342382918
0.794 0.22285420324718966
0.795 0.22297957321252418
0.796 0.22310474368739525
0.797 0.2232297150384838
0.798 0.22335448763159138
0.799 0.22347906183164318
0.8 0.22360343800268995
0.801 0.22372761650791087
0.802 0.22385159770961552
0.803 0.22397538196924677
0.804 0.22409896964738318
0.805 0.2242223611037408
0.806 0.2243455566971764
0.807 0.22446855678568922
0.808 0.22459136172642372
0.809 0.22471397187567174
0.81 0.224836387588875
0.811 0.22495860922062721
0.812 0.22508063712467682
0.8130000000000001 0.22520247165392912
0.8140000000000001 0.22532411316044823
0.8150000000000001 0.22544556199546006
0.8160000000000001 0.22556681850935417
0.8170000000000001 0.22568788305168627
0.8180000000000001 0.22580875597118027
0.8190000000000001 0.22592943761573078
0.8200000000000001 0.22604992833240542
0.8210000000000001 0.2261702284674466
0.8220000000000001 0.22629033836627463
0.8230000000000001 0.22641025837348894
0.8240000000000001 0.22652998883287126
0.8250000000000001 0.2266495300873871
0.8260000000000001 0.22676888247918847
0.8270000000000001 0.22688804634961568
0.8280000000000001 0.22700702203919998
0.8290000000000001 0.22712580988766531
0.8300000000000001 0.2272444102339307
0.8310000000000001 0.22736282341611252
0.8320000000000001 0.22748104977152642
0.8330000000000001 0.22759908963668954
0.8340000000000001 0.2277169433473231
0.8350000000000001 0.22783461123835352
0.8360000000000001 0.22795209364391564
0.8370000000000001 0.22806939089735428
0.838 0.2281865033312263
0.839 0.22830343127730302
0.84 0.228420175066572
0.841 0.22853673502923932
0.842 0.22865311149473164
0.843 0.22876930479169819
0.844 0.22888531524801287
0.845 0.22900114319077627
0.846 0.22911678894631796
0.847 0.22923225284019794
0.848 0.22934753519720955
0.849 0.22946263634138062
0.85 0.22957755659597592
0.851 0.22969229628349927
0.852 0.22980685572569523
0.853 0.2299212352435513
0.854 0.2300354351572998
0.855 0.23014945578641996
0.856 0.23026329744963986
0.857 0.23037696046493814
0.858 0.23049044514954642
0.859 0.23060375181995085
0.86 0.23071688080214167
0.861 0.23082983244157199
0.862 0.2309426070565761
0.863 0.2310552049630131
0.864 0.23116762647606098
0.865 0.231279871910219
0.866 0.23139194157930992
0.867 0.23150383579648257
0.868 0.23161555487421415
0.869 0.2317270991243126
0.87 0.23183846885791903
0.871 0.23194966438550985
0.872 0.23206068601689964
0.873 0.23217153406124283
0.874 0.2322822088270365
0.875 0.23239271062212263
0.876 0.23250303975369033
0.877 0.23261319652827822
0.878 0.23272318125177666
0.879 0.23283299422943027
0.88 0.23294263576583982
0.881 0.23305210616496508
0.882 0.2331614057301266
0.883 0.23327053476400816
0.884 0.23337949356865914
0.885 0.23348828244549683
0.886 0.23359690169530822
0.887 0.23370535161825298
0.888 0.23381363251386497
0.889 0.23392174468105512
0.89 0.23402968841811309
0.891 0.23413746402270988
0.892 0.2342450717918999
0.893 0.2343525120221233
0.894 0.2344597850092079
0.895 0.23456689104837172
0.896 0.23467383043422488
0.897 0.234780603460772
0.898 0.23488721042141428
0.899 0.23499365160895166
0.9 0.23509992731558496
0.901 0.23520603783291824
0.902 0.2353119834519607
0.903 0.23541776446312881
0.904 0.23552338115624868
0.905 0.2356288338205582
0.906 0.23573412274470876
0.907 0.23583924821676788
0.908 0.2359442105242211
0.909 0.23604900995397388
0.91 0.23615364679235412
0.911 0.23625812132511392
0.912 0.23636243383743197
0.913 0.23646658461391518
0.914 0.2365705739386014
0.915 0.2366744020949609
0.916 0.2367780693658987
0.917 0.23688157603375676
0.918 0.2369849223803156
0.919 0.237088108686797
0.92 0.23719113523386534
0.921 0.2372940023016303
0.922 0.23739671016964836
0.923 0.23749925911692502
0.924 0.23760164942191705
0.925 0.23770388136253415
0.926 0.23780595521614112
0.927 0.23790787125039126
0.928 0.2380096297125957
0.929 0.23811123087444083
0.93 0.23821267500892748
0.931 0.23831396238847039
0.932 0.23841509328489896
0.933 0.23851606796945915
0.934 0.23861688671281514
0.935 0.23871754978505033
0.936 0.23881805745566917
0.937 0.2389184099935985
0.9380000000000001 0.23901860766718927
0.9390000000000001 0.23911865074421745
0.9400000000000001 0.2392185394918861
0.9410000000000001 0.23931827417682644
0.9420000000000001 0.23941785506509952
0.9430000000000001 0.23951728242219758
0.9440000000000001 0.23961655651304548
0.9450000000000001 0.239715677602002
0.9460000000000001 0.23981464595286164
0.9470000000000001 0.23991346182885565
0.9480000000000001 0.24001212549265385
0.9490000000000001 0.24011063720636552
0.9500000000000001 0.24020899723154138
0.9510000000000001 0.24030720582917475
0.9520000000000001 0.24040526325970268
0.9530000000000001 0.24050316978300787
0.9540000000000001 0.2406009256584199
0.9550000000000001 0.2406985311447161
0.9560000000000001 0.24079598650012382
0.9570000000000001 0.24089329198232112
0.9580000000000001 0.24099044784843848
0.9590000000000001 0.24108745435506007
0.9600000000000001 0.24118431175822513
0.9610000000000001 0.24128102031342935
0.9620000000000001 0.24137758027562606
0.9630000000000001 0.24147399189922805
0.9640000000000001 0.2415702554381083
0.965 0.2416663711456018
0.966 0.24176233927450677
0.967 0.24185816007708577
0.968 0.24195383380506733
0.969 0.24204936070964725
0.97 0.24214474104148972
0.971 0.24223997505072886
0.972 0.24233506298696975
0.973 0.24243000509929016
0.974 0.24252480163624163
0.975 0.2426194528458505
0.976 0.24271395897561973
0.977 0.24280832027252996
0.978 0.2429025369830406
0.979 0.24299660935309159
0.98 0.24309053762810404
0.981 0.24318432205298224
0.982 0.2432779628721143
0.983 0.24337146032937376
0.984 0.2434648146681209
0.985 0.2435580261312037
0.986 0.2436510949609594
0.987 0.2437440213992156
0.988 0.2438368056872917
0.989 0.24392944806599975
0.99 0.2440219487756461
0.991 0.2441143080560325
0.992 0.2442065261464572
0.993 0.24429860328571645
0.994 0.24439053971689706
0.995 0.2444823356938993
0.996 0.24457399145638326
0.997 0.24466550724236552
0.998 0.24475688328939532
0.999 0.24484811983455582
1.0 0.24493921711446545
1.001 0.24503017536527974
1.002 0.24512099482269253
1.003 0.24521167572193753
1.004 0.24530221829778953
1.005 0.24539262278456622
1.006 0.24548288941612947
1.007 0.24557301842588672
1.008 0.24566301004679247
1.009 0.24575286451134978
1.01 0.24584258205161147
1.011 0.2459321628991821
1.012 0.24602160728521855
1.013 0.2461109154404323
1.014 0.24620008759509018
1.015 0.24628912397901628
1.016 0.24637802482159302
1.017 0.2464667903517628
1.018 0.24655542079802908
1.019 0.24664391638845826
1.02 0.24673227735068065
1.021 0.24682050391189211
1.022 0.2469085962988552
1.023 0.2469965547379009
1.024 0.2470843794549298
1.025 0.24717207067541333
1.026 0.24725962862439552
1.027 0.24734705352649403
1.028 0.24743434560590166
1.029 0.24752150508638776
1.0299999999999998 0.24760853219129947
1.031 0.24769542714356327
1.0319999999999998 0.247782190165686
1.033 0.2478688214797567
1.0339999999999998 0.2479553213074474
1.035 0.248041689870015
1.0359999999999998 0.24812792738830225
1.037 0.24821403408273918
1.0379999999999998 0.2483000101733447
1.039 0.24838585587972725
1.0399999999999998 0.24847157142108714
1.041 0.24855715701621686
1.0419999999999998 0.248642612883503
1.043 0.24872793924092762
1.0439999999999998 0.2488131363060692
1.045 0.24889820429610415
1.0459999999999998 0.24898314342780808
1.047 0.24906795391755737
1.0479999999999998 0.24915263598132995
1.049 0.249237189834707
1.0499999999999998 0.24932161569287423
1.051 0.24940591377062293
1.0519999999999998 0.2494900842823517
1.053 0.24957412744206722
1.0539999999999998 0.24965804346338577
1.055 0.24974183255953464
1.0559999999999998 0.24982549494335343
1.057 0.24990903082729482
1.0579999999999998 0.24999244042342664
1.059 0.25007572394343247
1.0599999999999998 0.2501588815986132
1.061 0.2502419135914059
1.0619999999999998 0.2503248201020062
1.063 0.2504076013359047
1.0639999999999998 0.25049025750060533
1.065 0.2505727888031823
1.0659999999999998 0.25065519545028037
1.067 0.25073747764811605
1.0679999999999998 0.250819635602478
1.069 0.25090166951872805
1.0699999999999998 0.2509835796018017
1.071 0.25106536605620927
1.0719999999999998 0.25114702908603587
1.073 0.25122856889494316
1.0739999999999998 0.2513099856861691
1.075 0.2513912796625292
1.0759999999999998 0.2514724510264174
1.077 0.25155349997980625
1.0779999999999998 0.2516344267242482
1.079 0.2517152314608757
1.0799999999999998 0.25179591439040283
1.081 0.25187647571312477
1.0819999999999999 0.2519569156289198
1.083 0.252037234337249
1.0839999999999999 0.25211743203715753
1.085 0.2521975089272752
1.0859999999999999 0.2522774652058171
1.087 0.2523573010705843
1.0879999999999999 0.2524370167189645
1.089 0.2525166123479331
1.0899999999999999 0.2525960881540533
1.091 0.25267544433347733
1.0919999999999999 0.25275468108194665
1.093 0.25283379859479305
1.0939999999999999 0.25291279706693925
1.095 0.25299167669289924
1.0959999999999999 0.25307043766677945
1.097 0.25314908018227916
1.0979999999999999 0.25322760443269104
1.099 0.2533060106109022
1.0999999999999999 0.25338429890939446
1.101 0.2534624695202454
1.1019999999999999 0.2535405226351287
1.103 0.25361845844531494
1.1039999999999999 0.2536962771416723
1.105 0.2537739789146672
1.1059999999999999 0.2538515639543648
1.107 0.2539290324504299
1.1079999999999999 0.2540063845921275
1.109 0.25408362056832307
1.1099999999999999 0.25416074056748417
1.111 0.25423774477768
1.1119999999999999 0.25431463338658267
1.113 0.2543914065814675
1.1139999999999999 0.2544680645492144
1.115 0.25454460747630714
1.1159999999999999 0.2546210355488354
1.117 0.2546973489524947
1.1179999999999999 0.25477354787258694
1.119 0.25484963249402126
1.1199999999999999 0.25492560300131484
1.121 0.25500145957859305
1.1219999999999999 0.2550772024095904
1.123 0.2551528316776512
1.1239999999999999 0.2552283475657299
1.125 0.2553037502563919
1.126 0.2553790399318142
1.127 0.25545421677378605
1.128 0.25552928097246835
1.129 0.255604232742248
1.13 0.2556790722691447
1.131 0.25575379973589474
1.132 0.2558284153249086
1.133 0.25590291921827124
1.134 0.25597731159774423
1.135 0.256051592644766
1.136 0.25612576254045366
1.137 0.25619982146560366
1.138 0.2562737696006933
1.139 0.25634760712588156
1.14 0.2564213342210103
1.141 0.2564949510656058
1.142 0.2565684578388793
1.143 0.2566418547197284
1.144 0.25671514188673816
1.145 0.25678831951818215
1.146 0.25686138779202394
1.147 0.2569343468859177
1.148 0.2570071969772096
1.149 0.25707993824293884
1.15 0.257152570859839
1.151 0.25722509500433854
1.152 0.25729751085256264
1.153 0.2573698185803341
1.154 0.2574420183631738
1.155 0.25751411037630306
1.156 0.2575860947946434
1.157 0.25765797179281846
1.158 0.257729741545155
1.1589999999999998 0.25780140422568376
1.16 0.2578729600081408
1.1609999999999998 0.2579444090659683
1.162 0.2580157515723161
1.1629999999999998 0.2580869877000421
1.164 0.2581581176217141
1.1649999999999998 0.2582291415096104
1.166 0.258300059535721
1.1669999999999998 0.2583708718717488
1.168 0.25844157868911044
1.1689999999999998 0.2585121801589376
1.17 0.25858267645207805
1.1709999999999998 0.25865306773909646
1.172 0.25872335419027587
1.1729999999999998 0.2587935359756184
1.174 0.25886361326484664
1.1749999999999998 0.25893358622740437
1.176 0.2590034550324579
1.1769999999999998 0.2590732198488971
1.178 0.25914288084533615
1.1789999999999998 0.25921243819011514
1.18 0.25928189205130064
1.1809999999999998 0.2593512425966869
1.182 0.2594204899937972
1.1829999999999998 0.2594896344098842
1.184 0.25955867601193183
1.1849999999999998 0.2596276149666558
1.186 0.25969645144050474
1.1869999999999998 0.25976518559966133
1.188 0.2598338176100432
1.1889999999999998 0.2599023476373042
1.19 0.2599707758468352
1.1909999999999998 0.26003910240376527
1.192 0.2601073274729627
1.1929999999999998 0.2601754512190359
1.194 0.2602434738063347
1.1949999999999998 0.2603113953917015
1.196 0.26037921610953346
1.1969999999999998 0.260446936118416
1.198 0.2605145555794856
1.1989999999999998 0.26058207465357286
1.2 0.26064949350120437
1.2009999999999998 0.2607168122826019
1.202 0.2607840311576842
1.2029999999999998 0.26085115028606676
1.204 0.26091816982706234
1.2049999999999998 0.2609850899396821
1.206 0.26105191078263545
1.2069999999999999 0.26111863251433093
1.208 0.26118525529287656
1.2089999999999999 0.2612517792760807
1.21 0.261318204621452
1.2109999999999999 0.2613845314862005
1.212 0.26145076002723777
1.2129999999999999 0.2615168904011776
1.214 0.2615829227643364
1.2149999999999999 0.26164885727273396
1.216 0.2617146940820936
1.2169999999999999 0.26178043334784273
1.218 0.26184607522511394
1.2189999999999999 0.26191161986874467
1.22 0.2619770674332782
1.2209999999999999 0.2620424180729642
1.222 0.2621076719417589
1.2229999999999999 0.26217282919332585
1.224 0.26223788998103653
1.2249999999999999 0.2623028544579705
1.226 0.2623677227769161
1.2269999999999999 0.26243249509037087
1.228 0.26249717155054225
1.2289999999999999 0.26256175230934786
1.23 0.2626262375184161
1.2309999999999999 0.2626906273290864
1.232 0.26275492189241023
1.2329999999999999 0.262819121359151
1.234 0.2628832258797851
1.2349999999999999 0.26294723560450184
1.236 0.2630111506832043
1.2369999999999999 0.2630749712655098
1.238 0.26313869750075014
1.2389999999999999 0.26320232953797246
1.24 0.2632658675259392
1.2409999999999999 0.2633293116131292
1.242 0.2633926619477377
1.2429999999999999 0.2634559186776769
1.244 0.2635190819505767
1.2449999999999999 0.263582151913785
1.246 0.26364512871436785
1.2469999999999999 0.26370801249911047
1.248 0.26377080341451753
1.2489999999999999 0.2638335016068134
1.25 0.26389610722194295
1.251 0.26395862040557183
1.252 0.2640210413030868
1.253 0.26408337005959653
1.254 0.26414560681993193
1.255 0.2642077517286463
1.256 0.2642698049300163
1.257 0.26433176656804214
1.258 0.2643936367864481
1.259 0.2644554157286828
1.26 0.26451710353791985
1.261 0.26457870035705855
1.262 0.26464020633308466
1.263 0.2647016216272411
1.264 0.26476294638497283
1.265 0.2648241807494848
1.266 0.26488532486374233
1.267 0.2649463788704723
1.268 0.2650073429121637
1.269 0.26506821713106854
1.27 0.2651290016692026
1.271 0.265189696668346
1.272 0.2652503022700442
1.273 0.2653108186156085
1.274 0.2653712458461173
1.275 0.26543158410241585
1.276 0.26549183352511824
1.277 0.2655519942546072
1.278 0.26561206643103513
1.279 0.2656720501943252
1.28 0.2657319456841715
1.281 0.2657917530400403
1.282 0.2658514724011704
1.283 0.265911103906574
1.284 0.26597064769503764
1.285 0.2660301039051228
1.2859999999999998 0.2660894726751663
1.287 0.2661487541432819
1.2879999999999998 0.2662079484473597
1.289 0.26626705572506837
1.2899999999999998 0.26632607611385495
1.291 0.26638500975094553
1.2919999999999998 0.26644385677334664
1.293 0.2665026173178453
1.2939999999999998 0.2665612915210103
1.295 0.2666198795191923
1.2959999999999998 0.26667838144852535
1.297 0.26673679744492673
1.2979999999999998 0.2667951276440986
1.299 0.2668533721815278
1.2999999999999998 0.2669115311924874
1.301 0.2669696048120369
1.3019999999999998 0.2670275931750229
1.303 0.2670854964160802
1.3039999999999998 0.2671433146696324
1.305 0.2672010480698925
1.3059999999999998 0.26725869675086333
1.307 0.2673162608463392
1.3079999999999998 0.2673737404899053
1.309 0.26743113581493977
1.3099999999999998 0.26748844695461316
1.311 0.26754567404189034
1.3119999999999998 0.26760281720953016
1.313 0.2676598765900867
1.3139999999999998 0.2677168523159099
1.315 0.26777374451914643
1.3159999999999998 0.2678305533317398
1.317 0.26788727888543185
1.3179999999999998 0.26794392131176287
1.319 0.26800048074207256
1.3199999999999998 0.2680569573075006
1.321 0.2681133511389877
1.3219999999999998 0.2681696623672755
1.323 0.26822589112290834
1.3239999999999998 0.26828203753623314
1.325 0.26833810173740036
1.3259999999999998 0.2683940838563646
1.327 0.26844998402288567
1.3279999999999998 0.2685058023665288
1.329 0.2685615390098121
1.3299999999999998 0.26861719405021134
1.331 0.2686727676107733
1.3319999999999999 0.2687282598179509
1.333 0.2687836707979509
1.3339999999999999 0.26883900067673394
1.335 0.2688942495800148
1.3359999999999999 0.2689494176332624
1.337 0.26900450496170014
1.3379999999999999 0.2690595116903059
1.339 0.26911443794381235
1.3399999999999999 0.2691692838467071
1.341 0.2692240495232325
1.3419999999999999 0.26927873509738637
1.343 0.2693333406929219
1.3439999999999999 0.2693878664333476
1.345 0.2694423124419277
1.3459999999999999 0.2694966788416822
1.347 0.2695509657553872
1.3479999999999999 0.26960517330557454
1.349 0.26965930161453283
1.3499999999999999 0.2697133508043068
1.351 0.26976732099669765
1.3519999999999999 0.2698212123132635
1.353 0.26987502487531934
1.3539999999999999 0.269928758803937
1.355 0.26998241421994545
1.3559999999999999 0.270035991243931
1.357 0.27008948999623755
1.3579999999999999 0.2701429105969664
1.359 0.2701962531659767
1.3599999999999999 0.2702495178228853
1.361 0.27030270468706724
1.3619999999999999 0.2703558138776558
1.363 0.27040884551354205
1.3639999999999999 0.2704617997133761
1.365 0.2705146765955663
1.3659999999999999 0.2705674762782797
1.367 0.2706201988794425
1.3679999999999999 0.27067284451673945
1.369 0.2707254133076149
1.3699999999999999 0.2707779053692719
1.371 0.2708303208186733
1.3719999999999999 0.2708826597725415
1.373 0.2709349223473583
1.3739999999999999 0.27098710865936537
1.375 0.2710392188245645
1.376 0.2710912529587173
1.377 0.27114321117734563
1.378 0.2711950935957318
1.379 0.2712469003289184
1.38 0.2712986314917086
1.381 0.2713502871986664
1.382 0.27140186756411644
1.383 0.2714533727021446
1.384 0.2715048027265976
1.385 0.2715561577510834
1.386 0.27160743788897146
1.387 0.27165864325339245
1.388 0.2717097739572387
1.389 0.2717608301131644
1.39 0.2718118118335854
1.391 0.27186271923067945
1.392 0.27191355241638654
1.393 0.27196431150240874
1.394 0.2720149966002104
1.395 0.2720656078210184
1.396 0.27211614528341954
1.397 0.2721666091357379
1.398 0.2722169994958895
1.399 0.2722673164769212
1.4 0.27231756019170866
1.401 0.27236773075295645
1.402 0.2724178282731992
1.403 0.2724678528648024
1.404 0.27251780463996284
1.405 0.27256768371070944
1.406 0.2726174901889041
1.407 0.27266722418624223
1.408 0.2727168858142538
1.409 0.2727664751843038
1.41 0.27281599240759297
1.411 0.2728654375951586
1.412 0.2729148108578754
1.4129999999999998 0.27296411230645595
1.414 0.27301334205145167
1.4149999999999998 0.2730625002032532
1.416 0.2731115868720918
1.4169999999999998 0.2731606021680392
1.418 0.273209546201009
1.4189999999999998 0.2732584190807571
1.42 0.27330722091688253
1.4209999999999998 0.2733559518188279
1.422 0.2734046118958807
1.4229999999999998 0.27345320125717326
1.424 0.2735017200116842
1.4249999999999998 0.2735501682682387
1.426 0.27359854613550927
1.4269999999999998 0.27364685372201647
1.428 0.27369509113613
1.4289999999999998 0.2737432584860686
1.43 0.27379135587990183
1.4309999999999998 0.27383938342554975
1.432 0.27388734123078434
1.4329999999999998 0.27393522940323
1.434 0.273983048050364
1.4349999999999998 0.2740307972795177
1.436 0.27407847719787676
1.4369999999999998 0.2741260879124823
1.438 0.27417362953023117
1.4389999999999998 0.2742211021578769
1.44 0.27426850590203067
1.4409999999999998 0.27431584086916133
1.442 0.27436310716559675
1.4429999999999998 0.2744103048975241
1.444 0.274457434170991
1.4449999999999998 0.2745044950919057
1.446 0.2745514877660381
1.4469999999999998 0.27459841229902054
1.448 0.2746452687963481
1.4489999999999998 0.27469205736337976
1.45 0.27473877810533887
1.4509999999999998 0.27478543112731374
1.452 0.27483201653425865
1.4529999999999998 0.27487853443099425
1.454 0.27492498492220846
1.4549999999999998 0.2749713681124571
1.456 0.2750176841061644
1.4569999999999999 0.2750639330076241
1.458 0.27511011492099985
1.4589999999999999 0.2751562299503258
1.46 0.2752022781995077
1.4609999999999999 0.27524825977232337
1.462 0.27529417477242313
1.4629999999999999 0.2753400232977991
1.464 0.27538580542256624
1.4649999999999999 0.2754315212439309
1.466 0.27547717086288576
1.4669999999999999 0.27552275438024904
1.468 0.27556827189666405
1.4689999999999999 0.2756137235125999
1.47 0.2756591093283514
1.4709999999999999 0.27570442944403933
1.472 0.2757496839596107
1.4729999999999999 0.2757948729748389
1.474 0.2758399965893239
1.4749999999999999 0.2758850549024926
1.476 0.2759300480135987
1.4769999999999999 0.27597497602172316
1.478 0.27601983902577437
1.4789999999999999 0.27606463712448825
1.48 0.2761093704164287
1.4809999999999999 0.27615403899998736
1.482 0.27619864297338403
1.4829999999999999 0.27624318243466717
1.484 0.2762876574817135
1.4849999999999999 0.2763320682122288
1.486 0.2763764147237475
1.4869999999999999 0.27642069711363354
1.488 0.27646491547907986
1.4889999999999999 0.2765090699171092
1.49 0.2765531605245739
1.4909999999999999 0.27659718739815636
1.492 0.2766411506343688
1.4929999999999999 0.2766850503295541
1.494 0.2767288865798855
1.4949999999999999 0.2767726594813668
1.496 0.276816369129833
1.4969999999999999 0.27686001562095
1.498 0.2769035990502148
1.4989999999999999 0.2769471195129561
1.5 0.276990577104334
1.501 0.27703397191934076
1.502 0.2770773040528003
1.503 0.277120573599369
1.504 0.2771637806535355
1.505 0.277206925309621
1.506 0.2772500076617795
1.507 0.277293027803998
1.508 0.27733598583009644
1.509 0.27737888183372833
1.51 0.27742171590838044
1.511 0.27746448814737334
1.512 0.2775071986438615
1.513 0.2775498474908333
1.514 0.2775924347811114
1.515 0.2776349606073529
1.516 0.27767742506204957
1.517 0.2777198282375278
1.518 0.2777621702259489
1.519 0.27780445111930957
1.52 0.2778466710094415
1.521 0.277888829988012
1.522 0.2779309281465241
1.523 0.2779729655763167
1.524 0.2780149423685645
1.525 0.27805685861427876
1.526 0.27809871440430656
1.527 0.2781405098293323
1.528 0.2781822449798765
1.529 0.2782239199462968
1.53 0.27826553482018895
1.531 0.2783070896995355
1.532 0.2783485846759383
1.533 0.2783900198396895
1.534 0.27843139528093247
1.535 0.2784727110896628
1.536 0.27851396735572836
1.537 0.27855516416882925
1.538 0.2785963016185187
1.539 0.27863737979420317
1.54 0.27867839878514233
1.541 0.2787193586804498
1.5419999999999998 0.27876025956909306
1.543 0.27880110153989424
1.5439999999999998 0.27884188468152993
1.545 0.27888260908253176
1.5459999999999998 0.27892327483128676
1.547 0.2789638820160373
1.5479999999999998 0.2790044307248816
1.549 0.2790449210457745
1.5499999999999998 0.2790853530665269
1.551 0.2791257268748066
1.5519999999999998 0.27916604255813826
1.553 0.27920630020390436
1.5539999999999998 0.27924649989934464
1.555 0.279286641731557
1.5559999999999998 0.2793267257874975
1.557 0.2793667521539808
1.5579999999999998 0.2794067209176805
1.559 0.2794466321651292
1.5599999999999998 0.279486485982719
1.561 0.2795262824567018
1.5619999999999998 0.2795660216731894
1.563 0.279605703718154
1.5639999999999998 0.2796453286774286
1.565 0.27968489663670665
1.5659999999999998 0.2797244076815433
1.567 0.2797638618973549
1.5679999999999998 0.2798032593694198
1.569 0.27984260018287804
1.5699999999999998 0.27988188442273254
1.571 0.2799211121738486
1.5719999999999998 0.27996028352095437
1.573 0.27999939854864153
1.5739999999999998 0.2800384573413651
1.575 0.28007745998344413
1.5759999999999998 0.2801164065590614
1.577 0.2801552971522644
1.5779999999999998 0.2801941318469653
1.579 0.2802329107269411
1.5799999999999998 0.28027163387583415
1.581 0.28031030137715235
1.5819999999999999 0.2803489133142695
1.583 0.2803874697704252
1.5839999999999999 0.28042597082872606
1.585 0.28046441657214477
1.5859999999999999 0.28050280708352143
1.587 0.2805411424455632
1.5879999999999999 0.2805794227408448
1.589 0.2806176480518088
1.5899999999999999 0.280655818460766
1.591 0.2806939340498954
1.5919999999999999 0.280731994901245
1.593 0.2807700010967313
1.5939999999999999 0.2808079527181406
1.595 0.28084584984712807
1.5959999999999999 0.2808836925652194
1.597 0.28092148095348246
1.5979999999999999 0.2809592150911877
1.599 0.28099689505901443
1.5999999999999999 0.28103452093782305
1.601 0.2810720928083419
1.6019999999999999 0.2811096107511673
1.603 0.2811470748467638
1.6039999999999999 0.2811844851754644
1.605 0.28122184181747084
1.6059999999999999 0.28125914485285375
1.607 0.2812963943615531
1.6079999999999999 0.28133359042337824
1.609 0.28137073311800814
1.6099999999999999 0.2814078225249919
1.611 0.28144485872374864
1.6119999999999999 0.2814818417935679
1.613 0.28151877181361007
1.6139999999999999 0.2815556488629062
1.615 0.2815924730203588
1.6159999999999999 0.28162924436474146
1.617 0.2816659629746996
1.6179999999999999 0.28170262892875053
1.619 0.28173924230528347
1.6199999999999999 0.28177580318256035
1.621 0.2818123116387154
1.6219999999999999 0.28184876775175577
1.623 0.2818851715995618
1.6239999999999999 0.28192152325988684
1.625 0.28195782281035825
1.626 0.2819940703284769
1.627 0.2820302658916176
1.628 0.2820664095770298
1.629 0.2821025014618372
1.63 0.28213854162303814
1.631 0.28217453013750626
1.632 0.2822104670819901
1.633 0.282246352533114
1.634 0.28228218656737764
1.635 0.2823179692611569
1.636 0.2823537006907036
1.637 0.28238938093214627
1.638 0.28242501006148973
1.639 0.2824605881546159
1.64 0.2824961152872837
1.641 0.2825315915351295
1.642 0.28256701697366715
1.643 0.2826023916782882
1.644 0.2826377157242625
1.645 0.28267298918673794
1.646 0.2827082121407411
1.647 0.28274338466117716
1.648 0.28277850682283023
1.649 0.2828135787003639
1.65 0.2828486003683208
1.651 0.28288357190112356
1.652 0.2829184933730745
1.653 0.28295336485835615
1.654 0.28298818643103135
1.655 0.2830229581650436
1.656 0.28305768013421706
1.657 0.28309235241225716
1.658 0.28312697507275036
1.659 0.28316154818916495
1.66 0.2831960718348505
1.661 0.28323054608303894
1.662 0.28326497100684417
1.663 0.2832993466792626
1.664 0.2833336731774001
1.665 0.2833679506014529
1.666 0.28340217903002274
1.667 0.2834363585368449
1.668 0.28347048919550727
1.669 0.2835045710794506
1.67 0.2835386042619691
1.6709999999999998 0.2835725888162096
1.672 0.28360652481517273
1.6729999999999998 0.28364041233171194
1.674 0.28367425143853453
1.6749999999999998 0.2837080422082009
1.676 0.28374178471312517
1.6769999999999998 0.28377547902557526
1.678 0.28380912521767265
1.6789999999999998 0.2838427233613928
1.68 0.283876273528565
1.6809999999999998 0.2839097757908725
1.682 0.2839432302198528
1.6829999999999998 0.2839766368868975
1.684 0.28400999586325243
1.6849999999999998 0.2840433072200176
1.686 0.2840765710281478
1.6869999999999998 0.28410978735845216
1.688 0.28414295628159425
1.6889999999999998 0.2841760778680925
1.69 0.2842091521883201
1.6909999999999998 0.28424217931250495
1.692 0.28427515931073005
1.6929999999999998 0.28430809225293313
1.694 0.2843409782089073
1.6949999999999998 0.28437381724830074
1.696 0.28440660944061663
1.6969999999999998 0.2844393548552139
1.698 0.2844720535613065
1.6989999999999998 0.2845047056279642
1.7 0.28453731112411207
1.7009999999999998 0.28456987011853097
1.702 0.28460238267985744
1.7029999999999998 0.28463484887658386
1.704 0.28466726877705856
1.7049999999999998 0.2846996424494856
1.706 0.28473196996192524
1.7069999999999999 0.284764251382294
1.708 0.2847964867783643
1.7089999999999999 0.2848286762177651
1.71 0.2848608197679815
1.7109999999999999 0.2848929174963552
1.712 0.28492496947008433
1.7129999999999999 0.2849569757562236
1.714 0.28498893642168455
1.7149999999999999 0.2850208515332351
1.716 0.28505272115750035
1.7169999999999999 0.285084545360962
1.718 0.2851163242099591
1.7189999999999999 0.2851480577706873
1.72 0.2851797461091997
1.7209999999999999 0.2852113892914063
1.722 0.2852429873830747
1.7229999999999999 0.28527454044982975
1.724 0.28530604855715347
1.7249999999999999 0.2853375117703857
1.726 0.28536893015472353
1.7269999999999999 0.28540030377522196
1.728 0.28543163269679367
1.7289999999999999 0.285462916984209
1.73 0.2854941567020962
1.7309999999999999 0.28552535191494155
1.732 0.2855565026870891
1.7329999999999999 0.2855876090827413
1.734 0.28561867116595846
1.7349999999999999 0.2856496890006593
1.736 0.2856806626506207
1.7369999999999999 0.2857115921794781
1.738 0.28574247765072525
1.7389999999999999 0.28577331912771425
1.74 0.2858041166736562
1.7409999999999999 0.2858348703516203
1.742 0.285865580224535
1.7429999999999999 0.28589624635518723
1.744 0.2859268688062228
1.7449999999999999 0.2859574476401466
1.746 0.2859879829193225
1.7469999999999999 0.28601847470597314
1.748 0.28604892306218066
1.7489999999999999 0.28607932804988645
1.75 0.2861096897308908
1.751 0.28614000816685364
1.752 0.28617028341929435
1.753 0.2862005155495914
1.754 0.28623070461898337
1.755 0.28626085068856805
1.756 0.2862909538193031
1.757 0.2863210140720058
1.758 0.28635103150735336
1.759 0.286381006185883
1.76 0.2864109381679916
1.761 0.28644082751393624
1.762 0.28647067428383416
1.763 0.2865004785376626
1.764 0.28653024033525903
1.765 0.28655995973632126
1.766 0.28658963680040755
1.767 0.28661927158693634
1.768 0.2866488641551869
1.769 0.28667841456429866
1.77 0.2867079228732719
1.771 0.2867373891409675
1.772 0.28676681342610716
1.773 0.2867961957872733
1.774 0.2868255362829093
1.775 0.2868548349713193
1.776 0.28688409191066866
1.777 0.2869133071589836
1.778 0.28694248077415174
1.779 0.2869716128139216
1.78 0.28700070333590305
1.781 0.2870297523975674
1.782 0.28705876005624703
1.783 0.28708772636913604
1.784 0.28711665139329
1.785 0.2871455351856259
1.786 0.28717437780292265
1.787 0.2872031793018205
1.788 0.28723193973882144
1.789 0.2872606591702897
1.79 0.28728933765245085
1.791 0.2873179752413929
1.792 0.2873465719930654
1.793 0.2873751279632802
1.794 0.28740364320771117
1.795 0.28743211781556693
1.796 0.28746055196386866
1.797 0.28748894572253664
1.7979999999999998 0.28751729915089647
1.799 0.28754561230817377
1.7999999999999998 0.2875738852534935
1.801 0.2876021180458803
1.8019999999999998 0.28763031074425904
1.803 0.2876584634074538
1.8039999999999998 0.287686576094189
1.805 0.28771464886308884
1.8059999999999998 0.28774268177267726
1.807 0.28777067488137875
1.8079999999999998 0.28779862824751745
1.809 0.28782654192931784
1.8099999999999998 0.2878544159849046
1.811 0.2878822504723024
1.8119999999999998 0.28791004544943677
1.813 0.28793780097413313
1.8139999999999998 0.2879655171041172
1.815 0.2879931938970157
1.8159999999999998 0.28802083141035534
1.817 0.2880484297015637
1.8179999999999998 0.28807598882796887
1.819 0.2881035088467995
1.8199999999999998 0.2881309898151852
1.821 0.28815843179015604
1.8219999999999998 0.2881858348286433
1.823 0.2882131989874786
1.8239999999999998 0.288240524323395
1.825 0.2882678108930262
1.8259999999999998 0.2882950587529071
1.827 0.2883222679594736
1.8279999999999998 0.2883494385690626
1.829 0.2883765706379123
1.8299999999999998 0.28840366422216224
1.831 0.2884307193778531
1.8319999999999999 0.2884577361609266
1.833 0.2884847146272264
1.8339999999999999 0.2885116548324972
1.835 0.2885385568323852
1.8359999999999999 0.2885654206824382
1.837 0.2885922464381055
1.8379999999999999 0.28861903415473794
1.839 0.2886457838875883
1.8399999999999999 0.2886724956918108
1.841 0.28869916962246156
1.8419999999999999 0.28872580573449835
1.843 0.28875240408278097
1.8439999999999999 0.28877896472207115
1.845 0.28880548770703224
1.8459999999999999 0.28883197309222997
1.847 0.288858420932132
1.8479999999999999 0.288884831281108
1.849 0.2889112041934297
1.8499999999999999 0.2889375397232713
1.851 0.28896383792470903
1.8519999999999999 0.2889900988517215
1.853 0.28901632255818954
1.8539999999999999 0.2890425090978964
1.855 0.28906865852452773
1.8559999999999999 0.2890947708916718
1.857 0.28912084625281914
1.8579999999999999 0.28914688466136307
1.859 0.2891728861705993
1.8599999999999999 0.28919885083372643
1.861 0.28922477870384544
1.8619999999999999 0.2892506698339605
1.863 0.28927652427697814
1.8639999999999999 0.28930234208570793
1.865 0.2893281233128623
1.8659999999999999 0.28935386801105656
1.867 0.2893795762328089
1.8679999999999999 0.28940524803054085
1.869 0.28943088345657664
1.8699999999999999 0.2894564825631437
1.871 0.28948204540237277
1.8719999999999999 0.28950757202629757
1.873 0.2895330624868552
1.8739999999999999 0.28955851683588585
1.875 0.28958393512513325
1.876 0.2896093174062444
1.877 0.2896346637307696
1.878 0.289659974150163
1.879 0.2896852487157816
1.88 0.2897104874788866
1.881 0.28973569049064224
1.882 0.28976085780211686
1.883 0.2897859894642821
1.884 0.2898110855280134
1.885 0.2898361460440901
1.886 0.2898611710631953
1.887 0.2898861606359157
1.888 0.2899111148127421
1.889 0.28993603364406945
1.89 0.28996091718019595
1.891 0.2899857654713246
1.892 0.29001057856756207
1.893 0.29003535651891893
1.894 0.2900600993753103
1.895 0.2900848071865552
1.896 0.29010948000237713
1.897 0.2901341178724034
1.898 0.29015872084616606
1.899 0.29018328897310125
1.9 0.2902078223025496
1.901 0.290232320883756
1.902 0.2902567847658701
1.903 0.2902812139979457
1.904 0.2903056086289415
1.905 0.2903299687077205
1.906 0.2903542942830504
1.907 0.2903785854036036
1.908 0.2904028421179572
1.909 0.290427064474593
1.91 0.29045125252189763
1.911 0.29047540630816254
1.912 0.290499525881584
1.913 0.2905236112902633
1.914 0.2905476625822064
1.915 0.29057167980532456
1.916 0.29059566300743384
1.917 0.2906196122362554
1.918 0.29064352753941564
1.919 0.29066740896444593
1.92 0.29069125655878286
1.921 0.2907150703697683
1.922 0.29073885044464914
1.923 0.2907625968305778
1.924 0.2907863095746121
1.9249999999999998 0.29080998872371494
1.926 0.29083363435099874
1.9269999999999998 0.29085724655897227
1.928 0.290880825397903
1.9289999999999998 0.2909043709162844
1.93 0.2909278831625296
1.9309999999999998 0.29095136218497153
1.932 0.29097480803186276
1.9329999999999998 0.29099822075137605
1.934 0.29102160039160374
1.9349999999999998 0.29104494700055805
1.936 0.2910682606261714
1.9369999999999998 0.29109154131629594
1.938 0.2911147891187039
1.9389999999999998 0.2911380040810877
1.94 0.2911611862510596
1.9409999999999998 0.2911843356761521
1.942 0.2912074524038179
1.9429999999999998 0.2912305364814299
1.944 0.29125358795628103
1.9449999999999998 0.29127660687558476
1.946 0.29129959328647453
1.9469999999999998 0.2913225472360044
1.948 0.29134546877114864
1.9489999999999998 0.291368357938802
1.95 0.29139121478577945
1.9509999999999998 0.29141403935881666
1.952 0.29143683170456974
1.9529999999999998 0.2914595918696153
1.954 0.2914823199004503
1.9549999999999998 0.29150501584349287
1.956 0.29152767974508115
1.9569999999999999 0.2915503116514743
1.958 0.29157291160885207
1.9589999999999999 0.2915954796633149
1.96 0.29161801586088415
1.9609999999999999 0.29164052024750187
1.962 0.2916629928690309
1.9629999999999999 0.2916854337712551
1.964 0.29170784299987895
1.9649999999999999 0.2917302206005281
1.966 0.2917525666187492
1.9669999999999999 0.2917748811000097
1.968 0.2917971640896982
1.9689999999999999 0.2918194156331244
1.97 0.29184163577551886
1.9709999999999999 0.29186382456203347
1.972 0.2918859820377414
1.9729999999999999 0.2919081082476367
1.974 0.2919302032366347
1.9749999999999999 0.2919522670495723
1.976 0.2919742997312073
1.9769999999999999 0.291996301326219
1.978 0.292018271879208
1.9789999999999999 0.2920402114346963
1.98 0.29206212003712734
1.9809999999999999 0.29208399773086596
1.982 0.29210584456019856
1.9829999999999999 0.2921276605693329
1.984 0.2921494458023983
1.9849999999999999 0.2921712003034458
1.986 0.2921929241164478
1.9869999999999999 0.29221461728529863
1.988 0.29223627985381406
1.9889999999999999 0.2922579118657315
1.99 0.2922795133647103
1.9909999999999999 0.2923010843943314
1.992 0.2923226249980976
1.9929999999999999 0.2923441352194334
1.994 0.2923656151016854
1.9949999999999999 0.2923870646881217
1.996 0.29240848402193276
1.9969999999999999 0.2924298731462305
1.998 0.29245123210404905
