0.005 0.6129845274672008
0.006 0.6111426471142604
0.007 0.6092036625405451
0.008 0.6072765519243271
0.009000000000000001 0.6053647544194494
0.01 0.6034648297746357
0.011 0.6015748634589142
0.012 0.5996947536224829
0.013000000000000001 0.5978243998598766
0.014000000000000002 0.5959637031834231
0.015 0.594112565997801
0.016 0.5922708920745108
0.017 0.5904385865274322
0.018000000000000002 0.5886175177335127
0.019 0.5868105230970755
0.02 0.5850139816162766
0.021 0.5832276606478074
0.022000000000000002 0.5814514640522794
0.023000000000000003 0.5796852970184175
0.024 0.5779290660395457
0.025 0.5761826788904576
0.026000000000000002 0.5744460446050719
0.027 0.5727190734539912
0.028 0.5710016769233494
0.029 0.56929376769326
0.030000000000000002 0.5675952596174503
0.031000000000000003 0.5659060677028115
0.032 0.5642261080896013
0.033 0.5625552744226167
0.034 0.5608933332018254
0.034999999999999996 0.5592403213656099
0.036 0.5575961903053132
0.037 0.5559608617003854
0.038 0.5543342582506581
0.039 0.5527163036595053
0.04 0.5511069226168578
0.041 0.5495060407829453
0.041999999999999996 0.5479135847721602
0.043 0.5463294821375272
0.044 0.544753661354977
0.045 0.5431860518085769
0.046 0.5416265837754136
0.047 0.5400751884113544
0.048 0.538531795023087
0.048999999999999995 0.5369961527624657
0.049999999999999996 0.5354682425651538
0.051 0.5339481022298703
0.052 0.5324356672916345
0.053 0.5309308740799407
0.054 0.5294336597065182
0.055 0.5279439620527215
0.056 0.5264617197576317
0.057 0.5249868722057652
0.057999999999999996 0.5235193595163149
0.059 0.5220591225307205
0.06 0.5206061028021323
0.061 0.5191602425841922
0.062 0.5177214848203305
0.063 0.5162897731329698
0.064 0.5148650518136095
0.065 0.513447265812083
0.066 0.5120363607271826
0.067 0.5106322827960259
0.068 0.5092349788852442
0.069 0.5078443964811667
0.07 0.5064604836803747
0.07100000000000001 0.5050831891811008
0.07200000000000001 0.503712462273514
0.07300000000000001 0.502348252831916
0.07400000000000001 0.5009905113052078
0.07500000000000001 0.4996391887090857
0.07600000000000001 0.49829423661710875
0.07700000000000001 0.49695560715340353
0.078 0.4956229610037499
0.079 0.49429616128440373
0.08 0.49297550205337237
0.081 0.4916609385831645
0.082 0.49035242581664423
0.083 0.4890499191980952
0.084 0.48775337466632046
0.085 0.486462748647498
0.08600000000000001 0.48517799804817613
0.08700000000000001 0.48389908024858563
0.08800000000000001 0.4826259530960567
0.08900000000000001 0.4813585748979297
0.09000000000000001 0.48009690441602465
0.09100000000000001 0.4788409008595026
0.09200000000000001 0.47759052387875345
0.093 0.4763457335598114
0.094 0.4751064904175297
0.095 0.4738727553904097
0.096 0.47264448983423535
0.097 0.47142165551662046
0.098 0.47020421461131545
0.099 0.4689921296927062
0.1 0.4677853637303351
0.101 0.46658388008342117
0.10200000000000001 0.4653876424959765
0.10300000000000001 0.46419661509118926
0.10400000000000001 0.46301076236661687
0.10500000000000001 0.46183004918903214
0.10600000000000001 0.46065444078982964
0.10700000000000001 0.45948376775877003
0.10800000000000001 0.4583177883946485
0.10900000000000001 0.45715675156635127
0.11 0.4560006355166169
0.111 0.45484940583529165
0.112 0.4537030284549167
0.113 0.45256146964626137
0.114 0.45142469601382973
0.115 0.4502926744917249
0.116 0.44916537233900594
0.117 0.4480427571360614
0.11800000000000001 0.4469247967797823
0.11900000000000001 0.4458114594800767
0.12000000000000001 0.44470271375550324
0.12100000000000001 0.44359852842933745
0.12200000000000001 0.44249887262601756
0.12300000000000001 0.4414037157669821
0.12400000000000001 0.4403130275667798
0.125 0.4392267780299252
0.126 0.4381449374467504
0.127 0.43706747638990917
0.128 0.4359943657110538
0.129 0.43492557653701774
0.13 0.43386108026672393
0.131 0.43280084856750034
0.132 0.43174485337192897
0.133 0.4306930668747123
0.134 0.4296454615289128
0.135 0.4286020100435109
0.136 0.4275626853794447
0.137 0.42652746074755743
0.138 0.4254963096043338
0.139 0.4244692056499954
0.14 0.42344612282490407
0.14100000000000001 0.42242703530690745
0.14200000000000002 0.4214119175083173
0.14300000000000002 0.42040074407343847
0.14400000000000002 0.4193934898752053
0.14500000000000002 0.41839013001305136
0.14600000000000002 0.41739063980987023
0.14700000000000002 0.4163949948092398
0.14800000000000002 0.41540317077334593
0.14900000000000002 0.41441514367970794
0.15 0.4134308942616256
0.151 0.41245043631519135
0.152 0.41147371785704745
0.153 0.41050070637596686
0.154 0.4095313789794981
0.155 0.4085657129756022
0.156 0.40760368587077767
0.157 0.4066452753671056
0.158 0.40569045936091297
0.159 0.4047392159395236
0.16 0.40379152337991797
0.161 0.4028473601459725
0.162 0.40190670488661906
0.163 0.4009695364336357
0.164 0.40003583379968694
0.165 0.3991055761760421
0.166 0.39817874293071726
0.167 0.3972553136065021
0.168 0.39633526791895923
0.169 0.39541858575433747
0.17 0.39450524716788504
0.171 0.39359523238189104
0.17200000000000001 0.3926885217837258
0.17300000000000001 0.3917850959240976
0.17400000000000002 0.3908849355152011
0.17500000000000002 0.38998802142895117
0.17600000000000002 0.3890943346953127
0.17700000000000002 0.3882038565003431
0.17800000000000002 0.38731656818457344
0.17900000000000002 0.3864324512415202
0.18000000000000002 0.38555148731573047
0.181 0.3846736582010989
0.182 0.3837989458396622
0.183 0.3829273323196406
0.184 0.3820587998736802
0.185 0.3811933308778812
0.186 0.3803309078497918
0.187 0.37947151344691593
0.188 0.3786151304654585
0.189 0.3777617418386094
0.19 0.37691133063523
0.191 0.3760638800582568
0.192 0.3752193734435126
0.193 0.37437779434022667
0.194 0.3735391581870372
0.195 0.3727034454066766
0.196 0.371870615128964
0.197 0.37104065141083725
0.198 0.3702135384331005
0.199 0.3693892605001286
0.2 0.368567802037657
0.201 0.36774914759212357
0.202 0.3669332818289911
0.203 0.3661201895320786
0.20400000000000001 0.3653098556016589
0.20500000000000002 0.36450226505368627
0.20600000000000002 0.3636974030185958
0.20700000000000002 0.3628952547400074
0.20800000000000002 0.3620958055735755
0.20900000000000002 0.3612990409858756
0.21000000000000002 0.3605049465534244
0.21100000000000002 0.3597135079611597
0.21200000000000002 0.3589247110018867
0.21300000000000002 0.3581385415746582
0.214 0.3573549856841886
0.215 0.3565740294392946
0.216 0.355795659052336
0.217 0.35501986083780396
0.218 0.35424662121156497
0.219 0.3534759266895022
0.22 0.352707763887192
0.221 0.35194211951791277
0.222 0.3511789803926398
0.223 0.35041833341857936
0.224 0.34966016559820345
0.225 0.34890446402867614
0.226 0.3481512159002954
0.227 0.34740040849633086
0.228 0.3466520291915213
0.229 0.3459060654515343
0.23 0.3451625048318287
0.231 0.3444213349769916
0.232 0.3436825436197898
0.233 0.3429461185802477
0.234 0.3422120477649793
0.23500000000000001 0.3414803191660576
0.23600000000000002 0.3407509208607124
0.23700000000000002 0.34002385666505586
0.23800000000000002 0.33929914647951864
0.23900000000000002 0.33857673842720737
0.24000000000000002 0.3378566182117267
0.24100000000000002 0.3371387744102937
0.24200000000000002 0.336423195679969
0.24300000000000002 0.33570987075679076
0.24400000000000002 0.3349987884552933
0.245 0.3342899376675186
0.246 0.3335833073623094
0.247 0.33287888658488646
0.248 0.33217666445573885
0.249 0.33147663017016193
0.25 0.3307787729972932
0.251 0.33008308228007244
0.252 0.3293895474335688
0.253 0.32869815794524976
0.254 0.3280089033737972
0.255 0.327321773348384
0.256 0.3266367575685044
0.257 0.32595384580288933
0.258 0.3252730278889063
0.259 0.3245942937322492
0.26 0.3239176333059166
0.261 0.3232430366499706
0.262 0.3225704938704733
0.263 0.32189999513946776
0.264 0.32123153069386606
0.265 0.3205650908351147
0.266 0.3199006659284762
0.267 0.31923824640277687
0.268 0.31857782274935803
0.269 0.31791938552185595
0.27 0.3172629253355911
0.271 0.31660843286680374
0.272 0.31595589885244874
0.273 0.31530531408945456
0.274 0.3146566694341908
0.275 0.3140099558018384
0.276 0.31336516416635185
0.277 0.31272228555921616
0.278 0.31208131106949216
0.279 0.3114422318431291
0.28 0.3108050420619295
0.281 0.3101697668596977
0.28200000000000003 0.3095363743133203
0.28300000000000003 0.3089048455960124
0.28400000000000003 0.3082751722005698
0.28500000000000003 0.3076473456734525
0.28600000000000003 0.30702135761458793
0.28700000000000003 0.3063971996767554
0.28800000000000003 0.30577486356518385
0.28900000000000003 0.3051543410369065
0.29000000000000004 0.30453562390063854
0.29100000000000004 0.3039187040161847
0.29200000000000004 0.30330357329382
0.29300000000000004 0.3026902236941521
0.294 0.30207864722756383
0.295 0.30146883595373414
0.296 0.3008607819812955
0.297 0.30025447746745754
0.298 0.29964991461739104
0.299 0.2990470856841307
0.3 0.2984459829678953
0.301 0.2978465988158054
0.302 0.29724892562156024
0.303 0.29665295582490875
0.304 0.29605868191138046
0.305 0.2954660964116846
0.306 0.29487519190173334
0.307 0.29428596100185517
0.308 0.29369839637668244
0.309 0.2931124907347214
0.31 0.29252823682770507
0.311 0.2919456274510506
0.312 0.29136465544222767
0.313 0.29078531368181865
0.314 0.29020759509189137
0.315 0.28963149263671517
0.316 0.2890569993216352
0.317 0.28848410819314874
0.318 0.2879128123384037
0.319 0.28734310488510567
0.32 0.28677497900068427
0.321 0.2862084278925838
0.322 0.28564344480764103
0.323 0.2850800230315834
0.324 0.28451817467750357
0.325 0.2839578956188108
0.326 0.28339916119157965
0.327 0.2828419649485831
0.328 0.2822863004824377
0.329 0.28173216142433655
0.33 0.28117954144412005
0.331 0.28062843424961526
0.332 0.2800788335866963
0.333 0.27953073323852534
0.334 0.2789841270258552
0.335 0.27843900880624045
0.336 0.2778953724740698
0.337 0.2773532119599287
0.338 0.27681252123093003
0.339 0.2762732942897273
0.34 0.2757355251746817
0.341 0.27519920795956165
0.342 0.27466433675305874
0.343 0.27413090569878573
0.34400000000000003 0.27359890897489814
0.34500000000000003 0.2730683407937791
0.34600000000000003 0.272539195401616
0.34700000000000003 0.2720114670788923
0.34800000000000003 0.27148515013896873
0.34900000000000003 0.27096023892900184
0.35000000000000003 0.27043672782874517
0.35100000000000003 0.26991461125106736
0.35200000000000004 0.26939388364104533
0.35300000000000004 0.26887453947622636
0.35400000000000004 0.2683565732661633
0.35500000000000004 0.2678399795521715
0.35600000000000004 0.26732475290716023
0.357 0.26681088793540303
0.358 0.26629837927223493
0.359 0.26578722158379775
0.36 0.2652774095671253
0.361 0.2647689379494338
0.362 0.2642618014881874
0.363 0.263755994971038
0.364 0.26325151321505064
0.365 0.2627483510672127
0.366 0.26224650340360905
0.367 0.2617459651295729
0.368 0.26124673117919117
0.369 0.2607487965155242
0.37 0.2602521561298587
0.371 0.25975680504193344
0.372 0.2592627382996991
0.373 0.2587699509786512
0.374 0.25827843818232543
0.375 0.25778819504153905
0.376 0.2572992167145921
0.377 0.25681149838674217
0.378 0.25632503527025
0.379 0.25583982260403754
0.38 0.25535585565371544
0.381 0.2548731297110347
0.382 0.25439164009414694
0.383 0.25391138214703324
0.384 0.2534323512394357
0.385 0.25295454276692114
0.386 0.2524779521503478
0.387 0.25200257483599303
0.388 0.2515284062949013
0.389 0.2510554420235515
0.39 0.2505836775426209
0.391 0.2501130953404357
0.392 0.24964368906590564
0.393 0.24917546764706122
0.394 0.24870842666120813
0.395 0.24824256170574502
0.396 0.24777786840130553
0.397 0.2473143423916508
0.398 0.24685197934350767
0.399 0.2463907749463046
0.4 0.24593072491239892
0.401 0.24547182497628414
0.402 0.2450140708950749
0.403 0.24455745844779805
0.404 0.2441019834357692
0.405 0.24364764168202516
0.406 0.2431944290314812
0.40700000000000003 0.2427423413503944
0.40800000000000003 0.24229137452671667
0.40900000000000003 0.2418415244694781
0.41000000000000003 0.24139278710900353
0.41100000000000003 0.24094515839671432
0.41200000000000003 0.24049863430448834
0.41300000000000003 0.24005321082540487
0.41400000000000003 0.23960888397288835
0.41500000000000004 0.23916564978081578
0.41600000000000004 0.2387235043033281
0.41700000000000004 0.23828244361499643
0.41800000000000004 0.2378424638101093
0.41900000000000004 0.23740356100294982
0.42000000000000004 0.23696573132789092
0.42100000000000004 0.23652897093838576
0.422 0.2360932760078847
0.423 0.23565864272894704
0.424 0.23522506731362147
0.425 0.2347925459927492
0.426 0.234361075016512
0.427 0.23393065065384425
0.428 0.23350126919233102
0.429 0.23307292693831042
0.43 0.23264562021666557
0.431 0.23221934537054292
0.432 0.2317940987615331
0.433 0.23136987676908122
0.434 0.23094667579117684
0.435 0.23052449224306848
0.436 0.23010332255831695
0.437 0.2296831631880651
0.438 0.22926401060090132
0.439 0.2288458612829385
0.44 0.2284287117376188
0.441 0.22801255848579668
0.442 0.2275973980651299
0.443 0.2271832270306386
0.444 0.2267700419539507
0.445 0.22635783942370463
0.446 0.22594661604515862
0.447 0.22553636844025066
0.448 0.22512709324713617
0.449 0.2247187871207787
0.45 0.22431144673192574
0.451 0.22390506876806424
0.452 0.2234996499321829
0.453 0.2230951869436105
0.454 0.22269167653750355
0.455 0.22228911546466226
0.456 0.22188750049173545
0.457 0.22148682840076794
0.458 0.2210871115582735
0.459 0.22068834968060086
0.46 0.22029052297128932
0.461 0.21989362830614922
0.462 0.219497662588583
0.463 0.21910262273692033
0.464 0.21870850568508182
0.465 0.21831530838239369
0.466 0.21792302779295022
0.467 0.21753166089604836
0.468 0.2171412046862041
0.46900000000000003 0.21675165617237463
0.47000000000000003 0.21636301237856148
0.47100000000000003 0.21597527034353092
0.47200000000000003 0.21558842712033277
0.47300000000000003 0.2152024797768805
0.47400000000000003 0.21481742539538104
0.47500000000000003 0.21443326107246896
0.47600000000000003 0.21404998391879357
0.47700000000000004 0.2136675910595285
0.47800000000000004 0.21328607963375587
0.47900000000000004 0.21290544679476053
0.48000000000000004 0.21252568970935667
0.48100000000000004 0.21214680555858031
0.48200000000000004 0.21176879153731176
0.48300000000000004 0.21139164485368983
0.48400000000000004 0.21101536272992877
0.485 0.21063994240155937
0.486 0.21026538111750093
0.487 0.2098916761402163
0.488 0.2095188247453273
0.489 0.20914682422193331
0.49 0.20877567187191926
0.491 0.20840536501055434
0.492 0.20803590096591926
0.493 0.20766727707918323
0.494 0.2072994907041458
0.495 0.20693253920765095
0.496 0.2065664199691135
0.497 0.20620113038044702
0.498 0.20583666784642338
0.499 0.20547302978416118
0.5 0.20511021362310428
0.501 0.20474821680514046
0.502 0.20438703678458517
0.503 0.20402667102767774
0.504 0.2036671170131274
0.505 0.20330837223132944
0.506 0.20295043418507722
0.507 0.20259330038899637
0.508 0.2022369683693879
0.509 0.2018814356645969
0.51 0.2015266998247248
0.511 0.20117275841134225
0.512 0.20081960899782203
0.513 0.20046724916901842
0.514 0.2001156765214152
0.515 0.19976488866270378
0.516 0.19941488321213258
0.517 0.1990656578000516
0.518 0.19871721006833168
0.519 0.1983695376696881
0.52 0.19802263826837568
0.521 0.19767650953927393
0.522 0.19733114916861702
0.523 0.19698655485330901
0.524 0.19664272430131502
0.525 0.19629962214230984
0.526 0.19595723843013055
0.527 0.1956156077197804
0.528 0.19527472772105622
0.529 0.1949345961042847
0.53 0.1945952105493035
0.531 0.19425656874585978
0.532 0.19391866839322783
0.533 0.1935815072001282
0.534 0.1932450828851216
0.535 0.19290939317576
0.536 0.19257443580962436
0.537 0.1922402085331265
0.538 0.19190670910222904
0.539 0.19157393528215758
0.54 0.19124188484732307
0.541 0.19091055558113992
0.542 0.19057994527640634
0.543 0.19025005173472426
0.544 0.18992087276698302
0.545 0.18959240619256504
0.546 0.18926464984032906
0.547 0.18893760154749645
0.548 0.1886112591604399
0.549 0.1882856205339728
0.55 0.1879606835320919
0.551 0.18763644602687826
0.552 0.1873129058994853
0.553 0.18699006103931723
0.554 0.18666790934456318
0.555 0.1863464487217705
0.556 0.18602567708582232
0.557 0.18570559236013565
0.558 0.18538619247651264
0.559 0.1850674753746869
0.56 0.1847494390030433
0.561 0.18443208131815716
0.562 0.1841154002843136
0.5630000000000001 0.18379939387451535
0.5640000000000001 0.1834840600692912
0.5650000000000001 0.18316939685769656
0.5660000000000001 0.18285540223637461
0.5670000000000001 0.18254207421016538
0.5680000000000001 0.18222941079155175
0.5690000000000001 0.1819174100011442
0.5700000000000001 0.18160606986725167
0.5710000000000001 0.1812953884258809
0.5720000000000001 0.18098536372098623
0.5730000000000001 0.18067599380401855
0.5740000000000001 0.18036727673394035
0.5750000000000001 0.180059210577861
0.5760000000000001 0.17975179340992375
0.5770000000000001 0.17944502331199666
0.5780000000000001 0.1791388983734914
0.5790000000000001 0.17883341669120184
0.5800000000000001 0.1785285763694633
0.5810000000000001 0.17822437551953854
0.582 0.1779208122608161
0.583 0.17761788471919193
0.584 0.1773155910283289
0.585 0.17701392932876242
0.586 0.17671289776866572
0.587 0.17641249450275426
0.588 0.1761127176934439
0.589 0.17581356550967478
0.59 0.17551503612803526
0.591 0.17521712773154807
0.592 0.17491985918817837
0.593 0.1746232344967821
0.594 0.17432722793319416
0.595 0.17403183771425731
0.596 0.17373706211647838
0.597 0.17344289942360222
0.598 0.17314934792670386
0.599 0.17285640592399665
0.6 0.17256407172101743
0.601 0.17227234363051377
0.602 0.1719812199722018
0.603 0.17169069907273865
0.604 0.1714007792664736
0.605 0.17111145889413285
0.606 0.1708227363036915
0.607 0.17053460985026614
0.608 0.170247077895569
0.609 0.16996013880849029
0.61 0.16967379096457108
0.611 0.16938803274638464
0.612 0.16910286254325307
0.613 0.1688182787510004
0.614 0.1685342797727853
0.615 0.16825086401783917
0.616 0.16796802990238208
0.617 0.1676857758494259
0.618 0.16740410028808647
0.619 0.16712300165465735
0.62 0.16684247839168767
0.621 0.16656252894824447
0.622 0.16628315177983435
0.623 0.1660043453486449
0.624 0.1657261081231418
0.625 0.16544843857814928
0.626 0.16517133519512658
0.627 0.164894796461448
0.628 0.16461882087142923
0.629 0.1643434069246864
0.63 0.16406855312841898
0.631 0.16379425799473557
0.632 0.16352052004302794
0.633 0.1632473377980988
0.634 0.16297470979135953
0.635 0.16270263455997258
0.636 0.16243111064769405
0.637 0.16216013660379422
0.638 0.1618897109840118
0.639 0.16161983234969765
0.64 0.16135049926868755
0.641 0.16108171031432547
0.642 0.16081346406605507
0.643 0.16054575910923802
0.644 0.1602785940352552
0.645 0.16001196744096827
0.646 0.15974587792945882
0.647 0.15948032410925903
0.648 0.15921530459511882
0.649 0.15895081800700953
0.65 0.15868686297109502
0.651 0.1584234381189464
0.652 0.15816054208796418
0.653 0.1578981735209051
0.654 0.15763633106683286
0.655 0.15737501337957185
0.656 0.15711421911915444
0.657 0.15685394695081104
0.658 0.15659419554540732
0.659 0.15633494350296365
0.66 0.15607618286866393
0.661 0.15581793647883296
0.662 0.1555602030450805
0.663 0.15530298120721617
0.664 0.15504626960912912
0.665 0.15479006690029412
0.666 0.1545343717344294
0.667 0.15427918277064026
0.668 0.15402449867223036
0.669 0.15377031810761627
0.67 0.15351663974984683
0.671 0.15326346227658566
0.672 0.15301078437036678
0.673 0.15275860471828076
0.674 0.15250692201200727
0.675 0.15225573494794822
0.676 0.15200504222716751
0.677 0.15175484255510233
0.678 0.15150513464184834
0.679 0.15125591720226375
0.68 0.15100718895525564
0.681 0.15075894862470987
0.682 0.15051119493872478
0.683 0.15026392662986449
0.684 0.1500171424353022
0.685 0.14977084109634314
0.686 0.14952502135898046
0.687 0.14927968197353708
0.6880000000000001 0.14903482169439916
0.6890000000000001 0.14879043928081695
0.6900000000000001 0.14854653349585273
0.6910000000000001 0.14830310310717115
0.6920000000000001 0.14806014688663977
0.6930000000000001 0.14781766361032972
0.6940000000000001 0.1475756520587322
0.6950000000000001 0.14733411101642968
0.6960000000000001 0.14709303927213924
0.6970000000000001 0.14685243561890537
0.6980000000000001 0.14661229885398808
0.6990000000000001 0.14637262777857188
0.7000000000000001 0.1461334211983805
0.7010000000000001 0.14589467792270303
0.7020000000000001 0.14565639676530104
0.7030000000000001 0.14541857654411688
0.7040000000000001 0.1451812160807175
0.7050000000000001 0.14494431420118034
0.7060000000000001 0.14470786973532807
0.7070000000000001 0.14447188151704396
0.7080000000000001 0.14423634838433283
0.709 0.1440012691790638
0.71 0.14376664274691953
0.711 0.14353246793783997
0.712 0.14329874360561481
0.713 0.14306546860770553
0.714 0.14283264180555555
0.715 0.14260026206486542
0.716 0.14236832825460882
0.717 0.1421368392479599
0.718 0.14190579392192584
0.719 0.14167519115707103
0.72 0.14144502983800752
0.721 0.14121530885312386
0.722 0.14098602709428149
0.723 0.14075718345732344
0.724 0.14052877684198278
0.725 0.14030080615132914
0.726 0.1400732789278945
0.727 0.1398461973804395
0.728 0.1396195496335377
0.729 0.13939333458305175
0.73 0.1391675511770208
0.731 0.1389421983664705
0.732 0.13871727510700838
0.733 0.13849278035753806
0.734 0.13826871308089742
0.735 0.13804507224402213
0.736 0.13782185681712178
0.737 0.13759906577468423
0.738 0.13737669809462053
0.739 0.1371547527585584
0.74 0.13693322875219877
0.741 0.13671212506442568
0.742 0.1364914406883637
0.743 0.13627117462033717
0.744 0.13605132586074262
0.745 0.1358318934133229
0.746 0.135612876285637
0.747 0.1353942734886956
0.748 0.13517608403743342
0.749 0.13495830694996122
0.75 0.13474094124840139
0.751 0.1345239859579446
0.752 0.1343074401078426
0.753 0.13409130273064715
0.754 0.13387557286235993
0.755 0.13366024954272115
0.756 0.13344533181462154
0.757 0.1332308187249745
0.758 0.13301670932358714
0.759 0.13280300266403938
0.76 0.13258969780351937
0.761 0.1323767938021066
0.762 0.13216428972398245
0.763 0.13195218463612546
0.764 0.13174047760930302
0.765 0.13152916771762
0.766 0.1313182540382763
0.767 0.13110773565226025
0.768 0.1308976116434838
0.769 0.13068788109951993
0.77 0.13047854311105514
0.771 0.13026959677217387
0.772 0.13006104118031234
0.773 0.12985287543603452
0.774 0.1296450986432908
0.775 0.12943770990939074
0.776 0.1292307083445315
0.777 0.12902409306267196
0.778 0.1288178631805255
0.779 0.1286120178181907
0.78 0.12840655609915655
0.781 0.12820147714972477
0.782 0.12799678009977744
0.783 0.1277924640820481
0.784 0.12758852823268188
0.785 0.12738497169055954
0.786 0.12718179359839882
0.787 0.12697899310119753
0.788 0.1267765693476376
0.789 0.1265745214894649
0.79 0.12637284868136464
0.791 0.12617155008091566
0.792 0.1259706248493064
0.793 0.12577005349647075
0.794 0.12556982707893813
0.795 0.12536996896471717
0.796 0.125170478408638
0.797 0.12497135452920533
0.798 0.1247725964472643
0.799 0.12457420328605281
0.8 0.124376174171384
0.801 0.12417850823147768
0.802 0.12398120459678703
0.803 0.12378426240072904
0.804 0.12358768077842303
0.805 0.12339145886804262
0.806 0.12319559580966945
0.807 0.12300009074618015
0.808 0.12280494282251518
0.809 0.12261015118607084
0.81 0.12241571498681733
0.811 0.12222163337664804
0.812 0.12202790551013976
0.8130000000000001 0.1218345305442551
0.8140000000000001 0.12164150763785109
0.8150000000000001 0.12144883595247266
0.8160000000000001 0.12125651465200589
0.8170000000000001 0.1210645429023971
0.8180000000000001 0.12087291987185066
0.8190000000000001 0.12068164473103013
0.8200000000000001 0.12049071665296794
0.8210000000000001 0.12030013481251109
0.8220000000000001 0.12010989838730682
0.8230000000000001 0.11992000655662327
0.8240000000000001 0.11973045850275091
0.8250000000000001 0.11954125340932702
0.8260000000000001 0.11935239046283348
0.8270000000000001 0.11916386885172238
0.8280000000000001 0.11897568776676025
0.8290000000000001 0.11878784640063428
0.8300000000000001 0.11860034394844135
0.8310000000000001 0.1184131796074702
0.8320000000000001 0.11822635257701711
0.8330000000000001 0.11803986205856994
0.8340000000000001 0.11785370725594319
0.8350000000000001 0.11766788737488625
0.8360000000000001 0.1174824016231856
0.8370000000000001 0.11729724921110384
0.838 0.11711242935056838
0.839 0.11692794125615794
0.84 0.11674378414397336
0.841 0.11655995723247525
0.842 0.11637645974242099
0.843 0.11619329089612898
0.844 0.1160104499184365
0.845 0.11582793603590635
0.846 0.1156457484775689
0.847 0.11546388647376488
0.848 0.11528234925791145
0.849 0.11510113606427154
0.85 0.11492024613021878
0.851 0.11473967869425972
0.852 0.11455943299748352
0.853 0.11437950828267389
0.854 0.11419990379463849
0.855 0.11402061878031229
0.856 0.11384165248846097
0.857 0.1136630041697883
0.858 0.11348467307716603
0.859 0.1133066584649416
0.86 0.11312897676546405
0.861 0.11295163563959232
0.862 0.11277461122877999
0.863 0.11259790268102673
0.864 0.11242150931526936
0.865 0.11224543045278831
0.866 0.11206966541723778
0.867 0.11189421353475726
0.868 0.11171907413363578
0.869 0.11154424654481156
0.87 0.11136973010132552
0.871 0.111195524138933
0.872 0.1110216279953158
0.873 0.11084804101084024
0.874 0.1106747625281239
0.875 0.11050179189198799
0.876 0.11032912844966371
0.877 0.11015677155073787
0.878 0.10998472054712412
0.879 0.1098129747929373
0.88 0.10964153364463526
0.881 0.10947039646099087
0.882 0.10929956260306067
0.883 0.10912903143414808
0.884 0.10895880231988359
0.885 0.10878887462794867
0.886 0.10861924772866077
0.887 0.10844992099414985
0.888 0.10828089379923093
0.889 0.10811216552053818
0.89 0.10794373553729528
0.891 0.10777560323056418
0.892 0.10760776798415811
0.893 0.10744022918350807
0.894 0.1072729862165289
0.895 0.10710603847353928
0.896 0.10693938534655957
0.897 0.10677302623035313
0.898 0.10660696052123339
0.899 0.10644118761835046
0.9 0.10627570692253398
0.901 0.10611051783693168
0.902 0.105945619766776
0.903 0.10578101211977302
0.904 0.10561669430517467
0.905 0.10545266573497272
0.906 0.10528892582276944
0.907 0.10512547398469894
0.908 0.10496230963886385
0.909 0.1047994322052981
0.91 0.10463684110643898
0.911 0.10447453576658884
0.912 0.10431251561230344
0.913 0.10415078007212217
0.914 0.10398932857664142
0.915 0.10382816055880661
0.916 0.10366727545294827
0.917 0.10350667269634026
0.918 0.10334635172777513
0.919 0.103186311988201
0.92 0.103026552920541
0.921 0.10286707397001138
0.922 0.10270787458348049
0.923 0.10254895421030825
0.924 0.10239031230132514
0.925 0.1022319483099115
0.926 0.1020738616911284
0.927 0.1019160360800895
0.928 0.1017584623089801
0.929 0.10160116192712497
0.93 0.10144413454456828
0.931 0.101287379574991
0.932 0.10113089643313765
0.933 0.10097468453574444
0.934 0.10081874330051135
0.935 0.10066307214711125
0.936 0.10050767049641443
0.937 0.10035253777084095
0.9380000000000001 0.10019767339425201
0.9390000000000001 0.10004307679198755
0.9400000000000001 0.09988874739101629
0.9410000000000001 0.09973468461937654
0.9420000000000001 0.09958088790703556
0.9430000000000001 0.09942735668503014
0.9440000000000001 0.09927409038593124
0.9450000000000001 0.09912108844395644
0.9460000000000001 0.09896835029445372
0.9470000000000001 0.09881587537440842
0.9480000000000001 0.09866366312215638
0.9490000000000001 0.09851171297734261
0.9500000000000001 0.09836002438141736
0.9510000000000001 0.09820859677662461
0.9520000000000001 0.09805742960722441
0.9530000000000001 0.09790652231842507
0.9540000000000001 0.09775587435710055
0.9550000000000001 0.09760548517142384
0.9560000000000001 0.0974553542109295
0.9570000000000001 0.09730548092650777
0.9580000000000001 0.09715586477058878
0.9590000000000001 0.09700650519684699
0.9600000000000001 0.09685740166023307
0.9610000000000001 0.09670855361734217
0.9620000000000001 0.09655996052579756
0.9630000000000001 0.09641162184479239
0.9640000000000001 0.09626353703493454
0.965 0.09611570555792726
0.966 0.09596812687695762
0.967 0.09582080045657719
0.968 0.09567372576270991
0.969 0.09552690226241718
0.97 0.09538032942425918
0.971 0.09523400671809279
0.972 0.0950879336149574
0.973 0.09494210958753506
0.974 0.09479653410925601
0.975 0.09465120665546838
0.976 0.09450612670246272
0.977 0.09436129372780742
0.978 0.09421670721062089
0.979 0.09407236663106022
0.98 0.09392827147060466
0.981 0.09378442121204383
0.982 0.09364081533975938
0.983 0.09349745333868516
0.984 0.0933543346956578
0.985 0.09321145889856325
0.986 0.09306882543657784
0.987 0.09292643379996478
0.988 0.09278428348047693
0.989 0.0926423739710393
0.99 0.09250070476564591
0.991 0.09235927535984102
0.992 0.09221808525023019
0.993 0.09207713393461608
0.994 0.09193642943153774
0.995 0.0917959763786421
0.996 0.09165576194781073
0.997 0.09151578553671573
0.998 0.09137604667798903
0.999 0.09123654490543953
1.0 0.0910972797547233
1.001 0.0909582507626417
1.002 0.09081945746774399
1.003 0.0906808994096828
1.004 0.09054257612994096
1.005 0.09040448717116711
1.006 0.09026663207768627
1.007 0.09012901039515449
1.008 0.08999162167059799
1.009 0.08985446545260578
1.01 0.08971754129111623
1.011 0.08958084873758344
1.012 0.08944438734483628
1.013 0.08930815666703397
1.014 0.08917215625994092
1.015 0.0890363856806591
1.016 0.08890084448752941
1.017 0.08876553224069413
1.018 0.08863044850130215
1.019 0.08849559283203237
1.02 0.0883609647972115
1.021 0.0882265639621063
1.022 0.08809238989375694
1.023 0.0879584421603428
1.024 0.08782472033167033
1.025 0.08769122397855876
1.026 0.08755795267371154
1.027 0.08742490599070162
1.028 0.0872920835048179
1.029 0.08715948479260394
1.0299999999999998 0.08702710943190974
1.031 0.08689495700190154
1.0319999999999998 0.08676302708333652
1.033 0.08663131925823733
1.0339999999999998 0.08649983310965524
1.035 0.08636856822257757
1.0359999999999998 0.0862375241828141
1.037 0.08610670057763917
1.0379999999999998 0.08597609699609292
1.039 0.08584571302774444
1.0399999999999998 0.08571554826432018
1.041 0.08558560229829962
1.0419999999999998 0.08545587472368793
1.043 0.08532636513600073
1.0439999999999998 0.0851970731315399
1.045 0.08506799830854196
1.0459999999999998 0.08493914026630088
1.047 0.08481049860518751
1.0479999999999998 0.0846820729271954
1.049 0.08455386283549199
1.0499999999999998 0.08442586793462747
1.051 0.08429808783034044
1.0519999999999998 0.08417052212965422
1.053 0.08404317044099206
1.0539999999999998 0.0839160323741022
1.055 0.08378910753976666
1.0559999999999998 0.0836623955502454
1.057 0.0835358960189811
1.0579999999999998 0.08340960856095998
1.059 0.08328353279202648
1.0599999999999998 0.08315766832957569
1.061 0.0830319992268225
1.0619999999999998 0.08290651479216683
1.063 0.08278123798778517
1.0639999999999998 0.08265616868253152
1.065 0.08253130644626279
1.0659999999999998 0.08240665084993946
1.067 0.08228220146492107
1.0679999999999998 0.0821579578634945
1.069 0.08203391961869555
1.0699999999999998 0.08191008630430734
1.071 0.08178645749481787
1.0719999999999998 0.08166303276534112
1.073 0.0815398116919003
1.0739999999999998 0.08141679385134347
1.075 0.0812939788208712
1.0759999999999998 0.081171366178755
1.077 0.08104895550372673
1.0779999999999998 0.08092674637566392
1.079 0.08080473837457237
1.0799999999999998 0.08068293108167501
1.081 0.0805613240787397
1.0819999999999999 0.08043991694793999
1.083 0.08031870927283284
1.0839999999999999 0.08019770063703982
1.085 0.0800768906252247
1.0859999999999999 0.0799562788226373
1.087 0.07983586481532874
1.0879999999999999 0.07971564818983727
1.089 0.07959562853372036
1.0899999999999999 0.07947580543493875
1.091 0.07935617848217398
1.0919999999999999 0.07923674726508406
1.093 0.07911751137363619
1.0939999999999999 0.07899847039863232
1.095 0.07887962393170761
1.0959999999999999 0.07876097156490239
1.097 0.07864251289112166
1.0979999999999999 0.0785242475038893
1.099 0.0784061749974113
1.0999999999999999 0.07828829496642206
1.101 0.07817060700681662
1.1019999999999999 0.07805311071435471
1.103 0.07793580568613735
1.1039999999999999 0.077818691519658
1.105 0.07770176781313282
1.1059999999999999 0.07758503416524581
1.107 0.0774684901756852
1.1079999999999999 0.07735213544440586
1.109 0.07723596957242423
1.1099999999999999 0.07711999216091177
1.111 0.07700420281214446
1.1119999999999999 0.07688860112882372
1.113 0.07677318671431543
1.1139999999999999 0.07665795917250287
1.115 0.07654291810817286
1.1159999999999999 0.07642806312661996
1.117 0.07631339383356911
1.1179999999999999 0.07619890983581687
1.119 0.0760846107403594
1.1199999999999999 0.07597049615499854
1.121 0.07585656568822141
1.1219999999999999 0.07574281894899751
1.123 0.07562925554704467
1.1239999999999999 0.07551587509266247
1.125 0.07540267719678115
1.126 0.0752896614705678
1.127 0.07517682752669051
1.128 0.0750641915816694
1.129 0.07495176526726299
1.13 0.07483952240760669
1.131 0.07472746228906606
1.132 0.07461558458528782
1.133 0.07450388897152758
1.134 0.0743923751238487
1.135 0.07428104271955165
1.136 0.07416989143714257
1.137 0.07405892095624446
1.138 0.07394813095752178
1.139 0.073837521122958
1.14 0.07372709113550398
1.141 0.07361684067930126
1.142 0.07350676943968128
1.143 0.07339687710302607
1.144 0.07328716335677778
1.145 0.0731776278898108
1.146 0.07306827039165908
1.147 0.07295909055330727
1.148 0.07285008806683643
1.149 0.07274126262529931
1.15 0.07263261392295459
1.151 0.07252414165521913
1.152 0.07241584551839624
1.153 0.07230772521019238
1.154 0.0721997804292525
1.155 0.0720920108753604
1.156 0.071984416249336
1.157 0.07187699625324744
1.158 0.07176975059005318
1.1589999999999998 0.0716626789641014
1.16 0.07155578108045846
1.1609999999999998 0.07144905664559817
1.162 0.07134250536690141
1.1629999999999998 0.07123612695289898
1.164 0.07112992111338722
1.1649999999999998 0.07102388755869683
1.166 0.07091802600102069
1.1669999999999998 0.07081233615291235
1.168 0.0707068177284773
1.1689999999999998 0.07060147044263186
1.17 0.07049629401153398
1.1709999999999998 0.07039128815227372
1.172 0.07028645258323528
1.1729999999999998 0.07018178702345967
1.174 0.07007729119354991
1.1749999999999998 0.06997296481486442
1.176 0.0698688076097872
1.1769999999999998 0.06976481930195269
1.178 0.06966099961603948
1.1789999999999998 0.06955734827769036
1.18 0.06945386501349723
1.1809999999999998 0.06935054955137601
1.182 0.06924740162014223
1.1829999999999998 0.06914442094958058
1.184 0.06904160727076865
1.1849999999999998 0.06893896031556818
1.186 0.06883647981701707
1.1869999999999998 0.06873416550921732
1.188 0.068632017127216
1.1889999999999998 0.06853003440724668
1.19 0.06842821708632571
1.1909999999999998 0.0683265649029458
1.192 0.06822507759601752
1.1929999999999998 0.06812375490607218
1.194 0.06802259657431464
1.1949999999999998 0.06792158812402836
1.196 0.06782071810698462
1.1969999999999998 0.06772000913374351
1.198 0.06761946129456084
1.1989999999999998 0.06751907428412128
1.2 0.06741884779780478
1.2009999999999998 0.0673187815312462
1.202 0.06721887518113459
1.2029999999999998 0.06711912844418158
1.204 0.06701954101783558
1.2049999999999998 0.0669201126001542
1.206 0.06682084288968852
1.2069999999999999 0.06672173158528032
1.208 0.06662277838656898
1.2089999999999999 0.0665239829937283
1.21 0.06642534510726317
1.2109999999999999 0.06632686442823484
1.212 0.06622854065840429
1.2129999999999999 0.06613037349980355
1.214 0.0660323626550368
1.2149999999999999 0.06593450782759999
1.216 0.06583680872077641
1.2169999999999999 0.06573926503904486
1.218 0.06564187648700713
1.2189999999999999 0.06554464276981325
1.22 0.0654475635934246
1.2209999999999999 0.06535063866387132
1.222 0.0652538676879251
1.2229999999999999 0.06515725037285454
1.224 0.06506078642638212
1.2249999999999999 0.06496447555673576
1.226 0.06486831747273465
1.2269999999999999 0.06477231188351555
1.228 0.06467645849885942
1.2289999999999999 0.06458075702901372
1.23 0.06448520718460421
1.2309999999999999 0.0643898086770143
1.232 0.06429456121772195
1.2329999999999999 0.064199464519209
1.234 0.06410451829390124
1.2349999999999999 0.06400972225513392
1.236 0.06391507611642318
1.2369999999999999 0.0638205795920253
1.238 0.06372623239652671
1.2389999999999999 0.06363203424501611
1.24 0.06353798485306159
1.2409999999999999 0.06344408393683829
1.242 0.06335033121286299
1.2429999999999999 0.06325672639795551
1.244 0.06316326920989557
1.2449999999999999 0.06306995936649995
1.246 0.06297679658623863
1.2469999999999999 0.06288378058794887
1.248 0.06279091109120578
1.2489999999999999 0.06269818781573072
1.25 0.06260561048187151
1.251 0.06251317881041574
1.252 0.062420892522624505
1.253 0.06232875134031004
1.254 0.06223675498547276
1.255 0.06214490318092352
1.256 0.06205319564973529
1.257 0.061961632115419815
1.258 0.06187021230208333
1.259 0.061778935934181975
1.26 0.06168780273652607
1.261 0.061596812434777715
1.262 0.06150597361546482
1.263 0.061415293557606984
1.264 0.06132475723976195
1.265 0.06123436413013788
1.266 0.06114411398951443
1.267 0.06105400657951464
1.268 0.06096404166205738
1.269 0.060874219000488394
1.27 0.06078453835830466
1.271 0.06069499950009753
1.272 0.06060560219131964
1.273 0.060516346197634366
1.274 0.06042723128609066
1.275 0.06033825722404213
1.276 0.06024942377992222
1.277 0.060160730722581005
1.278 0.06007217782182832
1.279 0.059983764848332566
1.28 0.05989549157305498
1.281 0.05980735776810244
1.282 0.05971936320640214
1.283 0.059631507661184795
1.284 0.05954379090678814
1.285 0.05945621271806065
1.2859999999999998 0.05936877287076885
1.287 0.05928147114139895
1.2879999999999998 0.05919430730699378
1.289 0.05910728114555157
1.2899999999999998 0.05902039243558418
1.291 0.058933640956539426
1.2919999999999998 0.0588470264884382
1.293 0.058760548812207894
1.2939999999999998 0.05867420770924368
1.295 0.058588002962029796
1.2959999999999998 0.05850193435325197
1.297 0.058416001666889504
1.2979999999999998 0.058330204687415954
1.299 0.058244543199753425
1.2999999999999998 0.058159016989963716
1.301 0.058073625844719264
1.3019999999999998 0.05798836955107722
1.303 0.05790324789741137
1.3039999999999998 0.057818260672309774
1.305 0.05773340766518961
1.3059999999999998 0.05764868866639292
1.307 0.05756410346687117
1.3079999999999998 0.05747965185802817
1.309 0.05739533363229073
1.3099999999999998 0.05731114858280387
1.311 0.057227096503173286
1.3119999999999998 0.05714317718800324
1.313 0.057059390432287235
1.3139999999999998 0.05697573603202554
1.315 0.05689221378380821
1.3159999999999998 0.05680882348486349
1.317 0.05672556493318104
1.3179999999999998 0.05664243792752063
1.319 0.05655944226713259
1.3199999999999998 0.0564765777522696
1.321 0.05639384418354885
1.3219999999999998 0.05631124136273544
1.323 0.05622876909168562
1.3239999999999998 0.05614642717344104
1.325 0.05606421541168615
1.3259999999999998 0.05598213361046843
1.327 0.05590018157483647
1.3279999999999998 0.05581835911067026
1.329 0.05573665157191357
1.3299999999999998 0.05565504547338605
1.331 0.05557356551087645
1.3319999999999999 0.0554922119951341
1.333 0.05541098468010786
1.3339999999999999 0.05532988331945982
1.335 0.05524890766729052
1.3359999999999999 0.05516805747780307
1.337 0.05508733250535528
1.3379999999999999 0.05500673250443596
1.339 0.05492625722954336
1.3399999999999999 0.05484590643576033
1.341 0.05476567987796468
1.3419999999999999 0.05468557731110339
1.343 0.054605598490826295
1.3439999999999999 0.0545257431723418
1.345 0.054446011111238125
1.3459999999999999 0.05436640206324424
1.347 0.05428691578460039
1.3479999999999999 0.05420755203088536
1.349 0.05412831055863278
1.3499999999999999 0.05404919112401492
1.351 0.05397019348373665
1.3519999999999999 0.05389131739430389
1.353 0.053812562612564736
1.3539999999999999 0.05373392889542513
1.355 0.05365541600005233
1.3559999999999999 0.053577023683732926
1.357 0.05349875170371855
1.3579999999999999 0.05342059981764972
1.359 0.05334256778321913
1.3599999999999999 0.05326465535815174
1.361 0.05318686230056865
1.3619999999999999 0.053109188368355556
1.363 0.05303163332002428
1.3639999999999999 0.052954196913672494
1.365 0.052876878908056986
1.3659999999999999 0.052799679061800914
1.367 0.05272259713365049
1.3679999999999999 0.052645632882533495
1.369 0.0525687860675898
1.3699999999999999 0.052492056448004594
1.371 0.05241544378308857
1.3719999999999999 0.052338947832480234
1.373 0.052262568355600524
1.3739999999999999 0.05218630511224145
1.375 0.05211015786237484
1.376 0.05203412636598775
1.377 0.05195821038317228
1.378 0.051882409674180834
1.379 0.051806723999622085
1.38 0.051731153119751086
1.381 0.05165569679537404
1.382 0.05158035478731256
1.383 0.05150512685644417
1.384 0.05143001276373028
1.385 0.05135501227043961
1.386 0.05128012513787645
1.387 0.051205351127419835
1.388 0.05113069000061912
1.389 0.051056141519052724
1.39 0.050981705444639064
1.391 0.05090738153925129
1.392 0.05083316956489591
1.393 0.05075906928369707
1.394 0.050685080457974346
1.395 0.05061120285006249
1.396 0.05053745287414878
1.397 0.050463846768316487
1.398 0.05039035463358387
1.399 0.05031697555157025
1.4 0.050243709350507815
1.401 0.05017055585994037
1.402 0.05009751490970409
1.403 0.05002458633089123
1.404 0.04995176995459141
1.405 0.049879065613347005
1.406 0.04980647314004473
1.407 0.049733992368415234
1.408 0.04966162313286035
1.409 0.049589365268533095
1.41 0.049517218611398295
1.411 0.049445182997961
1.412 0.04937325826575433
1.4129999999999998 0.04930144425274653
1.414 0.0492297407976537
1.4149999999999998 0.04915814774026225
1.416 0.04908666492049233
1.4169999999999998 0.04901529217963837
1.418 0.04894402935922438
1.4189999999999998 0.048872876301742786
1.42 0.04880183285033473
1.4209999999999998 0.04873089884879232
1.422 0.04866007414186163
1.4229999999999998 0.04858935857465211
1.424 0.04851875199341422
1.4249999999999998 0.04844825424466509
1.426 0.048377865176037656
1.4269999999999998 0.048307584635663224
1.428 0.04823741247230776
1.4289999999999998 0.04816734853584638
1.43 0.04809739267634971
1.4309999999999998 0.048027544744942995
1.432 0.04795780459350784
1.4329999999999998 0.04788817207427706
1.434 0.047818647040499186
1.4349999999999998 0.04774922934623235
1.436 0.04767991884582808
1.4369999999999998 0.04761071539471674
1.438 0.04754161884883344
1.4389999999999998 0.047472629065084496
1.44 0.0474037459006239
1.4409999999999998 0.047334969213788686
1.442 0.04726629886333503
1.4429999999999998 0.047197734708895586
1.444 0.04712927661058139
1.4449999999999998 0.04706092442944862
1.446 0.04699267802706532
1.4469999999999998 0.04692453726591906
1.448 0.046856502008960854
1.4489999999999998 0.04678857212003557
1.45 0.046720747463459146
1.4509999999999998 0.046653027904517815
1.452 0.046585413309170855
1.4529999999999998 0.046517903543739046
1.454 0.046450498475585286
1.4549999999999998 0.04638319797263364
1.456 0.04631600190379686
1.4569999999999999 0.046248910137923524
1.458 0.04618192254550862
1.4589999999999999 0.04611503899696389
1.46 0.04604825936396885
1.4609999999999999 0.04598158351853983
1.462 0.045915011333476294
1.4629999999999999 0.0458485300558779
1.464 0.0457821261585209
1.4649999999999999 0.0457158227738043
1.466 0.045649620380252734
1.4669999999999999 0.0455835188029539
1.468 0.045517517867094605
1.4689999999999999 0.04545161739856054
1.47 0.04538581722291238
1.4709999999999999 0.04532011716605794
1.472 0.045254517054387586
1.4729999999999999 0.045189016714075256
1.474 0.04512361597176732
1.4749999999999999 0.04505831465419248
1.476 0.044993112588391365
1.4769999999999999 0.04492800960141676
1.478 0.04486300552076398
1.4789999999999999 0.04479810017384241
1.48 0.04473329338858238
1.4809999999999999 0.04466858499283639
1.482 0.044603974814818606
1.4829999999999999 0.044539462682769496
1.484 0.04447504842541338
1.4849999999999999 0.044410731871289716
1.486 0.044346512849490344
1.4869999999999999 0.0442823911891147
1.488 0.04421836671940991
1.4889999999999999 0.04415443926995479
1.49 0.044090608670562234
1.4909999999999999 0.044026874750919785
1.492 0.043963237341228686
1.4929999999999999 0.04389969627187162
1.494 0.043836251373164256
1.4949999999999999 0.043772902475857606
1.496 0.043709649410915555
1.4969999999999999 0.04364649200907812
1.498 0.04358343010196428
1.4989999999999999 0.043520463520678766
1.5 0.04345759209710761
1.501 0.043394815662753605
1.502 0.043332134049961085
1.503 0.04326954709068174
1.504 0.043207054617163634
1.505 0.043144656462323225
1.506 0.043082352458521135
1.507 0.04302014243897011
1.508 0.042958026236615356
1.509 0.04289600368472696
1.51 0.042834074616920875
1.511 0.04277223886673361
1.512 0.04271049626801103
1.513 0.04264884665490547
1.514 0.04258728986145614
1.515 0.042525825722121886
1.516 0.04246445407148463
1.517 0.04240317474429973
1.518 0.04234198757545275
1.519 0.04228089240013398
1.52 0.04221988905351413
1.521 0.04215897737115507
1.522 0.042098157188659745
1.523 0.042037428341986385
1.524 0.0419767906668705
1.525 0.0419162439996823
1.526 0.04185578817687621
1.527 0.041795423034750256
1.528 0.04173514841015955
1.529 0.041674964139952204
1.53 0.0416148733974022
1.531 0.0415548798090459
1.532 0.041494976859349
1.533 0.041435164201515946
1.534 0.04137544168729006
1.535 0.04131580916843629
1.536 0.04125626649744354
1.537 0.04119681352668273
1.538 0.041137450109071695
1.539 0.04107817609784822
1.54 0.04101899134646189
1.541 0.0409598957085691
1.5419999999999998 0.040900889038430144
1.543 0.0408419711902501
1.5439999999999998 0.040783142018791047
1.545 0.040724401379120236
1.5459999999999998 0.04066574912635168
1.547 0.04060718511614036
1.5479999999999998 0.04054870920446938
1.549 0.04049032124727248
1.5499999999999998 0.04043202110138904
1.551 0.04037380862328638
1.5519999999999998 0.0403156836701424
1.553 0.04025764609940207
1.5539999999999998 0.04019969576867606
1.555 0.04014183253592001
1.5559999999999998 0.04008405625951978
1.557 0.04002636679788798
1.5579999999999998 0.03996876400990054
1.559 0.03991124775490069
1.5599999999999998 0.03985381789210485
1.561 0.039796474281378946
1.5619999999999998 0.03973921678283263
1.563 0.03968204525658241
1.5639999999999998 0.039624959563530515
1.565 0.039567959564297844
1.5659999999999998 0.03951104512040293
1.567 0.039454216093144215
1.5679999999999998 0.03939747234441811
1.569 0.039340813736251055
1.5699999999999998 0.03928424013111083
1.571 0.039227751391538626
1.5719999999999998 0.039171347380711374
1.573 0.039115027961693666
1.5739999999999998 0.03905879299806269
1.575 0.03900264235368538
1.5759999999999998 0.038946575892651915
1.577 0.038890593479542816
1.5779999999999998 0.03883469497881852
1.579 0.03877888025544755
1.5799999999999998 0.038723149174977906
1.581 0.038667501602870566
1.5819999999999999 0.03861193740473334
1.583 0.03855645644696491
1.5839999999999999 0.038501058595960584
1.585 0.03844574371829073
1.5859999999999999 0.03839051168112843
1.587 0.038335362351557094
1.5879999999999999 0.03828029559730587
1.589 0.0382253112861547
1.5899999999999999 0.03817040928618588
1.591 0.03811558946587217
1.5919999999999999 0.038060851693913794
1.593 0.03800619583924632
1.5939999999999999 0.03795162177123602
1.595 0.03789712935925744
1.5959999999999999 0.037842718473251956
1.597 0.03778838816735482
1.5979999999999999 0.037734137321771395
1.599 0.03767996741403454
1.5999999999999999 0.03762587836618382
1.601 0.03757187004653428
1.6019999999999999 0.037517942322755904
1.603 0.037464095063275034
1.6039999999999999 0.03741032813640341
1.605 0.037356641410887015
1.6059999999999999 0.037303034755846634
1.607 0.037249508040308535
1.6079999999999999 0.037196061133852834
1.609 0.03714269390606507
1.6099999999999999 0.037089406227051445
1.611 0.03703619796680845
1.6119999999999999 0.03698306899595895
1.613 0.03693001918496892
1.6139999999999999 0.036877048404941215
1.615 0.036824156526951556
1.6159999999999999 0.03677134342239639
1.617 0.03671860896294363
1.6179999999999999 0.03666595302050775
1.619 0.03661337546701568
1.6199999999999999 0.036560876175102966
1.621 0.03650845501725593
1.6219999999999999 0.03645611186630774
1.623 0.03640384659530284
1.6239999999999999 0.03635165907760777
1.625 0.0362995491869007
1.626 0.036247516796745385
1.627 0.036195561781394756
1.628 0.03614368401497389
1.629 0.036091883372115996
1.63 0.03604015972748383
1.631 0.035988512956155565
1.632 0.03593694293324346
1.633 0.03588544953423084
1.634 0.03583403263499383
1.635 0.03578269211123774
1.636 0.0357314278393131
1.637 0.03568023969544236
1.638 0.03562912755645724
1.639 0.03557809129902519
1.64 0.035527130800461354
1.641 0.035476245938050814
1.642 0.03542543658924791
1.643 0.03537470263204451
1.644 0.03532404394431769
1.645 0.03527346040452369
1.646 0.03522295189096913
1.647 0.035172518282684355
1.648 0.035122159458190604
1.649 0.03507187529725347
1.65 0.03502166567887986
1.651 0.03497153048290627
1.652 0.03492146958922307
1.653 0.03487148287791387
1.654 0.03482157022941185
1.655 0.03477173152432309
1.656 0.034721966643342296
1.657 0.03467227546767954
1.658 0.03462265787846359
1.659 0.03457311375731031
1.66 0.0345236429858917
1.661 0.03447424544626379
1.662 0.034424921020550114
1.663 0.03437566959108788
1.664 0.034326501973958035
1.665 0.03427743180050952
1.666 0.03422843633391543
1.667 0.03417951458045908
1.668 0.03413066639286899
1.669 0.03408189162369484
1.67 0.034033190125927246
1.6709999999999998 0.03398456175235929
1.672 0.03393600635614616
1.6729999999999998 0.033887523790181305
1.674 0.03383911390769843
1.6749999999999998 0.03379077656210314
1.676 0.03374251160661597
1.6769999999999998 0.033694318894653054
1.678 0.033646198279680906
1.6789999999999998 0.033598149615523334
1.68 0.033550172755671355
1.6809999999999998 0.033502267553869966
1.682 0.03345443386417388
1.6829999999999998 0.03340667154030798
1.684 0.03335898043656977
1.6849999999999998 0.03331136040664313
1.686 0.03326381130513493
1.6869999999999998 0.03321633298615603
1.688 0.03316892530408503
1.6889999999999998 0.03312158811317536
1.69 0.03307432126840858
1.6909999999999998 0.033027124623839714
1.692 0.032979998034512334
1.6929999999999998 0.032932941355138745
1.694 0.03288595444053453
1.6949999999999998 0.03283903714555169
1.696 0.03279218932547582
1.6969999999999998 0.032745410834985306
1.698 0.032698701529618235
1.6989999999999998 0.03265206126448162
1.7 0.03260548989487167
1.7009999999999998 0.032558987276319916
1.702 0.03251255326420305
1.7029999999999998 0.03246618771422712
1.704 0.03241989048191179
1.7049999999999998 0.032373661423077904
1.706 0.03232750039342573
1.7069999999999999 0.0322814072491189
1.708 0.032235381845726545
1.7089999999999999 0.032189424039591616
1.71 0.032143533686723604
1.7109999999999999 0.03209771064344272
1.712 0.032051954765770725
1.7129999999999999 0.03200626591026594
1.714 0.03196064393347798
1.7149999999999999 0.0319150886915385
1.716 0.03186960004144245
1.7169999999999999 0.031824177839438354
1.718 0.03177882194272399
1.7189999999999999 0.031733532207656207
1.72 0.03168830849146159
1.7209999999999999 0.03164315065096321
1.722 0.03159805854315095
1.7229999999999999 0.03155303202526228
1.724 0.031508070954471896
1.7249999999999999 0.031463175187924367
1.726 0.031418344582991066
1.7269999999999999 0.03137357899714269
1.728 0.03132887828786482
1.7289999999999999 0.031284242312637905
1.73 0.031239670929236563
1.7309999999999999 0.031195163995116893
1.732 0.031150721368334095
1.7329999999999999 0.031106342906497195
1.734 0.03106202846770682
1.7349999999999999 0.031017777909879495
1.736 0.03097359109104587
1.7369999999999999 0.030929467869373034
1.738 0.030885408103085443
1.7389999999999999 0.030841411650492936
1.74 0.030797478369868105
1.7409999999999999 0.03075360811959897
1.742 0.03070980075832092
1.7429999999999999 0.030666056144506782
1.744 0.03062237413679526
1.7449999999999999 0.030578754593878238
1.746 0.030535197374549124
1.7469999999999999 0.030491702337580886
1.748 0.03044826934203531
1.7489999999999999 0.030404898246752545
1.75 0.03036158891075955
1.751 0.03031834119339281
1.752 0.030275154953623016
1.753 0.030232030050671918
1.754 0.030188966343991982
1.755 0.030145963693012347
1.756 0.030103021957018684
1.757 0.030060140995661757
1.758 0.030017320668577794
1.759 0.02997456083523652
1.76 0.02993186135555823
1.761 0.029889222089167028
1.762 0.029846642896059837
1.763 0.029804123636115603
1.764 0.029761664169362226
1.765 0.029719264355675346
1.766 0.02967692405550742
1.767 0.029634643128701673
1.768 0.029592421435775743
1.769 0.02955025883684612
1.77 0.029508155192447275
1.771 0.029466110362910174
1.772 0.02942412420894154
1.773 0.029382196590901497
1.774 0.029340327369488255
1.775 0.029298516405426633
1.776 0.02925676355958555
1.777 0.029215068692587987
1.778 0.02917343166559477
1.779 0.02913185233921126
1.78 0.029090330574882063
1.781 0.029048866233324793
1.782 0.02900745917587276
1.783 0.02896610926368286
1.784 0.028924816358142653
1.785 0.028883580320403973
1.786 0.028842401011933888
1.787 0.028801278294260275
1.788 0.028760212028765022
1.789 0.028719202077119817
1.79 0.028678248301072767
1.791 0.028637350561987657
1.792 0.02859650872204221
1.793 0.028555749719069226
1.794 0.028515167420564924
1.795 0.028474658720843808
1.796 0.0284342095277555
1.797 0.02839381974070389
1.7979999999999998 0.028353489258872117
1.799 0.028313217981717344
1.7999999999999998 0.028273005808642695
1.801 0.028232852639255623
1.8019999999999998 0.02819275837292423
1.803 0.0281527229092913
1.8039999999999998 0.02811274614808352
1.805 0.028072827989072596
1.8059999999999998 0.028032968331625562
1.807 0.02799316707598632
1.8079999999999998 0.027953424121836178
1.809 0.027913739369123346
1.8099999999999998 0.027874112717742122
1.811 0.027834544067839365
1.8119999999999998 0.02779503331930708
1.813 0.027755580372439234
1.8139999999999998 0.027716185127297153
1.815 0.027676847484250356
1.8159999999999998 0.02763756734338469
1.817 0.02759834460525248
1.8179999999999998 0.027559179169992558
1.819 0.027520070938281436
1.8199999999999998 0.027481019810425472
1.821 0.02744202568707434
1.8219999999999998 0.02740308846873671
1.823 0.027364208056078313
1.8239999999999998 0.02732538434981678
1.825 0.02728661725070454
1.8259999999999998 0.02724790665940982
1.827 0.027209252476950514
1.8279999999999998 0.0271706546041025
1.829 0.027132112941797182
1.8299999999999998 0.027093627391125436
1.831 0.027055197853089533
1.8319999999999999 0.027016824228707565
1.833 0.026978506419080724
1.8339999999999999 0.026940244325684207
1.835 0.02690203784935923
1.8359999999999999 0.026863886891758035
1.837 0.026825791353869817
1.8379999999999999 0.026787751137437286
1.839 0.02674976614361856
1.8399999999999999 0.026711836274024122
1.841 0.026673961430195462
1.8419999999999999 0.02663614151353149
1.843 0.02659837642586331
1.8439999999999999 0.026560666068872207
1.845 0.026523010344148095
1.8459999999999999 0.026485409153453394
1.847 0.026447862398745414
1.8479999999999999 0.026410369981795558
1.849 0.02637293180449801
1.8499999999999999 0.026335547768847556
1.851 0.026298217776932795
1.8519999999999999 0.026260941730627298
1.853 0.02622371953212765
1.8539999999999999 0.02618655108368735
1.855 0.026149436287230293
1.8559999999999999 0.02611237504525361
1.857 0.026075367259866717
1.8579999999999999 0.026038412833572788
1.859 0.02600151166856639
1.8599999999999999 0.025964663667427935
1.861 0.02592786873245051
1.8619999999999999 0.025891126766349144
1.863 0.02585443767150743
1.8639999999999999 0.025817801350645223
1.865 0.025781217706415845
1.8659999999999999 0.02574468664140004
1.867 0.025708208058383954
1.8679999999999999 0.02567178186032455
1.869 0.025635407949682037
1.8699999999999999 0.025599086229746146
1.871 0.02556281660311597
1.8719999999999999 0.025526598972962326
1.873 0.025490433242216195
1.8739999999999999 0.025454319313807254
1.875 0.02541825709099789
1.876 0.025382246476984276
1.877 0.025346287374658005
1.878 0.025310379687410203
1.879 0.025274523318727447
1.88 0.025238718171593594
1.881 0.025202964149381054
1.882 0.025167261155804577
1.883 0.025131609093914334
1.884 0.025096007867439082
1.885 0.025060457379829686
1.886 0.025024957534627836
1.887 0.0249895082355988
1.888 0.024954109386168558
1.889 0.02491876089020084
1.89 0.024883462651349626
1.891 0.024848214573376083
1.892 0.024813016560261494
1.893 0.024777868515707863
1.894 0.02474277034362924
1.895 0.024707721948054137
1.896 0.02467272323292162
1.897 0.024637774102265017
1.898 0.024602874460198616
1.899 0.024568024210737074
1.9 0.024533223258077785
1.901 0.024498471506516458
1.902 0.02446376886016047
1.903 0.02442911522328705
1.904 0.024394510500234157
1.905 0.02435995459549655
1.906 0.024325447413213498
1.907 0.02429098885802374
1.908 0.024256578834254503
1.909 0.02422221724660357
1.91 0.024187903999419887
1.911 0.024153638997444667
1.912 0.024119422145292734
1.913 0.024085253347583782
1.914 0.024051132509061234
1.915 0.02401705953446612
1.916 0.02398303432863546
1.917 0.02394905679634408
1.918 0.023915126842479283
1.919 0.023881244371936367
1.92 0.02384740928977966
1.921 0.023813621500760447
1.922 0.02377988670598844
1.923 0.023746258605654706
1.924 0.023712694664190504
1.9249999999999998 0.023679179511778867
1.926 0.02364571306801784
1.9269999999999998 0.02361229525205606
1.928 0.02357892598344625
1.9289999999999998 0.023545605181553558
1.93 0.02351233276590355
1.9309999999999998 0.02347910865586688
1.932 0.023445932771150566
1.9329999999999998 0.023412805031260468
1.934 0.023379725355725016
1.9349999999999998 0.023346693664328757
1.936 0.023313709876714054
1.9369999999999998 0.023280773912594317
1.938 0.023247885691716864
1.9389999999999998 0.023215045133845202
1.94 0.02318225215886897
1.9409999999999998 0.023149506686613273
1.942 0.023116808636967558
1.9429999999999998 0.023084157929898798
1.944 0.02305155448529216
1.9449999999999998 0.023018998223271598
1.946 0.022986489063771036
1.9469999999999998 0.02295402692679485
1.948 0.022921611732712528
1.9489999999999998 0.02288924340139676
1.95 0.022856921853141504
1.9509999999999998 0.022824647008074586
1.952 0.022792418786558064
1.9529999999999998 0.022760237108765315
1.954 0.022728101894984126
1.9549999999999998 0.022696013065691887
1.956 0.02266397054112006
1.9569999999999999 0.022631974241815345
1.958 0.02260002408801094
1.9589999999999999 0.022568120000399233
1.96 0.022536261899408355
1.9609999999999999 0.022504449705547276
1.962 0.0224726833394184
1.9629999999999999 0.02244096272165994
1.964 0.02240928777286135
1.9649999999999999 0.022377658413699618
1.966 0.02234607456489273
1.9669999999999999 0.022314536147219136
1.968 0.02228304308141919
1.9689999999999999 0.022251595288336427
1.97 0.022220192688647673
1.9709999999999999 0.022188835203445754
1.972 0.02215752275352375
1.9729999999999999 0.022126255259773197
1.974 0.022095032643251602
1.9749999999999999 0.022063854824828994
1.976 0.022032721725725582
1.9769999999999999 0.02200163326687747
1.978 0.021970589369273253
1.9789999999999999 0.021939589954313055
1.98 0.021908634942933634
1.9809999999999999 0.021877724256305554
1.982 0.02184685781593034
1.9829999999999999 0.0218160355426087
1.984 0.021785257358035236
1.9849999999999999 0.02175452318326658
1.986 0.021723832939744198
1.9869999999999999 0.021693186548921897
1.988 0.021662583932017004
1.9889999999999999 0.0216320250105676
1.99 0.021601509706066058
1.9909999999999999 0.02157103793999686
1.992 0.02154060963382789
1.9929999999999999 0.021510224709212763
1.994 0.021479883087542458
1.9949999999999999 0.021449584690639352
1.996 0.021419329440148387
1.9969999999999999 0.02138911725764374
1.998 0.02135894806490245
