0.0 0.022599341493680838
0.01 0.044572532716115484
0.02 0.06594523483105039
0.03 0.08674142967667288
0.04 0.10698357712067871
0.05 0.12669275365422772
0.06 0.14588877489767546
0.07 0.1645903042515446
0.08 0.18281494956817437
0.09 0.2005793494261709
0.1 0.21789925034821633
0.11 0.23478957610286785
0.12 0.251264490064723
0.13 0.26733745146846116
0.14 0.2830212662757778
0.15 0.29832813327610574
0.16 0.31326968595905375
0.17 0.32785703062607197
0.18 0.3421007811488816
0.19 0.3560110907309439
0.2 0.3695976809842934
0.21 0.38286986859625743
0.22 0.3958365898279664
0.23 0.408506423058345
0.24 0.42088760956278815
0.25 0.432988072694427
0.26 0.4448154356173157
0.27 0.45637703772462435
0.28 0.46767994986068817
0.29 0.47873098845325873
0.3 0.48953672865128917
0.31 0.5001035165538729
0.32 0.5104374806073642
0.33 0.5205445422400987
0.34 0.5304304257973758
0.35000000000000003 0.5401006678333592
0.36 0.5495606258111955
0.37 0.558815486257875
0.38 0.5678702724160876
0.39 0.5767298514314967
0.4 0.5853989411104294
0.41000000000000003 0.5938821162798905
0.42 0.6021838147790376
0.43 0.6103083431087556
0.44 0.6182598817637099
0.45 0.6260424902692212
0.46 0.6336601119434587
0.47000000000000003 0.6411165784037783
0.48 0.648415613834515
0.49 0.6555608390321629
0.5 0.66255577524262
0.51 0.6694038478040387
0.52 0.6761083896077805
0.53 0.682672644389023
0.54 0.6890997698577064
0.55 0.6953928406797044
0.56 0.7015548513173899
0.5700000000000001 0.7075887187380883
0.58 0.7134972849983122
0.59 0.7192833197111043
0.6 0.7249495224033009
0.61 0.7304985247690577
0.62 0.7359328928255408
0.63 0.7412551289762835
0.64 0.7464676739873417
0.65 0.7515729088810352
0.66 0.756573156751747
0.67 0.7614706845079626
0.68 0.7662677045444569
0.6900000000000001 0.7709663763482895
0.7000000000000001 0.7755688080420328
0.71 0.78007705786745
0.72 0.784493135612628
0.73 0.788819003985397
0.74 0.7930565799356896
0.75 0.7972077359293321
0.76 0.8012743011756137
0.77 0.8052580628108386
0.78 0.8091607670399373
0.79 0.8129841202380937
0.8 0.8167297900142294
0.81 0.8203994062380843
0.8200000000000001 0.8239945620325324
0.8300000000000001 0.8275168147326813
0.84 0.8309676868132185
0.85 0.8343486667853826
0.86 0.837661210064872
0.87 0.8409067398119238
0.88 0.8440866477447325
0.89 0.847202294927321
0.9 0.8502550125329107
0.91 0.8532461025837897
0.92 0.8561768386686224
0.93 0.8590484666380962
0.9400000000000001 0.8618622052797635
0.9500000000000001 0.8646192469728778
0.96 0.8673207583240036
0.97 0.8699678807841247
0.98 0.8725617312479512
0.99 0.875103402636085
1.0 0.8775939644606776
1.01 0.8800344633751804
1.02 0.882425923708761
1.03 0.8847693479859339
1.04 0.8870657174319251
1.05 0.8893159924642722
1.06 0.8915211131711336
1.07 0.8936819997767628
1.08 0.8957995530945824
1.09 0.8978746549682748
1.1 0.8999081687012853
1.11 0.9019009394751227
1.12 0.9038537947568173
1.1300000000000001 0.9057675446958906
1.1400000000000001 0.9076429825111698
1.1500000000000001 0.9094808848677681
1.16 0.9112820122445409
1.17 0.9130471092923119
1.18 0.9147769051831562
1.19 0.9164721139510095
1.2 0.9181334348238698
1.21 0.9197615525478408
1.22 0.9213571377032611
1.23 0.9229208470131524
1.24 0.9244533236442104
1.25 0.9259551975005558
1.26 0.9274270855104532
1.27 0.9288695919061981
1.28 0.9302833084973661
1.29 0.931668814937611
1.3 0.9330266789851904
1.31 0.9343574567573939
1.32 0.93566169297904
1.33 0.9369399212252059
1.34 0.9381926641583425
1.35 0.9394204337599287
1.36 0.9406237315568117
1.37 0.9418030488423692
1.3800000000000001 0.9429588668926369
1.3900000000000001 0.9440916571775265
1.4000000000000001 0.9452018815672679
1.41 0.946289992534194
1.42 0.9473564333499916
1.43 0.9484016382785323
1.44 0.949426032764396
1.45 0.9504300336171959
1.46 0.951414049191811
1.47 0.9523784795646277
1.48 0.9533237167058893
1.49 0.9542501446482506
1.5 0.9551581396516299
1.51 0.9560480703644497
1.52 0.9569202979813545
1.53 0.9577751763974884
1.54 0.9586130523594197
1.55 0.9594342656127886
1.56 0.9602391490467596
1.57 0.9610280288353522
1.58 0.9618012245757274
1.59 0.9625590494234948
1.6 0.96330181022512
1.61 0.9640298076474911
1.62 0.9647433363047163
1.6300000000000001 0.9654426848822144
1.6400000000000001 0.9661281362581606
1.6500000000000001 0.9667999676223511
1.6600000000000001 0.9674584505925413
1.67 0.9681038513283207
1.68 0.9687364306425756
1.69 0.9693564441105985
1.7 0.9699641421768949
1.71 0.9705597702597398
1.72 0.9711435688535375
1.73 0.9717157736290278
1.74 0.9722766155313946
1.75 0.9728263208763163
1.76 0.9733651114440094
1.77 0.9738932045713068
1.78 0.9744108132418142
1.79 0.9749181461741903
1.8 0.9754154079085856
1.81 0.9759027988912893
1.82 0.9763805155576142
1.83 0.9768487504130656
1.84 0.9773076921128255
1.85 0.977757525539595
1.86 0.9781984318798246
1.87 0.9786305886983703
1.8800000000000001 0.979054170011611
1.8900000000000001 0.9794693463590568
1.9000000000000001 0.9798762848734824
1.9100000000000001 0.9802751493496191
1.92 0.9806661003114321
1.93 0.981049295078017
1.94 0.9814248878281454
1.95 0.9817930296634833
1.96 0.9821538686705171
1.97 0.9825075499812107
1.98 0.9828542158324205
1.99 0.983194005624098
2.0 0.9835270559763006
2.0100000000000002 0.9838535007850411
2.02 0.9841734712769955
2.0300000000000002 0.9844870960630976
2.04 0.9847945011910395
2.05 0.9850958101967053
2.06 0.9853911441545563
2.07 0.9856806217269924
2.08 0.985964359212711
2.09 0.9862424705940821
2.1 0.9865150675835629
2.11 0.9867822596691699
2.12 0.9870441541590296
2.13 0.9873008562250256
2.14 0.9875524689455616
2.15 0.9877990933474592
2.16 0.9880408284470069
2.17 0.9882777712901797
2.18 0.9885100169920449
2.19 0.9887376587753713
2.2 0.9889607880084597
2.21 0.9891794942422079
2.22 0.9893938652464292
2.23 0.9896039870454375
2.24 0.9898099439529141
2.25 0.9900118186060731
2.2600000000000002 0.9902096919991374
2.27 0.9904036435161404
2.2800000000000002 0.9905937509630676
2.29 0.9907800905993512
2.3000000000000003 0.9909627371687312
2.31 0.9911417639294947
2.32 0.9913172426841086
2.33 0.9914892438082559
2.34 0.9916578362792885
2.35 0.9918230877041091
2.36 0.9919850643464917
2.37 0.9921438311538563
2.38 0.9922994517835025
2.39 0.9924519886283208
2.4 0.992601502841985
2.41 0.992748054363641
2.42 0.9928917019421002
2.43 0.9930325031595483
2.44 0.9931705144547787
2.45 0.9933057911459607
2.46 0.9934383874529518
2.47 0.9935683565191624
2.48 0.9936957504329849
2.49 0.9938206202487911
2.5 0.9939430160075121
2.5100000000000002 0.9940629867568047
2.52 0.994180580570815
2.5300000000000002 0.9942958445695483
2.54 0.9944088249378482
2.5500000000000003 0.9945195669440006
2.56 0.9946281149579629
2.57 0.99473451246923
2.58 0.9948388021043436
2.59 0.9949410256440518
2.6 0.9950412240401253
2.61 0.9951394374318387
2.62 0.9952357051621226
2.63 0.9953300657933926
2.64 0.9954225571230639
2.65 0.9955132161987552
2.66 0.9956020793331889
2.67 0.9956891821187959
2.68 0.9957745594420272
2.69 0.9958582454973812
2.7 0.9959402738011512
2.71 0.9960206772048987
2.72 0.9960994879086582
2.73 0.9961767374738784
2.74 0.996252456836107
2.75 0.9963266763174207
2.7600000000000002 0.9963994256386093
2.77 0.9964707339311162
2.7800000000000002 0.996540629748741
2.79 0.9966091410791101
2.8000000000000003 0.9966762953549175
2.81 0.9967421194649432
2.82 0.9968066397648507
2.83 0.9968698820877709
2.84 0.9969318717546751
2.85 0.996992633584541
2.86 0.9970521919043167
2.87 0.9971105705586867
2.88 0.9971677929196436
2.89 0.9972238818958686
2.9 0.9972788599419267
2.91 0.9973327490672775
2.92 0.9973855708451089
2.93 0.9974373464209925
2.94 0.9974880965213693
2.95 0.997537841461865
2.96 0.9975866011554411
2.97 0.9976343951203831
2.98 0.9976812424881306
2.99 0.9977271620109516
3.0 0.9977721720694636
3.0100000000000002 0.9978162906800064
3.02 0.997859535501868
3.0300000000000002 0.9979019238443657
3.04 0.9979434726737886
3.0500000000000003 0.9979841986202004
3.06 0.9980241179841081
3.0700000000000003 0.9980632467429981
3.08 0.9981016005577413
3.09 0.9981391947788735
3.1 0.998176044452748
3.11 0.9982121643275684
3.12 0.9982475688593007
3.13 0.998282272217467
3.14 0.9983162882908273
3.15 0.998349630692944
3.16 0.9983823127676396
3.17 0.9984143475943448
3.18 0.9984457479933398
3.19 0.9984765265308926
3.2 0.9985066955242946
3.21 0.9985362670467964
3.22 0.9985652529324461
3.23 0.9985936647808306
3.24 0.9986215139617244
3.25 0.9986488116196437
3.2600000000000002 0.9986755686783128
3.27 0.9987017958450404
3.2800000000000002 0.9987275036150087
3.29 0.9987527022754786
3.3000000000000003 0.9987774019099109
3.31 0.9988016124020053
3.3200000000000003 0.9988253434396598
3.33 0.9988486045188515
3.34 0.9988714049474405
3.35 0.998893753848898
3.36 0.9989156601659607
3.37 0.998937132664212
3.38 0.9989581799355942
3.39 0.9989788104018483
3.4 0.9989990323178877
3.41 0.9990188537751038
3.42 0.9990382827046068
3.43 0.9990573268804016
3.44 0.9990759939225012
3.45 0.9990942912999777
3.46 0.9991122263339542
3.47 0.9991298062005354
3.48 0.9991470379336819
3.49 0.9991639284280259
3.5 0.9991804844416331
3.5100000000000002 0.9991967125987073
3.52 0.9992126193922438
3.5300000000000002 0.9992282111866285
3.54 0.9992434942201864
3.5500000000000003 0.999258474607679
3.56 0.9992731583427523
3.5700000000000003 0.9992875513003374
3.58 0.9993016592390012
3.59 0.9993154878032523
3.6 0.9993290425258012
3.61 0.9993423288297751
3.62 0.9993553520308883
3.63 0.9993681173395705
3.64 0.9993806298630531
3.65 0.9993928946074128
3.66 0.9994049164795763
3.67 0.9994167002892842
3.68 0.9994282507510163
3.69 0.9994395724858783
3.7 0.9994506700234528
3.71 0.9994615478036112
3.72 0.9994722101782906
3.73 0.9994826614132372
3.74 0.9994929056897127
3.75 0.9995029471061675
3.7600000000000002 0.9995127896798819
3.77 0.9995224373485737
3.7800000000000002 0.9995318939719745
3.79 0.9995411633333735
3.8000000000000003 0.9995502491411333
3.81 0.9995591550301727
3.8200000000000003 0.9995678845634219
3.83 0.9995764412332488
3.84 0.9995848284628567
3.85 0.9995930496076533
3.86 0.9996011079565947
3.87 0.9996090067335014
3.88 0.999616749098348
3.89 0.9996243381485282
3.9 0.9996317769200945
3.91 0.9996390683889729
3.92 0.9996462154721534
3.93 0.9996532210288583
3.94 0.9996600878616859
3.95 0.9996668187177319
3.96 0.9996734162896888
3.97 0.9996798832169235
3.98 0.9996862220865333
3.99 0.9996924354343819
4.0 0.999698525746113
4.01 0.9997044954581453
4.0200000000000005 0.9997103469586485
4.03 0.9997160825884973
4.04 0.9997217046422093
4.05 0.9997272153688626
4.0600000000000005 0.9997326169729956
4.07 0.9997379116154899
4.08 0.9997431014144341
4.09 0.9997481884459716
4.1 0.9997531747451318
4.11 0.9997580623066435
4.12 0.9997628530857338
4.13 0.99976754899891
4.14 0.9997721519247269
4.15 0.9997766637045377
4.16 0.9997810861432317
4.17 0.9997854210099554
4.18 0.9997896700388212
4.19 0.9997938349296014
4.2 0.9997979173484073
4.21 0.9998019189283567
4.22 0.9998058412702268
4.23 0.999809685943095
4.24 0.9998134544849667
4.25 0.9998171484033906
4.26 0.9998207691760614
4.2700000000000005 0.9998243182514123
4.28 0.9998277970491924
4.29 0.9998312069610373
4.3 0.9998345493510238
4.3100000000000005 0.9998378255562165
4.32 0.9998410368872029
4.33 0.9998441846286177
4.34 0.999847270039656
4.3500000000000005 0.9998502943545781
4.36 0.9998532587832029
4.37 0.9998561645113918
4.38 0.9998590127015236
4.39 0.9998618044929586
4.4 0.9998645410024953
4.41 0.9998672233248174
4.42 0.9998698525329305
4.43 0.9998724296785929
4.44 0.9998749557927352
4.45 0.9998774318858734
4.46 0.9998798589485132
4.47 0.9998822379515456
4.48 0.9998845698466363
4.49 0.9998868555666054
4.5 0.9998890960258014
4.51 0.9998912921204668
4.5200000000000005 0.9998934447290965
4.53 0.999895554712789
4.54 0.9998976229155917
4.55 0.9998996501648378
4.5600000000000005 0.9999016372714776
4.57 0.999903585030403
4.58 0.9999054942207654
4.59 0.999907365606287
4.6000000000000005 0.9999091999355673
4.61 0.9999109979423818
4.62 0.9999127603459759
4.63 0.9999144878513521
4.64 0.9999161811495529
4.65 0.9999178409179366
4.66 0.9999194678204485
4.67 0.9999210625078865
4.68 0.9999226256181614
4.69 0.999924157776552
4.7 0.9999256595959559
4.71 0.9999271316771337
4.72 0.9999285746089498
4.73 0.9999299889686084
4.74 0.9999313753218835
4.75 0.9999327342233462
4.76 0.9999340662165855
4.7700000000000005 0.9999353718344267
4.78 0.9999366515991442
4.79 0.9999379060226705
4.8 0.9999391356068006
4.8100000000000005 0.9999403408433933
4.82 0.9999415222145676
4.83 0.9999426801928957
4.84 0.9999438152415921
4.8500000000000005 0.9999449278146988
4.86 0.999946018357267
4.87 0.999947087305535
4.88 0.9999481350871032
4.89 0.9999491621211042
4.9 0.9999501688183715
4.91 0.9999511555816034
4.92 0.9999521228055236
4.93 0.9999530708770402
4.94 0.9999540001753995
4.95 0.9999549110723381
4.96 0.9999558039322318
4.97 0.9999566791122408
4.98 0.9999575369624538
4.99 0.999958377826026
5.0 0.9999592020393183
5.01 0.9999600099320308
5.0200000000000005 0.9999608018273353
5.03 0.9999615780420038
5.04 0.9999623388865361
5.05 0.9999630846652835
5.0600000000000005 0.9999638156765706
5.07 0.9999645322128148
5.08 0.9999652345606432
5.09 0.9999659230010068
5.1000000000000005 0.999966597809294
5.11 0.9999672592554394
5.12 0.9999679076040331
5.13 0.9999685431144254
5.14 0.9999691660408315
5.15 0.999969776632432
5.16 0.9999703751334742
5.17 0.9999709617833686
5.18 0.9999715368167849
5.19 0.9999721004637457
5.2 0.9999726529497196
5.21 0.9999731944957099
5.22 0.9999737253183437
5.23 0.9999742456299592
5.24 0.9999747556386891
5.25 0.9999752555485455
5.26 0.9999757455595003
5.2700000000000005 0.9999762258675656
5.28 0.9999766966648728
5.29 0.999977158139748
5.3 0.9999776104767887
5.3100000000000005 0.9999780538569367
5.32 0.9999784884575516
5.33 0.9999789144524801
5.34 0.999979332012127
5.3500000000000005 0.9999797413035227
5.36 0.9999801424903904
5.37 0.9999805357332107
5.38 0.9999809211892872
5.39 0.9999812990128082
5.4 0.9999816693549087
5.41 0.9999820323637317
5.42 0.9999823881844863
5.43 0.9999827369595061
5.44 0.9999830788283064
5.45 0.99998341392764
5.46 0.9999837423915519
5.47 0.9999840643514326
5.48 0.9999843799360707
5.49 0.9999846892717053
5.5 0.9999849924820748
5.51 0.9999852896884684
5.5200000000000005 0.9999855810097728
5.53 0.999985866562521
5.54 0.9999861464609383
5.55 0.9999864208169885
5.5600000000000005 0.9999866897404178
5.57 0.9999869533387998
5.58 0.9999872117175777
5.59 0.9999874649801067
5.6000000000000005 0.9999877132276958
5.61 0.9999879565596473
5.62 0.9999881950732982
5.63 0.9999884288640568
5.64 0.9999886580254432
5.65 0.9999888826491252
5.66 0.9999891028249558
5.67 0.9999893186410082
5.68 0.9999895301836121
5.69 0.9999897375373877
5.7 0.9999899407852794
5.71 0.9999901400085893
5.72 0.9999903352870098
5.73 0.9999905266986548
5.74 0.9999907143200921
5.75 0.9999908982263727
5.76 0.9999910784910617
5.7700000000000005 0.9999912551862679
5.78 0.9999914283826715
5.79 0.9999915981495539
5.8 0.9999917645548239
5.8100000000000005 0.9999919276650464
5.82 0.9999920875454675
5.83 0.999992244260042
5.84 0.9999923978714576
5.8500000000000005 0.9999925484411611
5.86 0.9999926960293827
5.87 0.9999928406951597
5.88 0.9999929824963603
5.89 0.9999931214897072
5.9 0.9999932577307998
5.91 0.9999933912741361
5.92 0.9999935221731355
5.93 0.9999936504801596
5.94 0.9999937762465327
5.95 0.9999938995225635
5.96 0.9999940203575638
5.97 0.9999941387998695
5.98 0.9999942548968591
5.99 0.999994368694973
6.0 0.9999944802397321
6.01 0.9999945895757558
6.0200000000000005 0.9999946967467801
6.03 0.9999948017956749
6.04 0.9999949047644612
6.05 0.9999950056943279
6.0600000000000005 0.9999951046256482
6.07 0.9999952015979964
6.08 0.9999952966501626
6.09 0.999995389820169
6.1000000000000005 0.9999954811452846
6.11 0.9999955706620411
6.12 0.9999956584062464
6.13 0.9999957444129993
6.140000000000001 0.9999958287167036
6.15 0.999995911351082
6.16 0.9999959923491896
6.17 0.9999960717434265
6.18 0.9999961495655516
6.19 0.9999962258466949
6.2 0.9999963006173699
6.21 0.9999963739074857
6.22 0.9999964457463596
6.23 0.9999965161627279
6.24 0.9999965851847582
6.25 0.9999966528400603
6.26 0.9999967191556973
6.2700000000000005 0.9999967841581962
6.28 0.9999968478735591
6.29 0.9999969103272727
6.3 0.9999969715443197
6.3100000000000005 0.9999970315491876
6.32 0.9999970903658791
6.33 0.9999971480179218
6.34 0.9999972045283774
6.3500000000000005 0.9999972599198504
6.36 0.9999973142144987
6.37 0.9999973674340407
6.38 0.9999974195997648
6.390000000000001 0.9999974707325381
6.4 0.9999975208528145
6.41 0.9999975699806426
6.42 0.9999976181356743
6.43 0.9999976653371724
6.44 0.9999977116040178
6.45 0.9999977569547184
6.46 0.9999978014074145
6.47 0.999997844979888
6.48 0.9999978876895688
6.49 0.9999979295535408
6.5 0.9999979705885506
6.51 0.9999980108110126
6.5200000000000005 0.9999980502370163
6.53 0.9999980888823328
6.54 0.9999981267624204
6.55 0.999998163892432
6.5600000000000005 0.99999820028722
6.57 0.9999982359613427
6.58 0.9999982709290706
6.59 0.9999983052043908
6.6000000000000005 0.9999983388010142
6.61 0.9999983717323795
6.62 0.9999984040116602
6.63 0.999998435651768
6.640000000000001 0.9999984666653597
6.65 0.9999984970648412
6.66 0.9999985268623724
6.67 0.9999985560698729
6.68 0.999998584699026
6.69 0.9999986127612838
6.7 0.9999986402678718
6.71 0.9999986672297927
6.72 0.9999986936578317
6.73 0.9999987195625605
6.74 0.999998744954341
6.75 0.9999987698433308
6.76 0.9999987942394852
6.7700000000000005 0.9999988181525636
6.78 0.999998841592131
6.79 0.9999988645675641
6.8 0.999998887088053
6.8100000000000005 0.9999989091626063
6.82 0.9999989308000541
6.83 0.9999989520090516
6.84 0.9999989727980827
6.8500000000000005 0.9999989931754635
6.86 0.9999990131493451
6.87 0.9999990327277173
6.88 0.9999990519184117
6.890000000000001 0.999999070729105
6.9 0.9999990891673213
6.91 0.9999991072404366
6.92 0.9999991249556803
6.93 0.9999991423201385
6.94 0.9999991593407573
6.95 0.9999991760243454
6.96 0.9999991923775763
6.97 0.9999992084069912
6.98 0.9999992241190028
6.99 0.9999992395198954
7.0 0.9999992546158301
7.01 0.999999269412845
7.0200000000000005 0.9999992839168597
7.03 0.9999992981336753
7.04 0.9999993120689792
7.05 0.9999993257283457
7.0600000000000005 0.9999993391172385
7.07 0.9999993522410134
7.08 0.9999993651049202
7.09 0.9999993777141045
7.1000000000000005 0.9999993900736102
7.11 0.9999994021883813
7.12 0.9999994140632639
7.13 0.999999425703008
7.140000000000001 0.9999994371122698
7.15 0.9999994482956129
7.16 0.9999994592575111
7.17 0.9999994700023491
7.18 0.9999994805344251
7.19 0.9999994908579519
7.2 0.9999995009770593
7.21 0.9999995108957949
7.22 0.9999995206181264
7.23 0.9999995301479426
7.24 0.9999995394890561
7.25 0.9999995486452029
7.26 0.999999557620046
7.2700000000000005 0.9999995664171752
7.28 0.9999995750401095
7.29 0.9999995834922984
7.3 0.9999995917771227
7.3100000000000005 0.9999995998978966
7.32 0.9999996078578682
7.33 0.9999996156602218
7.34 0.9999996233080785
7.3500000000000005 0.9999996308044975
7.36 0.9999996381524774
7.37 0.9999996453549576
7.38 0.9999996524148191
7.390000000000001 0.999999659334886
7.4 0.9999996661179265
7.41 0.9999996727666537
7.42 0.9999996792837271
7.43 0.999999685671754
7.44 0.9999996919332893
7.45 0.9999996980708381
7.46 0.9999997040868552
7.47 0.9999997099837472
7.48 0.999999715763873
7.49 0.9999997214295446
7.5 0.9999997269830282
7.51 0.9999997324265457
7.5200000000000005 0.9999997377622742
7.53 0.9999997429923482
7.54 0.9999997481188597
7.55 0.9999997531438597
7.5600000000000005 0.9999997580693578
7.57 0.9999997628973245
7.58 0.9999997676296912
7.59 0.9999997722683507
7.6000000000000005 0.9999997768151586
7.61 0.9999997812719337
7.62 0.9999997856404587
7.63 0.9999997899224811
7.640000000000001 0.9999997941197138
7.65 0.9999997982338358
7.66 0.9999998022664927
7.67 0.9999998062192975
7.68 0.9999998100938315
7.69 0.9999998138916447
7.7 0.9999998176142562
7.71 0.999999821263155
7.72 0.9999998248398008
7.73 0.9999998283456242
7.74 0.9999998317820278
7.75 0.9999998351503857
7.76 0.999999838452046
7.7700000000000005 0.999999841688329
7.78 0.9999998448605292
7.79 0.9999998479699155
7.8 0.9999998510177321
7.8100000000000005 0.9999998540051978
7.82 0.9999998569335077
7.83 0.9999998598038331
7.84 0.9999998626173223
7.8500000000000005 0.9999998653751007
7.86 0.9999998680782713
7.87 0.9999998707279157
7.88 0.9999998733250935
7.890000000000001 0.9999998758708438
7.9 0.9999998783661849
7.91 0.9999998808121148
7.92 0.9999998832096122
7.930000000000001 0.9999998855596359
7.94 0.9999998878631261
7.95 0.9999998901210041
7.96 0.999999892334173
7.97 0.9999998945035183
7.98 0.9999998966299076
7.99 0.9999998987141917
8.0 0.9999999007572041
8.01 0.9999999027597621
8.02 0.999999904722667
8.03 0.9999999066467037
8.040000000000001 0.9999999085326419
8.05 0.999999910381236
8.06 0.9999999121932255
8.07 0.9999999139693352
8.08 0.9999999157102756
8.09 0.9999999174167429
8.1 0.9999999190894201
8.11 0.999999920728976
8.120000000000001 0.9999999223360666
8.13 0.9999999239113345
8.14 0.99999992545541
8.15 0.9999999269689109
8.16 0.9999999284524426
8.17 0.9999999299065981
8.18 0.9999999313319596
8.19 0.999999932729097
8.2 0.9999999340985691
8.21 0.999999935440924
8.22 0.9999999367566985
8.23 0.9999999380464188
8.24 0.999999939310601
8.25 0.9999999405497507
8.26 0.9999999417643636
8.27 0.9999999429549256
8.28 0.9999999441219127
8.290000000000001 0.9999999452657921
8.3 0.9999999463870209
8.31 0.9999999474860483
8.32 0.9999999485633131
8.33 0.9999999496192469
8.34 0.9999999506542717
8.35 0.9999999516688017
8.36 0.9999999526632427
8.370000000000001 0.9999999536379923
8.38 0.9999999545934407
8.39 0.9999999555299699
8.4 0.9999999564479546
8.41 0.9999999573477618
8.42 0.9999999582297519
8.43 0.9999999590942772
8.44 0.9999999599416838
8.45 0.9999999607723106
8.46 0.99999996158649
8.47 0.9999999623845476
8.48 0.9999999631668025
8.49 0.9999999639335677
8.5 0.9999999646851501
8.51 0.9999999654218499
8.52 0.9999999661439621
8.53 0.9999999668517757
8.540000000000001 0.9999999675455736
8.55 0.9999999682256334
8.56 0.9999999688922271
8.57 0.9999999695456214
8.58 0.9999999701860777
8.59 0.999999970813852
8.6 0.9999999714291955
8.61 0.9999999720323545
8.620000000000001 0.99999997262357
8.63 0.9999999732030787
8.64 0.9999999737711124
8.65 0.9999999743278982
8.66 0.9999999748736589
8.67 0.9999999754086129
8.68 0.9999999759329741
8.69 0.9999999764469522
8.700000000000001 0.9999999769507529
8.71 0.9999999774445776
8.72 0.9999999779286239
8.73 0.9999999784030854
8.74 0.999999978868152
8.75 0.9999999793240095
8.76 0.9999999797708407
8.77 0.9999999802088239
8.78 0.9999999806381346
8.790000000000001 0.9999999810589442
8.8 0.9999999814714214
8.81 0.9999999818757309
8.82 0.9999999822720345
8.83 0.9999999826604907
8.84 0.9999999830412551
8.85 0.9999999834144797
8.86 0.9999999837803141
8.870000000000001 0.9999999841389045
8.88 0.9999999844903943
8.89 0.999999984834924
8.9 0.9999999851726317
8.91 0.9999999855036523
8.92 0.9999999858281182
8.93 0.9999999861461594
8.94 0.9999999864579028
8.950000000000001 0.9999999867634733
8.96 0.9999999870629931
8.97 0.9999999873565822
8.98 0.9999999876443577
8.99 0.9999999879264351
9.0 0.9999999882029266
9.01 0.9999999884739433
9.02 0.9999999887395937
9.03 0.9999999889999837
9.040000000000001 0.9999999892552178
9.05 0.9999999895053978
9.06 0.9999999897506239
9.07 0.9999999899909943
9.08 0.9999999902266049
9.09 0.9999999904575502
9.1 0.9999999906839223
9.11 0.9999999909058122
9.120000000000001 0.9999999911233083
9.13 0.9999999913364976
9.14 0.9999999915454656
9.15 0.9999999917502956
9.16 0.9999999919510698
9.17 0.9999999921478683
9.18 0.99999999234077
9.19 0.9999999925298518
9.200000000000001 0.9999999927151898
9.21 0.9999999928968578
9.22 0.9999999930749286
9.23 0.9999999932494731
9.24 0.9999999934205618
9.25 0.9999999935882624
9.26 0.9999999937526424
9.27 0.9999999939137674
9.28 0.9999999940717019
9.290000000000001 0.9999999942265092
9.3 0.999999994378251
9.31 0.9999999945269882
9.32 0.9999999946727802
9.33 0.9999999948156852
9.34 0.9999999949557606
9.35 0.9999999950930624
9.36 0.9999999952276453
9.370000000000001 0.9999999953595634
9.38 0.9999999954888694
9.39 0.9999999956156147
9.4 0.9999999957398504
9.41 0.9999999958616261
9.42 0.9999999959809904
9.43 0.9999999960979913
9.44 0.9999999962126753
9.450000000000001 0.9999999963250884
9.46 0.9999999964352757
9.47 0.999999996543281
9.48 0.9999999966491476
9.49 0.9999999967529181
9.5 0.9999999968546338
9.51 0.9999999969543352
9.52 0.9999999970520624
9.53 0.9999999971478546
9.540000000000001 0.99999999724175
9.55 0.9999999973337862
9.56 0.9999999974239998
9.57 0.9999999975124272
9.58 0.9999999975991035
9.59 0.9999999976840637
9.6 0.9999999977673413
9.61 0.9999999978489701
9.620000000000001 0.9999999979289824
9.63 0.9999999980074104
9.64 0.9999999980842853
9.65 0.9999999981596381
9.66 0.9999999982334986
9.67 0.9999999983058968
9.68 0.9999999983768614
9.69 0.9999999984464207
9.700000000000001 0.9999999985146028
9.71 0.9999999985814346
9.72 0.9999999986469432
9.73 0.9999999987111546
9.74 0.9999999987740945
9.75 0.9999999988357882
9.76 0.9999999988962602
9.77 0.9999999989555349
9.78 0.9999999990136358
9.790000000000001 0.9999999990705862
9.8 0.9999999991264089
9.81 0.9999999991811261
9.82 0.99999999923476
9.83 0.9999999992873319
9.84 0.9999999993388626
9.85 0.9999999993893731
9.86 0.9999999994388833
9.870000000000001 0.9999999994874132
9.88 0.9999999995349823
9.89 0.9999999995816093
9.9 0.9999999996273131
9.91 0.9999999996721118
9.92 0.9999999997160235
9.93 0.9999999997590657
9.94 0.9999999998012556
9.950000000000001 0.9999999998426101
9.96 0.9999999998831458
9.97 0.9999999999228787
9.98 0.999999999961825
9.99 1.0
