0.01 0.0
0.017991967871485944 1.0642481772967493e-14
0.025983935742971885 8.895030814905626e-11
0.033975903614457834 2.1839485797611837e-08
0.041967871485943775 8.201044391597775e-07
0.04995983935742972 1.0363892453095414e-05
0.057951807228915665 6.90957001846318e-05
0.0659437751004016 0.00031775547413722636
0.07393574297188754 0.0011786577897921855
0.08192771084337348 0.0038066143859578597
0.08991967871485942 0.010970046582859357
0.09791164658634537 0.028287102219631884
0.10590361445783132 0.0652542514568776
0.11389558232931726 0.1348183524790247
0.1218875502008032 0.250805900025082
0.12987951807228915 0.4234916028144826
0.1378714859437751 0.6556596421426607
0.14586345381526106 0.94100442652095
0.15385542168674698 1.2658648257859606
0.16184738955823294 1.6128214802608074
0.16983935742971887 1.9642739700696812
0.17783132530120482 2.3051396915276507
0.18582329317269075 2.623837008776118
0.1938152610441767 2.912697862582265
0.20180722891566266 3.1668560593018777
0.2097991967871486 3.384550169215335
0.21779116465863455 3.565686965359991
0.22578313253012047 3.711546155060961
0.23377510040160643 3.8239659171195557
0.24176706827309236 3.905507046344907
0.2497590361445783 3.95928351770957
0.2577510040160642 3.9886136821607288
0.2657429718875502 3.9948099862856346
0.2737349397590361 3.982314904147152
0.2817269076305221 3.952802619785977
0.28971887550200803 3.908594645770876
0.29771084337349396 3.8528817411322684
0.3057028112449799 3.7868069641679654
0.31369477911646587 3.712245855549635
0.3216867469879518 3.630916804667842
0.3296787148594377 3.5441680815449814
0.3376706827309237 3.4534475241255853
0.34566265060240964 3.3594938477113834
0.35365461847389557 3.2634971098360204
0.3616465863453815 3.166216469934261
0.3696385542168675 3.068357750957025
0.3776305220883534 2.9705235491103554
0.38562248995983933 2.8732257357157995
0.3936144578313253 2.7768952069050683
0.40160642570281124 2.6818918457360432
0.40959839357429717 2.5885122567969505
0.4175903614457831 2.4969983699486753
0.4255823293172691 2.4075441726964932
0.433574297188755 2.3202612040411483
0.44156626506024094 2.2354258339383644
0.44955823293172686 2.1528543820757315
0.45755020080321285 2.07285225572528
0.4655421686746988 1.995323193830714
0.4735341365461847 1.920314163813
0.4815261044176707 1.8478425880336657
0.4895180722891566 1.777816529276306
0.49751004016064254 1.7103308757615667
0.5055020080321284 1.6452166641802202
0.5134939759036145 1.5825591942753496
0.5214859437751004 1.5222223089001297
0.5294779116465863 1.4641697378015666
0.5374698795180722 1.408352575467619
0.5454618473895582 1.3546605155071396
0.5534538152610442 1.3031197701341815
0.5614457831325301 1.2535930430478874
0.5694377510040161 1.2060330740442013
0.577429718875502 1.160382000033442
0.5854216867469879 1.1165497592855425
0.5934136546184738 1.0744771276387686
0.6014056224899598 1.0341249656232834
0.6093975903614458 0.9954005421693539
0.6173895582329317 0.9582381199890071
0.6253815261044177 0.9226091617899234
0.6333734939759036 0.8884218139212732
0.6413654618473895 0.8556278270293347
0.6493574297188754 0.8241740960082515
0.6573493975903614 0.7939970460360519
0.6653413654618474 0.765043383756091
0.6733333333333333 0.7372808709986857
0.6813253012048193 0.7106401785643965
0.6893172690763052 0.6850809421370276
0.6973092369477911 0.6605569007557055
0.705301204819277 0.6370281770218723
0.713293172690763 0.6144410955481723
0.721285140562249 0.5927642634577153
0.7292771084337349 0.5719560211018774
0.7372690763052209 0.5519864586716532
0.7452610441767068 0.5328099827250709
0.7532530120481927 0.5143960052284853
0.7612449799196787 0.4967117849557647
0.7692369477911646 0.47972599027774365
0.7772289156626506 0.4634086489440525
0.7852208835341365 0.44773109264544164
0.7932128514056225 0.43266719772467555
0.8012048192771084 0.4181892732487603
0.8091967871485943 0.404269514154068
0.8171887550200803 0.39088814931735605
0.8251807228915662 0.3780177554536648
0.8331726907630521 0.3656476938812676
0.8411646586345382 0.3537451959193957
0.8491566265060241 0.342282466550032
0.85714859437751 0.33128660454356484
0.8651405622489959 0.32067671010226295
0.8731325301204819 0.3104645839512657
0.8811244979919678 0.3006388417931652
0.8891164658634537 0.29113896737274575
0.8971084337349398 0.28209124524876233
0.9051004016064257 0.27329057074431423
0.9130923694779116 0.26482211898028807
0.9210843373493975 0.2566473460453862
0.9290763052208835 0.24881483777591812
0.9370682730923694 0.2412934617784904
0.9450602409638553 0.2339511012649996
0.9530522088353414 0.226894184698388
0.9610441767068273 0.22013803169010415
0.9690361445783132 0.21353832910240542
0.9770281124497991 0.2072882393498397
0.9850200803212851 0.20110699974680063
0.993012048192771 0.1953188960143585
1.0010040160642568 0.18959108458402454
1.008995983935743 0.1840797162818526
1.016987951807229 0.17880354363157092
1.0249799196787148 0.17369677904450792
1.0329718875502008 0.1687204633018832
1.0409638554216867 0.1639866830194551
1.0489558232931726 0.1593580658436226
1.0569477911646585 0.15488913293007764
1.0649397590361445 0.15057368216260547
1.0729317269076304 0.14636258812592018
1.0809236947791163 0.14239169162382603
1.0889156626506022 0.13847298633532115
1.0969076305220884 0.13469085687350538
1.1048995983935743 0.1310508386414302
1.1128915662650603 0.1275164499118811
1.1208835341365462 0.12407088884098103
1.128875502008032 0.1207733485696755
1.136867469879518 0.11757692448749019
1.144859437751004 0.11448036253806237
1.1528514056224899 0.11144160998154104
1.1608433734939758 0.10854463013954654
1.1688353413654617 0.10573274605061819
1.1768273092369477 0.10298742358477764
1.1848192771084336 0.10034804054675979
1.1928112449799195 0.09774984648884318
1.2008032128514055 0.09527614515855506
1.2087951807228916 0.09288959227458336
1.2167871485943775 0.09049494894200902
1.2247791164658635 0.08825546612394414
1.2327710843373494 0.08606266873430289
1.2407630522088353 0.08390414024253708
1.2487550200803212 0.08184679715836757
1.2567469879518072 0.07982672725410594
1.264738955823293 0.07786944152972723
1.272730923694779 0.07595020723064348
1.280722891566265 0.07413745953935076
1.2887148594377509 0.07235475854622243
1.2967068273092368 0.07060453411793188
1.3046987951807227 0.06889931541070216
1.3126907630522087 0.06729271250166141
1.3206827309236948 0.06565806540683544
1.3286746987951807 0.0641650955370618
1.3366666666666667 0.06263564391523874
1.3446586345381526 0.061152554033321316
1.3526506024096385 0.059747650309758794
1.3606425702811245 0.05837842662482962
1.3686345381526104 0.05699976133212303
1.3766265060240963 0.05575648627166037
1.3846184738955822 0.054445915262239894
1.3926104417670682 0.05320723243467011
1.400602409638554 0.05200811346778611
1.40859437751004 0.050839386523991593
1.416586345381526 0.049689845927035764
1.4245783132530119 0.04856756181638375
1.432570281124498 0.04753263692355028
1.440562248995984 0.04647259891955918
1.4485542168674699 0.04542898859337081
1.4565461847389558 0.04445579799181912
1.4645381526104417 0.043461510623001146
1.4725301204819277 0.042521703529058985
1.4805220883534136 0.04162671731154553
1.4885140562248995 0.0407077520895051
1.4965060240963854 0.03982916907957878
1.5044979919678714 0.03900238161470673
1.5124899598393573 0.03814163333364007
1.5204819277108432 0.037327602383147536
1.5284738955823292 0.03659976983268356
1.536465863453815 0.03579812349873053
1.5444578313253012 0.03503022430868898
1.5524497991967872 0.0343295902029467
1.560441767068273 0.03358420222233448
1.568433734939759 0.03293417893833738
1.576425702811245 0.03222801430032074
1.5844176706827309 0.03157279830259428
1.5924096385542168 0.03092103319271804
1.6004016064257027 0.03030120649084475
1.6083935742971887 0.02969427703643868
1.6163855421686746 0.02908989655097964
1.6243775100401605 0.02850158692590619
1.6323694779116464 0.027936332119825873
1.6403614457831324 0.02737062686290748
1.6483534136546183 0.026839350616342378
1.6563453815261042 0.026296919040854794
1.6643373493975904 0.025790604694153584
1.6723293172690763 0.025278929953577875
1.6803212851405622 0.024782251277210836
1.6883132530120482 0.024299315029506947
1.696305220883534 0.023836973858474334
1.70429718875502 0.02337054936205431
1.712289156626506 0.022921114429310864
1.7202811244979919 0.022481472069612568
1.7282730923694778 0.02205205537007666
1.7362650602409637 0.021632229357195804
1.7442570281124496 0.02122250044639416
1.7522489959839356 0.020821473071905197
1.7602409638554215 0.020423096195582198
1.7682329317269074 0.020050378311892058
1.7762248995983936 0.019670838644479393
1.7842168674698795 0.0193074904843624
1.7922088353413654 0.01894526251861746
1.8002008032128514 0.018603305318228007
1.8081927710843373 0.018255919792198847
1.8161847389558232 0.01792063065402129
1.8241767068273091 0.017593441948919052
1.832168674698795 0.017270759933081532
1.840160642570281 0.01695970015836726
1.848152610441767 0.016655042073627682
1.8561445783132529 0.016353245299163443
1.8641365461847388 0.016056645650105783
1.8721285140562247 0.015774671388163807
1.8801204819277106 0.015490956834841346
1.8881124497991968 0.01521373736819485
1.8961044176706827 0.014947902807257992
1.9040963855421686 0.014681833745342678
1.9120883534136546 0.014422362122671343
1.9200803212851405 0.014174628213983331
1.9280722891566264 0.013926812444246432
1.9360642570281124 0.013678497371329694
1.9440562248995983 0.013449445235777784
1.9520481927710842 0.013213109297193713
1.9600401606425701 0.012985636305116486
1.968032128514056 0.012762866469800897
1.976024096385542 0.012544528458947667
1.984016064257028 0.012328704612256195
1.9920080321285139 0.0121217251433628
