0.0 0.0066321480918971705 1.6662570353129091 0.07818230427210382 0.19593492992296735
0.1 0.006575965314816712 1.6591843606614785 0.07707582300848628 0.19398534479588872
0.2 0.006519939501283568 1.6521012944613864 0.07598314266146444 0.19205515836494463
0.30000000000000004 0.006464074315431127 1.6450081687140516 0.07490411800914298 0.19014417760988359
0.4 0.0064083733931398655 1.6379053173719142 0.07383860509301471 0.18825221143103754
0.5 0.0063528403410754355 1.630793076277658 0.07278646120681961 0.18637907063021197
0.6000000000000001 0.006297478735737142 1.623671783102657 0.07174754488556165 0.1845245678917658
0.7000000000000001 0.0062422921225173565 1.6165417772846744 0.07072171589468251 0.18268851776387982
0.8 0.0061872840147724085 1.6094033999648354 0.06970883521938911 0.18087073664001113
0.9 0.0061324578929054276 1.6022569939238966 0.06870876505413376 0.1790710427405326
1.0 0.006077817203461669 1.595102903517842 0.06772136879224372 0.17728925609455445
1.1 0.0060233653582368015 1.5879414746128206 0.06674651101569908 0.1755251985219273
1.2000000000000002 0.005969105733398669 1.5807730545194643 0.0657840574850562 0.17377869361542383
1.3 0.00591504166862298 1.5735979919266003 0.06483387512951472 0.17204956672309799
1.4000000000000001 0.005861176466243409 1.5664166368343913 0.0638958320371263 0.17033764493081957
1.5 0.005807513390416574 1.5592293404869257 0.06296979744514228 0.16864275704498274
1.6 0.005754055666302328 1.5520364553042914 0.06205564173049892 0.1669647335753865
1.7000000000000002 0.005700806479259831 1.5448383348141541 0.06115323640043759 0.16530340671828553
1.8 0.005647768974059804 1.5376353335828707 0.06026245408325777 0.16365861033960968
1.9000000000000001 0.005594946254113394 1.5304278071461663 0.059383168519200974 0.16203017995835048
2.0 0.00554234138071807 1.5232161119394045 0.05851525455146326 0.16041795273011267
2.1 0.005489957372320939 1.5160006052274773 0.057658588117334285 0.15882176743082993
2.2 0.00543779720379984 1.5087816450343432 0.05681304623946075 0.15724146444064221
2.3000000000000003 0.005385863805762636 1.5015595900722487 0.05597850701723193 0.1556768857279335
2.4000000000000004 0.005334160063865025 1.4943347996706555 0.05515484961828565 0.15412787483352883
2.5 0.005282688818147215 1.4871076337049052 0.05434195427013189 0.1525942768550478
2.6 0.005231452862389822 1.4798784525246578 0.05353970225189246 0.1510759384314146
2.7 0.005180454943489273 1.472647616882124 0.05274797588615443 0.14957270772752157
2.8000000000000003 0.005129697760853051 1.4654154878601293 0.0519666585309351 0.14808443441904565
2.9000000000000004 0.005079183965815032 1.458182426800037 0.05119563457175659 0.14661096967741571
3.0 0.005028916161071239 1.4509487952295612 0.050434789413827855 0.14515216615492976
3.1 0.004978896900136217 1.4437149547905017 0.04968400947433197 0.1437078779700198
3.2 0.00492912868682031 1.4364812671664287 0.04894318217481686 0.14227796069266382
3.3000000000000003 0.004879613974728069 1.4292480940103518 0.04821219593368704 0.1408622713299425
3.4000000000000004 0.0048303551667779766 1.4220157968723999 0.04749094015879453 0.13946066831173978
3.5 0.004781354614743714 1.4147847371275468 0.046779305240126995 0.13807301147658582
3.6 0.004732614618817146 1.4075552759034091 0.046077182542590696 0.13669916205764077
3.7 0.0046841374271931755 1.400327774008152 0.04538446439888663 0.13533898266881783
3.8000000000000003 0.004635925235676643 1.3931025918585263 0.04470104410247754 0.13399233729104462
3.9000000000000004 0.004587980187311392 1.3858800894080778 0.044026815900644015 0.13265909125866118
4.0 0.0045403043720316045 1.378660626075546 0.04336167498762748 0.13133911124595324
4.1000000000000005 0.004492899826335546 1.3714445606734957 0.04270551749785828 0.13003226525381947
4.2 0.004445768532981771 1.364232251337201 0.04205824049926677 0.1287384225965717
4.3 0.004398912420707871 1.357024055453817 0.041419741986675536 0.12745745388886592
4.4 0.004352333363971835 1.3498203295918698 0.0407899208752708 0.12618923103276397
4.5 0.004306033182716035 1.3426214294310888 0.04016867699415109 0.12493362720492336
4.6000000000000005 0.0042600136421538605 1.3354277096926153 0.03955591107995117 0.12369051684391488
4.7 0.0042142764525790405 1.3282395240696154 0.03895152477053976 0.12245977563766662
4.800000000000001 0.004168823269197604 1.3210572251583246 0.038355420598788464 0.12124128051103224
4.9 0.004123655691982452 1.313881164389551 0.03776750198641088 0.12003490961348372
5.0 0.004078775265550557 1.3067116919606714 0.03718767323786942 0.11884054230692598
5.1000000000000005 0.004034183479062633 1.2995491567681376 0.03661583953434852 0.11765805915363303
5.2 0.003989881766145314 1.2923939063405339 0.03605190692779202 0.11648734190430418
5.300000000000001 0.003945871504835653 1.2852462867721943 0.03549578233500333 0.11532827348623882
5.4 0.003902154017547918 1.2781066426574281 0.0349473735318066 0.11418073799162934
5.5 0.0038587305710624984 1.2709753170253582 0.034406589147266776 0.11304462066596994
5.6000000000000005 0.0038156023765368477 1.2638526512754138 0.033873338657967544 0.11191980789658132
5.7 0.0037727705895382636 1.2567389851134936 0.03334753238234478 0.11080618720124916
5.800000000000001 0.003730236310098387 1.249634656488829 0.03282908147507449 0.10970364721697592
5.9 0.0036880005827892018 1.2425400015315675 0.03231789792151316 0.1086120776888444
6.0 0.003646064396820382 1.2354553544911036 0.03181389453218922 0.10753136945899212
6.1000000000000005 0.0036044286861577593 1.2283810476751773 0.031316984937343834 0.1064614144556955
6.2 0.003563094329662688 1.2213174113897662 0.030827083581519726 0.10540210568256263
6.300000000000001 0.003522062151252112 1.2142647738797876 0.030344105718196304 0.10435333720783337
6.4 0.0034813329200790457 1.207223461270642 0.029867967404469696 0.10331500415378629
6.5 0.003440907350733244 1.2001937975106043 0.029398585495776362 0.10228700268625074
6.6000000000000005 0.0034007861034617837 1.1931761043141007 0.02893587764065851 0.10126923000422322
6.7 0.0033609697844092837 1.1861707011058737 0.02847976227557033 0.10026158432958747
6.800000000000001 0.0033214589458774447 1.179177904966067 0.02803015861972335 0.09926396489693627
6.9 0.0032822540866036636 1.1721980305762436 0.02758698666996974 0.098276271943495
7.0 0.0032433556520583434 1.165231390166354 0.02715016719572228 0.09729840669914526
7.1000000000000005 0.0032047640347606346 1.1582782934626752 0.026719621733909377 0.0963302713765477
7.2 0.0031664795746122296 1.1513390476367347 0.02629527258396444 0.0953717691613633
7.300000000000001 0.003128502559248902 1.1444139572552356 0.025877042802847812 0.09442280420257176
7.4 0.003090833224409422 1.1375033242309989 0.025464856200100416 0.09348328160288642
7.5 0.0030534717543214862 1.1306074477749373 0.02505863733292788 0.09255310740926437
7.6000000000000005 0.0030164182821043168 1.1237266243490753 0.02465831150131384 0.09163218860351108
7.7 0.002979672890187515 1.1168611476206267 0.024263804743161504 0.09072043309297856
7.800000000000001 0.002943235610745829 1.1100113084171443 0.023875043829462338 0.08981774970135593
7.9 0.0029071064261494105 1.1031773946827528 0.023491956259490805 0.08892404815955185
8.0 0.0028712852694291846 1.096359691435476 0.02311447025602402 0.0880392390966673
8.1 0.0028357720247569225 1.0895584807256713 0.022742514760585635 0.08716323403105873
8.200000000000001 0.0028005665279396052 1.0827740415955738 0.0223760194287127 0.08629594536148952
8.3 0.002765668566927676 1.0760066500399732 0.022014914625244644 0.08543728635837
8.4 0.0027310778823367394 1.069256578968014 0.021659131419633597 0.08458717115508427
8.5 0.0026967941679823045 1.062524098166143 0.021308601581275073 0.0837455147394036
8.6 0.0026628170714271494 1.055809474262203 0.020963257574858105 0.08291223294498505
8.700000000000001 0.0026291461945408398 1.0491129706906772 0.02062303255573423 0.08208724244295473
8.8 0.0025957810940710146 1.0424348476590986 0.020287860365304382 0.08127046073357498
8.9 0.0025627212822259575 1.0357753621156192 0.01995767552642292 0.08046180613799421
9.0 0.0025299662272680492 1.029134767717753 0.019632413238818244 0.07966119779007896
9.1 0.00249751535411764 1.0225133148022885 0.01931200937452903 0.07886855562832727
9.200000000000001 0.0024653680449668917 1.0159112503563779 0.018996400473355816 0.07808380038786242
9.3 0.0024335236399031838 1.009328817989807 0.018685523738326784 0.07730685359250641
9.4 0.002401981437541576 1.0027662579084409 0.018379317031177664 0.07653763754693226
9.5 0.002370740695665941 0.9962238068888538 0.01807771886784478 0.07577607532889437
9.600000000000001 0.0023398006318782866 0.9897016982541395 0.017780668413970906 0.0750220907815363
9.700000000000001 0.0023091604242558342 0.9832001618509018 0.017488105480423295 0.07427560850577498
9.8 0.002278819212015412 0.976719424027427 0.01719997051882348 0.07353655385276084
9.9 0.0022487760961846983 0.9702597076130332 0.016916204617088273 0.0728048529164126
10.0 0.002219030140279915 0.963821231898597 0.016636749494981645 0.07208043252602694
10.100000000000001 0.0021895803709894818 0.9574042126182539 0.01636154749967688 0.07136322023896108
10.200000000000001 0.0021604257788632323 0.9510088619322694 0.016090541601328924 0.07065314433338868
10.3 0.002131565319006733 0.9446353884110743 0.01582367538865618 0.06995013380112745
10.4 0.002102997911780288 0.9382839970204646 0.015560893064531643 0.06925411834053831
10.5 0.002074722443502189 0.9319548891079568 0.015302139441583186 0.06856502834949516
10.600000000000001 0.0020467377671557958 0.9256482623902939 0.015047359937802318 0.06788279491842465
10.700000000000001 0.002019042703100017 0.9193643109420966 0.014796500572161482 0.0672073498234152
10.8 0.001991636039782766 0.9131032251856515 0.014549507960239523 0.0665386255193944
10.9 0.00196451653445701 0.9068651918818312 0.014306329309855162 0.06587655513337459
11.0 0.0019376829138989665 0.9006503941221372 0.014066912416708113 0.06522107245776541
11.100000000000001 0.0019111338751280629 0.894459011321854 0.013831205660027976 0.06457211194375309
11.200000000000001 0.0018848680861282628 0.8882912192143143 0.013599157998230423 0.06392960869474541
11.3 0.0018588841865703556 0.8821471898462554 0.013370718964580749 0.06329349845988205
11.4 0.001833180788534834 0.8760270915742648 0.013145838662864607 0.06266371762760946
11.5 0.0018077564772349636 0.8699310890623008 0.012924467763065894 0.06204020321931955
11.600000000000001 0.0017826098117396864 0.8638593432802791 0.012706557497051595 0.06142289288305192
11.700000000000001 0.0017577393256959755 0.8578120115037138 0.012492059654263692 0.060811724887258514
11.8 0.0017331435280502896 0.8517892473144012 0.012280926577417962 0.060206638114630444
11.9 0.0017088209037687588 0.8457912006021342 0.01207311115820971 0.05960757205598619
12.0 0.0016847699145557695 0.839818017567435 0.011868566833026513 0.05901446680422068
12.100000000000001 0.0016609889995705931 0.8338698407252957 0.011667247578667831 0.058427263048314484
12.200000000000001 0.0016374765761417295 0.8279468089099083 0.011469107908071655 0.057845902067402664
12.3 0.0016142310404786433 0.8220490572803777 0.011274102866048179 0.05727032572490266
12.4 0.0015912507683805593 0.8161767173273966 0.011082188025020624 0.056700476462700586
12.5 0.001568534115942031 0.810329916880877 0.01089331948077324 0.05613629729539534
12.600000000000001 0.0015460794202549369 0.8045087801185132 0.010707453848206538 0.05557773180460001
12.700000000000001 0.0015238850001066623 0.7987134275752724 0.010524548257100051 0.055024724133300104
12.8 0.001501949156674124 0.7929439761537895 0.010344560347882517 0.0544772189802676
12.9 0.0014802701742134003 0.787200539135657 0.010167448267409757 0.05393516159453097
13.0 0.0014588463207446652 0.7814832261935889 0.009993170664750434 0.0533984977698999
13.100000000000001 0.001437675848732185 0.7757921434044505 0.00982168668697965 0.052867173839544694
13.200000000000001 0.001416756995759099 0.7701273932631296 0.009652955974980892 0.0523411366706296
13.3 0.0013960879851967582 0.7644890746972385 0.009486938659256112 0.05182033365899933
13.4 0.0013756670268683642 0.75887728308263 0.009323595355744469 0.051304712723918705
13.5 0.0013554923177066956 0.7532921102597097 0.009162887161649765 0.050794222302864546
13.600000000000001 0.00133556204240568 0.7477336445505274 0.00900477565127682 0.05028881134636931
13.700000000000001 0.0013158743740656125 0.742201970776634 0.008849222871877071 0.04978842931291622
13.8 0.0012964274748318062 0.7366971702776822 0.008696191339503431 0.0492930261638849
13.9 0.0012772194965264768 0.731219320930759 0.008545644034874976 0.04880255235854765
14.0 0.0012582485812736807 0.7257684971704289 0.008397544399251392 0.04831695884911516
14.100000000000001 0.0012395128621171113 0.7203447700094731 0.008251856330317563 0.047836197075831866
14.200000000000001 0.0012210104636305953 0.7149482070603055 0.00810854417807861 0.047360218962119775
14.3 0.0012027395025211087 0.7095788725570509 0.007967572740765531 0.046888976909770876
14.4 0.0011846980882241726 0.7042368273782635 0.00782890726075183 0.046422423794187234
14.5 0.0011668843234914654 0.698922129070274 0.0076925134204812555 0.04596051295966849
14.600000000000001 0.0011492963049705173 0.6936348318711403 0.007558357338407134 0.04550319821474627
14.700000000000001 0.001131932123776358 0.6883749867351939 0.007426405564943367 0.04505043382756499
14.8 0.0011147898660549855 0.683142641358155 0.0072966250784275676 0.044602174521308616
14.9 0.0010978676135385446 0.677937840202804 0.007168983281096462 0.044158375469672974
15.0 0.0010811634440921036 0.6727606245251924 0.007043447995073952 0.043718992292383074
15.100000000000001 0.0010646754322519226 0.6676110324013704 0.006919987458372141 0.04328398105075502
15.200000000000001 0.001048401649755139 0.6624890987546216 0.006798570320905535 0.04285329824330215
15.3 0.0010323401660607507 0.6573948553831791 0.006679165640518785 0.0424269008013848
15.4 0.001016489048861853 0.6523283309884119 0.006561742879028252 0.042004746084903476
15.5 0.0010008463645890268 0.6472895512034603 0.0064462718982777195 0.041586791878034705
15.600000000000001 0.0009854101789048414 0.6422785386223069 0.0063327229562084655 0.04117299638500951
15.700000000000001 0.0009701785571893852 0.6372953128292606 0.006221066702944152 0.04076331822593376
15.8 0.0009551495650167992 0.6323398904288423 0.006111274176890641 0.040357716432650154
15.9 0.0009403212686227501 0.6274122850760515 0.006003316800851206 0.039956150444641354
16.0 0.0009256917353628166 0.6225125075069985 0.0058971663781573445 0.039558580104973914
16.1 0.000911259034161753 0.617640565569885 0.0057927950888155 0.039164965656282566
16.2 0.0008970212359536064 0.612796464256317 0.005690175485670017 0.03877526773679444
16.3 0.0008829764141126664 0.6079802057329312 0.005589280490582597 0.03838944737639281
16.400000000000002 0.0008691226448752394 0.6031917893733241 0.005490083390628571 0.03800746599272013
16.5 0.0008554580077522415 0.5984312117902607 0.005392557834310259 0.03762928538731973
16.6 0.0008419805859325966 0.5936984668681509 0.005296677827787685 0.0372548677418159
16.7 0.0008286884666774642 0.5889935457957778 0.005202417731127017 0.036884175614132084
16.8 0.0008155797417052917 0.5843164370992601 0.005109752254566863 0.03651717193474658
16.900000000000002 0.0008026525075677159 0.5796671266752352 0.00501865645480289 0.03615382000298562
17.0 0.0007899048660163284 0.5750455978242461 0.004929105731290854 0.03579408348335328
17.1 0.0007773349243603317 0.5704518312843169 0.004841075822568434 0.03543792640189775
17.2 0.0007649407958151267 0.5658858052647039 0.004754542802596108 0.03508531314261413
17.3 0.0007527205998418507 0.561347495479805 0.004669483077117276 0.034736208443882616
17.400000000000002 0.0007406724624779216 0.5568368751832157 0.004585873380037981 0.03439057739494243
17.5 0.0007287945166586214 0.5523539152019125 0.004503690769826426 0.03404838543240066
17.6 0.0007170849025297756 0.5478985839705554 0.00442291262593247 0.03370959833677586
17.7 0.0007055417677515818 0.543470847565893 0.004343516645227537 0.03337418222907617
17.8 0.0006941632677936343 0.5390706697412536 0.0042654808384649315 0.033042103567411295
17.900000000000002 0.0006829475662212233 0.5346980119611143 0.004188783526761004 0.03271332914363835
18.0 0.0006718928349729564 0.5303528334357305 0.004113403338097236 0.03238782608004097
18.1 0.0006609972546297812 0.5260350911558143 0.0040393192038435805 0.03206556182604152
18.2 0.0006502590146754804 0.5217447399272503 0.003966510355303224 0.031746504154946086
18.3 0.0006396763137487059 0.5174817324058331 0.0038949563202789125 0.03143062116072164
18.400000000000002 0.0006292473598866427 0.5132460191320168 0.003824636919661211 0.031117881254805545
18.5 0.0006189703707603736 0.5090375485656643 0.0037555322640387342 0.030808253162946588
18.6 0.0006088435739020318 0.5048562671207809 0.0036876227503305943 0.03050170592207754
18.7 0.000598865206923835 0.5007021192002281 0.0036208890584413095 0.03019820887721889
18.8 0.0005890335177290751 0.49657504723039636 0.0035553121479382464 0.029897731678413215
18.900000000000002 0.000579346764715173 0.4924749916958347 0.00349087325475185 0.029600244277690226
19.0 0.000569803216968881 0.4884018911738209 0.0034275538878988134 0.02930571692606198
19.1 0.0005604011544537294 0.48435568236886223 0.003365335826228291 0.029014120170547848
19.200000000000003 0.0005511388681898229 0.4803363001471188 0.0033042011151914116 0.028725424851229267
19.3 0.0005420146604260832 0.47634367757073803 0.0032441320636341225 0.028439602098333766
19.400000000000002 0.0005330268448050321 0.4723777459320869 0.003185111240613596 0.028156623329347832
19.5 0.0005241737465202359 0.4684384347878803 0.003127121472238304 0.027876460246158766
19.6 0.0005154537024664987 0.46452567199318645 0.0030701458385318445 0.027599084832224785
19.700000000000003 0.0005068650613829231 0.46063938373530866 0.0030141676703207103 0.02732446934977333
19.8 0.0004984061839889416 0.45677949456752887 0.002959170546146101 0.027052586337027326
19.900000000000002 0.0004900754431134249 0.4529459274427066 0.0029051382891997976 0.026783408605458917
20.0 0.0004818712238169884 0.44913860374672515 0.0028520549642843795 0.026516909237070646
20.1 0.0004737919235075911 0.44535744333177485 0.0027999048747976343 0.026253061581703565
20.200000000000003 0.00046583595204955773 0.4416023645494693 0.0027486725597415315 0.02599183925437228
20.3 0.0004580017318661201 0.43787328428378103 0.002698342790755587 0.02573321613262638
20.400000000000002 0.00045028769803560274 0.43417011798379523 0.0026489005691748523 0.025477166353938152
20.5 0.00044269229838136384 0.4304927796962705 0.0026003311231125367 0.02522366431311637
20.6 0.00043521399355560026 0.4268411820979998 0.0025526199045673333 0.02497268465974569
20.700000000000003 0.0004278512571171413 0.42321523652796755 0.002505752586555514 0.02472420229565162
20.8 0.00042060257560333904 0.419614853019293 0.0024597150602678544 0.024478192372390687
20.900000000000002 0.00041346644859617174 0.41603994033095515 0.0024144934322513755 0.024234630288765546
21.0 0.00040644138878268086 0.41249040597929476 0.002370074021616002 0.023993491688364888
21.1 0.0003995259220098473 0.40896615626928257 0.0023264433572661655 0.023754752457127697
21.200000000000003 0.00039271858733403386 0.4054670963255554 0.002283588175157338 0.023518388720931913
21.3 0.00038601793706510113 0.4019931301232079 0.0022414954155775303 0.02328437684320695
21.400000000000002 0.0003794225368053121 0.39854416051833835 0.002200152220453784 0.02305269342257003
21.5 0.00037293096548314585 0.3951200892783435 0.0021595459306836835 0.022823315290486
21.6 0.00036654181538212956 0.3917208171119567 0.0021196640834918075 0.022596219508950504
21.700000000000003 0.00036025369216480474 0.3883462436990246 0.002080494409811213 0.02237138336819615
21.8 0.00035406521489194054 0.3849962677200199 0.0020420248316898974 0.022148784384421506
21.900000000000002 0.00034797501603710696 0.3816707868852826 0.002004243459722199 0.021928400297542675
22.0 0.0003419817414967229 0.37836969796399084 0.0019671385905051814 0.02171020906896734
22.1 0.00033608405059568487 0.3750928968128517 0.0019306987041198993 0.02149418887939079
22.200000000000003 0.0003302806160886955 0.3718402784045145 0.0018949124616375948 0.021280318126614073
22.3 0.0003245701241573922 0.36861173685569754 0.0018597687026507183 0.021068575423383674
22.400000000000002 0.00031895127440339496 0.3654071654550296 0.0018252564428287484 0.020858939595252812
22.5 0.000313422779837375 0.36222645669060166 0.0017913648714988333 0.020651389678463986
22.6 0.00030798336686425356 0.35906950227722406 0.0017580833492510783 0.020445904917852552
22.700000000000003 0.0003026317752646394 0.3559361931833909 0.001725401405568535 0.02024246476477121
22.8 0.0002973667581726079 0.352826419657945 0.0016933087364817828 0.020041048875035133
22.900000000000002 0.00029218708204992584 0.349740071256443 0.0016617952022480193 0.01984163710688748
23.0 0.00028709152665683057 0.3466770368672204 0.001630850825054644 0.01964420951898528
23.1 0.00028207888501945714 0.34363720473715 0.0016004657867472027 0.019448746368405205
23.200000000000003 0.00027714796339402265 0.34062046249709654 0.0015706304265816554 0.019255228108669302
23.3 0.00027229758122786376 0.3376266971870652 0.0015413352390008656 0.019063635387790354
23.400000000000002 0.00026752657111742405 0.33465579528103795 0.0015125708714352395 0.018873949046336595
23.5 0.00026283377876329595 0.33170764271150466 0.0014843281221273933 0.018686150115515818
23.6 0.00025821806292240405 0.3287821248936793 0.0014565979379807803 0.01850021981527843
23.700000000000003 0.0002536782953574335 0.32587912674940783 0.001429371412432186 0.018316139552439468
23.8 0.0002492133607835898 0.32299853273076057 0.0014026397833479705 0.018133890918819263
23.900000000000002 0.00024482215681278754 0.32014022684331295 0.001376394430943938 0.01795345568940256
24.0 0.00024050359389535665 0.3173040926691122 0.0013506268757287575 0.017774815820516057
24.1 0.00023625659525935655 0.31449001338932997 0.0013253287764708153 0.01759795344802401
24.200000000000003 0.00023208009684758357 0.31169787180659947 0.001300491928188362 0.017422850885541765
24.3 0.00022797304725236543 0.30892755036703995 0.0012761082601628476 0.017249490622667174
24.400000000000002 0.00022393440764821823 0.30617893118196443 0.0012521698339753255 0.017077855323229463
24.5 0.00021996315172246008 0.3034518960492754 0.0012286688415658019 0.016907927823555678
24.6 0.00021605826560385584 0.3007463264745436 0.0012055976033153795 0.016739691130754228
24.700000000000003 0.00021221874778937954 0.29806210369177566 0.0011829485661511013 0.016573128421015642
24.8 0.00020844360906917118 0.2953991086838667 0.0011607143016733271 0.01640822303793015
24.900000000000002 0.00020473187244976674 0.2927572222027401 0.001138887504305526 0.01624495849082202
25.0 0.00020108257307568033 0.2901363247891761 0.0011174609894663325 0.016083318453100483
25.1 0.00019749475814940983 0.2875362967923284 0.0010964276917637423 0.015923286760627056
25.200000000000003 0.00019396748684994452 0.2849570183889307 0.0010757806632112916 0.01576484741009914
25.3 0.00019049983024984414 0.2823983696021938 0.0010555130714660597 0.01560798455744966
25.400000000000002 0.00018709087123096029 0.2798602303203929 0.0010356181980883845 0.015452682516262615
25.5 0.0001837397043988727 0.2773424803151507 0.0010160894368231137 0.01529892575620448
25.6 0.0001804454359961051 0.27484499925941097 0.0009969202919022386 0.015146698901471108
25.700000000000003 0.00017720718381419046 0.2723676667451108 0.0009781043763687595 0.014995986729250182
25.8 0.00017402407710464748 0.26991036230054655 0.0009596354104216588 0.014846774168198875
25.900000000000002 0.00017089525648893695 0.26747296540744103 0.000941507219781753 0.014699046296936734
26.0 0.00016781987386745546 0.2650553555177083 0.0009237137340783533 0.014552788342553542
26.1 0.00016479709232763065 0.26265741206992105 0.0009062489852564963 0.014407985679131962
26.200000000000003 0.00016182608605117737 0.26027901450548097 0.0008891071060046357 0.014264623826284987
26.3 0.00015890604022057272 0.2579200422844947 0.0008722823282026008 0.014122688447707879
26.400000000000002 0.00015603615092480506 0.2555803749013549 0.0008557689813896725 0.013982165349744478
26.5 0.00015321562506445688 0.2532598919000326 0.0008395614912526193 0.013843040479967903
26.6 0.00015044368025617056 0.2509584728890783 0.000823654378133502 0.013705299925775228
26.700000000000003 0.00014771954473655506 0.2486759975563368 0.0008080422555570826 0.013568929912996245
26.8 0.00014504245726558004 0.24641234568337692 0.0007927198287777278 0.01343391680451605
26.900000000000002 0.0001424116670295115 0.2441673971596375 0.0007776818933455127 0.013300247098911267
27.0 0.00013982643354343622 0.2419410319962939 0.0007629233336915089 0.013167907429099958
27.1 0.00013728602655342209 0.23973313033984428 0.0007484391217319544 0.013036884561004844
27.200000000000003 0.00013478972593836274 0.23754357248542132 0.0007342243154912081 0.01290716539222994
27.3 0.00013233682161154859 0.23537223888982878 0.0007202740577432996 0.012778736950750269
27.400000000000002 0.00012992661342201063 0.23321901018430669 0.0007065835746718954 0.012651586393614656
27.5 0.00012755841105567892 0.2310837671870281 0.0006931481745485 0.01252570100566143
27.6 0.0001252315339363958 0.22896639091532778 0.0006799632464287494 0.012401068198246884
27.700000000000003 0.000122945311126827 0.22686676259766828 0.0006670242588665901 0.012277675507986419
27.8 0.00012069908122930581 0.22478476368534284 0.000654326758646193 0.01215551059550819
27.900000000000002 0.00011849219228665074 0.22272027586391943 0.0006418663695314094 0.01203456124421913
28.0 0.00011632400168299388 0.2206731810644291 0.0006296387910326119 0.011914815359083336
28.1 0.00011419387604465237 0.2186433614742985 0.0006176397971907376 0.011796260965412485
28.200000000000003 0.00011210119114108147 0.21663069954803293 0.0006058652353783606 0.011678886207668436
28.3 0.00011004533178593863 0.2146350780176489 0.0005943110251176078 0.011562679348277588
28.400000000000002 0.0001080256917382944 0.21265637990286163 0.0005829731569147725 0.011447628766457163
28.5 0.00010604167360401867 0.21069448852102893 0.0005718476911114228 0.01133372295705311
28.6 0.00010409268873737335 0.20874928749685356 0.0005609307567518498 0.011220950529389559
28.700000000000003 0.00010217815714284174 0.2068206607718487 0.0005502185504666687 0.01110930020612977
28.8 0.00010029750737722031 0.20490849261356736 0.0005397073353724116 0.010998760822148379
28.900000000000002 9.845017645200255e-05 0.20301266762459916 0.0005293934399869197 0.010889321323414863
29.0 9.663560973607928e-05 0.2011330707513379 0.0005192732571604073 0.010780970765888158
29.1 9.485326085878125e-05 0.1992695872925215 0.0005093432430219513 0.010673698314422215
29.200000000000003 9.310259161328831e-05 0.19742210290754766 0.0004995999159413175 0.010567493241682487
29.3 9.138307186042899e-05 0.19559050362456867 0.0004900398555058869 0.010462344927073205
29.400000000000002 8.96941794328914e-05 0.19377467584836647 0.00048065970151254904 0.010358242855675276
29.5 8.803540003986909e-05 0.1919745063680128 0.00047145615297438173 0.010255176617194816
29.6 8.640622717216053e-05 0.19018988236431522 0.0004624259671419358 0.01015313590492208
29.700000000000003 8.480616200774412e-05 0.18842069141705364 0.0004535659585389838 0.010052110514700814
29.8 8.323471331784553e-05 0.18666682151200867 0.00044487299801253873 0.009952090343907807
29.900000000000002 8.169139737351758e-05 0.18492816104778523 0.00043634401179698523 0.009853065390442627
30.0 8.01757378527488e-05 0.18320459884243462 0.0004279759805921662 0.009755025751727407
30.1 7.868726574811801e-05 0.18149602413987673 0.00041976593865523503 0.00965796162371657
30.200000000000003 7.722551927501027e-05 0.17980232661612655 0.00041171097290614543 0.009561863299916432
30.3 7.579004378040978e-05 0.17812339638532618 0.00040380822204657326 0.009466721170414538
30.400000000000002 7.438039165228365e-05 0.1764591240055865 0.0003960548756921393 0.00937252572091864
30.5 7.299612222957115e-05 0.17480940048464086 0.00038844817351775876 0.009279267531805302
30.6 7.163680171278996e-05 0.17317411728531248 0.00038098540441595767 0.009186937277177891
30.700000000000003 7.030200307527367e-05 0.17155316633080045 0.00037366390566799263 0.009095525723934007
30.8 6.89913059750502e-05 0.16994644000978476 0.0003664810621276191 0.009005023730842146
30.900000000000002 6.770429666737376e-05 0.16835383118135464 0.0003594343054173525 0.00891542224762758
31.0 6.644056791792022e-05 0.16677523317976276 0.0003525211131370559 0.00882671231406732
31.1 6.51997189166549e-05 0.16521053981900657 0.0003457390080847129 0.008738885059094082
31.200000000000003 6.398135519238349e-05 0.1636596453972418 0.00033908555748921564 0.008651931699909183
31.3 6.278508852799361e-05 0.1621224447010287 0.0003325583722550195 0.008565843541104245
31.400000000000002 6.161053687639507e-05 0.1605988330094148 0.0003261551062185156 0.008480611973791642
31.5 6.045732427716732e-05 0.1590887060978567 0.0003198734554159671 0.00839622847474362
31.6 5.932508077391947e-05 0.15759196024198277 0.0003137111573628679 0.008312684605539956
31.700000000000003 5.8213442332371204e-05 0.15610849222120077 0.00030766599034453765 0.008229972011724098
31.8 5.712205075915899e-05 0.15463819932215184 0.0003017357727178715 0.00814808242196775
31.900000000000002 5.6050553621373524e-05 0.15318097934201316 0.00029591836222402166 0.008067007647243689
32.0 5.4998604166834005e-05 0.1517367305916538 0.00029021165531193174 0.007986739580006884
32.1 5.3965861245102554e-05 0.1503053518986432 0.00028461358647253326 0.007907270193383715
32.2 5.2951989229244155e-05 0.1488867426101182 0.00027912212758347994 0.007828591540369297
32.300000000000004 5.195665793833477e-05 0.1474808025955086 0.00027373528726428505 0.0077506957530327665
32.4 5.097954256072084e-05 0.14608743224912427 0.00026845111024169973 0.007673575041730475
32.5 5.002032357803394e-05 0.1447065324926074 0.000263267676725216 0.007597221694327023
32.6 4.9078686689961844e-05 0.1433380047772511 0.000258183101792534 0.00752162807542404
32.7 4.815432273977873e-05 0.14198175108618727 0.00025319553478487817 0.007446786625596644
32.800000000000004 4.724692764063554e-05 0.14063767393644577 0.0002483031587120106 0.007372689860637485
32.9 4.6356202302612665e-05 0.13930567638088806 0.0002435041896668112 0.007299330370808324
33.0 4.5481852560534635e-05 0.13798566201001627 0.0002387968762493 0.007226700820099031
33.1 4.462358910254894e-05 0.1366775349536623 0.0002341794989999535 0.007154793945494021
33.2 4.378112739946777e-05 0.1353811998825565 0.00022965036984220252 0.007083602556245912
33.300000000000004 4.295418763487325e-05 0.13409656200977996 0.00022520783153396826 0.007013119533156445
33.4 4.2142494635986444e-05 0.13282352709210293 0.00022085025712811554 0.006943337827864586
33.5 4.134577780529779e-05 0.13156200143120986 0.00021657604944169337 0.006874250462141642
33.6 4.0563771052960125e-05 0.1303118918748155 0.000212383640533843 0.0068058505271934725
33.7 3.979621272994137e-05 0.12907310581767228 0.00020827149119224345 0.0067381311829695836
33.800000000000004 3.9042845561936106e-05 0.12784555120247232 0.00020423809042797048 0.006671085657479119
33.9 3.830341658403451e-05 0.1266291365206459 0.000200281954978657 0.0066047072461136655
34.0 3.7577677076146e-05 0.12542377081305814 0.00019640162881982143 0.006538989310976759
34.1 3.6865382499176437e-05 0.12422936367060715 0.00019259568268426182 0.006473925280220128
34.2 3.616629243195501e-05 0.1230458252347238 0.00018886271358937567 0.006409508647386473
34.300000000000004 3.5480170508909644e-05 0.12187306619777717 0.00018520134437231914 0.006345732970758832
34.4 3.480678435848694e-05 0.12071099780338626 0.0001816102232328554 0.006282591872716399
34.5 3.414590554231397e-05 0.11955953184664052 0.00017808802328381137 0.006220079039096744
34.6 3.349730949509928e-05 0.11841858067423161 0.00017463344210900695 0.006158188218564416
34.7 3.286077546526844e-05 0.11728805718449724 0.00017124520132855928 0.006096913221985783
34.800000000000004 3.2236086456331604e-05 0.11616787482738011 0.0001679220461714469 0.006036247921810131
34.9 3.162302916897868e-05 0.1150579476043029 0.00016466274505522096 0.005976186251456883
35.0 3.10213939438986e-05 0.11395819006796218 0.00016146608917276973 0.005916722204708951
35.1 3.0430974705318304e-05 0.1128685173220424 0.00015833089208601523 0.005857849835112106
35.2 2.9851568905257267e-05 0.11178884502085173 0.00015525598932644453 0.005799563255380331
35.300000000000004 2.9282977468493372e-05 0.11071908936888217 0.00015224023800237399 0.005741856636807079
35.4 2.8725004738235293e-05 0.10965916712029504 0.00014928251641283972 0.00568472420868241
35.5 2.817745842249707e-05 0.10860899557833374 0.00014638172366801408 0.00562816025771589
35.6 2.7640149541170113e-05 0.10756849259466632 0.0001435367793160545 0.005572159127465291
35.7 2.7112892373787624e-05 0.10653757656865824 0.00014074662297627492 0.005516715217770922
35.800000000000004 2.6595504407976357e-05 0.1055161664465778 0.00013801021397855497 0.005461822984195605
35.9 2.6087806288591285e-05 0.10450418172073615 0.00013532653100887734 0.005407476937470247
36.0 2.5589621767527034e-05 0.10350154242856247 0.00013269457176091296 0.005353671642944878
36.1 2.510077765420191e-05 0.10250816915161724 0.00013011335259355012 0.00530040172004521
36.2 2.4621103766708347e-05 0.10152398301454417 0.0001275819081942753 0.005247661841734563
36.300000000000004 2.4150432883624766e-05 0.10054890568396271 0.00012509929124832325 0.005195446733981156
36.4 2.3688600696483417e-05 0.09958285936730285 0.0001226645721134974 0.005143751175230705
36.5 2.32354457628883e-05 0.0986257668115832 0.00012027683850056661 0.005092569995884246
36.6 2.279080946027824e-05 0.0976775513021349 0.00011793519515917571 0.0050418980777812
36.7 2.2354535940328564e-05 0.09673813666127136 0.00011563876356914752 0.004991730353687526
36.800000000000004 2.192647208398643e-05 0.09580744724690649 0.00011338668163712309 0.00494206180678901
36.9 2.1506467457133698e-05 0.09488540795112246 0.00011117810339843041 0.004892887470189576
37.0 2.1094374266871328e-05 0.09397194419868769 0.00010901219872412084 0.004844202426414577
37.1 2.0690047318420195e-05 0.09306698194552819 0.00010688815303307002 0.0047960018069190665
37.2 2.0293343972631547e-05 0.09217044767715157 0.00010480516700907792 0.00474828079160093
37.300000000000004 1.9904124104101695e-05 0.09128226840702633 0.00010276245632288633 0.00470103460831887
37.4 1.9522250059884956e-05 0.0904023716749175 0.00010075925135901928 0.004654258532415184
37.5 1.9147586618798762e-05 0.08953068554517962 9.879479694739537e-05 0.0046079478862432995
37.6 1.8780000951315056e-05 0.08866713860500888 9.686835209960594e-05 0.004562098038700009
37.7 1.841936258003177e-05 0.08781165996265494 9.497918974981203e-05 0.0045167044047623485
37.800000000000004 1.8065543340718674e-05 0.08696417924559437 9.31265965001607e-05 0.004471762445029097
37.9 1.7718417343931216e-05 0.0861246265986664 9.130987237066738e-05 0.004427267665266833
38.0 1.7377860937186454e-05 0.08529293268217228 8.952833055347192e-05 0.004383215615960495
38.1 1.7043752667695316e-05 0.08446902866993998 8.77812971714193e-05 0.004339601891868444
38.2 1.6715973245644515e-05 0.08365284624735436 8.606811104087736e-05 0.004296422131581929
38.300000000000004 1.639440550802259e-05 0.08284431760935465 8.438812343872313e-05 0.0042536720170889344
38.400000000000006 1.6078934382983893e-05 0.08204337545840039 8.274069787344391e-05 0.004211347273342387
38.5 1.5769446854744306e-05 0.08124995300240637 8.112520986026809e-05 0.004169443667832645
38.6 1.5465831929002757e-05 0.08046398395264794 7.954104670026847e-05 0.004127957010164231
38.7 1.516798059888273e-05 0.07968540252163837 7.798760726337225e-05 0.0040868831516368085
38.800000000000004 1.48757858113873e-05 0.07891414342097781 7.646430177521207e-05 0.0040462179848302976
38.900000000000006 1.458914243436207e-05 0.07815014185917639 7.497055160775052e-05 0.004005957443194131
39.0 1.4307947223959793e-05 0.07739333353945131 7.350578907362347e-05 0.0039660975006405915
39.1 1.403209879260091e-05 0.07664365465749982 7.206945722413411e-05 0.00392663417114221
39.2 1.3761497577423882e-05 0.0759010418992482 7.06610096508362e-05 0.0038875635083331465
39.300000000000004 1.3496045809219476e-05 0.07516543243857836 6.9279910290656e-05 0.0038488816051145632
39.400000000000006 1.32356474818431e-05 0.07443676393503255 6.792563323447737e-05 0.0038105845932639034
39.5 1.298020832209926e-05 0.07371497453149721 6.659766253915185e-05 0.0037726686430480712
39.6 1.2729635760092301e-05 0.07300000285186664 6.529549204285562e-05 0.0037351299628404413
39.7 1.2483838900037775e-05 0.0722917879986883 6.401862518375621e-05 0.003697964798741714
39.800000000000004 1.2242728491528348e-05 0.0715902695507889 6.276657482191892e-05 0.0036611694342045106
39.900000000000006 1.2006216901248681e-05 0.07089538756088365 6.153886306440454e-05 0.0036247401896617104
40.0 1.1774218085133622e-05 0.07020708255316897 6.033502109350532e-05 0.003588673422158507
40.1 1.15466475609637e-05 0.06952529552089873 5.9154588998061326e-05 0.0035529655249880855
40.2 1.1323422381392777e-05 0.06884996792394649 5.7997115607811255e-05 0.0035176129273309805
40.300000000000004 1.1104461107401604e-05 0.06818104168635246 5.6862158330721335e-05 0.003482612093897962
40.400000000000006 1.0889683782172282e-05 0.0675184591938576 5.5749282993238555e-05 0.0034479595245765176
40.5 1.0679011905377716e-05 0.06686216329142483 5.4658063683435225e-05 0.0034136517540808453
40.6 1.0472368407880605e-05 0.06621209728074776 5.358808259696554e-05 0.0033796853516052943
40.7 1.0269677626836795e-05 0.06556820491774899 5.253892988581806e-05 0.0033460569204813205
40.800000000000004 1.0070865281197003e-05 0.06493043041006666 5.1510203509796525e-05 0.003312763097837783
40.900000000000006 9.875858447602165e-06 0.06429871841453197 5.050150909068768e-05 0.0032798005542646765
41.0 9.684585536666515e-06 0.06367301403463657 4.9512459769068123e-05 0.003247165993480173
41.1 9.496976269643564e-06 0.06305326281799209 4.854267606370713e-05 0.003214856152000998
41.2 9.312961655469301e-06 0.06243941075378087 4.759178573352386e-05 0.0031828677988160786
41.300000000000004 9.132473968177738e-06 0.061831404270199786 4.66594236420443e-05 0.0031511977350634377
41.400000000000006 8.955446724683493e-06 0.06122919023189732 4.574523162432717e-05 0.003119842793710312
41.5 8.781814662926189e-06 0.06063271593740369 4.484885835630715e-05 0.003088799839236435
41.6 8.611513720371841e-06 0.060041929116556335 4.396995922651423e-05 0.00305806576732049
41.7 8.444481012865985e-06 0.059456777927919514 4.310819621013845e-05 0.0030276375045296708
41.800000000000004 8.280654813833738e-06 0.058877210956200035 4.226323774538139e-05 0.002997512008012347
41.900000000000006 8.119974533821614e-06 0.05830317720965831 4.1434758612070646e-05 0.00296768626519376
42.0 7.962380700376516e-06 0.057734626117516584 4.062243981249039e-05 0.002938157293474772
42.1 7.80781493825687e-06 0.05717150752736396 3.982596845438771e-05 0.0029089221399336046
42.2 7.656219949971096e-06 0.05661377170255886 3.9045037636121355e-05 0.0028799778810305373
42.300000000000004 7.5075394966388575e-06 0.05606136931962997 3.827934633391706e-05 0.0028513216223155654
42.400000000000006 7.361718379170114e-06 0.05551425146567512 3.752859929117961e-05 0.002822950498138932
42.5 7.218702419757664e-06 0.05497236963575991 3.679250690984495e-05 0.0027948616713645838
42.6 7.078438443678188e-06 0.054435675730314874 3.6070785143719596e-05 0.0027670523330864264
42.7 6.940874261397753e-06 0.053904122052533705 3.5363155393783405e-05 0.0027395197023474646
42.800000000000004 6.8059586509767224e-06 0.053377661305770756 3.466934440541172e-05 0.002712261025861678
42.900000000000006 6.673641340770021e-06 0.052856246590939904 3.398908416749557e-05 0.002685273577738701
43.0 6.54387299241829e-06 0.052339831403914704 3.332211181341152e-05 0.002658554659211237
43.1 6.416605184125285e-06 0.05182836963292943 3.2668169523819915e-05 0.0026321015983651595
43.2 6.291790394217764e-06 0.05132181555598311 3.202700443125659e-05 0.002605911749872346
43.300000000000004 6.169381984982995e-06 0.05082012383824497 3.139836852648079e-05 0.0025799824947261183
43.400000000000006 6.049334186780217e-06 0.05032324952946341 3.0782018566555226e-05 0.0025543112399793576
43.5 5.9316020824214826e-06 0.04983114806137743 3.017771598462244e-05 0.002528895418485195
43.6 5.816141591818062e-06 0.049343775245131956 2.9585226801352596e-05 0.0025037324886403004
43.7 5.702909456888216e-06 0.048861087268696826 2.9004321538025164e-05 0.0024788199341307213
43.800000000000004 5.591863226722341e-06 0.048383040694289885 2.8434775131223455e-05 0.002454155263680242
43.900000000000006 5.4829612430015755e-06 0.04790959245580471 2.7876366849109713e-05 0.00242973601080127
44.0 5.376162625665862e-06 0.047440699856242795 2.7328880209248445e-05 0.0024055597335481647
44.1 5.271427258827711e-06 0.04697632056515117 2.6792102897959125e-05 0.0023816240142730542
44.2 5.1687157769277745e-06 0.04651641261606521 2.6265826691164234e-05 0.0023579264593840622
44.300000000000004 5.067989551128508e-06 0.046060934403957324 2.5749847376705954e-05 0.0023344646991059555
44.400000000000006 4.9692106759421095e-06 0.04560984468269129 2.5243964678110927e-05 0.0023112363872431533
44.5 4.872341956089194e-06 0.04516310256248313 2.4747982179768166e-05 0.0022882392009451118
44.6 4.777346893584483e-06 0.044720667507368445 2.4261707253503623e-05 0.002265470840474038
44.7 4.684189675045917e-06 0.04428249933267633 2.3784950986521086e-05 0.0022429290289749074
44.800000000000004 4.592835159223776e-06 0.043848558202510705 2.331752811068357e-05 0.002220611512247791
44.900000000000006 4.503248864746106e-06 0.04341880462723833 2.2859256933117867e-05 0.0021985160585224124
45.0 4.415396958077286e-06 0.04299319946098502 2.240995926810997e-05 0.002176640458234993
45.1 4.329246241686008e-06 0.042571703899138794 2.1969460370274392e-05 0.002154982523807267
45.2 4.244764142419713e-06 0.042154279475861894 2.153758886897037e-05 0.002133540089427747
45.300000000000004 4.161918700081765e-06 0.04174088806161021 2.1114176703944908e-05 0.0021123110108351266
45.400000000000006 4.080678556208394e-06 0.04133149186066134 2.069905906217995e-05 0.002091293165103853
45.5 4.001012943042109e-06 0.04092605340865156 2.0292074315919834e-05 0.0020704844504318433
45.6 3.922891672698275e-06 0.04052453557012085 1.9893063961859674e-05 0.0020498827859302825
45.7 3.846285126521992e-06 0.04012690153606772 1.9501872561475224e-05 0.0020294861114155583
45.800000000000004 3.771164244631879e-06 0.0397331148215125 1.911834768246771e-05 0.0020092923872032176
45.900000000000006 3.697500515647994e-06 0.039343139263070405 1.8742339841308717e-05 0.001989299593904015
46.0 3.625265966600655e-06 0.03895693901653376 1.837370244686426e-05 0.001969505732221958
46.1 3.5544331530173914e-06 0.038574478554464185 1.8012291745075557e-05 0.0019499088227543837
46.2 3.4849751491849696e-06 0.03819572266379432 1.7657966764680162e-05 0.0019305069057940136
46.300000000000004 3.41686553858369e-06 0.03782063644343973 1.7310589263952285e-05 0.0019112980411329827
46.400000000000006 3.3500784044911156e-06 0.037449185301920894 1.697002367844749e-05 0.0018922803078688204
46.5 3.28458832075235e-06 0.03708133495499528 1.6636137069726224e-05 0.0018734518042123507
46.6 3.2203703427142507e-06 0.03671705142329998 1.6308799075045967e-05 0.0018548106472975174
46.7 3.1573999983207246e-06 0.0363563010300048 1.598788185800076e-05 0.0018363549729930925
46.800000000000004 3.095653279366547e-06 0.03599905039847615 1.5673260060089034e-05 0.0018180829357162696
46.900000000000006 3.0351066329069308e-06 0.03564526644995136 1.5364810753196916e-05 0.0017999927082480924
47.0 2.97573695282039e-06 0.03529491640122422 1.5062413392975815e-05 0.001782082481550739
47.1 2.9175215715222327e-06 0.034947967762341346 1.476594977310188e-05 0.0017643504645866147
47.2 2.860438251826202e-06 0.034604388334309656 1.4475303980395881e-05 0.0017467948841392439
47.300000000000004 2.8044651789517848e-06 0.03426414620681519 1.4190362350795932e-05 0.001729413984635956
47.400000000000006 2.7495809526746777e-06 0.03392720975595292 1.3911013426157887e-05 0.0017122060279723132
47.5 2.695764579618121e-06 0.033593547641968355 1.3637147911874526e-05 0.0016951692933383142
47.6 2.6429954656825437e-06 0.03326312880701009 1.3368658635296623e-05 0.0016783020770462917
47.7 2.591253408611413e-06 0.03293592247289464 1.3105440504938967e-05 0.0016616026923605646
47.800000000000004 2.5405185906907113e-06 0.032611898138882156 1.284739047046333e-05 0.0016450694693287474
47.900000000000006 2.490771571580011e-06 0.03229102557946436 1.2594407483413e-05 0.0016287007546147575
48.0 2.44199328127277e-06 0.031973274842164126 1.2346392458698237e-05 0.0016124949113334856
48.1 2.3941650131836743e-06 0.03165861624534679 1.2103248236806615e-05 0.0015964503188870972
48.2 2.3472684173608924e-06 0.03134702037604358 1.1864879546733507e-05 0.001580565372802977
48.300000000000004 2.3012854938210672e-06 0.031038458087786835 1.1631192969613824e-05 0.0015648384845732782
48.400000000000006 2.256198586004976e-06 0.030732900498457456 1.1402096903046768e-05 0.0015492680814960746
48.5 2.211990374351748e-06 0.030430318988144214 1.1177501526095628e-05 0.0015338526065180815
48.6 2.1686438699896484e-06 0.030130685197015363 1.0957318764953042e-05 0.001518590518078955
48.7 2.1261424085413794e-06 0.02983397102320233 1.0741462259261127e-05 0.0015034802899571314
48.800000000000004 2.084469644041978e-06 0.02954014862069579 1.052984732906933e-05 0.0014885204111172094
48.900000000000006 2.0436095429672836e-06 0.0292491903972537 1.0322390942423291e-05 0.0014737093855588367
49.0 2.0035463783711625e-06 0.02896106901232195 1.0119011683566931e-05 0.001459045732167115
49.1 1.964264724129524e-06 0.028675757374967137 9.919629721755153e-06 0.0014445279845644858
49.2 1.9257494492893144e-06 0.02839322864182175 9.724166780656577e-06 0.001430154690964089
49.300000000000004 1.8879857125206835e-06 0.02811345621504188 9.532546108340003e-06 0.0014159244140245894
49.400000000000006 1.8509589566704468e-06 0.027836413740276976 9.344692447834312e-06 0.001401835730706432
49.5 1.8146549034152053e-06 0.027562075104652573 9.160532008248355e-06 0.001387887232129548
49.6 1.7790595480122365e-06 0.02729041443476479 8.979992436443352e-06 0.0013740775234324513
49.7 1.7441591541466085e-06 0.027021406094688043 8.803002789244032e-06 0.0013604052236327671
49.800000000000004 1.709940248872673e-06 0.026755024683994606 8.629493506181031e-06 0.0013468689654891211
49.900000000000006 1.6763896176484032e-06 0.026491245035786974 8.459396382755444e-06 0.0013334673953644175
50.0 1.6434942994609094e-06 0.02623004221474279 8.292644544210669e-06 0.001320199173090479
50.1 1.6112415820414688e-06 0.025971391515171853 8.12917241980939e-06 0.0013070629718340172
50.2 1.5796189971686365e-06 0.025715268459086275 7.968915717599637e-06 0.0012940574779639626
50.300000000000004 1.5486143160577153e-06 0.02546164879428251 7.811811399664075e-06 0.001281181390920088
50.400000000000006 1.518215544835205e-06 0.02521050849243637 7.657797657844071e-06 0.001268433423082961
50.5 1.4884109200966304e-06 0.024961823747210208 7.506813889926272e-06 0.001255812299645174
50.6 1.459188904546335e-06 0.024715570972372782 7.358800676287268e-06 0.0012433167584838653
50.7 1.4305381827177583e-06 0.02447172679993161 7.213699756983315e-06 0.0012309455500345058
50.800000000000004 1.4024476567727738e-06 0.024230268078277644 7.071454009281546e-06 0.0012186974371659399
50.900000000000006 1.3749064423787015e-06 0.023991171870342696 6.932007425619114e-06 0.0012065711950566761
51.0 1.3479038646615777e-06 0.023754415451768984 6.795305091986483e-06 0.0011945656110723972
51.1 1.321429454234364e-06 0.023519976309091358 6.66129316672585e-06 0.0011826794846447005
51.2 1.2954729432987385e-06 0.023287832137931855 6.52991885973387e-06 0.0011709116271510368
51.300000000000004 1.2700242618191676e-06 0.023057960841206745 6.401130412066192e-06 0.001159260861795852
51.400000000000006 1.2450735337679442e-06 0.022830340527345797 6.274877075931103e-06 0.0011477260234929007
51.5 1.2206110734399585e-06 0.022604949508524055 6.1511090950693795e-06 0.0011363059587487406
51.6 1.1966273818359256e-06 0.022381766298905897 6.029777685510234e-06 0.0011249995255473797
51.7 1.1731131431128557e-06 0.022160769612901417 5.910835016695467e-06 0.0011138055932360755
51.800000000000004 1.1500592211005604e-06 0.021941938363435137 5.794234192969209e-06 0.0011027230424122702
51.900000000000006 1.127456655882991e-06 0.021725251660226815 5.679929235421436e-06 0.0010917507648116442
52.0 1.1052966604432864e-06 0.021510688808084762 5.567875064081034e-06 0.0010808876631972968
52.1 1.083570617371313e-06 0.021298229305210994 5.458027480452227e-06 0.0010701326512500095
52.2 1.06227007563267e-06 0.021087852841518994 5.350343150385597e-06 0.0010594846534596287
52.300000000000004 1.0413867473979382e-06 0.02087953929696317 5.244779587280858e-06 0.0010489426050175005
52.400000000000006 1.0209125049311775e-06 0.02067326873988068 5.141295135610352e-06 0.001038505451709995
52.5 1.000839377536559e-06 0.020469021425345315 5.039848954762585e-06 0.0010281721498130864
52.6 9.811595485620678e-07 0.020266777793533176 4.940401003194453e-06 0.0010179416659879701
52.7 9.618653524592972e-07 0.020066518468100702 4.8429120228915806e-06 0.0010078129771777411
52.800000000000004 9.429492718982487e-07 0.019868224254574282 4.747343524124444e-06 0.000997785070505076
52.900000000000006 9.244039349361948e-07 0.01967187613875206 4.6536577705034e-06 0.0009878569431709526
53.0 9.062221122395903e-07 0.019477455285117386 4.561817764316481e-06 0.0009780276023543632
53.1 8.883967143580865e-07 0.019284943035264263 4.471787232154497e-06 0.0009682960651130351
53.2 8.709207890496884e-07 0.019094320906334467 4.3835306108106625e-06 0.0009586613582851342
53.300000000000004 8.537875186561289e-07 0.018905570589466444 4.297013033453985e-06 0.0009491225183919481
53.400000000000006 8.369902175275488e-07 0.018718673948255948 4.212200316067952e-06 0.00093967859154154
53.5 8.205223294955647e-07 0.018533613017228157 4.129058944153446e-06 0.0009303286333333543
53.6 8.043774253938686e-07 0.018350370000321595 4.047556059685897e-06 0.0009210717087637784
53.7 7.885492006254676e-07 0.018168927269383458 3.9676594483258184e-06 0.0009119068921326404
53.800000000000004 7.730314727757255e-07 0.017989267362676555 3.889337526877083e-06 0.0009028332669506412
53.900000000000006 7.578181792703522e-07 0.017811372983397557 3.8125593309857805e-06 0.0008938499258477009
54.0 7.429033750775343e-07 0.01763522699820678 3.7372945030785757e-06 0.0008849559704822225
54.1 7.282812304533876e-07 0.017460812435769277 3.663513280533523e-06 0.0008761505114512582
54.2 7.139460287299351e-07 0.017288112485307205 3.591186484079101e-06 0.0008674326682015662
54.300000000000004 6.998921641448395e-07 0.017117110495163512 3.5202855064199587e-06 0.0008588015689415581
54.400000000000006 6.86114139712103e-07 0.016947789971376692 3.4507823010796043e-06 0.0008502563505541138
54.5 6.726065651330107e-07 0.016780134576266884 3.3826493714618922e-06 0.0008417961585102757
54.6 6.593641547465357e-07 0.016614128127032772 3.3158597601220825e-06 0.000833420146783786
54.7 6.463817255185326e-07 0.01644975459435992 3.2503870382473692e-06 0.0008251274777664948
54.800000000000004 6.336541950689406e-07 0.01628699810103966 3.186205295340372e-06 0.0008169173221845887
54.900000000000006 6.21176579736351e-07 0.016125842920599213 3.1232891291020116e-06 0.0008087888590156671
55.0 6.089439926792189e-07 0.0159662734759426 3.0616136355117105e-06 0.0008007412754066413
55.1 5.9695164201304e-07 0.01580827433800225 3.0011543990983046e-06 0.0007927737665924416
55.2 5.851948289828506e-07 0.01565183022440158 2.941887483401775e-06 0.0007848855358155488
55.300000000000004 5.736689461703683e-07 0.015496925998128073 2.8837894216164747e-06 0.0007770757942463101
55.400000000000006 5.623694757351569e-07 0.015343546666217183 2.8268372074197537e-06 0.0007693437609040623
55.5 5.512919876891595e-07 0.015191677378446646 2.771008285975792e-06 0.0007616886625790267
55.6 5.404321382040091e-07 0.015041303426041475 2.71628054511518e-06 0.0007541097337549918
55.7 5.297856679504837e-07 0.014892410240389346 2.6626323066845058e-06 0.0007466062165327591
55.800000000000004 5.193484004695225e-07 0.014744983391766416 2.6100423180656137e-06 0.000739177360554353
55.900000000000006 5.091162405742152e-07 0.014599008588073548 2.55848974385815e-06 0.0007318224229279863
56.0 4.990851727821765e-07 0.0144544716735827 2.50795415772376e-06 0.0007245406681537662
56.1 4.892512597777621e-07 0.01431135862769371 2.4584155343892284e-06 0.0007173313680501476
56.2 4.796106409035467e-07 0.014169655563701129 2.409854241804772e-06 0.0007101938016811114
56.300000000000004 4.701595306805395e-07 0.014029348727571306 2.3622510334541714e-06 0.000703127255284074
56.400000000000006 4.6089421735658297e-07 0.01389042449672938 2.31558704081496e-06 0.0006961310221985066
56.5 4.5181106148242095e-07 0.013752869378856378 2.269843765965085e-06 0.0006892044027952699
56.6 4.429064945149178e-07 0.01361667001069622 2.2250030743331192e-06 0.0006823467044066518
56.7 4.341770174469164e-07 0.013481813156872604 2.1810471875890938e-06 0.0006755572412570979
56.800000000000004 4.256191994632433e-07 0.013348285708715737 2.137958676674378e-06 0.0006688353343946364
56.900000000000006 4.172296766223619e-07 0.01321607468309873 2.095720454966545e-06 0.0006621803116229787
57.0 4.0900515056320996e-07 0.013085167221283856 2.0543157715776457e-06 0.0006555915074343031
57.1 4.0094238723672757e-07 0.012955550587778208 2.0137282047821012e-06 0.0006490682629426978
57.2 3.930382156616404e-07 0.012827212169199242 1.973941655573398e-06 0.0006426099258182794
57.300000000000004 3.8528952670401356e-07 0.012700139473149533 1.9349403413457364e-06 0.0006362158502219528
57.400000000000006 3.776932718801528e-07 0.012574320127101165 1.8967087896987374e-06 0.0006298853967408297
57.5 3.7024646218240765e-07 0.012449741877289516 1.85923183236282e-06 0.0006236179323242878
57.6 3.6294616692743667e-07 0.012326392587616218 1.8224945992427574e-06 0.0006174128302206607
57.7 3.5578951262653425e-07 0.012204260238561637 1.7864825125774595e-06 0.0006112694699145686
57.800000000000004 3.4877368187757826e-07 0.012083332926106315 1.751181281213379e-06 0.0006051872370648602
57.900000000000006 3.418959122782145e-07 0.011963598860661765 1.7165768949897004e-06 0.0005991655234431835
58.0 3.351534953598619e-07 0.011845046366010201 1.6826556192322726e-06 0.0005932037268731571
58.1 3.285437755421554e-07 0.0117276638782534 1.649403989356017e-06 0.0005873012511701562
58.2 3.220641491074396e-07 0.011611439944770496 1.616808805571311e-06 0.0005814575060816916
58.300000000000004 3.1571206319493143e-07 0.011496363223184664 1.5848571276947786e-06 0.0005756719072283844
58.400000000000006 3.0948501481418815e-07 0.011382422480338723 1.5535362700598294e-06 0.0005699438760455285
58.5 3.0338054987750473e-07 0.011269606591279398 1.5228337965281897e-06 0.000564272839725232
58.6 2.9739626225089703e-07 0.011157904538250446 1.4927375155971692e-06 0.0005586582311591372
58.7 2.9152979282330925e-07 0.011047305409694353 1.4632354756031508e-06 0.0005530994888817075
58.800000000000004 2.8577882859370667e-07 0.010937798399262705 1.4343159600188095e-06 0.0005475960570140846
58.900000000000006 2.8014110177571033e-07 0.010829372804835029 1.4059674828415664e-06 0.0005421473852084944
59.0 2.7461438891944837e-07 0.010722018027546186 1.3781787840725203e-06 0.0005367529285932163
59.1 2.691965100502937e-07 0.010615723570822168 1.3509388252829282e-06 0.0005314121477180928
59.2 2.6388532782416693e-07 0.010510479039424233 1.3242367852687228e-06 0.0005261245085005858
59.300000000000004 2.586787466990986e-07 0.010406274138501431 1.2980620557877004e-06 0.0005208894821723679
59.400000000000006 2.535747121227285e-07 0.01030309867265123 1.2724042373820363e-06 0.0005157065452264427
59.5 2.4857120973545806e-07 0.010200942544988522 1.2472531352810843e-06 0.000510575179364798
59.6 2.4366626458893757e-07 0.010099795756222526 1.2225987553848416e-06 0.0005054948714465696
59.7 2.3885794037962233e-07 0.009999648403742026 1.1984313003252046e-06 0.0005004651134367334
59.800000000000004 2.3414433869708444e-07 0.009900490680708383 1.1747411656053966e-06 0.0004954854023552965
59.900000000000006 2.295235982868219e-07 0.009802312875156627 1.1515189358132826e-06 0.0004905552402270006
60.0 2.2499389432727958e-07 0.00970510536910445 1.1287553809100374e-06 0.0004856741340315257
60.1 2.2055343772080752e-07 0.009608858637668912 1.1064414525904787e-06 0.0004808415956541828
60.2 2.162004743983072e-07 0.009513563248191114 1.084568280715066e-06 0.0004760571418371085
60.300000000000004 2.1193328463728418e-07 0.009419209859368395 1.0631271698114514e-06 0.00047132029413093305
60.400000000000006 2.077501823930724e-07 0.009325789220394363 1.0421095956443895e-06 0.0004666305788469394
60.5 2.0364951464296242e-07 0.009233292170106374 1.0215072018527585e-06 0.0004619875270096905
60.6 1.996296607429993e-07 0.009141709636140683 1.0013117966524475e-06 0.00045739067431013346
60.7 1.9568903179720375e-07 0.00905103263409502 9.81515349603862e-07 0.0004528395610591676
60.800000000000004 1.9182607003897869e-07 0.0089612522666986 9.62109988442096e-07 0.0004483337321416748
60.900000000000006 1.8803924822447364e-07 0.008872359722989576 9.430879959699341e-07 0.00044387273697100933
61.0 1.8432706903767049e-07 0.008784346277499685 9.24441807010918e-07 0.000439456129443936
61.1 1.8068806450697715e-07 0.00869720328944629 9.061640054226403e-07 0.0004350834678960219
61.2 1.7712079543310035e-07 0.008610922201931537 8.882473211679356e-07 0.0004307543150574676
61.300000000000004 1.7362385082798885e-07 0.008525494541148754 8.706846274440208e-07 0.0004264682380093827
61.400000000000006 1.7019584736462868e-07 0.008440911915595824 8.534689378672023e-07 0.00042222480814049004
61.5 1.6683542883749047e-07 0.00835716601529572 8.365934037129845e-07 0.0004180236011042667
61.6 1.635412656334189e-07 0.008274248611023959 8.200513112108232e-07 0.00041386419677650786
61.7 1.60312054212768e-07 0.008192151553543001 8.038360788903778e-07 0.0004097461792133143
61.800000000000004 1.5714651660058566e-07 0.008110866772843568 7.879412549815948e-07 0.0004056691366094988
61.900000000000006 1.5404339988765195e-07 0.00803038627739269 7.723605148639593e-07 0.0004016326612574024
62.0 1.5100147574118953e-07 0.007950702153388655 7.570876585669215e-07 0.0003976363495061277
62.1 1.4801953992504978e-07 0.00787180656402251 7.421166083191656e-07 0.0003936798017211675
62.2 1.4509641182920775e-07 0.007793691748746421 7.274414061450964e-07 0.0003897626222444474
62.300000000000004 1.422309340083718e-07 0.0077163500225484695 7.130562115090851e-07 0.000385884419354755
62.400000000000006 1.3942197172954468e-07 0.007639773775234093 6.989552990061183e-07 0.00038204480522856926
62.5 1.3666841252836073e-07 0.007563955470714044 6.851330560971708e-07 0.00037824339590127867
62.6 1.339691657740259e-07 0.00748888764629871 6.715839808888683e-07 0.00037447981122878146
62.7 1.3132316224270646e-07 0.0074145629119989715 6.58302679957493e-07 0.00037075367484947495
62.800000000000004 1.2872935369919115e-07 0.007340973949833277 6.452838662147323e-07 0.00036706461414661557
62.900000000000006 1.26186712486679e-07 0.007268113513141109 6.325223568158186e-07 0.0003634122602110594
63.0 1.236942311245286e-07 0.007195974425902634 6.20013071108707e-07 0.0003597962478043688
63.1 1.2125092191382108e-07 0.00712454958206459 6.077510286229887e-07 0.00035621621532228986
63.2 1.1885581655058417e-07 0.007053831944872308 5.957313470987568e-07 0.000352671804758591
63.300000000000004 1.1650796574652957e-07 0.0069838145462078035 5.839492405542064e-07 0.00034916266166926184
63.400000000000006 1.1420643885716194e-07 0.00691449048593398 5.72400017390313e-07 0.0003456884351370698
63.5 1.1195032351711273e-07 0.006845852931244733 5.610790785338384e-07 0.00034224877773646607
63.6 1.097387252825649e-07 0.006777895116021074 5.499819156160339e-07 0.00033884334549884424
63.7 1.0757076728062937e-07 0.006710610340193127 5.391041091870402e-07 0.00033547179787814246
63.800000000000004 1.0544558986553942e-07 0.006643991969107986 5.28441326965931e-07 0.0003321337977167895
63.900000000000006 1.0336235028153137e-07 0.006578033432903336 5.17989322124557e-07 0.00032882901121198733
64.0 1.0132022233228446e-07 0.006512728225886864 5.077439316051344e-07 0.00032555710788233146
64.10000000000001 9.931839605679141e-08 0.006448069905921362 4.977010744711737e-07 0.00032231776053476204
64.2 9.73560774115375e-08 0.006384052093815495 4.878567502904739e-07 0.00031911064523184533
64.3 9.5432487958864e-08 0.006320668472720146 4.78207037549964e-07 0.0003159354412593786
64.4 9.354686456139895e-08 0.006257912787530337 4.687480921017437e-07 0.0003127918310943173
64.5 9.16984590824396e-08 0.006195778844292741 4.5947614563958926e-07 0.000309679500373027
64.60000000000001 8.988653809216411e-08 0.006134260509618489 4.503875042052754e-07 0.0003065981378598407
64.7 8.811038257957174e-08 0.006073351710101609 4.4147854672427905e-07 0.00030354743541593983
64.8 8.636928767002925e-08 0.006013046431742668 4.327457235704852e-07 0.0003005270879685376
64.9 8.466256234832308e-08 0.005953338719377844 4.2418555515875717e-07 0.00029753679348037206
65.0 8.298952918710834e-08 0.005894222676113275 4.1579463056531625e-07 0.0002945762529195032
65.10000000000001 8.134952408064764e-08 0.0058356924627645705 4.0756960617509123e-07 0.0002916451702294066
65.2 7.974189598374485e-08 0.005777742297301681 3.995072043559288e-07 0.00028874325229937215
65.3 7.816600665576224e-08 0.0057203664542987 3.916042121586893e-07 0.00028587020893518754
65.4 7.662123040963479e-08 0.005663559264388984 3.8385748004265887e-07 0.0002830257528301222
65.5 7.510695386577633e-08 0.005607315113725227 3.762639206263043e-07 0.00028020959953619566
65.60000000000001 7.362257571078513e-08 0.00555162844344454 3.688205074627753e-07 0.00027742146743573126
65.7 7.216750646085919e-08 0.005496493749138609 3.61524273838744e-07 0.0002746610777131963
65.8 7.07411682298242e-08 0.00544190558032865 3.543723115976931e-07 0.00027192815432731737
65.9 6.934299450169111e-08 0.00538785853994539 3.4736176998575573e-07 0.0002692224239834785
66.0 6.797242990765118e-08 0.005334347283813831 3.404898545205943e-07 0.000266543616106391
66.10000000000001 6.662893000742339e-08 0.005281366520142802 3.3375382588220746e-07 0.00026389146281303425
66.2 6.531196107487202e-08 0.005228911009019349 3.2715099882588204e-07 0.00026126569888586937
66.3 6.402099988780858e-08 0.0051769755619077784 3.20678741116124e-07 0.0002586660617463155
66.4 6.275553352189869e-08 0.005125555041153415 3.1433447248211104e-07 0.0002560922914284915
66.5 6.151505914859567e-08 0.005074644359491049 3.08115663592986e-07 0.0002535441305532216
66.60000000000001 6.029908383701841e-08 0.005024238479557881 3.020198350540211e-07 0.0002510213243022942
66.7 5.9107124359702296e-08 0.004974332413411152 2.960445564218915e-07 0.00024852362039298243
66.8 5.793870700214357e-08 0.004924921222050192 2.901874452398436e-07 0.0002460507690528139
66.9 5.679336737606618e-08 0.004876000014942999 2.844461660914577e-07 0.00024360252299459294
67.0 5.567065023633942e-08 0.00482756394955732 2.788184296732214e-07 0.00024117863739167488
67.10000000000001 5.457010930147072e-08 0.004779608230895984 2.733019918853177e-07 0.00023877886985347845
67.2 5.349130707761178e-08 0.004732128111036782 2.678946529403295e-07 0.00023640298040125064
67.3 5.2433814686002255e-08 0.0046851188886765345 2.625942564893455e-07 0.00023405073144406604
67.4 5.1397211693789405e-08 0.004638575908679523 2.5739868876541346e-07 0.00023172188775506862
67.5 5.03810859481562e-08 0.004592494561630173 2.5230587774390683e-07 0.00022941621644794933
67.60000000000001 4.9385033413692125e-08 0.0045468702833898755 2.473137923190733e-07 0.00022713348695365505
67.7 4.8408658012948186e-08 0.004501698554658128 2.4242044149727984e-07 0.00022487347099733524
67.8 4.7451571470107666e-08 0.00445697490053765 2.376238736056537e-07 0.00022263594257551016
67.9 4.651339315771843e-08 0.004412694890103729 2.3292217551668798e-07 0.000220420677933473
68.0 4.5593749946423476e-08 0.004368854135977588 2.283134718878636e-07 0.00021822745554291395
68.10000000000001 4.469227605763156e-08 0.004325448293903754 2.237959244164229e-07 0.00021605605607976573
68.2 4.3808612919073226e-08 0.0042824730623314934 2.1936773110859038e-07 0.00021390626240227323
68.3 4.294240902318231e-08 0.0042399241820001154 2.15027125563457e-07 0.0002117778595292766
68.4 4.209331978825184e-08 0.004197797435528287 2.1077237627071545e-07 0.00020967063461871483
68.5 4.126100742230765e-08 0.004156088647007189 2.0660178592235437e-07 0.0002075843769463412
68.60000000000001 4.04451407896472e-08 0.004114793681597525 2.02513690737878e-07 0.0002055188778846496
68.7 3.964539527999312e-08 0.004073908445130377 1.9850645980286157e-07 0.00020347393088201293
68.8 3.8861452680208655e-08 0.004033428883711808 1.9457849442048995e-07 0.00020144933144202685
68.9 3.809300104852632e-08 0.003993350983331247 1.907282274757002e-07 0.0001994448771030596
69.0 3.733973459124118e-08 0.003953670769473597 1.8695412281230744e-07 0.00019746036741800747
69.10000000000001 3.6601353541818615e-08 0.003914384306734984 1.8325467462189425e-07 0.00019549560393424778
69.2 3.5877564042372484e-08 0.0038754876984422124 1.7962840684492454e-07 0.00019355039017379525
69.3 3.516807802746468e-08 0.0038369770862757883 1.7607387258394619e-07 0.00019162453161365283
69.4 3.447261311018266e-08 0.0037988486498965433 1.725896535277442e-07 0.0001897178356663589
69.5 3.379089247045069e-08 0.0037610986065758707 1.6917435938744712e-07 0.00018783011166073081
69.60000000000001 3.31226447455285e-08 0.0037237232108293474 1.6582662734336714e-07 0.0001859611708227941
69.7 3.246760392265916e-08 0.0036867187540540014 1.6254512150284473e-07 0.00018411082625690794
69.8 3.1825509233819854e-08 0.0036500815641689133 1.59328532368827e-07 0.00018227889292707374
69.9 3.1196105052537404e-08 0.003613808005259307 1.5617557631893565e-07 0.00018046518763843164
70.0 3.057914079272743e-08 0.0035778944772240314 1.5308499509461798e-07 0.00017866952901894186
70.10000000000001 2.997437080951656e-08 0.003542337415426356 1.5005555530048947e-07 0.00017689173750124525
70.2 2.9381554302011663e-08 0.003507133290348197 1.470860479136645e-07 0.00017513163530470953
70.3 2.8800455217974287e-08 0.0034722786072475167 1.4417528780254684e-07 0.00017338904641764764
70.4 2.8230842160366993e-08 0.003437769905819111 1.413221132552287e-07 0.00017166379657971873
70.5 2.7672488295732565e-08 0.003403603759858583 1.3852538551713278e-07 0.00016995571326450156
70.60000000000001 2.7125171264370618e-08 0.0033697767769295243 1.3578398833780222e-07 0.00016826462566224093
70.7 2.658867309227778e-08 0.0033362855980339193 1.3309682752652677e-07 0.00016659036466276783
70.8 2.606278010481497e-08 0.0033031268972856455 1.3046283051698138e-07 0.00016493276283858658
70.9 2.5547282842070225e-08 0.0032702973815871626 1.2788094594011837e-07 0.00016329165442813352
71.0 2.5041975975882248e-08 0.003237793790309258 1.2535014320573306e-07 0.0001616668753192002
71.10000000000001 2.4546658228492837e-08 0.003205612894973862 1.2286941209212047e-07 0.00016005826303252155
71.2 2.406113229279671e-08 0.0031737514989399287 1.2043776234395818e-07 0.0001584656567055286
71.3 2.3585204754156762e-08 0.0031422064370922945 1.1805422327800918e-07 0.0001568888970762615
71.4 2.3118686013754643e-08 0.003110974575533542 1.1571784339657663e-07 0.00015532782646744293
71.5 2.2661390213446945e-08 0.0030800528112788334 1.1342769000879211e-07 0.00015378228877071154
71.60000000000001 2.2213135162096356e-08 0.0030494380719536317 1.1118284885911368e-07 0.0001522521294310094
71.7 2.1773742263350515e-08 0.0030191273154943736 1.0898242376327792e-07 0.0001507371954311277
71.8 2.1343036444838847e-08 0.002989117529851977 1.0682553625142126e-07 0.000149237335276404
71.9 2.0920846088760387e-08 0.0029594057326982103 1.0471132521822145e-07 0.0001477523989795724
72.0 2.0507002963835843e-08 0.002929988971134924 1.0263894658003219e-07 0.00014628223804576655
72.10000000000001 2.010134215859537e-08 0.0029008643214059916 1.0060757293855007e-07 0.00014482670545766732
72.2 1.9703702015978433e-08 0.002872028888612119 9.86163932513933e-08 0.0001433856556608033
72.3 1.9313924069217847e-08 0.002843479806428324 9.666461250898233e-08 0.00014195894454899381
72.4 1.8931852978984203e-08 0.0028152142368241743 9.475145141793929e-08 0.00014054642944993857
72.5 1.855733647176579e-08 0.00278722936978672 9.287614609049114e-08 0.000139147969110951
72.60000000000001 1.8190225279458836e-08 0.002759522423046053 9.103794774037812e-08 0.0001377634236848312
72.7 1.7830373080146388e-08 0.0027320906418035916 8.923612238442705e-08 0.0001363926547158835
72.8 1.747763644003997e-08 0.002704931298462884 8.746995055011492e-08 0.00013503552512606816
72.9 1.713187475656368e-08 0.002678041692363092 8.573872698898716e-08 0.00013369189920129528
73.0 1.6792950202556783e-08 0.0026514191495150075 8.404176039564595e-08 0.00013236164257785296
73.10000000000001 1.6460727671573285e-08 0.0026250610223396086 8.237837313229517e-08 0.00013104462222897004
73.2 1.6135074724257516e-08 0.0025989646894091704 8.074790095873334e-08 0.00012974070645151446
73.3 1.5815861535773584e-08 0.0025731275551908336 7.91496927676457e-08 0.00012844976485282153
73.4 1.550296084426933e-08 0.0025475470497926924 7.758311032516816e-08 0.0001271716683376556
73.5 1.519624790035348e-08 0.0025222206287123135 7.604752801654703e-08 0.0001259062890953003
73.60000000000001 1.4895600417566391e-08 0.002497145772587672 7.454233259684029e-08 0.0001246535005867767
73.7 1.4600898523825492e-08 0.0024723199869505336 7.306692294644355e-08 0.0001234131775321901
73.8 1.4312024713825322e-08 0.0024477408019821798 7.162070983157622e-08 0.0001221851958982015
73.9 1.4028863802374249e-08 0.002423405772271515 7.020311566945689e-08 0.00012096943288562384
74.0 1.3751302878649415e-08 0.002399312476575534 6.881357429800524e-08 0.00011976576691714303
74.10000000000001 1.3479231261351212e-08 0.0023754585175820597 6.745153075021955e-08 0.00011857407762515902
74.2 1.3212540454740647e-08 0.002351841521674829 6.611644103298592e-08 0.00011739424583974965
74.3 1.2951124105541478e-08 0.0023284591387008123 6.480777191015651e-08 0.00011622615357675324
74.4 1.269487796069044e-08 0.002305309041739805 6.352500069008659e-08 0.00011506968402596963
74.5 1.2443699825919397e-08 0.002282388926876272 6.226761501719664e-08 0.00011392472153948066
74.60000000000001 1.2197489525151888e-08 0.0022596965129733485 6.103511266772224e-08 0.00011279115162008301
74.7 1.1956148860699623e-08 0.0022372295414490955 5.982700134946192e-08 0.00011166886090984041
74.8 1.1719581574241851e-08 0.0022149857760548736 5.864279850555012e-08 0.0001105577371787465
74.9 1.1487693308573163e-08 0.0021929630026558938 5.7482031122133275e-08 0.00010945766931350212
75.0 1.1260391570104365e-08 0.0021711590290139013 5.6344235539501804e-08 0.0001083685473064043
75.10000000000001 1.1037585692101154e-08 0.0021495716845719303 5.5228957267585994e-08 0.00010729026224434427
75.2 1.0819186798647339e-08 0.002128198820241214 5.413575080444701e-08 0.0001062227062979178
75.3 1.060510776931667e-08 0.002107038308190085 5.30641794587659e-08 0.00010516577271064024
75.4 1.0395263204541077e-08 0.0020860880416349935 5.201381517559874e-08 0.00010411935578827212
75.5 1.0189569391660463e-08 0.002065345934633519 5.098423836585875e-08 0.00010308335088824929
75.60000000000001 9.987944271641102e-09 0.0020448099218793973 4.997503773879349e-08 0.0001020576544092183
75.7 9.790307406449637e-09 0.002024477958499556 4.898581013801286e-08 0.00010104216378067674
75.8 9.59657994706934e-09 0.0020043480198530922 4.801616038086452e-08 0.00010003677745271523
75.9 9.406684602146687e-09 0.0019844181013322425 4.7065701100560526e-08 9.904139488586317e-05
76.0 9.220545607255282e-09 0.0019646862181652656 4.613405259189533e-08 9.805591654103455e-05
76.10000000000001 9.03808869476516e-09 0.0019451504052212362 4.5220842659674356e-08 9.70802438695735e-05
76.2 8.859241064305849e-09 0.0019258087168167659 4.432570647032734e-08 9.611427930339997e-05
76.3 8.683931353811106e-09 0.0019066592265245736 4.3448286406327116e-08 9.515792624525234e-05
76.4 8.512089611134151e-09 0.0018877000269839368 4.258823192361701e-08 9.42110890590276e-05
76.5 8.343647266222323e-09 0.0018689292297129974 4.174519941170811e-08 9.327367306021837e-05
76.60000000000001 8.17853710383964e-09 0.001850344964922867 4.0918852056676764e-08 9.234558450644338e-05
76.7 8.016693236827164e-09 0.0018319453813335738 4.010885970670997e-08 9.142673058807405e-05
76.80000000000001 7.858051079890007e-09 0.0018137286459917773 3.9314898740496775e-08 9.051701941895261e-05
76.9 7.7025473239011e-09 0.0017956929440902816 3.8536651938072685e-08 8.961636002720429e-05
77.0 7.55011991071119e-09 0.0017778364787892887 3.777380835427973e-08 8.872466234613928e-05
77.10000000000001 7.4007080084553235e-09 0.0017601574710394013 3.702606319464565e-08 8.784183720524621e-05
77.2 7.254251987346126e-09 0.001742654159406366 3.6293117693960006e-08 8.696779632127552e-05
77.30000000000001 7.110693395943994e-09 0.0017253247998974992 3.557467899681545e-08 8.610245228941027e-05
77.4 6.969974937895162e-09 0.001708167665789829 3.487046004098821e-08 8.524571857452633e-05
77.5 6.832040449128215e-09 0.0016911810474599012 3.418017944276341e-08 8.439750950253825e-05
77.60000000000001 6.6968348755000954e-09 0.0016743632522152425 3.3503561384706565e-08 8.35577402518317e-05
77.7 6.564304250882985e-09 0.0016577126041274995 3.284033550563062e-08 8.272632684478223e-05
77.80000000000001 6.434395675682801e-09 0.001641227443867153 3.2190236792636526e-08 8.190318613935594e-05
77.9 6.307057295781614e-09 0.001624906128539904 3.155300547544418e-08 8.108823582079652e-05
78.0 6.1822382818949266e-09 0.0016087470315246126 3.092838692268172e-08 8.028139439339296e-05
78.10000000000001 6.059888809336105e-09 0.0015927485423128445 3.0316131540302535e-08 7.948258117233002e-05
78.2 5.939960038179832e-09 0.0015769090663499859 2.9715994671940336e-08 7.869171627562019e-05
78.30000000000001 5.822404093816505e-09 0.001561227024877883 2.912773650132417e-08 7.790872061611435e-05
78.4 5.707174047890451e-09 0.0015457008547790723 2.855112195650271e-08 7.713351589359448e-05
78.5 5.594223899613573e-09 0.0015303290084224671 2.798592061611498e-08 7.636602458694204e-05
78.60000000000001 5.4835085574479245e-09 0.0015151099535106113 2.743190661730772e-08 7.560616994638679e-05
78.7 5.374983821149318e-09 0.001500042172928398 2.688885856572625e-08 7.485387598583161e-05
78.80000000000001 5.268606364165078e-09 0.0014851241645932659 2.6356559447063927e-08 7.410906747525338e-05
78.9 5.164333716379086e-09 0.0014703544413068792 2.5834796540454713e-08 7.337166993318057e-05
79.0 5.0621242471969976e-09 0.0014557315306082347 2.5323361333553032e-08 7.264160961924426e-05
79.10000000000001 4.961937148965252e-09 0.0014412539746282297 2.48220494393958e-08 7.19188135268047e-05
79.2 4.863732420717091e-09 0.0014269203299456421 2.4330660514687466e-08 7.120320937565043e-05
79.30000000000001 4.76747085223915e-09 0.001412729167444515 2.384899817994173e-08 7.049472560476985e-05
79.4 4.6731140084524945e-09 0.0013986790721729528 2.3376869940985325e-08 6.979329136519563e-05
79.5 4.580624214101646e-09 0.0013847686432032834 2.2914087112243923e-08 6.909883651291926e-05
79.60000000000001 4.4899645387457465e-09 0.001370996493493598 2.2460464741302e-08 6.841129160187662e-05
79.7 4.4010987820458935e-09 0.0013573612497506564 2.2015821535143203e-08 6.773058787700382e-05
79.80000000000001 4.313991459342596e-09 0.0013438615522941139 2.1579979787745977e-08 6.7056657267361e-05
79.9 4.22860778751796e-09 0.0013304960549221014 2.115276530913608e-08 6.638943237932571e-05
80.0 4.144913671136714e-09 0.0013172634247781048 2.073400735588246e-08 6.572884648985314e-05
80.10000000000001 4.062875688860739e-09 0.0013041623422191532 2.0323538562880587e-08 6.507483353980358e-05
80.2 3.982461080131779e-09 0.0012911915006853208 1.9921194876545295e-08 6.442732812733732e-05
80.30000000000001 3.903637732116729e-09 0.0012783496065704694 1.9526815489358837e-08 6.378626550137344e-05
80.4 3.826374166910745e-09 0.0012656353790942894 1.914024277561158e-08 6.315158155511508e-05
80.5 3.750639528992808e-09 0.001253047550175584 1.876132222849796e-08 6.252321281963871e-05
80.60000000000001 3.6764035729288776e-09 0.0012405848643067996 1.8389902398391474e-08 6.190109645754718e-05
80.7 3.603636651317726e-09 0.0012282460784297823 1.8025834832427544e-08 6.128517025668582e-05
80.80000000000001 3.5323097029746785e-09 0.0012160299618127564 1.7668974015197633e-08 6.067537262392116e-05
80.9 3.462394241348648e-09 0.0012039352959285195 1.7319177310636024e-08 6.0071642578981976e-05
81.0 3.393862343167658e-09 0.0011919608743338117 1.6976304905078868e-08 5.947391974836067e-05
81.10000000000001 3.3266866373085625e-09 0.0011801055025498803 1.664021975144133e-08 5.888214435927575e-05
81.2 3.2608402938865742e-09 0.0011683679979442362 1.6310787514478933e-08 5.8296257233695484e-05
81.30000000000001 3.196297013559945e-09 0.001156747189613533 1.5987876517153422e-08 5.7716199782418955e-05
81.4 3.133031017045949e-09 0.001145241918267625 1.567135768805575e-08 5.7141913999217674e-05
81.5 3.07101703484377e-09 0.0011338510361147552 1.5361104509838694e-08 5.657334245503473e-05
81.60000000000001 3.0102302971602666e-09 0.0011225734067478665 1.505699296872016e-08 5.6010428292241795e-05
81.7 2.9506465240347047e-09 0.0011114079050320478 1.4758901504941901e-08 5.54531152189538e-05
81.80000000000001 2.892241915658267e-09 0.0011003534169930454 1.4466710964251481e-08 5.490134750339858e-05
81.9 2.834993142884976e-09 0.0010894088397069301 1.4180304550251584e-08 5.435506996834508e-05
82.0 2.7788773379296835e-09 0.0010785730811907902 1.389956777786064e-08 5.3814227985584455e-05
82.10000000000001 2.723872085249919e-09 0.001067845060294535 1.3624388427451069e-08 5.327876747046773e-05
82.2 2.669955412607685e-09 0.0010572237065937498 1.335465650018693e-08 5.2748634876497176e-05
82.30000000000001 2.617105782307769e-09 0.0010467079602836018 1.3090264173964657e-08 5.2223777189971516e-05
82.4 2.5653020826091146e-09 0.0010362967720738043 1.2831105760390557e-08 5.170414192468499e-05
82.5 2.5145236193056453e-09 0.0010259891030845816 1.2577077662618901e-08 5.118967711667778e-05
82.60000000000001 2.4647501074735324e-09 0.0010157839247436965 1.232807833390152e-08 5.068033131904035e-05
82.7 2.4159616633813344e-09 0.0010056802186844682 1.2084008237058972e-08 5.017605359676866e-05
82.80000000000001 2.3681387965598717e-09 0.0009956769766447896 1.184476980474453e-08 4.967679352167017e-05
82.9 2.3212624020287873e-09 0.0009857732003671514 1.1610267400433236e-08 4.918250116732131e-05
83.0 2.275313752676587e-09 0.0009759679014996435 1.1380407280244431e-08 4.869312710407474e-05
83.10000000000001 2.230274491791185e-09 0.0009662601014979303 1.1155097555502899e-08 4.820862239411632e-05
83.2 2.1861266257379753e-09 0.0009566488315281929 1.0934248156018291e-08 4.7728938586571285e-05
83.30000000000001 2.1428525167825044e-09 0.0009471331323710217 1.07177707941235e-08 4.725402771265908e-05
83.4 2.1004348760549554e-09 0.0009377120543262674 1.0505578929377102e-08 4.678384228089671e-05
83.5 2.0588567566535198e-09 0.00092838465711881 1.0297587734045066e-08 4.6318335272349176e-05
83.60000000000001 2.0181015468840375e-09 0.0009191500098052651 1.0093714059172007e-08 4.5857460135927466e-05
83.7 1.978152963633234e-09 0.0009100071906816238 9.893876401370714e-09 4.5401170783734087e-05
83.80000000000001 1.9389950458727324e-09 0.0009009552871917708 9.697994870282536e-09 4.494942158645353e-05
83.9 1.900612148291486e-09 0.0008919933958369296 9.505991156654402e-09 4.450216736878959e-05
84.0 1.862988935053965e-09 0.0008831206220859876 9.31778850105959e-09 4.4059363404947796e-05
84.10000000000001 1.826110373681646e-09 0.0008743360802867069 9.133311663204639e-09 4.362096541416268e-05
84.2 1.7899617290554056e-09 0.0008656388935778174 8.952486891917278e-09 4.3186929556270054e-05
84.30000000000001 1.7545285575363173e-09 0.0008570281938019528 8.775241895645966e-09 4.2757212427322136e-05
84.4 1.7197967012027425e-09 0.0008485031214194816 8.601505813593004e-09 4.233177105524815e-05
84.5 1.6857522822011242e-09 0.0008400628254231496 8.43120918741686e-09 4.191056289555629e-05
84.60000000000001 1.6523816972085011e-09 0.0008317064632535886 8.264283933452881e-09 4.149354582707956e-05
84.7 1.6196716120043806e-09 0.0008234332007156481 8.100663315533692e-09 4.108067814776361e-05
84.80000000000001 1.587608956149869e-09 0.0008152422118955519 7.94028191833138e-09 4.0671918570496384e-05
84.9 1.5561809177719628e-09 0.0008071326790788802 7.783075621211282e-09 4.0267226218979725e-05
85.0 1.5253749384508205e-09 0.0007991037926693387 7.628981572597375e-09 3.9866560623641024e-05
85.10000000000001 1.4951787082081562e-09 0.0007911547511083568 7.477938164896717e-09 3.9469881717586866e-05
85.2 1.4655801605946075e-09 0.0007832847607954625 7.329885009857564e-09 3.907714983259621e-05
85.30000000000001 1.4365674678741607e-09 0.0007754930360094385 7.184762914452645e-09 3.8688325695153227e-05
85.4 1.408129036303778e-09 0.0007677787988302682 7.042513857226617e-09 3.830337042252013e-05
85.5 1.3802535015062816e-09 0.0007601412790618447 6.903080965094138e-09 3.792224551884885e-05
85.60000000000001 1.3529297239346752e-09 0.0007525797141554429 6.766408490673263e-09 3.754491287133145e-05
85.7 1.3261467844261082e-09 0.0007450933491339483 6.632441789920389e-09 3.717133474638871e-05
85.80000000000001 1.2998939798436863e-09 0.0007376814365168296 6.501127300378447e-09 3.6801473785896755e-05
85.9 1.2741608188044457e-09 0.0007303432362458608 6.372412519736807e-09 3.643529300345146e-05
86.0 1.248937017491706e-09 0.0007230780156115631 6.246245984848573e-09 3.6072755780669415e-05
86.10000000000001 1.224212495550208e-09 0.0007158850491803771 6.122577251184956e-09 3.571382586352604e-05
86.2 1.1999773720624207e-09 0.0007087636187225692 6.001356872662334e-09 3.53584673587307e-05
86.30000000000001 1.1762219616042896e-09 0.0007017130131408234 5.882536381892836e-09 3.500664473013672e-05
86.4 1.1529367703790065e-09 0.0006947325283995564 5.766068270821165e-09 3.465832279518806e-05
86.5 1.1301124924271715e-09 0.0006878214674549261 5.651905971717179e-09 3.431346672140094e-05
86.60000000000001 1.1077400059118563e-09 0.0006809791401855273 5.5400038385987685e-09 3.397204202288056e-05
86.7 1.0858103694771238e-09 0.0006742048633237816 5.43031712896982e-09 3.363401455687272e-05
86.80000000000001 1.064314818678461e-09 0.0006674979603879844 5.322801985951215e-09 3.3299350520348885e-05
86.9 1.0432447624838672e-09 0.0006608577616150538 5.217415420737077e-09 3.296801644662669e-05
87.0 1.0225917798440022e-09 0.0006542836038939126 5.114115295444055e-09 3.2639979202022605e-05
87.10000000000001 1.0023476163301986e-09 0.0006477748306995477 5.012860306251977e-09 3.231520598253878e-05
87.2 9.825041808389111e-10 0.0006413307920277149 4.913609966900257e-09 3.1993664310582655e-05
87.30000000000001 9.630535423613026e-10 0.0006349508443302874 4.816324592502795e-09 3.167532203171899e-05
87.4 9.439879268167164e-10 0.0006286343504512499 4.720965283715233e-09 3.136014731145482e-05
87.5 9.252997139486932e-10 0.0006223806795633087 4.62749391114955e-09 3.104810863205527e-05
87.60000000000001 9.069814342824115e-10 0.0006161892071051488 4.535873100171517e-09 3.0739174789392376e-05
87.7 8.890257661422465e-10 0.0006100593147193013 4.446066215931926e-09 3.043331488982455e-05
87.80000000000001 8.714255327282708e-10 0.0006039903901906178 4.358037348760357e-09 3.0130498347106885e-05
87.9 8.541736992505871e-10 0.0005979818273853646 4.271751299779171e-09 2.9830694879332755e-05
88.0 8.372633701202955e-10 0.0005920330261909136 4.187173566866479e-09 2.9533874505905563e-05
88.10000000000001 8.20687786195998e-10 0.0005861433924560292 4.10427033083595e-09 2.9240007544540596e-05
88.2 8.044403220847446e-10 0.0005803123379317453 4.0230084419554395e-09 2.8949064608296845e-05
88.30000000000001 7.885144834963379e-10 0.0005745392802128278 3.943355406658733e-09 2.866101660263817e-05
88.4 7.729039046499558e-10 0.0005688236426798179 3.865279374602883e-09 2.8375834722524074e-05
88.5 7.576023457320323e-10 0.0005631648544416418 3.788749125894955e-09 2.809349044952889e-05
88.60000000000001 7.42603690404403e-10 0.0005575623502787903 3.713734058650802e-09 2.7813955548989868e-05
88.7 7.279019433617555e-10 0.0005520155705870714 3.6402041767266452e-09 2.7537202067184173e-05
88.80000000000001 7.134912279373127e-10 0.0005465239613218988 3.56813007776913e-09 2.7263202328532946e-05
88.9 6.993657837559083e-10 0.0005410869739431468 3.4974829414449564e-09 2.6991928932833985e-05
89.0 6.855199644334475e-10 0.000535704065360546 3.4282345179009028e-09 2.6723354752521648e-05
89.10000000000001 6.719482353218549e-10 0.0005303746978796165 3.360357116518616e-09 2.6457452929954058e-05
89.2 6.586451712986318e-10 0.0005250983391481436 3.293823594804928e-09 2.6194196874727506e-05
89.30000000000001 6.456054546000781e-10 0.0005198744621031666 3.2286073475769382e-09 2.59335602610169e-05
89.4 6.328238726974282e-10 0.000514702544918517 3.1646822962792343e-09 2.5675517024943817e-05
89.5 6.202953162149148e-10 0.0005095820709528501 3.102022878616209e-09 2.5420041361969568e-05
89.60000000000001 6.080147768890472e-10 0.0005045125286982072 3.040604038316515e-09 2.5167107724314954e-05
89.7 5.959773455682305e-10 0.0004994934117290808 2.980401215083863e-09 2.4916690818405427e-05
89.80000000000001 5.84178210251939e-10 0.0004945242186519842 2.921390334822266e-09 2.4668765602341677e-05
89.9 5.726126541686789e-10 0.0004896044530555241 2.863547799993412e-09 2.442330728339562e-05
90.0 5.612760538919333e-10 0.00048473362346095533 2.806850480194272e-09 2.4180291315530688e-05
90.10000000000001 5.501638774933987e-10 0.000479911243273241 2.751275702893947e-09 2.393969339694757e-05
90.2 5.392716827327306e-10 0.0004751368307325887 2.696801244390744e-09 2.3701489467654005e-05
90.30000000000001 5.285951152830722e-10 0.00047040990886646167 2.6434053209251063e-09 2.346565570705851e-05
90.4 5.181299069917039e-10 0.0004657300054420744 2.5910665799450106e-09 2.3232168531588496e-05
90.5 5.078718741750735e-10 0.0004610966529193529 2.5397640916153077e-09 2.300100459233185e-05
90.60000000000001 4.97816915947552e-10 0.0004565093884043617 2.4894773404219325e-09 2.277214077270201e-05
90.7 4.879610125832436e-10 0.0004519677536031925 2.4401862169590725e-09 2.2545554186126275e-05
90.80000000000001 4.783002239101873e-10 0.00044747129477630727 2.3918710099399526e-09 2.2321222173757146e-05
90.9 4.68830687736333e-10 0.00044301956269333876 2.344512398261831e-09 2.209912230220651e-05
91.0 4.5954861830663e-10 0.0004386121125883304 2.298091443318328e-09 2.187923236130213e-05
91.10000000000001 4.5045030479063877e-10 0.0004342485041154227 2.252589581406623e-09 2.1661530361866557e-05
91.2 4.415321098000717e-10 0.00042992830130498676 2.207988616326079e-09 2.144599453351855e-05
91.30000000000001 4.3279046793562565e-10 0.0004256510725201764 2.1642707120920676e-09 2.123260332249561e-05
91.4 4.2422188436257936e-10 0.00042141639041392334 2.121418385802256e-09 2.1021335389498814e-05
91.5 4.1582293341455456e-10 0.0004172238318863523 2.079414500665526e-09 2.081216960755881e-05
91.60000000000001 4.0759025722489585e-10 0.0004130729780426194 2.0382422591325373e-09 2.0605085059923054e-05
91.7 3.995205643851281e-10 0.0004089634141511708 1.9978851961838375e-09 2.040006103796433e-05
91.80000000000001 3.9161062862992754e-10 0.00040489472960240485 1.9583271727551937e-09 2.0197077039109433e-05
91.9 3.8385728754813883e-10 0.0004008665178677602 1.9195523692865882e-09 1.9996112764789436e-05
92.0 3.7625744131925446e-10 0.00039687837645919225 1.8815452793914954e-09 1.97971481184094e-05
92.10000000000001 3.6880805147490914e-10 0.00039292990688906214 1.8442907036498235e-09 1.9600163203338886e-05
92.2 3.615061396848638e-10 0.00038902071463041887 1.8077737435482412e-09 1.940513832092223e-05
92.30000000000001 3.5434878656700406e-10 0.0003851504090776743 1.7719797955238422e-09 1.9212053968508636e-05
92.4 3.473331305208876e-10 0.00038131860350767305 1.7368945451026768e-09 1.9020890837502057e-05
92.5 3.404563665843436e-10 0.0003775249150411366 1.7025039612059964e-09 1.883162981142999e-05
92.60000000000001 3.337157453127167e-10 0.0003737689646045035 1.6687942905259552e-09 1.864425196403211e-05
92.7 3.2710857168026796e-10 0.00037005037689213965 1.6357520520215898e-09 1.8458738557367592e-05
92.80000000000001 3.2063220400330274e-10 0.0003663687803289215 1.6033640315469362e-09 1.827507103994115e-05
92.9 3.142840528846137e-10 0.00036272380703319533 1.5716172765536859e-09 1.809323104484797e-05
93.0 3.0806158017879796e-10 0.00035911509278010057 1.5404990909141203e-09 1.7913200387937024e-05
93.10000000000001 3.0196229797804423e-10 0.00035554227696525713 1.5099970298490778e-09 1.7734961065992586e-05
93.2 2.9598376761798426e-10 0.0003520050025688123 1.4800988949541759e-09 1.7558495254933933e-05
93.30000000000001 2.901235987032097e-10 0.00034850291611984426 1.4507927293192077e-09 1.738378530803287e-05
93.4 2.84379448152073e-10 0.0003450356676611205 1.4220668127457937e-09 1.7210813754149178e-05
93.5 2.787490192603748e-10 0.0003416029107142003 1.3939096570683718e-09 1.703956329598332e-05
93.60000000000001 2.73230060783581e-10 0.000338204302244886 1.3663100015548084e-09 1.6870016808346686e-05
93.7 2.6782036603720434e-10 0.0003348395026290225 1.3392568084052655e-09 1.6702157336449313e-05
93.80000000000001 2.625177720149666e-10 0.0003315081756186235 1.3127392583408529e-09 1.6535968094204092e-05
93.9 2.5732015852442155e-10 0.0003282099883083443 1.286746746280372e-09 1.6371432462548312e-05
94.0 2.52225447339672e-10 0.00032494461110228176 1.2612688770932928e-09 1.620853398778169e-05
94.10000000000001 2.472316013708511e-10 0.0003217117176811044 1.2362954614509865e-09 1.604725637992098e-05
94.2 2.4233662385003916e-10 0.0003185109849695109 1.2118165117457205e-09 1.5887583511071075e-05
94.30000000000001 2.375385575332743e-10 0.00031534209310400343 1.1878222380994394e-09 1.572949941381192e-05
94.4 2.3283548391837004e-10 0.0003122047254009933 1.1643030444606373e-09 1.557298827960213e-05
94.5 2.2822552247819046e-10 0.00030909856832520976 1.1412495247435813e-09 1.541803445719783e-05
94.60000000000001 2.237068299091055e-10 0.00030602331145843033 1.1186524590979784e-09 1.5264622451087663e-05
94.7 2.1927759939431302e-10 0.00030297864746851844 1.0965028101888073e-09 1.511273691994316e-05
94.80000000000001 2.1493605988173443e-10 0.0002999642720787676 1.0747917196150624e-09 1.4962362675084619e-05
94.9 2.1068047537620406e-10 0.0002969798840375531 1.0535105043454397e-09 1.4813484678962311e-05
95.0 2.0650914424565012e-10 0.0002940251850882767 1.0326506532573599e-09 1.4666088043652489e-05
95.10000000000001 2.0242039854101913e-10 0.00029109987993961896 1.0122038237285079e-09 1.4520158029368784e-05
95.2 1.9841260332964747e-10 0.00028820367623608227 9.921618383096874e-10 1.4375680042988217e-05
95.30000000000001 1.9448415604182125e-10 0.0002853362845288229 9.72516681438333e-10 1.4232639636591718e-05
95.4 1.9063348583027146e-10 0.0002824974182467778 9.532604962519725e-10 1.4091022506019454e-05
95.5 1.8685905294233861e-10 0.0002796867936680748 9.34385581440652e-10 1.395081448944035e-05
95.60000000000001 1.8315934810456132e-10 0.00027690412989172684 9.1588438815696e-10 1.3812001565935904e-05
95.7 1.7953289191944152e-10 0.0002741491488096077 8.977495170141427e-10 1.3674569854098094e-05
95.80000000000001 1.7597823427414528e-10 0.0002714215750787037 8.799737151181006e-10 1.3538505610641181e-05
95.9 1.7249395376090744e-10 0.0002687211360936452 8.625498731654532e-10 1.3403795229027484e-05
96.0 1.6907865710889742e-10 0.00026604756195950367 8.454710226076732e-10 1.3270425238106556e-05
96.10000000000001 1.65730978627334e-10 0.00026340058546486464 8.287303328592655e-10 1.3138382300768164e-05
96.2 1.624495796596161e-10 0.0002607799420551654 8.123211085720155e-10 1.3007653212608535e-05
96.30000000000001 1.5923314804825535e-10 0.0002581853698062968 7.962367869515885e-10 1.287822490060989e-05
96.4 1.5608039761039928e-10 0.0002556166093984695 7.804709351368099e-10 1.2750084421833243e-05
96.5 1.5299006762372476e-10 0.00025307340409033366 7.650172476280731e-10 1.2623218962123863e-05
96.60000000000001 1.499609223225154e-10 0.00025055549969336304 7.498695437597932e-10 1.2497615834830057e-05
96.7 1.4699175040370427e-10 0.00024806264454648884 7.350217652389292e-10 1.2373262479534469e-05
96.80000000000001 1.4408136454269016e-10 0.00024559458949098426 7.204679737173877e-10 1.2250146460797925e-05
96.9 1.4122860091873917e-10 0.0002431510878456014 7.062023484118602e-10 1.2128255466915945e-05
97.0 1.384323187497754e-10 0.00024073189538195307 6.922191837880351e-10 1.2007577308687573e-05
97.10000000000001 1.35691399836378e-10 0.00023833677030013926 6.785128872719147e-10 1.1888099918196418e-05
97.2 1.3300474811480257e-10 0.00023596547320461537 6.650779770102599e-10 1.1769811347603865e-05
97.30000000000001 1.3037128921884622e-10 0.00023361776708029987 6.519090796852455e-10 1.165269976795426e-05
97.4 1.2778997005038605e-10 0.00023129341726892046 6.390009283680783e-10 1.1536753467992086e-05
97.5 1.2525975835841223e-10 0.00022899219144559215 6.263483604014152e-10 1.1421960852990727e-05
97.60000000000001 1.22779642326393e-10 0.00022671385959562861 6.139463153427669e-10 1.1308310443592956e-05
97.7 1.2034863016781042e-10 0.00022445819399158833 6.017898329434772e-10 1.1195790874663189e-05
97.80000000000001 1.1796574972969143e-10 0.00022222496917054048 5.898740511565021e-10 1.1084390894150747e-05
97.9 1.1563004810399203e-10 0.00022001396191156274 5.781942042051738e-10 1.097409936196474e-05
98.0 1.1334059124666908e-10 0.00021782495121345995 5.667456206595895e-10 1.0864905248860045e-05
98.10000000000001 1.1109646360429069e-10 0.00021565771827270397 5.555237215858444e-10 1.0756797635334335e-05
98.2 1.0889676774803847e-10 0.00021351204646159476 5.445240187037346e-10 1.0649765710536222e-05
98.30000000000001 1.0674062401494662e-10 0.00021138772130663234 5.337421125978239e-10 1.054379877118396e-05
98.4 1.0462717015625066e-10 0.00020928453046711239 5.231736909564624e-10 1.0438886220495367e-05
98.5 1.0255556099268579e-10 0.00020720226371392561 5.128145268446858e-10 1.0335017567127921e-05
98.60000000000001 1.0052496807661328e-10 0.0002051407129085731 5.026604770203144e-10 1.0232182424129731e-05
98.7 9.853457936083135e-11 0.0002030996719823879 4.92707480267839e-10 1.0130370507900801e-05
98.80000000000001 9.658359887394012e-11 0.00020107893691596272 4.829515557839764e-10 1.0029571637164648e-05
98.9 9.467124640213387e-11 0.0001990783057187843 4.73388801581012e-10 9.929775731950251e-06
99.0 9.279675717728572e-11 0.00019709757840906451 4.6401539292402407e-10 9.830972812583871e-06
99.10000000000001 9.095938157121156e-11 0.00019513655699377838 4.5482758080622455e-10 9.733152998691238e-06
99.2 8.915838479598164e-11 0.0001931950454488966 4.4582169044632256e-10 9.636306508209478e-06
99.30000000000001 8.739304661016212e-11 0.0001912728496998133 4.3699411982485144e-10 9.540423656408822e-06
99.4 8.566266103087341e-11 0.00018936977760197114 4.2834133823150725e-10 9.445494854924186e-06
99.5 8.396653605154551e-11 0.00018748563892167673 4.1985988486754444e-10 9.351510610796315e-06
99.60000000000001 8.230399336525968e-11 0.00018562024531710737 4.1154636745325364e-10 9.258461525522476e-06
99.7 8.0674368093566e-11 0.00018377341031950605 4.033974608701679e-10 9.166338294116598e-06
99.80000000000001 7.907700852066719e-11 0.00018194494931456285 3.954099058405382e-10 9.075131704178756e-06
99.9 7.751127583286547e-11 0.00018013467952398323 3.875805076110445e-10 8.984832634973983e-06
