0.0 4.504062943136803
0.01 4.123768073339673
0.02 3.7840686702124717
0.03 3.478883181468357
0.04 3.203465561922126
0.05 2.9540262633462664
0.06 2.727476491805066
0.07 2.5212515616719755
0.08 2.333186457088716
0.09 2.161426687324602
0.1 2.0043634860614628
0.11 1.8605860832679824
0.12 1.7288461129556916
0.13 1.6080307407658612
0.14 1.4971421096216726
0.15 1.395281392952681
0.16 1.3016362252788682
0.17 1.2154706192601827
0.18 1.13611672142974
0.19 1.0629679349569934
0.2 0.9954730664179888
0.21 0.9331312479511434
0.22 0.8754874555689609
0.23 0.8221284953138721
0.24 0.7726793661101248
0.25 0.7267999350420634
0.26 0.6841818799705041
0.27 0.644545867838885
0.28 0.6076389462106604
0.29 0.573232131661851
0.3 0.5411181825043173
0.31 0.5111095456056186
0.32 0.4830364683068719
0.33 0.4567452669985969
0.34 0.43209674407194093
0.35000000000000003 0.4089647449145706
0.36 0.3872348465003019
0.37 0.36680316901504767
0.38 0.3475753019193318
0.39 0.3294653358942529
0.4 0.3123949922604403
0.41000000000000003 0.2962928416936138
0.42 0.2810936043742197
0.43 0.2667375240870565
0.44 0.25316980921340493
0.45 0.24034013401695656
0.46 0.2282021941012054
0.47000000000000003 0.21671331039733827
0.48 0.20583407651756708
0.49 0.19552804477106914
0.5 0.18576144658199048
0.51 0.17650294346693243
0.52 0.16772340512012313
0.53 0.1593957115165027
0.54 0.15149457627569327
0.55 0.14399638883354907
0.56 0.13687907324354884
0.5700000000000001 0.13012196167900578
0.58 0.1237056809305013
0.59 0.11761205039286018
0.6 0.11182399021420805
0.61 0.10632543843804652
0.62 0.10110127610966002
0.63 0.09613725944228592
0.64 0.09141995824798142
0.65 0.08693669993455813
0.66 0.08267551845474759
0.67 0.07862510766821562
0.68 0.07477477864234819
0.6900000000000001 0.07111442047495244
0.7000000000000001 0.0676344642721219
0.71 0.06432584995835741
0.72 0.061179995634388605
0.73 0.058188769231675604
0.74 0.05534446224189489
0.75 0.052639765325352264
0.76 0.050067745624688555
0.77 0.047621825629857575
0.78 0.04529576345752126
0.79 0.04308363442303848
0.8 0.04097981379639344
0.81 0.03897896064496085
0.8200000000000001 0.03707600267614262
0.8300000000000001 0.035266122001820784
0.84 0.0335447417544091
0.85 0.031907513491190836
0.86 0.030350305329722316
0.87 0.028869190762464428
0.88 0.027460438103568994
0.89 0.026120500524970544
0.9 0.024846006642688163
0.91 0.023633751617581474
0.92 0.022480688737785377
0.93 0.021383921452711875
0.9400000000000001 0.02034069583089352
0.9500000000000001 0.019348393416087035
0.96 0.01840452445798421
0.97 0.01750672149561823
0.98 0.016652733273128044
0.99 0.015840418968971027
1.0 0.01506774272097132
1.01 0.014332768430773992
1.02 0.013633654832354252
1.03 0.01296865081021954
1.04 0.012336090953849256
1.05 0.011734391335750424
1.06 0.011162045501276759
1.07 0.010617620659067859
1.08 0.010099754061622489
1.09 0.009607149566128795
1.1 0.009138574366240238
1.11 0.008692855886012384
1.12 0.008268878827706596
1.1300000000000001 0.00786558236562459
1.1400000000000001 0.007481957478566457
1.1500000000000001 0.007117044413905513
1.16 0.006769930276649467
1.17 0.006439746737209985
1.18 0.0061256678519346465
1.19 0.005826907990766669
1.2 0.005542719866691694
1.21 0.0052723926619074254
1.22 0.005015250245912812
1.23 0.004770649480959812
1.24 0.004537978610543188
1.25 0.00431665572682373
1.26 0.004106127313087942
1.27 0.0039058668575440913
1.28 0.003715373534940417
1.29 0.0035341709526677026
1.3 0.0033618059581753527
1.31 0.0031978475046883217
1.32 0.00304188557236239
1.33 0.0028935301421574447
1.34 0.0027524102198434827
1.35 0.0026181729076820543
1.36 0.0024904825214474907
1.37 0.0023690197505675634
1.3800000000000001 0.002253480859272828
1.3900000000000001 0.002143576926747889
1.4000000000000001 0.0020390331243766847
1.41 0.0019395880282677015
1.42 0.0018449929653341977
1.43 0.0017550113912892901
1.44 0.0016694182989961635
1.45 0.001587999655690292
1.46 0.001510551867663177
1.47 0.001436881271066286
1.48 0.0013668036475595305
1.49 0.0013001437635911238
1.5 0.0012367349321549988
1.51 0.0011764185959284308
1.52 0.0011190439307461944
1.53 0.00106446746841859
1.54 0.001012552737949237
1.55 0.0009631699242546467
1.56 0.0009161955435314852
1.57 0.0008715121344591433
1.58 0.0008290079644649473
1.59 0.0007885767503170462
1.6 0.0007501173923459288
1.61 0.0007135337216296364
1.62 0.0006787342595102214
1.6300000000000001 0.0006456319888398624
1.6400000000000001 0.0006141441363844061
1.6500000000000001 0.0005841919658400675
1.6600000000000001 0.0005557005809455384
1.67 0.0005285987381970554
1.68 0.0005028186686980013
1.69 0.00047829590869746786
1.7 0.0004549691383939365
1.71 0.00043278002860095154
1.72 0.0004116730948912818
1.73 0.00039159555885480955
1.74 0.00037249721612317595
1.75 0.0003543303108311222
1.76 0.0003370494162005842
1.77 0.00032061132094891577
1.78 0.0003049749212371579
1.79 0.00029010111788816556
1.8 0.00027595271861754757
1.81 0.00026249434503293733
1.82 0.00024969234416903255
1.83 0.00023751470433717135
1.84 0.00022593097507902872
1.85 0.0002149121910242545
1.86 0.00020443079946165437
1.87 0.00019446059144280075
1.8800000000000001 0.0001849766362457829
1.8900000000000001 0.00017595521903522146
1.9000000000000001 0.0001673737815626626
1.9100000000000001 0.00015921086575906038
1.92 0.00015144606007830568
1.93 0.00014405994845762026
1.94 0.00013703406176719684
1.95 0.00013035083162767343
1.96 0.00012399354647996773
1.97 0.00011794630979761554
1.98 0.00011219400033712347
1.99 0.00010672223432694213
2.0 0.00010151732950050609
2.0100000000000002 9.656627088340999e-05
2.02 9.185667824916513e-05
2.0300000000000002 8.737677516216034e-05
2.04 8.311535953041963e-05
2.05 7.906177559451862e-05
2.06 7.520588728262072e-05
2.07 7.153805286500594e-05
2.08 6.804910084471136e-05
2.09 6.473030702400336e-05
2.1 6.157337268932969e-05
2.11 5.85704038602068e-05
2.12 5.571389155014968e-05
2.13 5.299669299028996e-05
2.14 5.041201376872784e-05
2.15 4.795339084096039e-05
2.16 4.5614676368899284e-05
2.17 4.3390022348071354e-05
2.18 4.1273865984558174e-05
2.19 3.92609157851121e-05
2.2 3.7346138325664546e-05
2.21 3.552474566514298e-05
2.22 3.379218337312233e-05
2.23 3.214411914137616e-05
2.24 3.057643195084773e-05
2.25 2.9085201766955537e-05
2.2600000000000002 2.7666699737463802e-05
2.27 2.6317378868409385e-05
2.2800000000000002 2.503386515476835e-05
2.29 2.381294914368587e-05
2.3000000000000003 2.2651577909171537e-05
2.31 2.154684741819436e-05
2.32 2.0495995269086678e-05
2.33 1.949639378410116e-05
2.34 1.8545543438847568e-05
2.35 1.7641066612179412e-05
2.36 1.6780701640902702e-05
2.37 1.5962297164439564e-05
2.38 1.5183806745306267e-05
2.39 1.4443283751953255e-05
2.4 1.3738876491172511e-05
2.41 1.3068823577899621e-05
2.42 1.2431449530833854e-05
2.43 1.1825160582861937e-05
2.44 1.1248440695810237e-05
2.45 1.0699847769559442e-05
2.46 1.017801003604324e-05
2.47 9.681622629113404e-06
2.48 9.209444321694972e-06
2.49 8.760294422071734e-06
2.5 8.33304982154214e-06
2.5100000000000002 7.926642186062382e-06
2.52 7.5400552848549265e-06
2.5300000000000002 7.172322449302098e-06
2.54 6.822524155771131e-06
2.5500000000000003 6.489785726326005e-06
2.56 6.173275141577105e-06
2.57 5.8722009601992674e-06
2.58 5.585810339916255e-06
2.59 5.313387155002985e-06
2.6 5.054250205598067e-06
2.61 4.8077515143494486e-06
2.62 4.573274706133425e-06
2.63 4.350233466795847e-06
2.64 4.138070077061266e-06
2.65 3.9362540179443006e-06
2.66 3.7442806441757767e-06
2.67 3.561669922326774e-06
2.68 3.3879652304749207e-06
2.69 3.22273221641182e-06
2.7 3.065557711536229e-06
2.71 2.916048697717394e-06
2.72 2.773831324544961e-06
2.73 2.6385499745082613e-06
2.74 2.50986637376726e-06
2.75 2.3874587462918105e-06
2.7600000000000002 2.2710210092539085e-06
2.77 2.1602620076612454e-06
2.7800000000000002 2.0549047863180327e-06
2.79 1.9546858972927834e-06
2.8000000000000003 1.8593547411612306e-06
2.81 1.768672940377263e-06
2.82 1.6824137432048705e-06
2.83 1.6003614567207015e-06
2.84 1.5223109074694247e-06
2.85 1.4480669284231843e-06
2.86 1.3774438709624042e-06
2.87 1.310265140657517e-06
2.88 1.246362755690925e-06
2.89 1.1855769268149383e-06
2.9 1.1277556577954455e-06
2.91 1.0727543653421364e-06
2.92 1.0204355175749899e-06
2.93 9.706682901229104e-07
2.94 9.233282389946794e-07
2.95 8.782969894041402e-07
2.96 8.354619397715887e-07
2.97 7.947159801611589e-07
2.98 7.559572244502044e-07
2.99 7.190887555609091e-07
3.0 6.840183831171279e-07
3.0100000000000002 6.506584129204024e-07
3.02 6.189254276688141e-07
3.0300000000000002 5.88740078370256e-07
3.04 5.600268859286378e-07
3.0500000000000003 5.327140524068192e-07
3.06 5.067332814943773e-07
3.0700000000000003 4.820196077312503e-07
3.08 4.58511234060254e-07
3.09 4.361493773022449e-07
3.1 4.1487812116755543e-07
3.11 3.9464427643614933e-07
3.12 3.7539724795685676e-07
3.13 3.5708890813315134e-07
3.14 3.396734765790841e-07
3.15 3.23107405644478e-07
3.16 3.0734927152311427e-07
3.17 2.92359670671645e-07
3.18 2.7810112128020567e-07
3.19 2.6453796954837294e-07
3.2 2.5163630053208537e-07
3.21 2.39363853338624e-07
3.22 2.27689940457572e-07
3.23 2.1658537102605754e-07
3.24 2.0602237783638985e-07
3.25 1.9597454790357804e-07
3.2600000000000002 1.8641675641910778e-07
3.27 1.7732510392583733e-07
3.2800000000000002 1.686768565569032e-07
3.29 1.6045038918921286e-07
3.3000000000000003 1.5262513136936974e-07
3.31 1.4518151587683177e-07
3.3200000000000003 1.3810092979565972e-07
3.33 1.3136566797253874e-07
3.34 1.249588887446702e-07
3.35 1.1886457182684122e-07
3.36 1.1306747825236983e-07
3.37 1.0755311226774863e-07
3.38 1.0230768508571146e-07
3.39 9.731808040608114e-08
3.4 9.2571821618191e-08
3.41 8.80570406028545e-08
3.42 8.37624480558892e-08
3.43 7.967730525897437e-08
3.44 7.579139722726211e-08
3.45 7.209500716659347e-08
3.46 6.857889217645351e-08
3.47 6.523426013790434e-08
3.48 6.205274772870855e-08
3.49 5.9026399510667376e-08
3.5 5.61476480368815e-08
3.5100000000000002 5.340929492919139e-08
3.52 5.0804492878483586e-08
3.5300000000000002 4.832672852285053e-08
3.54 4.596980616079348e-08
3.5500000000000003 4.372783225874092e-08
3.56 4.159520071414585e-08
3.5700000000000003 3.9566578837308616e-08
3.58 3.7636894016875173e-08
3.59 3.580132103566664e-08
3.6 3.405527000512246e-08
3.61 3.239437488818904e-08
3.62 3.081448258195242e-08
3.63 2.931164253271796e-08
3.64 2.7882096857567935e-08
3.65 2.6522270947697494e-08
3.66 2.5228764530030276e-08
3.67 2.3998343164764708e-08
3.68 2.282793015758976e-08
3.69 2.1714598866346662e-08
3.7 2.0655565382898776e-08
3.71 1.964818157191166e-08
3.72 1.868992844913505e-08
3.73 1.7778409882630304e-08
3.74 1.6911346601192162e-08
3.75 1.608657049498417e-08
3.7600000000000002 1.5302019194133946e-08
3.77 1.4555730911734904e-08
3.7800000000000002 1.3845839538356835e-08
3.79 1.3170569975800442e-08
3.8000000000000003 1.252823369842703e-08
3.81 1.1917224530965186e-08
3.8200000000000003 1.1336014632235794e-08
3.83 1.0783150674753322e-08
3.84 1.0257250210650117e-08
3.85 9.75699821483653e-09
3.86 9.28114379675344e-09
3.87 8.828497072494141e-09
3.88 8.397926189474864e-09
3.89 7.988354496213644e-09
3.9 7.598757850140992e-09
3.91 7.228162056709892e-09
3.92 6.875640433402044e-09
3.93 6.54031149253886e-09
3.94 6.221336737103163e-09
3.95 5.917918564059788e-09
3.96 5.62929826993268e-09
3.97 5.354754153650925e-09
3.98 5.093599711920191e-09
3.99 4.845181922606825e-09
4.0 4.608879611842567e-09
4.01 4.384101900766091e-09
4.0200000000000005 4.170286728018197e-09
4.03 3.966899444295713e-09
4.04 3.773431475449624e-09
4.05 3.5893990507848237e-09
4.0600000000000005 3.4143419933814548e-09
4.07 3.247822569412859e-09
4.08 3.089424393583033e-09
4.09 2.9387513879464536e-09
4.1 2.7954267915069875e-09
4.11 2.659092218119058e-09
4.12 2.529406760335717e-09
4.13 2.4060461369623663e-09
4.14 2.288701882184876e-09
4.15 2.177080574244419e-09
4.16 2.0709031017302014e-09
4.17 1.969903965655569e-09
4.18 1.87383061557222e-09
4.19 1.7824428180625735e-09
4.2 1.6955120560310974e-09
4.21 1.612820957292482e-09
4.22 1.5341627510280228e-09
4.23 1.459340750750812e-09
4.24 1.3881678624871387e-09
4.25 1.3204661169440265e-09
4.26 1.2560662244933622e-09
4.2700000000000005 1.1948071518596005e-09
4.28 1.1365357194527442e-09
4.29 1.081106218339542e-09
4.3 1.028380045895265e-09
4.3100000000000005 9.7822535922497e-10
4.32 9.305167454875719e-10
4.33 8.851349082984229e-10
4.34 8.419663694262005e-10
4.3500000000000005 8.00903185038237e-10
4.36 7.618426757847131e-10
4.37 7.246871700467761e-10
4.38 6.893437597066479e-10
4.39 6.557240678289127e-10
4.4 6.237440276721634e-10
4.41 5.933236724783488e-10
4.42 5.643869355142316e-10
4.43 5.368614598649237e-10
4.44 5.106784175039224e-10
4.45 4.857723371871929e-10
4.46 4.620809407409399e-10
4.47 4.3954498733375407e-10
4.48 4.181081253436587e-10
4.49 3.97716751449722e-10
4.5 3.783198765958123e-10
4.51 3.598689984914167e-10
4.5200000000000005 3.4231798033063723e-10
4.53 3.256229354261585e-10
4.54 3.097421174696588e-10
4.55 2.9463581614429586e-10
4.5600000000000005 2.802662578282365e-10
4.57 2.66597511140922e-10
4.58 2.535953970959027e-10
4.59 2.4122740363556535e-10
4.6000000000000005 2.2946260433405927e-10
4.61 2.1827158106512288e-10
4.62 2.076263504414376e-10
4.63 1.9750029384159284e-10
4.64 1.8786809084966017e-10
4.65 1.7870565594096996e-10
4.66 1.6999007825575133e-10
4.67 1.6169956431005015e-10
4.68 1.5381338350066508e-10
4.69 1.4631181626784465e-10
4.7 1.3917610478611648e-10
4.71 1.323884060599485e-10
4.72 1.2593174730697203e-10
4.73 1.1978998351717984e-10
4.74 1.1394775708199732e-10
4.75 1.0839045939225539e-10
4.76 1.031041943090634e-10
4.7700000000000005 9.807574341621975e-11
4.78 9.329253296729034e-11
4.79 8.874260244468975e-11
4.8 8.441457465215782e-11
4.8100000000000005 8.029762726584457e-11
4.82 7.638146577286212e-11
4.83 7.265629772964083e-11
4.84 6.911280827571872e-11
4.8500000000000005 6.574213684173983e-11
4.86 6.253585499341555e-11
4.87 5.948594535604674e-11
4.88 5.6584781566913416e-11
4.89 5.3825109205393616e-11
4.9 5.1200027653134623e-11
4.91 4.8702972838911856e-11
4.92 4.632770082503216e-11
4.93 4.406827219423656e-11
4.94 4.1919037198064283e-11
4.95 3.9874621629538826e-11
4.96 3.792991338484991e-11
4.97 3.6080049680432816e-11
4.98 3.432040489347513e-11
4.99 3.264657899545193e-11
5.0 3.1054386549760815e-11
5.01 2.9539846245951774e-11
5.0200000000000005 2.8099170944376167e-11
5.03 2.6728758206366203e-11
5.04 2.5425181286260443e-11
5.05 2.418518056275591e-11
5.0600000000000005 2.3005655388156062e-11
5.07 2.1883656335137428e-11
5.08 2.0816377821644236e-11
5.09 1.9801151095472063e-11
5.1000000000000005 1.8835437560997558e-11
5.11 1.7916822431366823e-11
5.12 1.7043008690270597e-11
5.13 1.6211811348206758e-11
5.14 1.5421151978868902e-11
5.15 1.466905352199745e-11
5.16 1.3953635339699796e-11
5.17 1.32731085138755e-11
5.18 1.262577137298931e-11
5.19 1.2010005237006203e-11
5.2 1.1424270369847964e-11
5.21 1.0867102129251067e-11
5.22 1.0337107304397971e-11
5.23 9.832960632164567e-12
5.24 9.353401483272105e-12
5.25 8.897230710057042e-12
5.26 8.463307647977663e-12
5.2700000000000005 8.05054726335825e-12
5.28 7.657917440240087e-12
5.29 7.284436399553555e-12
5.3 6.9291702441594e-12
5.3100000000000005 6.59123062361919e-12
5.32 6.269772512856761e-12
5.33 5.9639920991551484e-12
5.34 5.673124772206154e-12
5.3500000000000005 5.3964432121864e-12
5.36 5.13325557107885e-12
5.37 4.882903742692432e-12
5.38 4.644761717053702e-12
5.39 4.418234015055953e-12
5.4 4.202754199451136e-12
5.41 3.9977834584618605e-12
5.42 3.8028092584711595e-12
5.43 3.6173440624215062e-12
5.44 3.4409241107182814e-12
5.45 3.27310826158918e-12
5.46 3.1134768880000165e-12
5.47 2.961630828368528e-12
5.48 2.8171903884525557e-12
5.49 2.679794391916675e-12
5.5 2.549099277203138e-12
5.51 2.4247782384491335e-12
5.5200000000000005 2.306520408301815e-12
5.53 2.194030080588093e-12
5.54 2.0870259708950657e-12
5.55 1.9852405132125632e-12
5.5600000000000005 1.8884191908786803e-12
5.57 1.7963199001556298e-12
5.58 1.7087123448442247e-12
5.59 1.6253774604234362e-12
5.6000000000000005 1.5461068662750162e-12
5.61 1.4707023446233851e-12
5.62 1.3989753448879573e-12
5.63 1.3307465122084584e-12
5.64 1.265845238964388e-12
5.65 1.2041092381670585e-12
5.66 1.1453841376576432e-12
5.67 1.0895230940963297e-12
5.68 1.0363864257774883e-12
5.69 9.858412633526714e-13
5.7 9.377612175880178e-13
5.71 8.920260633253416e-13
5.72 8.485214388566016e-13
5.73 8.071385599600795e-13
5.74 7.677739478831636e-13
5.75 7.303291705915424e-13
5.76 6.947105966378787e-13
5.7700000000000005 6.608291610343941e-13
5.78 6.286001425440382e-13
5.79 5.979429518332318e-13
5.8 5.687809299565848e-13
5.8100000000000005 5.410411566695808e-13
5.82 5.146542680900057e-13
5.83 4.895542832520937e-13
5.84 4.656784391197483e-13
5.8500000000000005 4.429670336462686e-13
5.86 4.213632764881282e-13
5.87 4.0081314699953863e-13
5.88 3.812652591526909e-13
5.89 3.6267073304593076e-13
5.9 3.449830726785313e-13
5.91 3.2815804968648716e-13
5.92 3.121535927485548e-13
5.93 2.9692968238603775e-13
5.94 2.8244825089325027e-13
5.95 2.686730871484196e-13
5.96 2.555697460670221e-13
5.97 2.4310546247112685e-13
5.98 2.3124906915938894e-13
5.99 2.1997091897281198e-13
6.0 2.0924281066140174e-13
6.01 1.9903791836635689e-13
6.0200000000000005 1.8933072454144897e-13
6.03 1.800969561458662e-13
6.04 1.7131352394896252e-13
6.05 1.6295846479516136e-13
6.0600000000000005 1.5501088668462054e-13
6.07 1.474509165323574e-13
6.08 1.4025965047517707e-13
6.09 1.3341910660217436e-13
6.1000000000000005 1.269121799905852e-13
6.11 1.2072259993457529e-13
6.12 1.148348892599963e-13
6.13 1.0923432562338944e-13
6.140000000000001 1.0390690469846026e-13
6.15 9.883930515796681e-14
6.16 9.401885536346351e-14
6.17 8.943350167960319e-14
6.18 8.507177833377282e-14
6.19 8.092277874568669e-14
6.2 7.69761282552581e-14
6.21 7.322195818054252e-14
6.22 6.965088114089275e-14
6.23 6.625396758361901e-14
6.24 6.302272345545484e-14
6.25 5.994906896300012e-14
6.26 5.702531836902819e-14
6.2700000000000005 5.424416077414044e-14
6.28 5.1598641835709967e-14
6.29 4.908214637840082e-14
6.3 4.668838185278615e-14
6.3100000000000005 4.4411362600695155e-14
6.32 4.2245394887951906e-14
6.33 4.0185062667071866e-14
6.34 3.822521403432401e-14
6.3500000000000005 3.636094834728649e-14
6.36 3.458760397068949e-14
6.37 3.290074661989767e-14
6.38 3.129615827288905e-14
6.390000000000001 2.9769826623003495e-14
6.4 2.8317935046085625e-14
6.41 2.6936853056936612e-14
6.42 2.562312723121018e-14
6.43 2.4373472570052705e-14
6.44 2.3184764285895075e-14
6.45 2.2054029988856742e-14
6.46 2.09784422542216e-14
6.47 1.9955311552404727e-14
6.48 1.8982079523726317e-14
6.49 1.805631258118102e-14
6.5 1.7175695825201873e-14
6.51 1.633802725520614e-14
6.5200000000000005 1.5541212263446655e-14
6.53 1.4783258397401737e-14
6.54 1.4062270377605842e-14
6.55 1.3376445358463482e-14
6.5600000000000005 1.2724068420196409e-14
6.57 1.2103508280651174e-14
6.58 1.1513213216243476e-14
6.59 1.095170718184125e-14
6.6000000000000005 1.0417586119883145e-14
6.61 9.909514449503096e-15
6.62 9.426221726882367e-15
6.63 8.966499468478468e-15
6.640000000000001 8.529198129186694e-15
6.65 8.113224227878847e-15
6.66 7.717537613130414e-15
6.67 7.34114886230068e-15
6.68 6.983116807460366e-15
6.69 6.642546181981758e-15
6.7 6.318585381905941e-15
6.71 6.010424336488987e-15
6.72 5.717292482603521e-15
6.73 5.438456837929182e-15
6.74 5.173220168115364e-15
6.75 4.920919243331878e-15
6.76 4.680923179849085e-15
6.7700000000000005 4.452631862499879e-15
6.78 4.2354744440792835e-15
6.79 4.02890791792903e-15
6.8 3.832415760138013e-15
6.8100000000000005 3.645506637963532e-15
6.82 3.4677131812435934e-15
6.83 3.298590813727893e-15
6.84 3.137716641405712e-15
6.8500000000000005 2.984688395050656e-15
6.86 2.8391234243380038e-15
6.87 2.700657741019543e-15
6.88 2.5689451087634256e-15
6.890000000000001 2.4436561773829467e-15
6.9 2.324477659289602e-15
6.91 2.2111115461108056e-15
6.92 2.1032743635138716e-15
6.93 2.000696462372411e-15
6.94 1.9031213445031153e-15
6.95 1.810305021286728e-15
6.96 1.7220154035693202e-15
6.97 1.638031721318614e-15
6.98 1.5581439715838124e-15
6.99 1.4821523933789309e-15
7.0 1.4098669681762004e-15
7.01 1.3411069447608171e-15
7.0200000000000005 1.2757003872587375e-15
7.03 1.2134837452074703e-15
7.04 1.1543014445946683e-15
7.05 1.0980054988421321e-15
7.0600000000000005 1.0444551387622164e-15
7.07 9.935164605615994e-16
7.08 9.450620910119991e-16
7.09 8.989708689507816e-16
7.1000000000000005 8.551275423149611e-16
7.11 8.13422479950967e-16
7.12 7.73751397479704e-16
7.13 7.360150965312443e-16
7.140000000000001 7.001192166972499e-16
7.15 6.659739995808176e-16
7.16 6.334940643536971e-16
7.17 6.025981942597874e-16
7.18 5.732091335309085e-16
7.19 5.452533942071568e-16
7.2 5.186610723787362e-16
7.21 4.933656733897499e-16
7.22 4.69303945566937e-16
7.23 4.4641572205755e-16
7.24 4.2464377038087516e-16
7.25 4.039336493172144e-16
7.26 3.842335727764882e-16
7.2700000000000005 3.6549428030603047e-16
7.28 3.47668913913809e-16
7.29 3.3071290089901944e-16
7.3 3.145838423971368e-16
7.3100000000000005 2.992414073606505e-16
7.32 2.8464723171045605e-16
7.33 2.707648224056593e-16
7.34 2.5755946619197227e-16
7.3500000000000005 2.4499814280050155e-16
7.36 2.3304944237986384e-16
7.37 2.216834869552108e-16
7.38 2.1087185571771734e-16
7.390000000000001 2.0058751395776102e-16
7.4 1.9080474546407047e-16
7.41 1.814990882197922e-16
7.42 1.7264727323471776e-16
7.43 1.6422716636067857e-16
7.44 1.5621771294465061e-16
7.45 1.4859888518115815e-16
7.46 1.4135163203232115e-16
7.47 1.3445783159034099e-16
7.48 1.2790024576329343e-16
7.49 1.2166247717091786e-16
7.5 1.1572892814262377e-16
7.51 1.1008476171519282e-16
7.5200000000000005 1.0471586453264065e-16
7.53 9.960881155547878e-17
7.54 9.475083249111773e-17
7.55 9.012977986148973e-17
7.5600000000000005 8.573409862802055e-17
7.57 8.155279729801969e-17
7.58 7.757542044021887e-17
7.59 7.379202254075001e-17
7.6000000000000005 7.019314313418153e-17
7.61 6.676978314742347e-17
7.62 6.351338239736129e-17
7.63 6.041579818593593e-17
7.640000000000001 5.746928493915886e-17
7.65 5.46664748391438e-17
7.66 5.200035940072129e-17
7.67 4.9464271946578547e-17
7.68 4.705187093709086e-17
7.69 4.475712411317062e-17
7.7 4.257429341247844e-17
7.71 4.0497920621276524e-17
7.72 3.85228137260523e-17
7.73 3.664403393078078e-17
7.74 3.485688330736133e-17
7.75 3.3156893048349964e-17
7.76 3.1539812292613744e-17
7.7700000000000005 3.0001597495963395e-17
7.78 2.8538402320187404e-17
7.79 2.7146568015201587e-17
7.8 2.582261427026977e-17
7.8100000000000005 2.4563230511412534e-17
7.82 2.336526762324939e-17
7.83 2.2225730074568745e-17
7.84 2.114176842794015e-17
7.8500000000000005 2.011067221463693e-17
7.86 1.9129863157051504e-17
7.87 1.8196888721659566e-17
7.88 1.7309415986407812e-17
7.890000000000001 1.6465225807194094e-17
7.9 1.5662207268851584e-17
7.91 1.489835240676053e-17
7.92 1.4171751185891687e-17
7.930000000000001 1.3480586724723003e-17
7.94 1.2823130752090262e-17
7.95 1.2197739285608264e-17
7.96 1.1602848520858932e-17
7.97 1.1036970921065557e-17
7.98 1.049869149747626e-17
7.99 9.986664271154911e-18
8.0 9.499608907332554e-18
8.01 9.036307513903828e-18
8.02 8.59560159606224e-18
8.03 8.17638915945967e-18
8.040000000000001 7.777621954646665e-18
8.05 7.398302855902686e-18
8.06 7.037483367902272e-18
8.07 6.694261253983043e-18
8.08 6.367778280083737e-18
8.09 6.057218068712216e-18
8.1 5.761804057576423e-18
8.11 5.480797557774315e-18
8.120000000000001 5.2134959066865584e-18
8.13 4.959230710954262e-18
8.14 4.7173661751473036e-18
8.15 4.487297511944516e-18
8.16 4.268449429850479e-18
8.17 4.060274694667055e-18
8.18 3.862252761122967e-18
8.19 3.6738884712393035e-18
8.2 3.494710816176781e-18
8.21 3.324271758468222e-18
8.22 3.1621451116917128e-18
8.23 3.0079254747822622e-18
8.24 2.861227218318156e-18
8.25 2.7216835202465657e-18
8.26 2.5889454486372255e-18
8.27 2.462681089170938e-18
8.28 2.342574715180853e-18
8.290000000000001 2.2283259981713976e-18
8.3 2.1196492568405635e-18
8.31 2.0162727427278068e-18
8.32 1.9179379607014534e-18
8.33 1.8243990225861218e-18
8.34 1.7354220323142665e-18
8.35 1.6507845010641521e-18
8.36 1.5702747909219563e-18
8.370000000000001 1.493691585676665e-18
8.38 1.4208433874247669e-18
8.39 1.3515480377257099e-18
8.4 1.2856322621109e-18
8.41 1.222931236807306e-18
8.42 1.1632881765921552e-18
8.43 1.1065539427482438e-18
8.44 1.052586670139411e-18
8.45 1.0012514124738378e-18
8.46 9.52419804868005e-19
8.47 9.059697428676772e-19
8.48 8.617850771230829e-19
8.49 8.1975532295509e-19
8.5 7.797753840859695e-19
8.51 7.417452898439222e-19
8.52 7.055699451843512e-19
8.53 6.71158892902708e-19
8.540000000000001 6.3842608744437645e-19
8.55 6.072896797459585e-19
8.56 5.776718125699686e-19
8.57 5.494984258212171e-19
8.58 5.22699071357966e-19
8.59 4.972067368348971e-19
8.6 4.729576781373353e-19
8.61 4.498912599877726e-19
8.620000000000001 4.279498043260682e-19
8.63 4.070784460842773e-19
8.64 3.872249959953931e-19
8.65 3.683398100929901e-19
8.66 3.503756655754583e-19
8.67 3.3328764272439637e-19
8.68 3.17033012581928e-19
8.69 3.0157113010603586e-19
8.700000000000001 2.868633325367912e-19
8.71 2.728728427193296e-19
8.72 2.5956467714178254e-19
8.73 2.4690555845829214e-19
8.74 2.348638322783076e-19
8.75 2.234093880141274e-19
8.76 2.1251358358873572e-19
8.77 2.0214917381569804e-19
8.78 1.9229024227200043e-19
8.790000000000001 1.8291213649349708e-19
8.8 1.7399140633090577e-19
8.81 1.6550574531221664e-19
8.82 1.5743393486490206e-19
8.83 1.497557912584241e-19
8.84 1.424521151344002e-19
8.85 1.3550464349820438e-19
8.86 1.2889600405197176e-19
8.870000000000001 1.2260967175479826e-19
8.88 1.1662992750153772e-19
8.89 1.1094181881684802e-19
8.9 1.0553112246621313e-19
8.91 1.0038430889045057e-19
8.92 9.54885083747648e-20
8.93 9.083147886775938e-20
8.94 8.640157536992778e-20
8.950000000000001 8.218772081509053e-20
8.96 7.817937837196414e-20
8.97 7.436652509658723e-20
8.98 7.073962686974476e-20
8.99 6.728961455670229e-20
9.0 6.400786132964695e-20
9.01 6.088616109612175e-20
9.02 5.791670797952182e-20
9.03 5.509207680033623e-20
9.040000000000001 5.240520450933274e-20
9.05 4.9849372526254953e-20
9.06 4.7418189939870996e-20
9.07 4.5105577527369165e-20
9.08 4.2905752553131824e-20
9.09 4.0813214308885744e-20
9.1 3.882273035906553e-20
9.11 3.6929323457000404e-20
9.120000000000001 3.512825909920306e-20
9.13 3.341503368664676e-20
9.14 3.1785363263421057e-20
9.15 3.023517280461024e-20
9.16 2.876058602660912e-20
9.17 2.7357915694394554e-20
9.18 2.6023654401518055e-20
9.19 2.475446579976156e-20
9.200000000000001 2.3547176256529526e-20
9.21 2.2398766919115525e-20
9.22 2.130636616599595e-20
9.23 2.0267242426281875e-20
9.24 1.927879734936848e-20
9.25 1.833855930770572e-20
9.26 1.7444177216441172e-20
9.27 1.6593414654483853e-20
9.28 1.5784144272286323e-20
9.290000000000001 1.5014342472363095e-20
9.3 1.4282084349242615e-20
9.31 1.358553887620065e-20
9.32 1.2922964326740457e-20
9.33 1.2292703919368618e-20
9.34 1.1693181674778714e-20
9.35 1.1122898475082005e-20
9.36 1.0580428315232154e-20
9.370000000000001 1.0064414737269297e-20
9.38 9.57356743846914e-21
9.39 9.1066590449138e-21
9.4 8.6625220424176e-21
9.41 8.240045857133666e-21
9.42 7.838174078540716e-21
9.43 7.455901817866722e-21
9.44 7.09227319534321e-21
9.450000000000001 6.746378950008084e-21
9.46 6.41735416607994e-21
9.47 6.104376110217498e-21
9.48 5.806662174258114e-21
9.49 5.523467918289587e-21
9.5 5.254085209162775e-21
9.51 4.997840449789634e-21
9.52 4.754092894799797e-21
9.53 4.5222330483433254e-21
9.540000000000001 4.301681140033713e-21
9.55 4.091885675219855e-21
9.56 3.8923220559620824e-21
9.57 3.702491269264258e-21
9.58 3.521918639281168e-21
9.59 3.3501526403817733e-21
9.6 3.1867637680998883e-21
9.61 3.0313434651493918e-21
9.620000000000001 2.8835030998180437e-21
9.63 2.742872994185931e-21
9.64 2.609101499738041e-21
9.65 2.4818541180597733e-21
9.66 2.3608126644167325e-21
9.67 2.2456744721271158e-21
9.68 2.136151635737427e-21
9.69 2.0319702911087776e-21
9.700000000000001 1.9328699306139288e-21
9.71 1.8386027517326277e-21
9.72 1.7489330374160617e-21
9.73 1.6636365666715707e-21
9.74 1.5825000538933353e-21
9.75 1.5053206155373104e-21
9.76 1.4319052628066204e-21
9.77 1.362070419079089e-21
9.78 1.2956414608700428e-21
9.790000000000001 1.2324522811826698e-21
9.8 1.1723448741539866e-21
9.81 1.1151689399578538e-21
9.82 1.0607815089771836e-21
9.83 1.0090465843053682e-21
9.84 9.598348016832095e-22
9.85 9.130231060208724e-22
9.86 8.684944436960912e-22
9.870000000000001 8.261374698590971e-22
9.88 7.858462700125416e-22
9.89 7.475200951700648e-22
9.9 7.110631099313417e-22
9.91 6.7638415284368e-22
9.92 6.433965084508939e-22
9.93 6.120176904595143e-22
9.94 5.821692354800617e-22
9.950000000000001 5.537765068277134e-22
9.96 5.2676850789174295e-22
9.97 5.01077704606964e-22
9.98 4.766398565834224e-22
9.99 4.5339385647195e-22
