0.01 0.0
0.017991967871485944 8.811583626699445e-15
0.025983935742971885 7.363953654593467e-11
0.033975903614457834 1.7541495013915567e-08
0.041967871485943775 6.627471279965034e-07
0.04995983935742972 9.186850957051241e-06
0.057951807228915665 5.415685262185794e-05
0.0659437751004016 0.0002514485416720831
0.07393574297188754 0.0008848637799191041
0.08192771084337348 0.0027117122945568804
0.08991967871485942 0.007496699505899441
0.09791164658634537 0.018716754656004926
0.10590361445783132 0.042374675083500006
0.11389558232931726 0.08700405785719474
0.1218875502008032 0.16309212936516224
0.12987951807228915 0.28036505092068764
0.1378714859437751 0.44539073687634695
0.14586345381526106 0.6590720858621142
0.15385542168674698 0.9161844016644148
0.16184738955823294 1.2064414832114105
0.16983935742971887 1.51636418859547
0.17783132530120482 1.8319150413257599
0.18582329317269075 2.1405492509290553
0.1938152610441767 2.4319211490600177
0.20180722891566266 2.698635030801735
0.2097991967871486 2.9358760466207925
0.21779116465863455 3.141111197432073
0.22578313253012047 3.3135339434410502
0.23377510040160643 3.4537354339551354
0.24176706827309236 3.5631420009352905
0.2497590361445783 3.643884303664851
0.2577510040160642 3.69823811378618
0.2657429718875502 3.7288980107838245
0.2737349397590361 3.738370884730978
0.2817269076305221 3.72935640115202
0.28971887550200803 3.703508039095623
0.29771084337349396 3.6642334289851326
0.3057028112449799 3.6128594941839394
0.31369477911646587 3.55141515421161
0.3216867469879518 3.481708216390931
0.3296787148594377 3.4052064647327698
0.3376706827309237 3.3233409253884956
0.34566265060240964 3.2372781350735726
0.35365461847389557 3.1481044290575078
0.3616465863453815 3.0567558688720657
0.3696385542168675 2.964044355617906
0.3776305220883534 2.87067074704081
0.38562248995983933 2.7772373410599704
0.3936144578313253 2.6842560596976015
0.40160642570281124 2.5921603633135857
0.40959839357429717 2.5013114614738274
0.4175903614457831 2.412010640304513
0.4255823293172691 2.3245015872871653
0.433574297188755 2.2389824033551697
0.44156626506024094 2.1556067545554294
0.44955823293172686 2.074493580836927
0.45755020080321285 1.9956514505119363
0.4655421686746988 1.9193867100688313
0.4735341365461847 1.8454667980620352
0.4815261044176707 1.7740264349709134
0.4895180722891566 1.7050162248071437
0.49751004016064254 1.6384837879951613
0.5055020080321284 1.5743544889288432
0.5134939759036145 1.5126300079341124
0.5214859437751004 1.4532001950647921
0.5294779116465863 1.3960743692770943
0.5374698795180722 1.3412118613607604
0.5454618473895582 1.28846053240199
0.5534538152610442 1.2378696254261343
0.5614457831325301 1.1892775774372926
0.5694377510040161 1.1426939111890542
0.577429718875502 1.0980048990071636
0.5854216867469879 1.0551560179490145
0.5934136546184738 1.0140829074932247
0.6014056224899598 0.9747184355904741
0.6093975903614458 0.9369942585615706
0.6173895582329317 0.9008519322866904
0.6253815261044177 0.8662200780346458
0.6333734939759036 0.8330438735864477
0.6413654618473895 0.8012726744669472
0.6493574297188754 0.7708086631809993
0.6573493975903614 0.7416520923533549
0.6653413654618474 0.7137124606989272
0.6733333333333333 0.6869462223579754
0.6813253012048193 0.6613029087184878
0.6893172690763052 0.6367339478083319
0.6973092369477911 0.6131925680420185
0.705301204819277 0.5906339173817184
0.713293172690763 0.5690206056147116
0.721285140562249 0.5482884841311702
0.7292771084337349 0.5284320885837703
0.7372690763052209 0.5093959896301018
0.7452610441767068 0.491129040148639
0.7532530120481927 0.4736271104619187
0.7612449799196787 0.4568367339071378
0.7692369477911646 0.4407336328326152
0.7772289156626506 0.4252801775268229
0.7852208835341365 0.4104523898402412
0.7932128514056225 0.3962273551911612
0.8012048192771084 0.38257271803855564
0.8091967871485943 0.3694618049743355
0.8171887550200803 0.35687039205659943
0.8251807228915662 0.34478793764501053
0.8331726907630521 0.33317577629403816
0.8411646586345382 0.3220208898377111
0.8491566265060241 0.3113015398698793
0.85714859437751 0.3010074758622282
0.8651405622489959 0.29110283853830965
0.8731325301204819 0.28158678420674144
0.8811244979919678 0.27242910424693084
0.8891164658634537 0.26363206642421033
0.8971084337349398 0.255165284354507
0.9051004016064257 0.24701612771688414
0.9130923694779116 0.23917618521697573
0.9210843373493975 0.2316254178377794
0.9290763052208835 0.2243661715711307
0.9370682730923694 0.21737036215394695
0.9450602409638553 0.21063544770681825
0.9530522088353414 0.20414579640324912
0.9610441767068273 0.19789213201950767
0.9690361445783132 0.1918705561636152
0.9770281124497991 0.18606552610596
0.9850200803212851 0.1804690118505774
0.993012048192771 0.17506971973616775
1.0010040160642568 0.16986199925602813
1.008995983935743 0.1648426280584135
1.016987951807229 0.16000498301127403
1.0249799196787148 0.15532684598329805
1.0329718875502008 0.15082219303859146
1.0409638554216867 0.1464703543588463
1.0489558232931726 0.1422589739097862
1.0569477911646585 0.13820492122287342
1.0649397590361445 0.134289057155286
1.0729317269076304 0.13050007689330617
1.0809236947791163 0.12684060031120217
1.0889156626506022 0.1233006721083373
1.0969076305220884 0.11989039779980779
1.1048995983935743 0.11658803871730782
1.1128915662650603 0.11339491268344605
1.1208835341365462 0.11034318517685016
1.128875502008032 0.10739727857283826
1.136867469879518 0.10453968603234146
1.144859437751004 0.10177542420629093
1.1528514056224899 0.09910252207122999
1.1608433734939758 0.09650955530320393
1.1688353413654617 0.09399757931176905
1.1768273092369477 0.09157036716592325
1.1848192771084336 0.08921383378143093
1.1928112449799195 0.08693127275862186
1.2008032128514055 0.08471963484633627
1.2087951807228916 0.08257549872437607
1.2167871485943775 0.08049673362917309
1.2247791164658635 0.07848150415903749
1.2327710843373494 0.07652676781962078
1.2407630522088353 0.07463188038871474
1.2487550200803212 0.07279304081197774
1.2567469879518072 0.07100864774881034
1.264738955823293 0.06927798698049714
1.272730923694779 0.0675981850476169
1.280722891566265 0.06596634199599234
1.2887148594377509 0.06438382409972485
1.2967068273092368 0.06284801845694006
1.3046987951807227 0.06135683695574415
1.3126907630522087 0.05990554358692866
1.3206827309236948 0.058496748533930235
1.3286746987951807 0.05713039166266793
1.3366666666666667 0.055804487475334785
1.3446586345381526 0.054519741992980195
1.3526506024096385 0.05327187227609728
1.3606425702811245 0.052054259327954114
1.3686345381526104 0.05087517763169757
1.3766265060240963 0.04972880486631169
1.3846184738955822 0.048610935315980604
1.3926104417670682 0.04752361209243312
1.400602409638554 0.046466859740842324
1.40859437751004 0.0454419406701658
1.416586345381526 0.04444046006324484
1.4245783132530119 0.04346780792825892
1.432570281124498 0.04252090004738437
1.440562248995984 0.041598767752509196
1.4485542168674699 0.04069997317964451
1.4565461847389558 0.03983011763650826
1.4645381526104417 0.03897900005477109
1.4725301204819277 0.038147966524110524
1.4805220883534136 0.03734248869912361
1.4885140562248995 0.03655423374033538
1.4965060240963854 0.03579274988164047
1.5044979919678714 0.035046161308781326
1.5124899598393573 0.03431838054946272
1.5204819277108432 0.03360679957650524
1.5284738955823292 0.03291969583334357
1.536465863453815 0.03224616348318514
1.5444578313253012 0.03159094017280488
1.5524497991967872 0.030949753684898433
1.560441767068273 0.03032708502287723
1.568433734939759 0.029715791920880058
1.576425702811245 0.029126573642076603
1.5844176706827309 0.028545913099803106
1.5924096385542168 0.027980293134607155
1.6004016064257027 0.027437417397314458
1.6083935742971887 0.02689339614188596
1.6163855421686746 0.026367644701974096
1.6243775100401605 0.025857490198119993
1.6323694779116464 0.02535610785260655
1.6403614457831324 0.024869862965214325
1.6483534136546183 0.02439282129264804
1.6563453815261042 0.02393629041363233
1.6643373493975904 0.023473833557079007
1.6723293172690763 0.023031406369844708
1.6803212851405622 0.02259953520813495
1.6883132530120482 0.022178071570602625
1.696305220883534 0.021770112439767765
1.70429718875502 0.021364311125175804
1.712289156626506 0.02097391534277749
1.7202811244979919 0.020587663194729745
1.7282730923694778 0.02021193138024623
1.7362650602409637 0.019848790265384122
1.7442570281124496 0.019484574643380208
1.7522489959839356 0.019142488869077448
1.7602409638554215 0.018793560784670246
1.7682329317269074 0.018462868979695807
1.7762248995983936 0.018131687182997888
1.7842168674698795 0.01781407040668714
1.7922088353413654 0.017496309827394918
1.8002008032128514 0.017195826384617967
1.8081927710843373 0.016890227207923693
1.8161847389558232 0.01660262623970836
1.8241767068273091 0.016315213448489203
1.832168674698795 0.016031018692811268
1.840160642570281 0.015757819699471893
1.848152610441767 0.015486337831324148
1.8561445783132529 0.015228600824387073
1.8641365461847388 0.014965966331771725
1.8721285140562247 0.014719208900049225
1.8801204819277106 0.014467018873022881
1.8881124497991968 0.014225877318194646
1.8961044176706827 0.013991483424293882
1.9040963855421686 0.013758475821607292
1.9120883534136546 0.013531623724406736
1.9200803212851405 0.01330993638461489
1.9280722891566264 0.013096246625924299
1.9360642570281124 0.012875383638080704
1.9440562248995983 0.012669017205972974
1.9520481927710842 0.012465843579091732
1.9600401606425701 0.012261756385680375
1.968032128514056 0.012067299601187855
1.976024096385542 0.01187632007282393
1.984016064257028 0.011683964075163068
1.9920080321285139 0.011501562504081799
