0.0 0.04999999999983826
0.01 0.049301883785295014
0.02 0.04856835780790593
0.03 0.04780104972707777
0.04 0.04700162710492553
0.05 0.04617179840893357
0.06 0.045313301680210166
0.07 0.04442790990922557
0.08 0.04351741813268735
0.09 0.04258364122318259
0.1 0.04162840619702861
0.11 0.04065355168247879
0.12 0.039660923495412254
0.13 0.03865236852461576
0.14 0.03762972879276026
0.15 0.03659484270890237
0.16 0.0355495396617789
0.17 0.034495632707363125
0.18 0.03343491766121931
0.19 0.0323691721081846
0.2 0.03130015048551685
0.21 0.030229577155139062
0.22 0.029159149204602608
0.23 0.02809053318720728
0.24 0.02702536088666256
0.25 0.025965225345203097
0.26 0.024911682155981066
0.27 0.023866246261006308
0.28 0.022830390109330828
0.29 0.021805542005252823
0.3 0.020793084530160585
0.31 0.019794353029740877
0.32 0.018810634710341792
0.33 0.017843167442742502
0.34 0.016893138801687163
0.35000000000000003 0.015961685244585855
0.36 0.015049891547387478
0.37 0.014158790765890647
0.38 0.01328936282769412
0.39 0.012442534438448442
0.4 0.01161917888992283
0.41000000000000003 0.010820115898593066
0.42 0.010046111454925122
0.43 0.009297877168621689
0.44 0.008576071390563135
0.45 0.007881299252714788
0.46 0.007214112825394629
0.47000000000000003 0.006575011485587465
0.48 0.005964442422949662
0.49 0.005382802312200632
0.5 0.0048304364245150555
0.51 0.004307639186534859
0.52 0.0038146551874967405
0.53 0.0033516798946523277
0.54 0.0029188604111897304
0.55 0.002516295828378163
0.56 0.0021440385713690988
0.5700000000000001 0.001802095532677045
0.58 0.0014904288271113258
0.59 0.0012089568044575776
0.6 0.0009575551017197322
0.61 0.0007360579964260962
0.62 0.0005442592922911219
0.63 0.00038191312242432524
0.64 0.0002487353167972533
0.65 0.0001444045715019264
0.66 6.856364120104343e-05
0.67 2.0820566243646976e-05
0.68 7.498555841908188e-07
0.6900000000000001 7.893676515095815e-06
0.7000000000000001 4.176314255394109e-05
0.71 0.00010183957885072717
0.72 0.0001875758000585235
0.73 0.00029839743105259525
0.74 0.0004337043056711256
0.75 0.0005928716964804948
0.76 0.0007752516742062093
0.77 0.0009801744555785717
0.78 0.00120694975558671
0.79 0.0014548679392093894
0.8 0.0017232004439135286
0.81 0.0020112022111485224
0.8200000000000001 0.002318112692025358
0.8300000000000001 0.0026431570435727983
0.84 0.0029855473956820616
0.85 0.003344484214890968
0.86 0.0037191584090880137
0.87 0.0041087516622564865
0.88 0.004512437850232247
0.89 0.004929384448279325
0.9 0.0053587538107217475
0.91 0.005799704345116938
0.92 0.006251390072015271
0.93 0.006712963426799043
0.9400000000000001 0.0071835765549126684
0.9500000000000001 0.007662382067466653
0.96 0.0081485341632032
0.97 0.008641189729685389
0.98 0.009139509244236448
0.99 0.00964265796516104
1.0 0.010149807050901571
1.01 0.01066013451517979
1.02 0.01117282622669305
1.03 0.011687076887795064
1.04 0.012202091285378538
1.05 0.012717085152088234
1.06 0.013231285795116413
1.07 0.013743933166872294
1.08 0.014254280743564204
1.09 0.014761596379318384
1.1 0.015265161194659427
1.11 0.015764269432899977
1.12 0.016258233081070536
1.1300000000000001 0.016746380675953063
1.1400000000000001 0.017228057885556466
1.1500000000000001 0.017702628084759794
1.16 0.01816947406015436
1.17 0.018628000383696455
1.18 0.019077629942538143
1.19 0.019517806049091424
1.2 0.01994799306212862
1.21 0.020367676876403035
1.22 0.020776364285565632
1.23 0.021173579664324232
1.24 0.02155887145331087
1.25 0.021931810528343323
1.26 0.02229199006507672
1.27 0.022639025729666515
1.28 0.02297255601917493
1.29 0.023292243607301394
1.3 0.02359777382319092
1.31 0.023888855068626577
1.32 0.024165219072540656
1.33 0.02442662093579885
1.34 0.024672839081905915
1.35 0.02490367430521652
1.36 0.025118950760173495
1.37 0.02531851586877748
1.3800000000000001 0.02550223999343601
1.3900000000000001 0.025670016295059148
1.4000000000000001 0.025821760532847474
1.41 0.025957409561800135
1.42 0.02607692219590617
1.43 0.026180279370888432
1.44 0.026267483401645045
1.45 0.02633855766506253
1.46 0.026393546260835662
1.47 0.026432513573898003
1.48 0.026455543927826675
1.49 0.026462741250277422
1.5 0.02645422861003653
1.51 0.02643014777803518
1.52 0.026390658770991643
1.53 0.02633593882835801
1.54 0.026266181791251578
1.55 0.02618159859642702
1.56 0.026082416245684054
1.57 0.025968877256038483
1.58 0.025841239101935545
1.59 0.025699773746226368
1.6 0.02554476718761474
1.61 0.025376518554614313
1.62 0.025195339644574793
1.6300000000000001 0.025001554330038644
1.6400000000000001 0.024795497951377546
1.6500000000000001 0.024577516377862513
1.6600000000000001 0.024347964445045944
1.67 0.024107207028982405
1.68 0.023855617840855145
1.69 0.023593578695769044
1.7 0.02332147886744801
1.71 0.023039714494326263
1.72 0.02274868823341697
1.73 0.022448808185220312
1.74 0.022140487355598246
1.75 0.021824143065949403
1.76 0.021500196324560544
1.77 0.021169071189958852
1.78 0.020831193999812536
1.79 0.020486992940263543
1.8 0.020136897427321693
1.81 0.01978133747364927
1.82 0.01942074309637086
1.83 0.01905554372192693
1.84 0.018686167236757353
1.85 0.018313039773998882
1.86 0.0179365852509438
1.87 0.017557224701997345
1.8800000000000001 0.0171753757461391
1.8900000000000001 0.016791452067370594
1.9000000000000001 0.01640586290867052
1.9100000000000001 0.016019012579958025
1.92 0.015631299980543037
1.93 0.01524311813651684
1.94 0.014854854206509713
1.95 0.014466889236341401
1.96 0.014079596544928213
1.97 0.013693341935855155
1.98 0.013308483330422921
1.99 0.012925370401668551
2.0 0.012544344225178625
2.0100000000000002 0.0121657369469758
2.02 0.011789871468735946
2.0300000000000002 0.011417061150576016
2.04 0.011047609543382284
2.05 0.010681810202965963
2.06 0.010319946314416344
2.07 0.009962290500301417
2.08 0.009609104629559058
2.09 0.009260639629283161
2.1 0.008917135315113046
2.11 0.008578820240298025
2.12 0.008245911563485593
2.13 0.00791861493525993
2.14 0.007597124406881053
2.15 0.007281623293298942
2.16 0.006972283294951712
2.17 0.006669263772479693
2.18 0.0063727123238586925
2.19 0.006082764777778457
2.2 0.005799545204737237
2.21 0.005523165945722955
2.22 0.005253727658330841
2.23 0.004991319380144299
2.24 0.004736018609185336
2.25 0.004487891764843606
2.2600000000000002 0.004246994889760124
2.27 0.004013372016750616
2.2800000000000002 0.003787056073418227
2.29 0.003568069109329733
2.3000000000000003 0.00335642246639363
2.31 0.0031521169637626772
2.32 0.002955143096925246
2.33 0.002765481250633098
2.34 0.0025831019252895507
2.35 0.002407966041008347
2.36 0.002240026189056412
2.37 0.0020792253897086756
2.38 0.001925497483668246
2.39 0.0017787677384563105
2.4 0.0016389531371996113
2.41 0.001505962677135788
2.42 0.00137969767735888
2.43 0.0012600520953092477
2.44 0.0011469128514952874
2.45 0.0010401601619162183
2.46 0.0009396683199338028
2.47 0.0008453058885798392
2.48 0.0007569352165769233
2.49 0.0006744133120204845
2.5 0.0005975921990194876
2.5100000000000002 0.000526319274537064
2.52 0.00046043766850997064
2.5300000000000002 0.0003997866066699999
2.54 0.0003442017754844984
2.5500000000000003 0.0002935156886177976
2.56 0.0002475581337773036
2.57 0.00020615682032070447
2.58 0.0001691370269645224
2.59 0.00013632222350461447
2.6 0.0001075344871953347
2.61 8.259485632532843e-05
2.62 6.132368090751815e-05
2.63 4.3540969922946544e-05
2.64 2.906673455930521e-05
2.65 1.7721326883051933e-05
2.66 9.325774508558548e-06
2.67 3.702151932889839e-06
2.68 6.73750069065315e-07
2.69 6.539911035318541e-08
2.7 1.7038159462230565e-06
2.71 5.4178966587636965e-06
2.72 1.1039000842644545e-05
2.73 1.8401227312564526e-05
2.74 2.7341680772704872e-05
2.75 3.7700729031355136e-05
2.7600000000000002 4.932225036002533e-05
2.77 6.205378774405863e-05
2.7800000000000002 7.57466413114664e-05
2.79 9.025635708912686e-05
2.8000000000000003 0.00010544282362246176
2.81 0.00012117045318598297
2.82 0.00013730835788548258
2.83 0.00015373051398221826
2.84 0.00017031591423446145
2.85 0.00018694870807233095
2.86 0.00020351832944395971
2.87 0.0002199195783318085
2.88 0.00023605236847714858
2.89 0.00025182229929635903
2.9 0.0002671406710588152
2.91 0.0002819244679770558
2.92 0.0002960964078685645
2.93 0.000309584979489793
2.94 0.00032232446759858716
2.95 0.0003342549658233232
2.96 0.00034532237742934506
2.97 0.00035547840410139926
2.98 0.0003646802358207527
2.99 0.0003728906440711426
3.0 0.0003800782872071945
3.0100000000000002 0.0003862174255107754
3.02 0.00039128785270446664
3.0300000000000002 0.0003952748171715745
3.04 0.000398168933152733
3.0500000000000003 0.0003999660822057386
3.06 0.00040066730523713456
3.0700000000000003 0.00040027868541794506
3.08 0.0003988111324399468
3.09 0.00039627999679313873
3.1 0.00039270548712564725
3.11 0.0003881123162231409
3.12 0.00038252951213513416
3.13 0.00037599025601258405
3.14 0.00036853171390934837
3.15 0.00036019486295528827
3.16 0.00035102431231397516
3.17 0.0003410681193373906
3.18 0.0003303775931302391
3.19 0.00031900687390044695
3.2 0.00030701302828031393
3.21 0.0002944558793455173
3.22 0.0002813977188392165
3.23 0.0002679031061511121
3.24 0.0002540386658433473
3.25 0.00023987288413522719
3.2600000000000002 0.0002254759047509592
3.27 0.00021091932453262859
3.2800000000000002 0.00019627598920710608
3.29 0.0001816197270544176
3.3000000000000003 0.00016702513702932138
3.31 0.00015256755513436224
3.3200000000000003 0.0001383227657736118
3.33 0.00012436680441104634
3.34 0.00011077576495841044
3.35 9.762561011155291e-05
3.36 8.499198494896307e-05
3.37 7.295003409470407e-05
3.38 6.157422273346015e-05
3.39 5.0938156780756284e-05
3.4 4.111438621210578e-05
3.41 3.2174301476669415e-05
3.42 2.418795499571722e-05
3.43 1.722390006907897e-05
3.44 1.1349042184255996e-05
3.45 6.628495979669503e-06
3.46 3.1254480439913204e-06
3.47 9.010257134982628e-07
3.48 1.4172024316886841e-08
3.49 5.215269546418318e-07
3.5 2.477316057068399e-06
3.5100000000000002 5.9332460957942e-06
3.52 1.0938404996302387e-05
3.5300000000000002 1.753916960141929e-05
3.54 2.577912027117938e-05
3.5500000000000003 3.5698962337742286e-05
3.56 4.733645446139585e-05
3.5700000000000003 6.072634391936227e-05
3.58 7.59003088485798e-05
3.59 9.288690744913789e-05
3.6 0.0001117115233038278
3.61 0.0001323963030788666
3.62 0.00015496017277258963
3.63 0.00017941879668594007
3.64 0.00020578455793340833
3.65 0.0002340665474821306
3.66 0.0002642705598274002
3.67 0.0002963990952323751
3.68 0.00033045136844802453
3.69 0.0003664233238239341
3.7 0.00040430764869938546
3.71 0.0004440936668305192
3.72 0.0004857675278050911
3.73 0.0005293122446118244
3.74 0.0005747077000447312
3.75 0.0006219306946106552
3.7600000000000002 0.0006709549998463911
3.77 0.0007217514169057943
3.7800000000000002 0.0007742878402666672
3.79 0.0008285293264082144
3.8000000000000003 0.0008844381672989364
3.81 0.0009419737953854784
3.8200000000000003 0.0010010928615964351
3.83 0.0010617496336789226
3.84 0.001123895910735799
3.85 0.0011874811124770943
3.86 0.0012524523732894803
3.87 0.0013187546397690174
3.88 0.0013863307715455998
3.89 0.0014551216452175185
3.9 0.0015250662612176329
3.91 0.0015961017634089844
3.92 0.0016681631515190094
3.93 0.0017411841037130518
3.94 0.0018150968758669783
3.95 0.0018898323551968799
3.96 0.001965320175135437
3.97 0.0020414888317342277
3.98 0.0021182658014188525
3.99 0.0021955776599233007
4.0 0.0022733502022280958
4.01 0.0023515085540327454
4.0200000000000005 0.002429976715436589
4.03 0.0025086782353594995
4.04 0.0025875365598615058
4.05 0.0026664748870398602
4.0600000000000005 0.0027454162831981113
4.07 0.002824283798764246
4.08 0.002903000583806256
4.09 0.0029814900029982647
4.1 0.0030596757498904045
4.11 0.003137481960336641
4.12 0.0032148330071390674
4.13 0.0032916532874090326
4.14 0.003367868430916819
4.15 0.003443404897781277
4.16 0.0035181900533262853
4.17 0.003592152267495298
4.18 0.0036652210124904563
4.19 0.0037373269585270416
4.2 0.0038084020675974925
4.21 0.0038783796851410077
4.22 0.003947194530991259
4.23 0.00401478181793697
4.24 0.004081078772270139
4.25 0.0041460244812856345
4.26 0.004209559737828099
4.2700000000000005 0.004271627110898825
4.28 0.004332171013617027
4.29 0.004391137768475724
4.3 0.004448475669836055
4.3100000000000005 0.004504135043606229
4.32 0.004558068304054655
4.33 0.004610229626784992
4.34 0.004660575187062109
4.3500000000000005 0.004709063657310546
4.36 0.004755655947878842
4.37 0.004800315246046856
4.38 0.004843007052001448
4.39 0.004883699211757547
4.4 0.00492236194700478
4.41 0.004958967881866928
4.42 0.004993492066558705
4.43 0.00502591160154349
4.44 0.005056204553332763
4.45 0.005084352375045308
4.46 0.005110339023029008
4.47 0.005134150817683536
4.48 0.00515577644195752
4.49 0.005175206937046525
4.5 0.005192435695328519
4.51 0.0052074584505718766
4.5200000000000005 0.005220273265456231
4.53 0.00523088050870868
4.54 0.005239282624772815
4.55 0.005245484368645463
4.5600000000000005 0.005249492809506463
4.57 0.005251317226237923
4.58 0.005250969078962581
4.59 0.005248461978269545
4.6000000000000005 0.0052438116521802206
4.61 0.005237035910914983
4.62 0.005228154609514646
4.63 0.005217189608380551
4.64 0.005204164259607458
4.65 0.005189103207416647
4.66 0.005172033547876487
4.67 0.0051529841503908935
4.68 0.00513198559180135
4.69 0.005109070103400365
4.7 0.0050842715165678246
4.71 0.00505762520710553
4.72 0.005029168038352412
4.73 0.004998938303156043
4.74 0.00496697557157845
4.75 0.004933320047781693
4.76 0.004898013510976178
4.7700000000000005 0.004861098998339683
4.78 0.004822620626307221
4.79 0.004782623526126871
4.8 0.004741153779016627
4.8100000000000005 0.004698258351008747
4.82 0.004653985027561432
4.83 0.004608382348022987
4.84 0.004561499540066488
4.8500000000000005 0.004513386462498659
4.86 0.00446409353274628
4.87 0.004413671655688296
4.88 0.004362172163663858
4.89 0.004309646751732697
4.9 0.004256147413330608
4.91 0.004201726376394342
4.92 0.004146436040028026
4.93 0.004090328911781148
4.94 0.004033457545608875
4.95 0.00397587429170488
4.96 0.003917630924006939
4.97 0.0038587794539064954
4.98 0.003799371698798626
4.99 0.003739459190165058
5.0 0.003679093116692976
5.01 0.0036183242686980144
5.0200000000000005 0.0035572029839086652
5.03 0.0034957790946638923
5.04 0.0034341018765792555
5.05 0.0033722200155644616
5.0600000000000005 0.0033101818145968645
5.07 0.003248034788335831
5.08 0.0031858256429372622
5.09 0.003123600309819091
5.1000000000000005 0.0030614039040884264
5.11 0.002999280684638825
5.12 0.0029372740159533117
5.13 0.002875426331640965
5.14 0.0028137790997362425
5.15 0.0027523727897844144
5.16 0.0026912467727977646
5.17 0.002630439305682332
5.18 0.0025699876273034272
5.19 0.0025099278592382
5.2 0.002450294981695099
5.21 0.002391122811794405
5.22 0.0023324439837773235
5.23 0.0022742899311493543
5.24 0.002216690870758438
5.25 0.002159675788806655
5.26 0.0021032724710094153
5.2700000000000005 0.002047507662417996
5.28 0.001992406717814501
5.29 0.0019379937067156225
5.3 0.0018842914367457261
5.3100000000000005 0.001831321450830696
5.32 0.0017791040261758914
5.33 0.0017276581750085597
5.34 0.001677001647063539
5.3500000000000005 0.0016271509337874787
5.36 0.0015781212776225274
5.37 0.0015299268727981367
5.38 0.0014825806628890048
5.39 0.001436094283949231
5.4 0.0013904781687384127
5.41 0.0013457415602723226
5.42 0.0013018925267974449
5.43 0.0012589379781485915
5.44 0.0012168836834534104
5.45 0.0011757342901408604
5.46 0.0011354933442099015
5.47 0.0010961633718076826
5.48 0.0010577459506236828
5.49 0.0010202415248324083
5.5 0.0009836495306737927
5.51 0.0009479684269340719
5.5200000000000005 0.0009131957214850925
5.53 0.0008793279987033102
5.54 0.0008463609477192616
5.55 0.0008142893914431688
5.5600000000000005 0.0007831073163141675
5.57 0.0007528079310445412
5.58 0.0007233839581957426
5.59 0.0006948272424506345
5.6000000000000005 0.0006671288618907041
5.61 0.0006402792252216578
5.62 0.0006142681040455095
5.63 0.0005890846654028597
5.64 0.0005647175045341152
5.65 0.000541154677808851
5.66 0.0005183837357738957
5.67 0.0004963917562677191
5.68 0.0004751654240747437
5.69 0.0004546910346821739
5.7 0.0004349544740398434
5.71 0.00041594128951219327
5.72 0.00039763672241569653
5.73 0.000380025740310359
5.74 0.0003630930689962862
5.75 0.0003468232241683588
5.76 0.00033120054268178517
5.7700000000000005 0.00031620921338308683
5.78 0.000301833354945864
5.79 0.00028805716515595964
5.8 0.00027486465889910855
5.8100000000000005 0.0002622398099537994
5.82 0.0002501665953217186
5.83 0.0002386290221737409
5.84 0.0002276111540620955
5.8500000000000005 0.00021709713636889477
5.86 0.00020707122095932687
5.87 0.0001975177900122027
5.88 0.00018842138446458108
5.89 0.000179766867061908
5.9 0.0001715392591283265
5.91 0.00016372374969459737
5.92 0.00015630576883040974
5.93 0.00014927100587828167
5.94 0.00014260542672422938
5.95 0.0001362952900981233
5.96 0.0001303271628911029
5.97 0.0001246879344837899
5.98 0.00011936483007645923
5.99 0.0001143454022832233
6.0 0.00010961753831689302
6.01 0.0001051695226157506
6.0200000000000005 0.00010099001762010808
6.03 9.706807138687001e-05
6.04 9.339312477138397e-05
6.05 8.995501757229872e-05
6.0600000000000005 8.674399363732023e-05
6.07 8.375070493087458e-05
6.08 8.096621456579745e-05
6.09 7.838202798999497e-05
6.1000000000000005 7.599026860698622e-05
6.11 7.378336500815912e-05
6.12 7.175413465659083e-05
6.13 6.989581790911668e-05
6.140000000000001 6.820207597808478e-05
6.15 6.666698806924182e-05
6.16 6.52850477189746e-05
6.17 6.40511583599344e-05
6.18 6.296062813796171e-05
6.19 6.200916368084668e-05
6.2 6.119279754635779e-05
6.21 6.0507936992432e-05
6.22 5.9951399783637546e-05
6.23 5.9520365630952136e-05
6.24 5.921236638093807e-05
6.25 5.90252755705168e-05
6.26 5.8957297369870154e-05
6.2700000000000005 5.900695493898586e-05
6.28 5.9173078224006304e-05
6.29 5.945479121599161e-05
6.3 5.985153574681462e-05
6.3100000000000005 6.036312002228195e-05
6.32 6.098953823586127e-05
6.33 6.173102781780251e-05
6.34 6.258806205923766e-05
6.3500000000000005 6.356133617655638e-05
6.36 6.465175315804091e-05
6.37 6.586040942343184e-05
6.38 6.718858032888492e-05
6.390000000000001 6.863770554889955e-05
6.4 7.020937354776813e-05
6.41 7.190529440492203e-05
6.42 7.37273013710028e-05
6.43 7.567733499887035e-05
6.44 7.775742466261185e-05
6.45 7.996967364554478e-05
6.46 8.231624429681957e-05
6.47 8.479934328360032e-05
6.48 8.742120696606653e-05
6.49 9.018408691918809e-05
6.5 9.3090235628303e-05
6.51 9.614190896537617e-05
6.5200000000000005 9.934135084065619e-05
6.53 0.00010269075088306916
6.54 0.00010619224798971705
6.55 0.00010984791771439639
6.5600000000000005 0.00011365975989912399
6.57 0.0001176296866555581
6.58 0.00012175951071850908
6.59 0.00012605093418809488
6.6000000000000005 0.00013050553767875867
6.61 0.00013512477721394633
6.62 0.00013991000508540956
6.63 0.0001448624042038717
6.640000000000001 0.0001499829969104213
6.65 0.00015527264142444104
6.66 0.00016073202425258629
6.67 0.00016636165312379318
6.68 0.00017216185045962513
6.69 0.0001781327473887543
6.7 0.00018427427831138078
6.71 0.00019058617452239607
6.72 0.00019706787565679056
6.73 0.00020371860791712666
6.74 0.00021053741111937488
6.75 0.00021752309788195846
6.76 0.00022467425044270586
6.7700000000000005 0.00023198921800198294
6.78 0.00023946611459364948
6.79 0.0002471028174832902
6.8 0.000254896966092431
6.8100000000000005 0.0002628459614487013
6.82 0.0002709470104140365
6.83 0.00027919716893894456
6.84 0.00028759319545633433
6.8500000000000005 0.0002961316219336676
6.86 0.00030480876035178517
6.87 0.00031362070640420653
6.88 0.0003225633437245988
6.890000000000001 0.0003316323486315109
6.9 0.0003408231953801917
6.91 0.000350131161911545
6.92 0.00035955131208376644
6.93 0.0003690782757064231
6.94 0.0003787065903847527
6.95 0.0003884306515180326
6.96 0.0003982446664028902
6.97 0.00040814266038912035
6.98 0.0004181184833840588
6.99 0.00042816581669395323
7.0 0.0004382781801912112
7.01 0.00044844893979450497
7.0200000000000005 0.00045867131525243604
7.03 0.00046893850341067286
7.04 0.00047924362843254804
7.05 0.0004895796216333962
7.0600000000000005 0.0004999393188472624
7.07 0.0005103154708458457
7.08 0.0005207007539955715
7.09 0.0005310877811364415
7.1000000000000005 0.0005414691126645037
7.11 0.0005518372678000958
7.12 0.0005621847360232149
7.13 0.0005725039189374056
7.140000000000001 0.0005827869540472024
7.15 0.0005930261346947224
7.16 0.0006032137686750524
7.17 0.0006133421653903223
7.18 0.000623403645948423
7.19 0.0006333905532895368
7.2 0.00064329526232439
7.21 0.0006531101900723001
7.22 0.0006628278057833371
7.23 0.0006724406375082544
7.24 0.0006819411911420034
7.25 0.0006913220688733353
7.26 0.0007005759888152226
7.2700000000000005 0.0007096957619070407
7.28 0.0007186743010379852
7.29 0.0007275046300620792
7.3 0.0007361798926946717
7.3100000000000005 0.0007446933612769574
7.32 0.0007530384453993434
7.33 0.000761208700372485
7.34 0.0007691978589398872
7.3500000000000005 0.0007769998466229874
7.36 0.0007846087322416692
7.37 0.0007920187659533166
7.38 0.0007992243876836259
7.390000000000001 0.0008062202347188796
7.4 0.0008130011490722899
7.41 0.0008195621846138479
7.42 0.0008258986139544726
7.43 0.0008320059350757289
7.44 0.0008378798121477446
7.45 0.0008435156846613688
7.46 0.0008489094491947145
7.47 0.000854057289489063
7.48 0.0008589556045024774
7.49 0.0008636010112043485
7.5 0.0008679903471155506
7.51 0.0008721206725940921
7.5200000000000005 0.0008759892728663968
7.53 0.0008795936598044313
7.54 0.0008829315747580398
7.55 0.0008860012293962216
7.5600000000000005 0.0008888011073466227
7.57 0.0008913298073909177
7.58 0.0008935861838414612
7.59 0.0008955693480215861
7.6000000000000005 0.0008972786694575394
7.61 0.0008987137767779672
7.62 0.0008998745583218871
7.63 0.0009007611624533562
7.640000000000001 0.0009013739975819203
7.65 0.0009017136043580065
7.66 0.0009017804502584395
7.67 0.0009015754970785744
7.68 0.0009010999558465085
7.69 0.000900355263069235
7.7 0.0008993430777025323
7.71 0.0008980652779029229
7.72 0.0008965239575679761
7.73 0.0008947214226705767
7.74 0.0008926601873937151
7.75 0.0008903429641206155
7.76 0.0008877725729475767
7.7700000000000005 0.0008849520571299271
7.78 0.0008818846692835412
7.79 0.0008785738413431068
7.8 0.000875023179370462
7.8100000000000005 0.0008712364582280849
7.82 0.0008672176161273956
7.83 0.0008629707490567101
7.84 0.0008585001050994932
7.8500000000000005 0.0008538100786488444
7.86 0.0008489052465724331
7.87 0.0008437903536573539
7.88 0.0008384702345227354
7.890000000000001 0.0008329498506906285
7.9 0.0008272342847798625
7.91 0.0008213287344207912
7.92 0.0008152385061059621
7.930000000000001 0.0008089690089839001
7.94 0.0008025257486031258
7.95 0.0007959143206142591
7.96 0.0007891403715272298
7.97 0.0007822094631318027
7.98 0.000775127321616477
7.99 0.0007678997472828561
8.0 0.0007605325875810823
8.01 0.0007530317304089741
8.02 0.0007454030974576586
8.03 0.0007376526376118679
8.040000000000001 0.0007297863204112874
8.05 0.0007218101295817132
8.06 0.0007137300584380488
8.07 0.000705552197391119
8.08 0.0006972826267688144
8.09 0.0006889273798502855
8.1 0.0006804924797661344
8.11 0.000671983933741134
8.120000000000001 0.0006634077274240112
8.13 0.0006547698193125721
8.14 0.0006460761352767679
8.15 0.0006373325631864983
8.16 0.0006285449476487563
8.17 0.0006197189937127388
8.18 0.0006108601888028531
8.19 0.0006019741023699544
8.2 0.0005930662342596756
8.21 0.0005841420031541551
8.22 0.0005752067418568658
8.23 0.0005662656927709585
8.24 0.0005573240035754191
8.25 0.0005483867231004698
8.26 0.0005394587974052699
8.27 0.0005305450857332802
8.28 0.0005216505325945798
8.290000000000001 0.0005127798855543552
8.3 0.0005039377449160085
8.31 0.0004951286028219218
8.32 0.00048635684071110345
8.33 0.0004776267269404281
8.34 0.0004689424145706278
8.35 0.0004603079393179915
8.36 0.00045172721767121164
8.370000000000001 0.0004432040451714629
8.38 0.00043474206119220767
8.39 0.00042634476819744353
8.4 0.00041801556713071467
8.41 0.00040975773019745823
8.42 0.0004015743999504825
8.43 0.00039346858854845054
8.44 0.00038544317718778275
8.45 0.00037750091570445607
8.46 0.00036964442234489747
8.47 0.00036187618370290067
8.48 0.0003541985472720055
8.49 0.0003466137029473765
8.5 0.0003391237278803378
8.51 0.00033173056986968846
8.52 0.00032443604563854415
8.53 0.000317241841708258
8.540000000000001 0.0003101495154227262
8.55 0.00030316049612033776
8.56 0.00029627608644846107
8.57 0.00028949746381595753
8.58 0.00028282568804159636
8.59 0.00027626185114266663
8.6 0.0002698068898811957
8.61 0.000263461576925271
8.620000000000001 0.00025722657710103465
8.63 0.00025110244959079125
8.64 0.0002450896502031556
8.65 0.00023918853371112346
8.66 0.00023339935625540237
8.67 0.0002277222778089491
8.68 0.00022215736469918639
8.69 0.00021670452973625645
8.700000000000001 0.00021136352301547555
8.71 0.00020613408646663785
8.72 0.00020101587439410977
8.73 0.00019600845462480927
8.74 0.00019111131129109435
8.75 0.00018632384766241808
8.76 0.00018164538901957114
8.77 0.00017707518556467176
8.78 0.0001726124153626149
8.790000000000001 0.00016825621156330017
8.8 0.0001640058048732046
8.81 0.00015986027517252838
8.82 0.00015581862300031567
8.83 0.00015187979991005286
8.84 0.0001480427115161621
8.85 0.00014430622051184172
8.86 0.0001406691496552209
8.870000000000001 0.00013713028472079301
8.88 0.00013368837741410504
8.89 0.00013034214791215158
8.9 0.00012709023262688027
8.91 0.00012393123676209504
8.92 0.00012086377161455667
8.93 0.00011788642486179699
8.94 0.00011499776314617682
8.950000000000001 0.00011219633460736803
8.96 0.0001094806713604771
8.97 0.00010684929191293307
8.98 0.00010430070352057848
8.99 0.00010183340447591019
9.0 9.944590861768205e-05
9.01 9.71367805515681e-05
9.02 9.490453899155694e-05
9.03 9.274770209829163e-05
9.040000000000001 9.066479304405128e-05
9.05 8.865434193087128e-05
9.06 8.671488762409911e-05
9.07 8.484497949971196e-05
9.08 8.304317910324578e-05
9.09 8.130806172120236e-05
9.1 7.96382205650514e-05
9.11 7.803230583407986e-05
9.120000000000001 7.648897193502854e-05
9.13 7.500688369588109e-05
9.14 7.358472859925885e-05
9.15 7.222121790642112e-05
9.16 7.091508769558642e-05
9.17 6.966509981291055e-05
9.18 6.84700427385403e-05
9.19 6.732873236894431e-05
9.200000000000001 6.624001271485821e-05
9.21 6.52027104781185e-05
9.22 6.421564702023368e-05
9.23 6.327771591896347e-05
9.24 6.23878361657908e-05
9.25 6.154495200386047e-05
9.26 6.0748032876182904e-05
9.27 5.999607328499839e-05
9.28 5.9288092559806396e-05
9.290000000000001 5.8623134536745294e-05
9.3 5.800026714759907e-05
9.31 5.741861247074171e-05
9.32 5.687746334594266e-05
9.33 5.6376049328153016e-05
9.34 5.591361394313276e-05
9.35 5.548943269644349e-05
9.36 5.510281286204809e-05
9.370000000000001 5.4753093225585504e-05
9.38 5.443964378600442e-05
9.39 5.41618654199133e-05
9.4 5.391918951228036e-05
9.41 5.371107547116286e-05
9.42 5.353690596556198e-05
9.43 5.339609785624203e-05
9.44 5.3288134468707296e-05
9.450000000000001 5.321251789974519e-05
9.46 5.3168767828749505e-05
9.47 5.315642028528092e-05
9.48 5.317502637518668e-05
9.49 5.322415096496117e-05
9.5 5.330337132828343e-05
9.51 5.341227575419386e-05
9.52 5.3550497745912494e-05
9.53 5.3717743660606186e-05
9.540000000000001 5.391367504170314e-05
9.55 5.413796331271963e-05
9.56 5.4390291254599946e-05
9.57 5.467035202382821e-05
9.58 5.4977848175684525e-05
9.59 5.531249069228375e-05
9.6 5.56739980196435e-05
9.61 5.6062095116004435e-05
9.620000000000001 5.647651136289362e-05
9.63 5.6916969415996e-05
9.64 5.7383200013839085e-05
9.65 5.787493812773811e-05
9.66 5.839191968884036e-05
9.67 5.8933880671262207e-05
9.68 5.9500556198399494e-05
9.69 6.009167967556753e-05
9.700000000000001 6.0706981950441746e-05
9.71 6.134619050159659e-05
9.72 6.200902865260722e-05
9.73 6.269517309589242e-05
9.74 6.340427668527666e-05
9.75 6.413601187550255e-05
9.76 6.48900387289061e-05
9.77 6.566600387133883e-05
9.78 6.646353947163588e-05
9.790000000000001 6.728226224672357e-05
9.8 6.812177249138247e-05
9.81 6.898165313670799e-05
9.82 6.986146883565091e-05
9.83 7.076080344632293e-05
9.84 7.16793571125052e-05
9.85 7.261672701066625e-05
9.86 7.357249031127774e-05
9.870000000000001 7.454621627564842e-05
9.88 7.553746664612504e-05
9.89 7.65457961021173e-05
9.9 7.757075278244565e-05
9.91 7.861187887269784e-05
9.92 7.96687112602423e-05
9.93 8.074077497856932e-05
9.94 8.182740828861432e-05
9.950000000000001 8.292797606339157e-05
9.96 8.404188507314236e-05
9.97 8.516852263149629e-05
9.98 8.630725622816703e-05
9.99 8.745743318892656e-05
10.0 8.861838036257081e-05
10.01 8.978940383571471e-05
10.02 9.096978867457074e-05
10.03 9.21587986944597e-05
10.040000000000001 9.335574716583164e-05
10.05 9.456001508378279e-05
10.06 9.577088339180265e-05
10.07 9.698762239448381e-05
10.08 9.820949427126382e-05
10.09 9.943575398936935e-05
10.1 0.00010066565025868609
10.11 0.00010189842652842066
10.120000000000001 0.00010313332202227174
10.13 0.0001043695728121857
10.14 0.00010560640125023817
10.15 0.0001068429491299823
10.16 0.00010807839506311347
10.17 0.00010931192469827104
10.18 0.00011054271898336583
10.19 0.0001117699549193921
10.200000000000001 0.0001129928063350015
10.21 0.00011421044467956054
10.22 0.00011542203983377994
10.23 0.00011662676093709187
10.24 0.00011782377711971187
10.25 0.00011901224129838139
10.26 0.0001201913054339615
10.27 0.00012136013197678805
10.28 0.00012251788510168286
10.290000000000001 0.00012366373148258846
10.3 0.0001247968410751487
10.31 0.00012591638790537905
10.32 0.000127021550863117
10.33 0.00012811151449986131
10.34 0.00012918546982951858
10.35 0.00013024263576794093
10.36 0.0001312822917333093
10.370000000000001 0.0001323036895600144
10.38 0.00013330609281422823
10.39 0.00013428878104307634
10.4 0.00013525105090095389
10.41 0.00013619221726918988
10.42 0.00013711161436706556
10.43 0.00013800859685265694
10.44 0.0001388825409119306
10.450000000000001 0.00013973283798508675
10.46 0.00014055879427863488
10.47 0.00014135977269017289
10.48 0.00014213518157521303
10.49 0.00014288444674167254
10.5 0.00014360701189604103
10.51 0.00014430233907278527
10.52 0.00014496990904675194
10.53 0.00014560922172917636
10.540000000000001 0.00014621979654440634
10.55 0.00014680117279026583
10.56 0.00014735291983033853
10.57 0.0001478746382562483
10.58 0.00014836594538712722
10.59 0.0001488264845381053
10.6 0.00014925592541038292
10.61 0.00014965396442122737
10.620000000000001 0.00015002032500559693
10.63 0.0001503547578915283
10.64 0.0001506570413472904
10.65 0.0001509269814010299
10.66 0.0001511644120318536
10.67 0.00015136919533315953
10.68 0.00015154122164703302
10.69 0.00015168040967029287
10.700000000000001 0.0001517867065316935
10.71 0.0001518600878410558
10.72 0.00015190051553900553
10.73 0.00015190784636101573
10.74 0.00015188208368371956
10.75 0.00015182327054958158
10.76 0.00015173147569558145
10.77 0.00015160679348548423
10.78 0.00015144934381722784
10.790000000000001 0.00015125927200772618
10.8 0.0001510367486525551
10.81 0.0001507819694624487
10.82 0.0001504951550768763
10.83 0.00015017655085317137
10.84 0.00014982642663341744
10.85 0.0001494450764885965
10.86 0.0001490328184397512
10.870000000000001 0.00014858999415730875
10.88 0.0001481169602829133
10.89 0.0001476139759958089
10.9 0.00014708138415856116
10.91 0.00014651958536251054
10.92 0.0001459290005740542
10.93 0.00014531007076014173
10.94 0.00014466325649576187
10.950000000000001 0.0001439890375543873
10.96 0.00014328791248199423
10.97 0.00014256039815489525
10.98 0.00014180702932220252
10.99 0.00014102835813255624
11.0 0.00014022495364620843
11.01 0.0001393974013334581
11.02 0.00013854630255845293
11.03 0.00013767227405082818
11.040000000000001 0.00013677594736215444
11.05 0.00013585782847427234
11.06 0.000134918407602924
11.07 0.00013395830863204873
11.08 0.00013297816599526675
11.09 0.00013197862417463867
11.1 0.00013096033719291276
11.11 0.000129923968099503
11.120000000000001 0.00012887018844971905
11.13 0.0001277996777797486
11.14 0.00012671312307523976
11.15 0.00012561121823647867
11.16 0.0001244946635392775
11.17 0.00012336416509268165
11.18 0.00012222043429319877
11.19 0.00012106418727732271
11.200000000000001 0.00011989614437265227
11.21 0.00011871696099771331
11.22 0.0001175271372944077
11.23 0.00011632734112978615
11.24 0.00011511825337463897
11.25 0.00011390055463202705
11.26 0.00011267492479903867
11.27 0.00011144204263177811
11.28 0.0001102025853137005
11.290000000000001 0.00010895722802696517
11.3 0.00010770664352858627
11.31 0.00010645150173021426
11.32 0.00010519246928384924
11.33 0.00010393020917133337
11.34 0.0001026653803007831
11.35 0.00010139863710851085
11.36 0.0001001306291673219
11.370000000000001 9.886198009419981e-05
11.38 9.759310299305678e-05
11.39 9.632453079048368e-05
11.4 9.505684047086439e-05
11.41 9.379060080553885e-05
11.42 9.252637212367378e-05
11.43 9.126470609066052e-05
11.44 9.000614549534158e-05
11.450000000000001 8.875122404605057e-05
11.46 8.750046617453551e-05
11.47 8.6254386850039e-05
11.48 8.501349140124792e-05
11.49 8.377827534835659e-05
11.5 8.25492242439432e-05
11.51 8.132681352420075e-05
11.52 8.011150836883217e-05
11.53 7.890376302346555e-05
11.540000000000001 7.770388281997092e-05
11.55 7.651216721267246e-05
11.56 7.532899971965292e-05
11.57 7.415475194311096e-05
11.58 7.298978358463715e-05
11.59 7.18344424685876e-05
11.6 7.06890645748616e-05
11.61 6.955397407891039e-05
11.620000000000001 6.842948340071101e-05
11.63 6.731589326214663e-05
11.64 6.621349275247237e-05
11.65 6.512255940197172e-05
11.66 6.404335926359344e-05
11.67 6.29761470030436e-05
11.68 6.192116599644266e-05
11.69 6.087864843643074e-05
11.700000000000001 5.98487630337069e-05
11.71 5.88315801167312e-05
11.72 5.782726492897794e-05
11.73 5.683597637167869e-05
11.74 5.5857862073923834e-05
11.75 5.4893058605684844e-05
11.76 5.394169169666528e-05
11.77 5.300387645809472e-05
11.78 5.207971760955339e-05
11.790000000000001 5.116930970967739e-05
11.8 5.0272737390095676e-05
11.81 4.939007559369348e-05
11.82 4.8521389815481264e-05
11.83 4.7666736347214134e-05
11.84 4.682616252464286e-05
11.85 4.599970697789085e-05
11.86 4.518738850532635e-05
11.870000000000001 4.438913699592994e-05
11.88 4.360493150011493e-05
11.89 4.283475965321387e-05
11.9 4.2078601174787116e-05
11.91 4.133642816244506e-05
11.92 4.060820538608241e-05
11.93 3.989389057974194e-05
11.94 3.919343473274923e-05
11.950000000000001 3.8506782378741004e-05
11.96 3.783387188327925e-05
11.97 3.7174635728837255e-05
11.98 3.652900079788909e-05
11.99 3.589688865358962e-05
12.0 3.527821581699028e-05
12.01 3.467289404226895e-05
12.02 3.4080830069044884e-05
12.030000000000001 3.350188892134714e-05
12.040000000000001 3.293593943010662e-05
12.05 3.238286725187585e-05
12.06 3.184255429781622e-05
12.07 3.131487899770465e-05
12.08 3.079971655812119e-05
12.09 3.0296939215684795e-05
12.1 2.9806416483354158e-05
12.11 2.9328015391218154e-05
12.120000000000001 2.8861600720622802e-05
12.13 2.840703523190836e-05
12.14 2.796417988601852e-05
12.15 2.753289405882462e-05
12.16 2.711303574896894e-05
12.17 2.670446177879815e-05
12.18 2.6307027988239483e-05
12.19 2.592058423451409e-05
12.200000000000001 2.554497365222716e-05
12.21 2.5180047484070142e-05
12.22 2.482565682963237e-05
12.23 2.4481652571352666e-05
12.24 2.4147885525335755e-05
12.25 2.3824206583228803e-05
12.26 2.351046684775926e-05
12.27 2.3206517758677953e-05
12.280000000000001 2.2912211211621476e-05
12.290000000000001 2.262739966854381e-05
12.3 2.2351936260434514e-05
12.31 2.2085674881253126e-05
12.32 2.182847027471348e-05
12.33 2.158017811225042e-05
12.34 2.1340655063548444e-05
12.35 2.1109761058849246e-05
12.36 2.088736871931271e-05
12.370000000000001 2.0673342875167627e-05
12.38 2.046754776893799e-05
12.39 2.026984901226485e-05
12.4 2.008011361020112e-05
12.41 1.989820997899249e-05
12.42 1.9724007955685633e-05
12.43 1.9557378801176965e-05
12.44 1.939819519631474e-05
12.450000000000001 1.9246331230636776e-05
12.46 1.9101662384999815e-05
12.47 1.8964065506985473e-05
12.48 1.8833418779497842e-05
12.49 1.8709601683885007e-05
12.5 1.8592494955511473e-05
12.51 1.8481981295385107e-05
12.52 1.8377971031997408e-05
12.530000000000001 1.8280367127498833e-05
12.540000000000001 1.818906217161513e-05
12.55 1.8103950101100875e-05
12.56 1.8024926128094518e-05
12.57 1.7951886663414122e-05
12.58 1.7884729236204103e-05
12.59 1.7823352409036992e-05
12.6 1.776765568839607e-05
12.61 1.7717539432122228e-05
12.620000000000001 1.7672904752459844e-05
12.63 1.7633653415492258e-05
12.64 1.7599687737194537e-05
12.65 1.7570910476317342e-05
12.66 1.7547224724069783e-05
12.67 1.7528533790704508e-05
12.68 1.7514763115548775e-05
12.69 1.7505855826962808e-05
12.700000000000001 1.7501726122059677e-05
12.71 1.75022882449743e-05
12.72 1.75074567166718e-05
12.73 1.7517146221680477e-05
12.74 1.7531271492970783e-05
12.75 1.7549747196344678e-05
12.76 1.757248781428678e-05
12.77 1.7599407528638526e-05
12.780000000000001 1.7630420102849025e-05
12.790000000000001 1.7665438764461004e-05
12.8 1.770437608679702e-05
12.81 1.7747143870950992e-05
12.82 1.7793653027623185e-05
12.83 1.7843813459769622e-05
12.84 1.7897544593015874e-05
12.85 1.7954807051922834e-05
12.86 1.8015525120536162e-05
12.870000000000001 1.807961694798169e-05
12.88 1.8146999943205195e-05
12.89 1.8217590677706025e-05
12.9 1.829130479013728e-05
12.91 1.836805689214285e-05
12.92 1.8447760476632616e-05
12.93 1.8530327827112354e-05
12.94 1.8615669929172938e-05
12.950000000000001 1.8703696384435916e-05
12.96 1.879431532567045e-05
12.97 1.888743333535543e-05
12.98 1.8982955365059052e-05
12.99 1.908078465878791e-05
13.0 1.9180824978720038e-05
13.01 1.9283025669464965e-05
13.02 1.9387314702543155e-05
13.030000000000001 1.949360194212612e-05
13.040000000000001 1.960179611344313e-05
13.05 1.9711804754919335e-05
13.06 1.9823534173581212e-05
13.07 1.9936889401766123e-05
13.08 2.0051774157764032e-05
13.09 2.0168090809291172e-05
13.1 2.0285740338341508e-05
13.11 2.040462231050512e-05
13.120000000000001 2.0524634845899437e-05
13.13 2.064567459400448e-05
13.14 2.0767636710152144e-05
13.15 2.089041483590041e-05
13.16 2.1013901081768076e-05
13.17 2.1138016152194572e-05
13.18 2.1262693580254184e-05
13.19 2.138783422380797e-05
13.200000000000001 2.151333815847813e-05
13.21 2.163910475927195e-05
13.22 2.1765032708380254e-05
13.23 2.189102000637721e-05
13.24 2.201696398398045e-05
13.25 2.2142761318024416e-05
13.26 2.226830804780318e-05
13.27 2.239349959510823e-05
13.280000000000001 2.251823078501655e-05
13.290000000000001 2.2642395869533136e-05
13.3 2.2765888553743282e-05
13.31 2.2888602022296152e-05
13.32 2.3010428969900357e-05
13.33 2.3131272994904046e-05
13.34 2.325107133840324e-05
13.35 2.336972986733722e-05
13.36 2.3487151394776043e-05
13.370000000000001 2.3603239123688377e-05
13.38 2.371789668905713e-05
13.39 2.3831028200984716e-05
13.4 2.394253828919392e-05
13.41 2.4052332147924283e-05
13.42 2.416031558115329e-05
13.43 2.4266395049757014e-05
13.44 2.4370477717620357e-05
13.450000000000001 2.447247149985933e-05
13.46 2.4572285110412324e-05
13.47 2.466982811071732e-05
13.48 2.4765010958004412e-05
13.49 2.4857747160768242e-05
13.5 2.4947979637122714e-05
13.51 2.5035637871505256e-05
13.52 2.5120644564222746e-05
13.530000000000001 2.520292403119552e-05
13.540000000000001 2.5282402251705204e-05
13.55 2.5359006915697587e-05
13.56 2.5432667470343465e-05
13.57 2.5503315165736028e-05
13.58 2.5570883099909104e-05
13.59 2.5635306262897836e-05
13.6 2.569652158023383e-05
13.61 2.5754467954486153e-05
13.620000000000001 2.5809086306987066e-05
13.63 2.58603196177749e-05
13.64 2.5908112964383775e-05
13.65 2.5952413562029333e-05
13.66 2.5993181805500972e-05
13.67 2.6030382293476192e-05
13.68 2.6063972947627193e-05
13.69 2.6093914188701772e-05
13.700000000000001 2.612016896582931e-05
13.71 2.614270278293281e-05
13.72 2.6161483724113522e-05
13.73 2.6176482476458676e-05
13.74 2.618767235216873e-05
13.75 2.6195029307484515e-05
13.76 2.6198531960831134e-05
13.77 2.619816160852502e-05
13.780000000000001 2.6193902238343808e-05
13.790000000000001 2.618574054127562e-05
13.8 2.6173665921932175e-05
13.81 2.615767050564207e-05
13.82 2.6137749408497793e-05
13.83 2.6113901061333537e-05
13.84 2.6086126022817433e-05
13.85 2.6054427550110948e-05
13.86 2.6018811640095025e-05
13.870000000000001 2.5979287024695003e-05
13.88 2.593586516450204e-05
13.89 2.5888560239461546e-05
13.9 2.583738913795831e-05
13.91 2.57823714440923e-05
13.92 2.572352942251761e-05
13.93 2.5660888001118216e-05
13.94 2.5594474752048315e-05
13.950000000000001 2.5524319870601653e-05
13.96 2.545045615178366e-05
13.97 2.5372918965059065e-05
13.98 2.529174499429519e-05
13.99 2.520696189125095e-05
14.0 2.5118606840146898e-05
14.01 2.5026722128668535e-05
14.02 2.493135232161433e-05
14.030000000000001 2.483254422779328e-05
14.040000000000001 2.4730346865964054e-05
14.05 2.462481142858101e-05
14.06 2.4515991244350183e-05
14.07 2.4403941739358035e-05
14.08 2.4288720395557357e-05
14.09 2.417038670943358e-05
14.1 2.4049002147934553e-05
14.11 2.392463010362101e-05
14.120000000000001 2.3797335847894948e-05
14.13 2.3667186483669438e-05
14.14 2.3534250806654493e-05
14.15 2.339858247964741e-05
14.16 2.3260237680077216e-05
14.17 2.311928509203748e-05
14.18 2.2975794746735168e-05
14.19 2.2829837975258012e-05
14.200000000000001 2.2681487361278594e-05
14.21 2.253081669277915e-05
14.22 2.237790091355e-05
14.23 2.2222816072939387e-05
14.24 2.206563927587956e-05
14.25 2.190644863213874e-05
14.26 2.1745323204837123e-05
14.27 2.1582342958445522e-05
14.280000000000001 2.141758870689023e-05
14.290000000000001 2.125114206005113e-05
14.3 2.1083085371631505e-05
14.31 2.0913491187636146e-05
14.32 2.074241594171404e-05
14.33 2.0569936807023678e-05
14.34 2.039613213293285e-05
14.35 2.0221080500583584e-05
14.36 2.0044860679717044e-05
14.370000000000001 1.9867551585623332e-05
14.38 1.968923223636017e-05
14.39 1.950998171008e-05
14.4 1.9329879102502386e-05
14.41 1.9149003484531663e-05
14.42 1.896743386073591e-05
14.43 1.878524912710556e-05
14.44 1.860252803029044e-05
14.450000000000001 1.8419349126741827e-05
14.46 1.8235790741942537e-05
14.47 1.8051927215113114e-05
14.48 1.7867807509188826e-05
14.49 1.7683497945348257e-05
14.5 1.7499069193052576e-05
14.51 1.7314591269951014e-05
14.52 1.7130133516493617e-05
14.530000000000001 1.6945764571191062e-05
14.540000000000001 1.676155234625002e-05
14.55 1.657756400456163e-05
14.56 1.6393865936833486e-05
14.57 1.6210523739608115e-05
14.58 1.6027602193912846e-05
14.59 1.5845165245402006e-05
14.6 1.566327598411096e-05
14.61 1.548199662604506e-05
14.620000000000001 1.5301388495060023e-05
14.63 1.5121511673145578e-05
14.64 1.4942404714355338e-05
14.65 1.4764109845253129e-05
14.66 1.4586679093519725e-05
14.67 1.441016332434349e-05
14.68 1.4234612238266282e-05
14.69 1.406007436942358e-05
14.700000000000001 1.3886597084807224e-05
14.71 1.3714226583738925e-05
14.72 1.3543007898895922e-05
14.73 1.3372984897497536e-05
14.74 1.320420028393457e-05
14.75 1.3036695601791569e-05
14.76 1.2870511238554858e-05
14.77 1.2705686429332654e-05
14.780000000000001 1.2542259262579222e-05
14.790000000000001 1.2380266685605226e-05
14.8 1.221973575974214e-05
14.81 1.206068277514712e-05
14.82 1.190313679912472e-05
14.83 1.1747125977354736e-05
14.84 1.159267721797131e-05
14.85 1.1439816209006005e-05
14.86 1.1288567435915452e-05
14.870000000000001 1.1138954200776499e-05
14.88 1.0990998640591013e-05
14.89 1.0844721746503146e-05
14.9 1.0700143383729141e-05
14.91 1.0557282311581678e-05
14.92 1.0416156204198952e-05
14.93 1.027678167103566e-05
14.94 1.0139174278258646e-05
14.950000000000001 1.0003348570840776e-05
14.96 9.869316006642318e-06
14.97 9.737076678388579e-06
14.98 9.606637989739925e-06
14.99 9.478007986818285e-06
15.0 9.351193718575576e-06
15.01 9.226201263708373e-06
15.02 9.103035757702027e-06
15.030000000000001 8.981701420422315e-06
15.040000000000001 8.862201582289595e-06
15.05 8.744538712152344e-06
15.06 8.628714444106414e-06
15.07 8.514729604059508e-06
15.08 8.402584237412374e-06
15.09 8.292277635098093e-06
15.1 8.183808360647448e-06
15.11 8.077174276753833e-06
15.120000000000001 7.972372228424703e-06
15.13 7.86938771455076e-06
15.14 7.76820941258841e-06
15.15 7.668829924759079e-06
15.16 7.571241182726838e-06
15.17 7.475434476550934e-06
15.18 7.3814004815178375e-06
15.19 7.289129286114967e-06
15.200000000000001 7.198610418711381e-06
15.21 7.109832873209787e-06
15.22 7.0227851354945706e-06
15.23 6.937455207943217e-06
15.24 6.8538306340741335e-06
15.25 6.7718985226679785e-06
15.26 6.691645570750145e-06
15.27 6.613058086460269e-06
15.280000000000001 6.536122011038771e-06
15.290000000000001 6.460824509323896e-06
15.3 6.387153538867443e-06
15.31 6.315094741139856e-06
15.32 6.24463347987411e-06
15.33 6.175754879151783e-06
15.34 6.1084438409259294e-06
15.35 6.042685061971717e-06
15.36 5.978463050151407e-06
15.370000000000001 5.915762141037563e-06
15.38 5.854566511944142e-06
15.39 5.79486019717146e-06
15.4 5.736627101798116e-06
15.41 5.679851014542443e-06
15.42 5.6245156206924905e-06
15.43 5.570604513594011e-06
15.44 5.51810120618247e-06
15.450000000000001 5.466988674186985e-06
15.46 5.417248087117655e-06
15.47 5.368862085030485e-06
15.48 5.321813463792825e-06
15.49 5.2760849628705284e-06
15.5 5.231659272793331e-06
15.51 5.188519041513266e-06
15.52 5.146646880301205e-06
15.530000000000001 5.106025369138161e-06
15.540000000000001 5.06663706111455e-06
15.55 5.028464486325941e-06
15.56 4.991490155083168e-06
15.57 4.9556965603491775e-06
15.58 4.921066179751745e-06
15.59 4.887581476586142e-06
15.6 4.8552249005983684e-06
15.610000000000001 4.823978888077738e-06
15.620000000000001 4.793825860773329e-06
15.63 4.764748224935986e-06
15.64 4.736728369479507e-06
15.65 4.709748663486333e-06
15.66 4.683791453083744e-06
15.67 4.658839058202524e-06
15.68 4.634873768324509e-06
15.69 4.611877837756764e-06
15.700000000000001 4.589833480721662e-06
15.71 4.5687295123129044e-06
15.72 4.548561521100069e-06
15.73 4.529314130622634e-06
15.74 4.51097173839168e-06
15.75 4.493518763859722e-06
15.76 4.4769396412760315e-06
15.77 4.4612188131515004e-06
15.780000000000001 4.446340722779815e-06
15.790000000000001 4.43228980645592e-06
15.8 4.419050485948402e-06
15.81 4.406607160019728e-06
15.82 4.394944196374961e-06
15.83 4.384045922651387e-06
15.84 4.373896617966512e-06
15.85 4.364480503565296e-06
15.860000000000001 4.355781733832772e-06
15.870000000000001 4.347784386540994e-06
15.88 4.340472453694469e-06
15.89 4.3338298313651095e-06
15.9 4.327840310274639e-06
15.91 4.322487565610461e-06
15.92 4.3177551469727234e-06
15.93 4.313626468467309e-06
15.94 4.310084798452539e-06
15.950000000000001 4.307113249295627e-06
15.96 4.304694855016954e-06
15.97 4.302828159127078e-06
15.98 4.301509570043887e-06
15.99 4.300724720605626e-06
16.0 4.3004591658744266e-06
16.01 4.300698374227639e-06
16.02 4.301427719019882e-06
16.03 4.3026324699742616e-06
16.04 4.304297784740122e-06
16.05 4.3064087008829605e-06
16.06 4.308950127260031e-06
16.07 4.311906836537184e-06
16.080000000000002 4.315263456534978e-06
16.09 4.3190044633273014e-06
16.1 4.323114172803894e-06
16.11 4.327576734046738e-06
16.12 4.332376121520334e-06
16.13 4.337496128299775e-06
16.14 4.34292035942762e-06
16.15 4.348632224758812e-06
16.16 4.3546149333785564e-06
16.17 4.360851486904984e-06
16.18 4.367324673949747e-06
16.19 4.3740170644068765e-06
16.2 4.380911004497326e-06
16.21 4.387988611307412e-06
16.22 4.395233889238842e-06
16.23 4.402658048054987e-06
16.240000000000002 4.410255695276415e-06
16.25 4.418012937550944e-06
16.26 4.425915828435833e-06
16.27 4.4339503658535895e-06
16.28 4.442102489723857e-06
16.29 4.450358080559371e-06
16.3 4.458702957154011e-06
16.31 4.467122875542826e-06
16.32 4.475603527438841e-06
16.330000000000002 4.484130539237751e-06
16.34 4.492689471633036e-06
16.35 4.501265818254848e-06
16.36 4.5098450062574374e-06
16.37 4.518412395630245e-06
16.38 4.526953279469607e-06
16.39 4.535452884467947e-06
16.4 4.543896371587064e-06
16.41 4.552268836677861e-06
16.42 4.560555311705931e-06
16.43 4.568740766367884e-06
16.44 4.576810109179234e-06
16.45 4.5847481896020385e-06
16.46 4.592539800061081e-06
16.47 4.600169678231755e-06
16.48 4.607627509754016e-06
16.490000000000002 4.61492174680736e-06
16.5 4.62204320012807e-06
16.51 4.6289801969249394e-06
16.52 4.635721163223335e-06
16.53 4.642254627201933e-06
16.54 4.6485692217685705e-06
16.55 4.6546536873622556e-06
16.56 4.660496875732263e-06
16.57 4.666087752172674e-06
16.580000000000002 4.671415399377585e-06
16.59 4.6764690205282605e-06
16.6 4.681237942654598e-06
16.61 4.68571161992286e-06
16.62 4.689879637293556e-06
16.63 4.693731713965952e-06
16.64 4.6972577068462185e-06
16.65 4.700447614387456e-06
16.66 4.703291579806956e-06
16.67 4.705779895172561e-06
16.68 4.707903004851728e-06
16.69 4.709651509153794e-06
16.7 4.711016168504377e-06
16.71 4.711987906745466e-06
16.72 4.7125578148731005e-06
16.73 4.7127171552301984e-06
16.740000000000002 4.712464802155564e-06
16.75 4.711807858517837e-06
16.76 4.710741028928975e-06
16.77 4.709258969092141e-06
16.78 4.707356611189642e-06
16.79 4.705029165522675e-06
16.8 4.702272122690358e-06
16.81 4.699081255509635e-06
16.82 4.695452620895714e-06
16.830000000000002 4.691382561419419e-06
16.84 4.686867706846752e-06
16.85 4.681904975623171e-06
16.86 4.676491576067728e-06
16.87 4.6706250074832895e-06
16.88 4.664303061070957e-06
16.89 4.65752382098044e-06
16.9 4.650285664813342e-06
16.91 4.6425872638380505e-06
16.92 4.6344275841936344e-06
16.93 4.625805885985403e-06
16.94 4.616721724414645e-06
16.95 4.6071749488301676e-06
16.96 4.597165702803973e-06
16.97 4.586694423939141e-06
16.98 4.575761842691515e-06
16.990000000000002 4.564368987832346e-06
17.0 4.552518458478521e-06
17.01 4.540213011413555e-06
17.02 4.527454797729471e-06
17.03 4.514246263465733e-06
17.04 4.5005901480948355e-06
17.05 4.486489482247863e-06
17.06 4.471947585953312e-06
17.07 4.456968065888857e-06
17.080000000000002 4.441554812990899e-06
17.09 4.425712000030507e-06
17.1 4.409444078305952e-06
17.11 4.392755775172244e-06
17.12 4.375652090526797e-06
17.13 4.3581382934106735e-06
17.14 4.340219918867435e-06
17.150000000000002 4.32190276396455e-06
17.16 4.303192884131399e-06
17.17 4.284096589155092e-06
17.18 4.264620438948399e-06
17.19 4.244771239599781e-06
17.2 4.224556038519853e-06
17.21 4.203982120467567e-06
17.22 4.1830570023479886e-06
17.23 4.161788428623308e-06
17.240000000000002 4.140184366232267e-06
17.25 4.118252603800511e-06
17.26 4.095995761727164e-06
17.27 4.073419882265729e-06
17.28 4.050532903906567e-06
17.29 4.027342940163443e-06
17.3 4.0038582748145365e-06
17.31 3.980087357195695e-06
17.32 3.956038797247154e-06
17.330000000000002 3.931721360196823e-06
17.34 3.907143961968257e-06
17.35 3.882315663333554e-06
17.36 3.857245665387027e-06
17.37 3.831943303659073e-06
17.38 3.8064180428738336e-06
17.39 3.7806794720087085e-06
17.400000000000002 3.754737297863948e-06
17.41 3.728601340603115e-06
17.42 3.7022815272602302e-06
17.43 3.675787886941095e-06
17.44 3.6491305444763707e-06
17.45 3.6223197154620045e-06
17.46 3.595365699942234e-06
17.47 3.5682788774302806e-06
17.48 3.5410697005826795e-06
17.490000000000002 3.5137486899120603e-06
17.5 3.4863264280562706e-06
17.51 3.4588108424216547e-06
17.52 3.4311993914858813e-06
17.53 3.403499533774501e-06
17.54 3.3757202401076946e-06
17.55 3.3478704790890993e-06
17.56 3.319959213110525e-06
17.57 3.291995395086119e-06
17.580000000000002 3.2639879644089445e-06
17.59 3.235945843731115e-06
17.6 3.2078779351840496e-06
17.61 3.1797931171568747e-06
17.62 3.1517002404967288e-06
17.63 3.123608125476249e-06
17.64 3.0955255581088022e-06
17.650000000000002 3.0674612872165843e-06
17.66 3.039424020935804e-06
17.67 3.0114224235560164e-06
17.68 2.9834651126034017e-06
17.69 2.9555606553732707e-06
17.7 2.9277175667540706e-06
17.71 2.899944305640844e-06
17.72 2.8722492721509982e-06
17.73 2.844640805453949e-06
17.740000000000002 2.8171271805781453e-06
17.75 2.7897166062190292e-06
17.76 2.7624172219162073e-06
17.77 2.7352319679155995e-06
17.78 2.708157978525364e-06
17.79 2.68120135547183e-06
17.8 2.6543683442441495e-06
17.81 2.6276650821712485e-06
17.82 2.601097597474235e-06
17.830000000000002 2.5746718095281257e-06
17.84 2.548393527988411e-06
17.85 2.5222684533168956e-06
17.86 2.4963021756612813e-06
17.87 2.4705001760139643e-06
17.88 2.444867825168056e-06
17.89 2.419410384294071e-06
17.900000000000002 2.3941330051157825e-06
17.91 2.3690407299218263e-06
17.92 2.3441384921600583e-06
17.93 2.3194311162770933e-06
17.94 2.294923318922528e-06
17.95 2.2706197087636517e-06
17.96 2.2465247874841037e-06
17.97 2.222642950344732e-06
17.98 2.1989784867943243e-06
17.990000000000002 2.1755355815646516e-06
18.0 2.1523183151084865e-06
18.01 2.1293306652903077e-06
18.02 2.1065764824505177e-06
18.03 2.0840524273353297e-06
18.04 2.061755722579167e-06
18.05 2.039688673398268e-06
18.06 2.017853462956765e-06
18.07 1.9962521547885713e-06
18.080000000000002 1.974886695416708e-06
18.09 1.953758916219432e-06
18.1 1.932870536038066e-06
18.11 1.912223163508687e-06
18.12 1.8918182989870148e-06
18.13 1.8716573377366204e-06
18.14 1.851741571633615e-06
18.150000000000002 1.8320721916724588e-06
18.16 1.8126502906310382e-06
18.17 1.793476865339142e-06
18.18 1.7745528188573825e-06
18.19 1.7558789633221423e-06
18.2 1.737456021960672e-06
18.21 1.7192846319609737e-06
18.22 1.7013653464258583e-06
18.23 1.6836986370938594e-06
18.240000000000002 1.6662848967603653e-06
18.25 1.6491244413940898e-06
18.26 1.6322175130686466e-06
18.27 1.6155642818363762e-06
18.28 1.5991645586578476e-06
18.29 1.5830139385308731e-06
18.3 1.5671104143597913e-06
18.31 1.5514532691157353e-06
18.32 1.5360417121917588e-06
18.330000000000002 1.5208748818457607e-06
18.34 1.5059518474305799e-06
18.35 1.4912716119747224e-06
18.36 1.4768331146020833e-06
18.37 1.4626352331618964e-06
18.38 1.4486767860169081e-06
18.39 1.434956534763208e-06
18.400000000000002 1.4214731864671537e-06
18.41 1.4082253954013964e-06
18.42 1.3952117657158123e-06
18.43 1.3824308530910193e-06
18.44 1.3698811670717972e-06
18.45 1.3575611726605397e-06
18.46 1.3454692926133773e-06
18.47 1.3336039092489522e-06
18.48 1.3219633659349679e-06
18.490000000000002 1.3105459690860482e-06
18.5 1.2993499897141466e-06
18.51 1.2883736654419097e-06
18.52 1.277615201409287e-06
18.53 1.2670727723960735e-06
18.54 1.2567442641727962e-06
18.55 1.2466264861252328e-06
18.56 1.2367171992495873e-06
18.57 1.2270142900812917e-06
18.580000000000002 1.217515616486111e-06
18.59 1.2082190084453234e-06
18.6 1.1991222695766383e-06
18.61 1.1902231779273992e-06
18.62 1.1815194871550626e-06
18.63 1.1730089269220648e-06
18.64 1.164689204564951e-06
18.650000000000002 1.1565580048940143e-06
18.66 1.1486129918628595e-06
18.67 1.1408518084414423e-06
18.68 1.1332720775854548e-06
18.69 1.1258714027363595e-06
18.7 1.1186473680939576e-06
18.71 1.1115975393323962e-06
18.72 1.1047194636523185e-06
18.73 1.098010670189933e-06
18.740000000000002 1.0914686701519972e-06
18.75 1.0850909572061298e-06
18.76 1.0788750073284807e-06
18.77 1.0728182790973326e-06
18.78 1.066918213431375e-06
18.79 1.0611722337950519e-06
18.8 1.0555785707897164e-06
18.81 1.050136420151595e-06
18.82 1.0448434759703423e-06
18.830000000000002 1.0396973778619345e-06
18.84 1.0346957560419898e-06
18.85 1.0298362311365753e-06
18.86 1.0251164135930508e-06
18.87 1.0205339037112947e-06
18.88 1.016086291055632e-06
18.89 1.0117711539845082e-06
18.900000000000002 1.0075860593732576e-06
18.91 1.003528561998061e-06
18.92 9.995962037544518e-07
18.93 9.957865137833009e-07
18.94 9.920970074216336e-07
18.95 9.885251855630594e-07
18.96 9.85068534335113e-07
18.97 9.817245241697681e-07
18.98 9.784906095656716e-07
18.990000000000002 9.753642277917631e-07
19.0 9.723427987231269e-07
19.01 9.694237239315628e-07
19.02 9.666043861417508e-07
19.03 9.638821479132946e-07
19.04 9.612543518109414e-07
19.05 9.587183251321373e-07
19.06 9.562737456807278e-07
19.07 9.53920150338996e-07
19.080000000000002 9.516552854564424e-07
19.09 9.494768903727663e-07
19.1 9.473826972979538e-07
19.11 9.453704299855394e-07
19.12 9.43437803398021e-07
19.13 9.415825229688434e-07
19.14 9.398022836584925e-07
19.150000000000002 9.380947695320895e-07
19.16 9.364576530260368e-07
19.17 9.348885942401424e-07
19.18 9.333852401732573e-07
19.19 9.319452245134825e-07
19.2 9.305661662211166e-07
19.21 9.292456696569171e-07
19.22 9.27981323565444e-07
19.23 9.267707005686287e-07
19.240000000000002 9.256113566791842e-07
19.25 9.245008306223287e-07
19.26 9.234366431013462e-07
19.27 9.224162968480025e-07
19.28 9.214372755568826e-07
19.29 9.204970436752728e-07
19.3 9.195930456978862e-07
19.31 9.187229410317259e-07
19.32 9.178879406688189e-07
19.330000000000002 9.170872243335687e-07
19.34 9.163187762790308e-07
19.35 9.155805810309378e-07
19.36 9.14870623777036e-07
19.37 9.141868894416106e-07
19.38 9.135273628606928e-07
19.39 9.128900283183463e-07
19.400000000000002 9.122728691893147e-07
19.41 9.116738680679326e-07
19.42 9.110910060762967e-07
19.43 9.105222632833096e-07
19.44 9.099656179859623e-07
19.45 9.094190469223799e-07
19.46 9.088805250438139e-07
19.47 9.083480254207504e-07
19.48 9.07819519267738e-07
19.490000000000002 9.072929755553523e-07
19.5 9.067663614778119e-07
19.51 9.062376422264888e-07
19.52 9.057047808835482e-07
19.53 9.051657384874338e-07
19.54 9.046184745667299e-07
19.55 9.040609463888084e-07
19.56 9.034911097392621e-07
19.57 9.02907559187198e-07
19.580000000000002 9.023115984836683e-07
19.59 9.017020859791811e-07
19.6 9.010774863545557e-07
19.61 9.004362811334751e-07
19.62 8.997769687377807e-07
19.63 8.990980648090462e-07
19.64 8.98398102001062e-07
19.650000000000002 8.976756304407288e-07
19.66 8.969292176471766e-07
19.67 8.961574488679756e-07
19.68 8.953589269489236e-07
19.69 8.94532273142427e-07
19.7 8.936761264903732e-07
19.71 8.927891446508344e-07
19.72 8.918700037378229e-07
19.73 8.909173987757882e-07
19.740000000000002 8.899300436487683e-07
19.75 8.889066717779077e-07
19.76 8.878460356342164e-07
19.77 8.867469076653464e-07
19.78 8.856080802273954e-07
19.79 8.844283657946997e-07
19.8 8.832065970769279e-07
19.81 8.819416278684454e-07
19.82 8.806323327174154e-07
19.830000000000002 8.792785071412481e-07
19.84 8.778811069912271e-07
19.85 8.764394533592509e-07
19.86 8.749528448755844e-07
19.87 8.734206129817033e-07
19.88 8.718421218276194e-07
19.89 8.702167688751311e-07
19.900000000000002 8.685439844188228e-07
19.91 8.668232319780037e-07
19.92 8.650540082175617e-07
19.93 8.632358433009789e-07
19.94 8.613683005037056e-07
19.95 8.594509764389994e-07
19.96 8.574835011794643e-07
19.97 8.554655382175856e-07
19.98 8.533967844159655e-07
19.990000000000002 8.512769700741094e-07
20.0 8.491058589264744e-07
20.01 8.468832478629625e-07
20.02 8.446089674522643e-07
20.03 8.42282881263149e-07
20.04 8.399048862758104e-07
20.05 8.374749125959627e-07
20.06 8.349929232120881e-07
20.07 8.324589143642817e-07
20.080000000000002 8.298729157078582e-07
20.09 8.272353501767495e-07
20.1 8.245466648446487e-07
20.11 8.218070615465239e-07
20.12 8.190167763201268e-07
20.13 8.161760798685138e-07
20.14 8.132852765406788e-07
20.150000000000002 8.103447046982305e-07
20.16 8.073547360621606e-07
20.17 8.043157758167102e-07
20.18 8.012282619640531e-07
20.19 7.980926650955284e-07
20.2 7.949094881265538e-07
20.21 7.916792660392358e-07
20.22 7.884025654258118e-07
20.23 7.850799840286235e-07
20.240000000000002 7.817121505482132e-07
20.25 7.782997240740087e-07
20.26 7.748433938301871e-07
20.27 7.713438787900232e-07
20.28 7.678019269775557e-07
20.29 7.642183153099436e-07
20.3 7.605938489339348e-07
20.31 7.569293609740058e-07
20.32 7.532257117623615e-07
20.330000000000002 7.494837887049273e-07
20.34 7.457044670876583e-07
20.35 7.418880336519966e-07
20.36 7.380351432206009e-07
20.37 7.341466852458286e-07
20.38 7.302235709066894e-07
20.39 7.262667325396398e-07
20.400000000000002 7.222771233792412e-07
20.41 7.182557166214099e-07
20.42 7.142035052195867e-07
20.43 7.101215015042905e-07
20.44 7.060107363670394e-07
20.45 7.018722590213921e-07
20.46 6.977071360782326e-07
20.47 6.935164514814763e-07
20.48 6.893013057830645e-07
20.490000000000002 6.85062815458941e-07
20.5 6.808021124909839e-07
20.51 6.765203438482146e-07
20.52 6.722186710384805e-07
20.53 6.678982689387091e-07
20.54 6.635603262045197e-07
20.55 6.592060438872149e-07
20.56 6.548366351710787e-07
20.57 6.504533250850869e-07
20.580000000000002 6.460573492817704e-07
20.59 6.416499541325163e-07
20.6 6.372321097953063e-07
20.61 6.328035428751185e-07
20.62 6.283651216830183e-07
20.63 6.239179154240602e-07
20.64 6.194629956228406e-07
20.650000000000002 6.150014363595288e-07
20.66 6.105343133640164e-07
20.67 6.060627044440683e-07
20.68 6.015876881032903e-07
20.69 5.971103440114561e-07
20.7 5.926317519531024e-07
20.71 5.88152992281809e-07
20.72 5.836751446428468e-07
20.73 5.791992881644848e-07
20.740000000000002 5.747265011024801e-07
20.75 5.702578602312445e-07
20.76 5.657944406521577e-07
20.77 5.613373155562889e-07
20.78 5.568875555994092e-07
20.79 5.524462289106108e-07
20.8 5.480144005021756e-07
20.81 5.435931319762986e-07
20.82 5.39183481497495e-07
20.830000000000002 5.347865031635462e-07
20.84 5.304032468061146e-07
20.85 5.260347579263969e-07
20.86 5.216814719958759e-07
20.87 5.173430249849988e-07
20.88 5.130202028747464e-07
20.89 5.087138230819451e-07
20.900000000000002 5.044246928259579e-07
20.91 5.001536089234448e-07
20.92 4.959013578500538e-07
20.93 4.916687156887589e-07
20.94 4.874564480974964e-07
20.95 4.832653099209124e-07
20.96 4.790960457889504e-07
20.97 4.749493896373091e-07
20.98 4.708260645703991e-07
20.990000000000002 4.6672678314318115e-07
21.0 4.6265224719197655e-07
21.01 4.586031480113546e-07
21.02 4.545801660594466e-07
21.03 4.505839709272627e-07
21.04 4.4661522195685007e-07
21.05 4.426745675357481e-07
21.06 4.3876264540354667e-07
21.07 4.348800827194319e-07
21.080000000000002 4.3102749633670617e-07
21.09 4.272054921384432e-07
21.1 4.2341466595765057e-07
21.11 4.196556013916263e-07
21.12 4.1592766286913064e-07
21.13 4.1223021011771487e-07
21.14 4.085635646445228e-07
21.150000000000002 4.049280324758091e-07
21.16 4.0132390466093067e-07
21.17 3.9775145719211577e-07
21.18 3.9421095181143553e-07
21.19 3.9070263580480566e-07
21.2 3.872267422389388e-07
21.21 3.837834905032829e-07
21.22 3.803730864190922e-07
21.23 3.769957223978288e-07
21.240000000000002 3.7365157795919484e-07
21.25 3.703408196078042e-07
21.26 3.670636012589488e-07
21.27 3.638200646527098e-07
21.28 3.606103393222985e-07
21.29 3.574345430777735e-07
21.3 3.5429278206718963e-07
21.31 3.511851511881609e-07
21.32 3.4811173432302417e-07
21.330000000000002 3.450726042339967e-07
21.34 3.420678233929703e-07
21.35 3.3909744366340637e-07
21.36 3.361615070921289e-07
21.37 3.3326006580801197e-07
21.38 3.3039350403680145e-07
21.39 3.275620085089028e-07
21.400000000000002 3.2476563605575437e-07
21.41 3.2200443590978426e-07
21.42 3.192784498809724e-07
21.43 3.1658771228572705e-07
21.44 3.139322508217274e-07
21.45 3.1131208611125767e-07
21.46 3.0872723223772467e-07
21.47 3.061776969745327e-07
21.48 3.036634816549794e-07
21.490000000000002 3.011845820321364e-07
21.5 2.987409876782014e-07
21.51 2.9633268285397417e-07
21.52 2.9395964639848454e-07
21.53 2.91621851824294e-07
21.54 2.8931926796443895e-07
21.55 2.87051858563253e-07
21.56 2.8481958314259016e-07
21.57 2.826223965088923e-07
21.580000000000002 2.804602494989035e-07
21.59 2.783330891156831e-07
21.6 2.7624085819624375e-07
21.61 2.7418349623343054e-07
21.62 2.721609393213859e-07
21.63 2.70172776586084e-07
21.64 2.68217026688116e-07
21.650000000000002 2.6629310358135044e-07
21.66 2.644006663487142e-07
21.67 2.6253936400317266e-07
21.68 2.607088364037723e-07
21.69 2.5890871385199224e-07
21.7 2.571386173792745e-07
21.71 2.5539815957573413e-07
21.72 2.536869438187492e-07
21.73 2.5200456507050006e-07
21.740000000000002 2.5035060990670054e-07
21.75 2.487246564317593e-07
21.76 2.471262749320115e-07
21.77 2.4555502725924147e-07
21.78 2.4401046779426753e-07
21.79 2.424921427558171e-07
21.8 2.409995909610947e-07
21.81 2.3953234343422223e-07
21.82 2.3808992413975596e-07
21.830000000000002 2.366718489808838e-07
21.84 2.3527762724434142e-07
21.85 2.339067604202041e-07
21.86 2.325587431900285e-07
21.87 2.312330627848424e-07
21.88 2.299291996453695e-07
21.89 2.286473936428837e-07
21.900000000000002 2.2738894138842405e-07
21.91 2.2615363585580832e-07
21.92 2.2494121303080284e-07
21.93 2.2375141031763567e-07
21.94 2.2258396659217668e-07
21.95 2.2143862206885174e-07
21.96 2.2031511865571894e-07
21.97 2.1921319921151903e-07
21.98 2.1813260845911578e-07
21.990000000000002 2.17073091901348e-07
22.0 2.1603439698969105e-07
22.01 2.1501627196790106e-07
22.02 2.1401846653587185e-07
22.03 2.1304073175444204e-07
22.04 2.1208281972626012e-07
22.05 2.1114448383658573e-07
22.06 2.1022547866687879e-07
22.07 2.0932555976619542e-07
22.080000000000002 2.084444840173773e-07
22.09 2.0758200927980695e-07
22.1 2.0673789439125097e-07
22.11 2.0591189929834372e-07
22.12 2.051037848364943e-07
22.13 2.04313312951389e-07
22.14 2.035402455625849e-07
22.150000000000002 2.0278361707724195e-07
22.16 2.0204243565447337e-07
22.17 2.0131631106996796e-07
22.18 2.006048488611056e-07
22.19 1.9990764996407479e-07
22.2 1.992243108065719e-07
22.21 1.9855442347959306e-07
22.22 1.978975754423685e-07
22.23 1.9725334958768572e-07
22.240000000000002 1.9662132430737535e-07
22.25 1.9600107312520024e-07
22.26 1.9539216504282442e-07
22.27 1.9479416437067753e-07
22.28 1.9420663049176138e-07
22.29 1.9362911805610164e-07
22.3 1.9306117675751055e-07
22.31 1.9250235158978397e-07
22.32 1.9195218261506154e-07
22.330000000000002 1.9141020484949754e-07
22.34 1.9087594831617002e-07
22.35 1.9034893811203024e-07
22.36 1.8982869426711901e-07
22.37 1.8931473174765671e-07
22.38 1.888065605330216e-07
22.39 1.883036855206111e-07
22.400000000000002 1.8780569896361798e-07
22.41 1.8731386777521165e-07
22.42 1.8682857043020437e-07
22.43 1.863495787145556e-07
22.44 1.8587666833432036e-07
22.45 1.8540961947249553e-07
22.46 1.849482167414233e-07
22.47 1.8449224866877098e-07
22.48 1.8404150826099083e-07
22.490000000000002 1.8359579232824158e-07
22.5 1.831549020980469e-07
22.51 1.8271864256672564e-07
22.52 1.8228682282367663e-07
22.53 1.8185925616516583e-07
22.54 1.8143575946315792e-07
22.55 1.8101615362073548e-07
22.56 1.8060026356223275e-07
22.57 1.8018791780329523e-07
22.580000000000002 1.7977894875900995e-07
22.59 1.7937319273664135e-07
22.6 1.7897048963834298e-07
22.61 1.785706831191258e-07
22.62 1.781736204904726e-07
22.63 1.7777915283379974e-07
22.64 1.7738713483468269e-07
22.650000000000002 1.7699742467736307e-07
22.66 1.7660974467462523e-07
22.67 1.76223155094453e-07
22.68 1.7583729732689474e-07
22.69 1.7545192289867076e-07
22.7 1.750667833212683e-07
22.71 1.7468162918915639e-07
22.72 1.742962110903531e-07
22.73 1.7391027898696655e-07
22.740000000000002 1.7352358231206844e-07
22.75 1.7313587045330236e-07
22.76 1.7274689210491044e-07
22.77 1.7235639581352066e-07
22.78 1.7196412968519545e-07
22.79 1.7156984177178715e-07
22.8 1.7117327950135234e-07
22.81 1.7077419024399704e-07
22.82 1.7037232127289957e-07
22.830000000000002 1.6996741934082122e-07
22.84 1.6955923144034877e-07
22.85 1.6914750423355001e-07
22.86 1.687319842784093e-07
22.87 1.6831241835197405e-07
22.88 1.6788855289860422e-07
22.89 1.6746013480192432e-07
22.900000000000002 1.670269108264592e-07
22.91 1.665886278919373e-07
22.92 1.6614548860674223e-07
22.93 1.6569836290423112e-07
22.94 1.6524721126865002e-07
22.95 1.6479196138902662e-07
22.96 1.6433254743195447e-07
22.97 1.6386890891917274e-07
22.98 1.6340099146287205e-07
22.990000000000002 1.629287463552156e-07
23.0 1.6245213087993883e-07
23.01 1.6197110786462816e-07
23.02 1.6148564606154698e-07
23.03 1.6099571979022844e-07
23.04 1.605013092341673e-07
23.05 1.6000239983599788e-07
23.06 1.594989830944909e-07
23.07 1.5899105592205543e-07
23.080000000000002 1.5847862060912278e-07
23.09 1.5796168506809196e-07
23.1 1.5744026287664364e-07
23.11 1.5691437270061925e-07
23.12 1.5638403881470912e-07
23.13 1.5584929075626672e-07
23.14 1.553101633169603e-07
23.150000000000002 1.5476669674394658e-07
23.16 1.5421893616784574e-07
23.17 1.5366693213242832e-07
23.18 1.5311036318240248e-07
23.19 1.5254888752590646e-07
23.2 1.519824891873568e-07
23.21 1.5141115534047915e-07
23.22 1.5083487502667295e-07
23.23 1.5025364042016692e-07
23.240000000000002 1.4966744574425057e-07
23.25 1.4907628810277595e-07
23.26 1.48480166862569e-07
23.27 1.4787908405209066e-07
23.28 1.4727304403441442e-07
23.29 1.4666205382351518e-07
23.3 1.460461227443448e-07
23.31 1.4542526261898951e-07
23.32 1.4479948776558588e-07
23.330000000000002 1.441688147150186e-07
23.34 1.435332627114155e-07
23.35 1.4289285320601467e-07
23.36 1.422476100173555e-07
23.37 1.4159755929148837e-07
23.38 1.4094272980135002e-07
23.39 1.4028315220435605e-07
23.400000000000002 1.396188598901929e-07
23.41 1.3894988823708217e-07
23.42 1.382762749673177e-07
23.43 1.3759807687230372e-07
23.44 1.369156731640829e-07
23.45 1.3622927989647392e-07
23.46 1.3553899659725756e-07
23.47 1.3484492609853755e-07
23.48 1.34147175095186e-07
23.490000000000002 1.3344585355731429e-07
23.5 1.3274107488927124e-07
23.51 1.3203295565536715e-07
23.52 1.3132161594763513e-07
23.53 1.3060717893455904e-07
23.54 1.2988977079423248e-07
23.55 1.2916952110331626e-07
23.56 1.2844656202049866e-07
23.57 1.2772102886090576e-07
23.580000000000002 1.2699305981580806e-07
23.59 1.2626279576594796e-07
23.6 1.2553038031596318e-07
23.61 1.2479595978145768e-07
23.62 1.2405968300062149e-07
23.63 1.2332170137889986e-07
23.64 1.2258216860607071e-07
23.650000000000002 1.218412408759311e-07
23.66 1.2109907656743333e-07
23.67 1.2035583638237866e-07
23.68 1.196116829796346e-07
23.69 1.1886675326276469e-07
23.7 1.1812104682478656e-07
23.71 1.1737468592245138e-07
23.72 1.1662781744753523e-07
23.73 1.1588058983552836e-07
23.740000000000002 1.1513315258845067e-07
23.75 1.1438565611392908e-07
23.76 1.1363825216015224e-07
23.77 1.128910930355703e-07
23.78 1.1214433239507696e-07
23.79 1.1139812441409141e-07
23.8 1.1065262427151614e-07
23.81 1.0990798773359307e-07
23.82 1.0916437154456868e-07
23.830000000000002 1.0842193261438268e-07
23.84 1.0768082898311997e-07
23.85 1.0694121884628587e-07
23.86 1.0620326099542582e-07
23.87 1.0546711481457466e-07
23.88 1.0473293976393243e-07
23.89 1.0400089589304435e-07
23.900000000000002 1.0327114363008617e-07
23.91 1.0254384329188605e-07
23.92 1.0181915561182264e-07
23.93 1.010972416847476e-07
23.94 1.0037826235178215e-07
23.95 9.966215358555674e-08
23.96 9.894850814230684e-08
23.97 9.823738392872837e-08
23.98 9.752885749383152e-08
23.990000000000002 9.682300379919187e-08
24.0 9.611989505679407e-08
24.01 9.541960212640583e-08
24.02 9.47221933068009e-08
24.03 9.402773518458096e-08
24.04 9.333629237239503e-08
24.05 9.264792725943737e-08
24.060000000000002 9.196270054525452e-08
24.07 9.128067087377277e-08
24.080000000000002 9.060189502821067e-08
24.09 8.992642791617119e-08
24.1 8.925432254332276e-08
24.11 8.858563013840778e-08
24.12 8.792039985885459e-08
24.13 8.725867950022518e-08
24.14 8.660051450078208e-08
24.150000000000002 8.594594908407482e-08
24.16 8.529502539163236e-08
24.17 8.464778400665992e-08
24.18 8.400426362460407e-08
24.19 8.336450145980993e-08
24.2 8.272853304375108e-08
24.21 8.209662062991685e-08
24.22 8.146904645296498e-08
24.23 8.084588832776591e-08
24.240000000000002 8.02272236081873e-08
24.25 7.961312912160823e-08
24.26 7.90036814662888e-08
24.27 7.839895644500992e-08
24.28 7.779902993677195e-08
24.29 7.720397677147411e-08
24.3 7.661387181381852e-08
24.310000000000002 7.602878912012613e-08
24.32 7.544880260360325e-08
24.330000000000002 7.487398546169297e-08
24.34 7.430441052838676e-08
24.35 7.37401502176019e-08
24.36 7.31812765033407e-08
24.37 7.262786073711073e-08
24.38 7.207997405078736e-08
24.39 7.153768707133298e-08
24.400000000000002 7.100106991700232e-08
24.41 7.047019247511505e-08
24.42 6.994512386345126e-08
24.43 6.942593330625966e-08
24.44 6.891268914261924e-08
24.45 6.840545977530583e-08
24.46 6.790427981720275e-08
24.47 6.74085025030352e-08
24.48 6.691782594215635e-08
24.490000000000002 6.643220822543597e-08
24.5 6.595160440288198e-08
24.51 6.547596635757486e-08
24.52 6.500524294645129e-08
24.53 6.45393802341666e-08
24.54 6.407832132753703e-08
24.55 6.36220066539358e-08
24.560000000000002 6.317037353601482e-08
24.57 6.27233569114251e-08
24.580000000000002 6.228088896470313e-08
24.59 6.184289917760487e-08
24.6 6.140931468358573e-08
24.61 6.098005972049523e-08
24.62 6.055505656683987e-08
24.63 6.013422464205788e-08
24.64 5.971748123060369e-08
24.650000000000002 5.930474130497903e-08
24.66 5.889591734814059e-08
24.67 5.8490919899992135e-08
24.68 5.8089657120613666e-08
24.69 5.769203495009992e-08
24.7 5.729795741875061e-08
24.71 5.6907326361084996e-08
24.72 5.652017097279734e-08
24.73 5.613718508023168e-08
24.740000000000002 5.575849147828292e-08
24.75 5.5384095235406485e-08
24.76 5.5014002590426936e-08
24.77 5.464822070739986e-08
24.78 5.42867578982799e-08
24.79 5.3929623297958255e-08
24.8 5.357682719293855e-08
24.810000000000002 5.322838077966821e-08
24.82 5.2884296296350306e-08
24.830000000000002 5.254458677045998e-08
24.84 5.220926643301812e-08
24.85 5.1878350280085746e-08
24.86 5.1551854477523834e-08
24.87 5.122979588876903e-08
24.88 5.0912192387680185e-08
24.89 5.0599062878812964e-08
24.900000000000002 5.029042717975677e-08
24.91 4.9986305961232606e-08
24.92 4.9686721075253935e-08
24.93 4.9391694948109017e-08
24.94 4.9101251249151004e-08
24.95 4.881541442575653e-08
24.96 4.8534210082118836e-08
24.97 4.825766444655215e-08
24.98 4.798557226589717e-08
24.990000000000002 4.7717356291753985e-08
25.0 4.745293260603419e-08
25.01 4.719223948868598e-08
25.02 4.6935213375131485e-08
25.03 4.668178904020169e-08
25.04 4.643189988715762e-08
25.05 4.618547721829333e-08
25.060000000000002 4.594245121107023e-08
25.07 4.570275012936e-08
25.080000000000002 4.546630064306738e-08
25.09 4.52330280426396e-08
25.1 4.500285599707242e-08
25.11 4.4775706544233646e-08
25.12 4.455150038538665e-08
25.13 4.433015646584807e-08
25.14 4.4111592372781576e-08
25.150000000000002 4.3895724324762454e-08
25.16 4.368246680875958e-08
25.17 4.3471733047806055e-08
25.18 4.326343481362194e-08
25.19 4.305748221530327e-08
25.2 4.2853784119477496e-08
25.21 4.265224811436218e-08
25.22 4.2452779959586615e-08
25.23 4.2255284438320493e-08
25.240000000000002 4.205998577178592e-08
25.25 4.1867150538951e-08
25.26 4.1676750093242766e-08
25.27 4.148875640697797e-08
25.28 4.130314256388899e-08
25.29 4.111988214261942e-08
25.3 4.093894967542285e-08
25.310000000000002 4.076032043988766e-08
25.32 4.0583970311051844e-08
25.330000000000002 4.0409876126426764e-08
25.34 4.023801543251069e-08
25.35 4.00683663132409e-08
25.36 3.990090782638508e-08
25.37 3.9735619680042467e-08
25.38 3.957248215563842e-08
25.39 3.9411476380492826e-08
25.400000000000002 3.925258426306613e-08
25.41 3.9095788088145365e-08
25.42 3.894107117674377e-08
25.43 3.8788417154670936e-08
25.44 3.863781079951152e-08
25.45 3.8489237181340815e-08
25.46 3.8342682042236185e-08
25.47 3.8198131954421486e-08
25.48 3.805557410402295e-08
25.490000000000002 3.7914985416440073e-08
25.5 3.777610714377508e-08
25.51 3.7638796140061965e-08
25.52 3.750300180368799e-08
25.53 3.7368672851727756e-08
25.54 3.723575763714014e-08
25.55 3.710420368350999e-08
25.560000000000002 3.697395783915395e-08
25.57 3.68449663374292e-08
25.580000000000002 3.671717482256454e-08
25.59 3.659052817660822e-08
25.6 3.6464970697101524e-08
25.61 3.634044615820071e-08
25.62 3.621689740452129e-08
25.63 3.609426710178543e-08
25.64 3.597249682889747e-08
25.650000000000002 3.5851527747154184e-08
25.66 3.5731300417163694e-08
25.67 3.5611754791635506e-08
25.68 3.549283005550136e-08
25.69 3.5374465016810774e-08
25.7 3.525659760921776e-08
25.71 3.513916538870805e-08
25.72 3.50221052819829e-08
25.73 3.490535358193251e-08
25.740000000000002 3.47888459660946e-08
25.75 3.467254660011014e-08
25.76 3.4556575130771064e-08
25.77 3.4440920538761485e-08
25.78 3.432554347282803e-08
25.79 3.421040522456789e-08
25.8 3.409546708541564e-08
25.810000000000002 3.3980690754831775e-08
25.82 3.386603814173111e-08
25.830000000000002 3.37514715977082e-08
25.84 3.3636953625549595e-08
25.85 3.352244718305439e-08
25.86 3.3407915344790253e-08
25.87 3.329332172390229e-08
25.88 3.317863007532213e-08
25.89 3.3063804355764996e-08
25.900000000000002 3.294880907570236e-08
25.91 3.2833608845121904e-08
25.92 3.271816860908399e-08
25.93 3.260245389546186e-08
25.94 3.248643008065216e-08
25.95 3.237006319841687e-08
25.96 3.2253319498870493e-08
25.97 3.213616552095902e-08
25.98 3.201856820097496e-08
25.990000000000002 3.190049474742691e-08
26.0 3.17819125622451e-08
26.01 3.1662901774583726e-08
26.02 3.15437306849613e-08
26.03 3.1424425758061676e-08
26.04 3.13050025691809e-08
26.05 3.1185478128936055e-08
26.060000000000002 3.1065871402598125e-08
26.07 3.094620283634983e-08
26.080000000000002 3.0826494736675095e-08
26.09 3.0706770667488404e-08
26.1 3.058705626182278e-08
26.11 3.046737830374093e-08
26.12 3.034776555148864e-08
26.13 3.022824801799111e-08
26.14 3.010885726804631e-08
26.150000000000002 2.998962663432517e-08
26.16 2.9870590731892964e-08
26.17 2.9751785662079943e-08
26.18 2.9633249123679848e-08
26.19 2.951502004506655e-08
26.2 2.93971391043807e-08
26.21 2.927964801154395e-08
26.22 2.916259025152019e-08
26.23 2.904601027346786e-08
26.240000000000002 2.8929954386589093e-08
26.25 2.881446983357054e-08
26.26 2.8699605336384294e-08
26.27 2.858506873508449e-08
26.28 2.8470509593668753e-08
26.29 2.8355902824295123e-08
26.3 2.824122280669706e-08
26.310000000000002 2.8126442187497293e-08
26.32 2.8011533098430946e-08
26.330000000000002 2.78964664123931e-08
26.34 2.7781211944910675e-08
26.35 2.7665738669248124e-08
26.36 2.7550014439719052e-08
26.37 2.7434006207049423e-08
26.38 2.7317679906176183e-08
26.39 2.7201000579277104e-08
26.400000000000002 2.7083932275658268e-08
26.41 2.6966438398156657e-08
26.42 2.6848481101448608e-08
26.43 2.6730021978322682e-08
26.44 2.66110216112672e-08
26.45 2.6491439827108667e-08
26.46 2.63712355895538e-08
26.47 2.6250367196094184e-08
26.48 2.6128792125486126e-08
26.490000000000002 2.600646709598588e-08
26.5 2.5883348031495424e-08
26.51 2.575939050657324e-08
26.52 2.5634566277441028e-08
26.53 2.5509250384307637e-08
26.54 2.5383626347201668e-08
26.55 2.5257714279645514e-08
26.560000000000002 2.5131535847576448e-08
26.57 2.5005113654129655e-08
26.580000000000002 2.48784718272487e-08
26.59 2.4751635567654543e-08
26.6 2.4624631268880268e-08
26.61 2.4497486497389526e-08
26.62 2.43702299486799e-08
26.63 2.4242891578972817e-08
26.64 2.4115502467818013e-08
26.650000000000002 2.3988094354149888e-08
26.66 2.3860700760442517e-08
26.67 2.3733355558648995e-08
26.68 2.360609422372888e-08
26.69 2.3478952890270332e-08
26.7 2.3351968647718365e-08
26.71 2.322517994121794e-08
26.72 2.3098625780783354e-08
26.73 2.297234620082377e-08
26.740000000000002 2.2846382240817318e-08
26.75 2.272077585652849e-08
26.76 2.2595569609045406e-08
26.77 2.247080727807232e-08
26.78 2.23464830794584e-08
26.79 2.222231125015902e-08
26.8 2.2098239162458627e-08
26.810000000000002 2.19742662746085e-08
26.82 2.1850392035129202e-08
26.830000000000002 2.172661499041733e-08
26.84 2.1602933423733612e-08
26.85 2.1479345093923735e-08
26.86 2.1355847208191325e-08
26.87 2.1232436593781353e-08
26.88 2.110910981069651e-08
26.89 2.0985862505444944e-08
26.900000000000002 2.086269033057923e-08
26.91 2.0739588228011635e-08
26.92 2.061655095176218e-08
26.93 2.0493572713316125e-08
26.94 2.0370647354174738e-08
26.95 2.0247768283283276e-08
26.96 2.0124928393032426e-08
26.97 2.000212068610334e-08
26.98 1.9879337116198012e-08
26.990000000000002 1.975656992858751e-08
27.0 1.963381035990962e-08
27.01 1.9511050015159816e-08
27.02 1.9388279601858117e-08
27.03 1.926548980472919e-08
27.04 1.9142765379177233e-08
27.05 1.902035692281348e-08
27.060000000000002 1.8898303261812195e-08
27.07 1.8776632370161523e-08
27.080000000000002 1.8655372919980937e-08
27.09 1.853455392606556e-08
27.1 1.8414205418999536e-08
27.11 1.829435776315219e-08
27.12 1.8175042154692763e-08
27.13 1.8056290255753478e-08
27.14 1.793813422606115e-08
27.150000000000002 1.782060690683142e-08
27.16 1.7703741794842772e-08
27.17 1.758757246726728e-08
27.18 1.7472133655627078e-08
27.19 1.7357460005182454e-08
27.2 1.7243587103771968e-08
27.21 1.7130550662684146e-08
27.22 1.7018387137010863e-08
27.23 1.6907133189712656e-08
27.240000000000002 1.679682623083312e-08
27.25 1.6687503836000628e-08
27.26 1.657920410085402e-08
27.27 1.6471965645189677e-08
27.28 1.6365827454803525e-08
27.29 1.6260828794199215e-08
27.3 1.615676910959689e-08
27.310000000000002 1.605339874474385e-08
27.32 1.5950704561074882e-08
27.330000000000002 1.584867297968961e-08
27.34 1.5747288770800115e-08
27.35 1.5646536182005932e-08
27.36 1.554639807914513e-08
27.37 1.544685670138693e-08
27.38 1.5347892929747585e-08
27.39 1.524948696013601e-08
27.400000000000002 1.515161792241932e-08
27.41 1.505426410956898e-08
27.42 1.4957402842149083e-08
27.43 1.4861010614968233e-08
27.44 1.476506297404972e-08
27.45 1.4669534592972894e-08
27.46 1.4574399489130849e-08
27.47 1.4479630702494864e-08
27.48 1.4385200547962465e-08
27.490000000000002 1.4291080539734322e-08
27.5 1.4197241304469651e-08
27.51 1.4103653032748005e-08
27.52 1.4010284914281251e-08
27.53 1.3917105647420834e-08
27.54 1.3824082945425656e-08
27.55 1.373119603250198e-08
27.560000000000002 1.3638723484694416e-08
27.57 1.3546804904755608e-08
27.580000000000002 1.345545431825012e-08
27.59 1.3364686792620146e-08
27.6 1.3274517653049842e-08
27.61 1.3184963089754066e-08
27.62 1.3096039770972416e-08
27.63 1.3007765123872455e-08
27.64 1.2920156866079511e-08
27.650000000000002 1.28332336265586e-08
27.66 1.274701431406666e-08
27.67 1.2661518434471425e-08
27.68 1.2576766208631301e-08
27.69 1.2492778142482105e-08
27.7 1.2409575390976628e-08
27.71 1.2327179621570024e-08
27.72 1.2245612946660471e-08
27.73 1.2164897963298066e-08
27.740000000000002 1.2085057874398637e-08
27.75 1.200611611987105e-08
27.76 1.192809686181124e-08
27.77 1.1851024617106753e-08
27.78 1.1774924346381974e-08
27.79 1.1699821590932871e-08
27.8 1.1625742072236258e-08
27.810000000000002 1.1552672849580265e-08
27.82 1.1480370356621583e-08
27.830000000000002 1.140878034642937e-08
27.84 1.1337892045476376e-08
27.85 1.1267694494823221e-08
27.86 1.119817595272301e-08
27.87 1.1129324266570431e-08
27.88 1.1061126566235175e-08
27.89 1.0993569191962492e-08
27.900000000000002 1.0926638474375336e-08
27.91 1.0860319656614778e-08
27.92 1.0794597779875681e-08
27.93 1.0729457165374904e-08
27.94 1.066488165728035e-08
27.95 1.0600854560518418e-08
27.96 1.053735870746599e-08
27.97 1.047437650104747e-08
27.98 1.04118896078378e-08
27.990000000000002 1.0349879456104287e-08
28.0 1.0288326812263023e-08
28.01 1.0227212278907149e-08
28.02 1.0166515555245451e-08
28.03 1.0106216111408352e-08
28.04 1.0046292997425033e-08
28.05 9.986724886727055e-09
28.060000000000002 9.927489780052739e-09
28.07 9.868627157648413e-09
28.080000000000002 9.810289065234927e-09
28.09 9.752486063009202e-09
28.1 9.695220488199416e-09
28.11 9.638495254639563e-09
28.12 9.582313520854519e-09
28.13 9.526678546809822e-09
28.14 9.471594039934801e-09
28.150000000000002 9.417064093627983e-09
28.16 9.363092704150154e-09
28.17 9.309684725853913e-09
28.18 9.256844687228116e-09
28.19 9.204577840195521e-09
28.2 9.152889572034751e-09
28.21 9.101785461758805e-09
28.22 9.051271358889127e-09
28.23 9.001353486400596e-09
28.240000000000002 8.95203840303873e-09
28.25 8.9033325579091e-09
28.26 8.85524307072343e-09
28.27 8.807777169755958e-09
28.28 8.760942248553993e-09
28.29 8.714746028222649e-09
28.3 8.669196486470589e-09
28.310000000000002 8.624301856810426e-09
28.32 8.580070627589717e-09
28.330000000000002 8.53644001377196e-09
28.34 8.493329942757674e-09
28.35 8.450732993182985e-09
28.36 8.40864158061324e-09
28.37 8.367048046488239e-09
28.38 8.325944263696259e-09
28.39 8.285322060625855e-09
28.400000000000002 8.245172790805359e-09
28.41 8.205487733237756e-09
28.42 8.166257966050474e-09
28.43 8.127474229201507e-09
28.44 8.089127171541984e-09
28.45 8.051206991525125e-09
28.46 8.013703847786823e-09
28.47 7.976607616365676e-09
28.48 7.939908079516794e-09
28.490000000000002 7.903594588924722e-09
28.5 7.867656313186142e-09
28.51 7.8320822977798e-09
28.52 7.796861350764495e-09
28.53 7.76198220745584e-09
28.54 7.72743308904755e-09
28.55 7.693202194425884e-09
28.560000000000002 7.659277527490114e-09
28.57 7.625646933229354e-09
28.580000000000002 7.592298185116035e-09
28.59 7.559229150056921e-09
28.6 7.526432776373978e-09
28.61 7.49389773851164e-09
28.62 7.461612733519957e-09
28.63 7.429565945431618e-09
28.64 7.397745677236616e-09
28.650000000000002 7.366140060519359e-09
28.66 7.3347370796567036e-09
28.67 7.3035245387023575e-09
28.68 7.272490085930504e-09
28.69 7.24162144966333e-09
28.7 7.21090594835394e-09
28.71 7.18033084367713e-09
28.72 7.149883458416038e-09
28.73 7.1195506765365266e-09
28.740000000000002 7.0893195289138526e-09
28.75 7.0591769035322025e-09
28.76 7.029109267413941e-09
28.77 6.999103392757238e-09
28.78 6.969145542347875e-09
28.79 6.939222265370411e-09
28.8 6.909319700855725e-09
28.810000000000002 6.879423975678079e-09
28.82 6.8495210805698216e-09
28.830000000000002 6.819596966439203e-09
28.84 6.789653448308422e-09
28.85 6.759790232668643e-09
28.86 6.730028499558384e-09
28.87 6.700370335036834e-09
28.88 6.670818138938069e-09
28.89 6.641374994258728e-09
28.900000000000002 6.6120440904641055e-09
28.91 6.582828964316555e-09
28.92 6.553733740880083e-09
28.93 6.524762884072531e-09
28.94 6.495920992801688e-09
28.95 6.467213346881412e-09
28.96 6.438645201473515e-09
28.97 6.4102226239292075e-09
28.98 6.381951566891112e-09
28.990000000000002 6.35383872864834e-09
29.0 6.325890907202725e-09
29.01 6.298115194036072e-09
29.02 6.27051920491648e-09
29.03 6.2431108307622256e-09
29.04 6.215898186718151e-09
29.05 6.188889691376956e-09
29.060000000000002 6.1620943434133844e-09
29.07 6.135521169406833e-09
29.080000000000002 6.109179641503135e-09
29.09 6.083079534408291e-09
29.1 6.05719485799374e-09
29.11 6.03143050077298e-09
29.12 6.0057762425413355e-09
29.13 5.980227020677749e-09
29.14 5.954777674196921e-09
29.150000000000002 5.929422710429001e-09
29.16 5.90415654266993e-09
29.17 5.878973420812828e-09
29.18 5.8538673645204846e-09
29.19 5.828832316619637e-09
29.2 5.803861946968795e-09
29.21 5.7789499467649245e-09
29.22 5.7540895167729135e-09
29.23 5.7292740825805235e-09
29.240000000000002 5.704496688705557e-09
29.25 5.6797502354330475e-09
29.26 5.65502751629477e-09
29.27 5.630321208114914e-09
29.28 5.605623640827183e-09
29.29 5.580927441978776e-09
29.3 5.556224511895063e-09
29.310000000000002 5.531507100793782e-09
29.32 5.5067670058723465e-09
29.330000000000002 5.481996193219764e-09
29.34 5.457186216880781e-09
29.35 5.432328618912936e-09
29.36 5.407473400816294e-09
29.37 5.382687257544992e-09
29.38 5.357975266099321e-09
29.39 5.3333428038781095e-09
29.400000000000002 5.308795500025157e-09
29.41 5.28433923261708e-09
29.42 5.259980112190218e-09
29.43 5.235724688884232e-09
29.44 5.211579646026247e-09
29.45 5.187551888113852e-09
29.46 5.1636486210799464e-09
29.47 5.139877476732042e-09
29.48 5.116246123449146e-09
29.490000000000002 5.092762614786639e-09
29.5 5.069435244918247e-09
29.51 5.046272313052457e-09
29.52 5.023282739096725e-09
29.53 5.000475512808233e-09
29.54 4.977859760777251e-09
29.55 4.9554450010249164e-09
29.560000000000002 4.933240895791584e-09
29.57 4.911257401881786e-09
29.580000000000002 4.88950467436675e-09
29.59 4.867993066211707e-09
29.6 4.846733254429587e-09
29.61 4.825731582124872e-09
29.62 4.804867419351099e-09
29.63 4.7840746372906245e-09
29.64 4.7633428681517526e-09
29.650000000000002 4.742661274730682e-09
29.66 4.722018709057388e-09
29.67 4.701403728997466e-09
29.68 4.680803996553811e-09
29.69 4.660207313103505e-09
29.7 4.639600677619157e-09
29.71 4.618970961117188e-09
29.72 4.598304432055112e-09
29.73 4.577586905782024e-09
29.740000000000002 4.5568041823800995e-09
29.75 4.535941283603101e-09
29.76 4.514983221148817e-09
29.77 4.49391423249304e-09
29.78 4.472718690155721e-09
29.79 4.451380245960521e-09
29.8 4.429882308144752e-09
29.810000000000002 4.408208028464154e-09
29.82 4.386340277371433e-09
29.830000000000002 4.364261562253872e-09
29.84 4.341954144364529e-09
29.85 4.3193999934077235e-09
29.86 4.29658076520447e-09
29.87 4.273502296848542e-09
29.88 4.250325675636058e-09
29.89 4.22708869787119e-09
29.900000000000002 4.203797852192232e-09
29.91 4.180460104103475e-09
29.92 4.157082923486838e-09
29.93 4.133673879394854e-09
29.94 4.110241425948175e-09
29.95 4.086794159508e-09
29.96 4.06334113636764e-09
29.97 4.039891947616684e-09
29.98 4.01645632534521e-09
29.990000000000002 3.993044554850681e-09
