0.005 0.008852848710753924
0.015 0.01524858930303935
0.025 0.02153286629576479
0.035 0.027686360481118936
0.045 0.03369049068362855
0.055 0.03952691108366909
0.065 0.04517917777424603
0.07500000000000001 0.05063146037026098
0.08499999999999999 0.05586874430179303
0.095 0.06087743311827676
0.10500000000000001 0.06564440847271205
0.11499999999999999 0.07015822992878372
0.125 0.07440802056466599
0.135 0.07838443474308253
0.14500000000000002 0.08207912716347036
0.155 0.0854846501128561
0.165 0.0885952198838135
0.175 0.09140576908349007
0.185 0.0939124791332415
0.195 0.0961126764185429
0.20500000000000002 0.09800487606598814
0.215 0.09958860694508484
0.225 0.10086449667692918
0.235 0.10183424220852907
0.245 0.10250066188765551
0.255 0.10286750310434097
0.265 0.10293947762978335
0.275 0.10272225544748205
0.28500000000000003 0.10222242990332495
0.295 0.10144745440783107
0.305 0.10040558998312402
0.315 0.09910588917168969
0.325 0.0975581722087753
0.335 0.0957729897761688
0.34500000000000003 0.09376145393515936
0.355 0.09153530452615703
0.365 0.08910682053542276
0.375 0.0864887351829032
0.385 0.0836942810985563
0.395 0.08073707039296725
0.405 0.07763104952877083
0.41500000000000004 0.07439044301661181
0.425 0.07102971575093507
0.435 0.06756351314889797
0.445 0.06400660443996656
0.455 0.06037380647205959
0.465 0.05667996276732807
0.475 0.05293990913383073
0.485 0.04916838259012217
0.495 0.045379959847999904
0.505 0.041589001509355315
0.515 0.03780970945601345
0.525 0.034055973518547195
0.535 0.03034134853717102
0.545 0.026678999506280266
0.555 0.02308169123914209
0.5650000000000001 0.019561718187877265
0.575 0.016130863791777816
0.585 0.012800343090985435
0.595 0.009580817265940856
0.605 0.006482335289467207
0.615 0.003514292553105427
0.625 0.0006854076742370304
0.635 -0.0019963047966097126
0.645 -0.0045235622564897835
0.655 -0.006889849225624999
0.665 -0.009089420362856987
0.675 -0.011117324215218449
0.685 -0.012969418534478071
0.6950000000000001 -0.014642381840049451
0.7050000000000001 -0.01613372122273078
0.715 -0.017441737352549128
0.725 -0.0185655793681405
0.735 -0.01950524204153632
0.745 -0.020261531624463768
0.755 -0.02083606768549238
0.765 -0.021231270486611244
0.775 -0.02145033180156358
0.785 -0.021497164747141438
0.795 -0.021376482068045915
0.805 -0.0210936897489619
0.8150000000000001 -0.020654872399527412
0.8250000000000001 -0.0200667634449876
0.835 -0.01933671007630525
0.845 -0.018472724296657982
0.855 -0.017483313292084704
0.865 -0.016377422154692498
0.875 -0.015164484550409654
0.885 -0.013854337301045365
0.895 -0.012457170934512807
0.905 -0.01098344593463903
0.915 -0.009443727558915834
0.925 -0.007848982449633328
0.935 -0.006210258199900587
0.9450000000000001 -0.004538669206381736
0.9550000000000001 -0.002845357823760859
0.965 -0.0011414407080641276
0.975 0.0005619350131588757
0.985 0.0022537816610060358
0.995 0.003923401126546679
1.005 0.00556025808363877
1.0150000000000001 0.007154092236134884
1.025 0.008694964305138574
1.0350000000000001 0.010173311292373246
1.045 0.01158004811253609
1.0550000000000002 0.012906434892162576
1.065 0.014144234381803499
1.0750000000000002 0.015285733780482494
1.085 0.016323763563287616
1.0950000000000002 0.01725172338832985
1.105 0.018063487016960183
1.1150000000000002 0.018753538976869193
1.125 0.01931717926066596
1.1350000000000002 0.01975025086706354
1.145 0.020049248561175553
1.155 0.020211326728164933
1.165 0.020234316711408
1.1749999999999998 0.020116830468499044
1.185 0.019857978027606315
1.1949999999999998 0.01945754677406956
1.205 0.01891599152892517
1.2149999999999999 0.018234398770650816
1.225 0.01741447114078641
1.2349999999999999 0.016458438868425712
1.245 0.015369101596333562
1.255 0.014149993498327103
1.2650000000000001 0.012805107825120456
1.275 0.011338957246159905
1.2850000000000001 0.009756550214527404
1.295 0.008063365274014234
1.3050000000000002 0.006265330689329477
1.315 0.004368761802169861
1.3250000000000002 0.0023803549841012735
1.335 0.0003071557007680318
1.3450000000000002 -0.0018434781781911658
1.355 -0.004063910100114391
1.3650000000000002 -0.006346252743644714
1.375 -0.008682388803182398
1.3850000000000002 -0.01106403469146917
1.395 -0.013482757643055824
1.405 -0.01593001235189756
1.415 -0.018397175465129766
1.4249999999999998 -0.020875575313912525
1.435 -0.023356401490774704
1.4449999999999998 -0.02583092450361248
1.455 -0.028290483938048897
1.4649999999999999 -0.03072645401679186
1.475 -0.033130300844777846
1.4849999999999999 -0.035493610020873
1.495 -0.037808189168471416
1.505 -0.040066210180196536
1.5150000000000001 -0.04225978013324135
1.525 -0.04438135142882656
1.5350000000000001 -0.046423663970200604
1.545 -0.04837976157277542
1.5550000000000002 -0.050243008262952596
1.565 -0.05200661616342606
1.5750000000000002 -0.05366443839271285
1.585 -0.05521089619676881
1.5950000000000002 -0.056640605374506194
1.605 -0.05794855706842054
1.6150000000000002 -0.05913012947748453
1.625 -0.06018118945027637
1.6350000000000002 -0.06109832500331003
1.645 -0.06187809694276897
1.6550000000000002 -0.06251765464357067
1.665 -0.06301462992839009
1.6749999999999998 -0.06336711876682577
1.685 -0.06357368453816925
1.6949999999999998 -0.06363298341011953
1.705 -0.06354429304013387
1.7149999999999999 -0.06330760950586234
1.725 -0.0629232010439878
1.7349999999999999 -0.06239177479617908
1.745 -0.06171447092859489
1.755 -0.06089291719888196
1.7650000000000001 -0.059929461006021034
1.775 -0.05882645545477594
1.7850000000000001 -0.05758677411029917
1.795 -0.056213729909954054
1.8050000000000002 -0.054711030448648064
1.815 -0.053082765238562875
1.8250000000000002 -0.05133305806926664
1.835 -0.04946642593422752
1.8450000000000002 -0.04748807566958414
1.855 -0.045403302858805464
1.8650000000000002 -0.04321767785035592
1.875 -0.040937025532823655
1.8850000000000002 -0.03856743427696065
1.895 -0.03611541590648883
1.9050000000000002 -0.03358741094279802
1.915 -0.030990086876481852
1.9249999999999998 -0.028330297865969387
1.935 -0.025615031642349493
1.9449999999999998 -0.0228513867291155
1.955 -0.020046520070246526
1.9649999999999999 -0.01720764548536617
1.975 -0.01434206660670122
1.9849999999999999 -0.011457078878242256
1.995 -0.0085599709550424
2.005 -0.005658002027120059
2.015 -0.0027583797464148553
2.0250000000000004 0.00013175765374850686
2.035 0.0030053731395835535
2.045 0.005855546031860573
2.0549999999999997 0.00867549220615862
2.065 0.011458584917821668
2.075 0.014198374025948762
2.085 0.01688856019299892
2.0949999999999998 0.019523023250699982
2.105 0.022095976117469024
2.115 0.024601826268682556
2.125 0.027035236865269895
2.135 0.029391141660611173
2.145 0.03166476063150359
2.1550000000000002 0.03385165703176434
2.165 0.03594765008322835
2.175 0.037948873355366466
2.185 0.039851796804544495
2.1950000000000003 0.04165322226567556
2.205 0.04335028932198568
2.215 0.0449402949475184
2.225 0.04642062660030021
2.2350000000000003 0.047789614512405994
2.245 0.04904568087462057
2.255 0.0501875720253372
2.265 0.051214371405044735
2.2750000000000004 0.052125514275752814
2.285 0.05292124752254409
2.295 0.05360171471523055
2.305 0.05416728743411735
2.315 0.05461881525999057
2.325 0.054957470765138024
2.335 0.05518474110714329
2.3449999999999998 0.05530221666367613
2.355 0.05531134035249276
2.365 0.05521471029921743
2.375 0.055014864658354874
2.385 0.05471455707978813
2.395 0.05431677805473022
2.4050000000000002 0.053824744003827675
2.415 0.05324199013073519
2.425 0.05257216772651275
2.435 0.051819063905317035
2.4450000000000003 0.05098667972323355
2.455 0.05007917195826407
2.465 0.049100837749585076
2.475 0.048056095379749364
2.4850000000000003 0.046949460294012535
2.495 0.04578556120282296
2.505 0.04456909657461658
2.515 0.04330482367041639
2.5250000000000004 0.04199754334356903
2.535 0.040652083125919565
2.545 0.03927315089639178
2.555 0.03786552462501519
2.565 0.036434062763538666
2.575 0.03498351700280805
2.585 0.03351858731121193
2.5949999999999998 0.03204390738379479
2.605 0.03056403459903083
2.615 0.02908345170416981
2.625 0.027606501326163276
2.635 0.02613741396565112
2.645 0.024680289570148783
2.6550000000000002 0.023239082833387426
2.665 0.021817591785991526
2.675 0.02041937057447757
2.685 0.019047823136516113
2.6950000000000003 0.017706265636612963
2.705 0.016397764142933247
2.715 0.015125184944370788
2.725 0.013891188175193683
2.7350000000000003 0.012698237803150365
2.745 0.01154868584268717
2.755 0.010444488694373694
2.765 0.009387409975659807
2.7750000000000004 0.008379000492149555
2.785 0.0074205755613565415
2.795 0.006513213186164583
2.805 0.005657687094279741
2.815 0.004854552316240212
2.825 0.004104266697555872
2.835 0.0034069896774498554
2.8449999999999998 0.00276266012476927
2.855 0.00217100194416756
2.865 0.0016315325537704308
2.875 0.0011435843714193115
2.885 0.000706229904778047
2.895 0.0003183595595654054
2.9050000000000002 -2.1316716235279535e-05
2.915 -0.0003142694688106672
2.925 -0.000562140864856747
2.935 -0.0007667272359748464
2.9450000000000003 -0.0009299581409168798
2.955 -0.001053917272764833
2.965 -0.0011408104721358136
2.975 -0.0011929575227878537
2.9850000000000003 -0.0012127802743192616
2.995 -0.0012027909760137664
3.005 -0.0011655925522379125
3.015 -0.0011038429483724535
3.0250000000000004 -0.0010202506654817644
3.035 -0.0009175669645628362
3.045 -0.00079857016046781
3.055 -0.0006660528190691326
3.0650000000000004 -0.0005228078479251973
3.075 -0.0003716151005200573
3.085 -0.00021523517893494895
3.0949999999999998 -5.6391711828264555e-05
3.105 0.00010223890393665443
3.115 0.00025803872436176115
3.125 0.0004084594022683245
3.135 0.0005510407048658778
3.145 0.0006834044536152522
3.1550000000000002 0.0008032689052442354
3.165 0.0009084623856468764
3.175 0.000996928437322382
3.185 0.0010667329981292313
3.1950000000000003 0.0011160577636671386
3.205 0.0011431926120114115
3.215 0.0011466348948752348
3.225 0.0011250070211583291
3.2350000000000003 0.0010770827197600322
3.245 0.0010017943195925407
3.255 0.0008982371752676873
3.265 0.0007656966890533496
3.2750000000000004 0.000603580952074017
3.285 0.0004114466381085906
3.295 0.00018902349656127566
3.305 -6.380341798129543e-05
3.3150000000000004 -0.0003469972515051133
3.325 -0.0006603662364408245
3.335 -0.0010035218645840182
3.3449999999999998 -0.001375944644866495
3.355 -0.0017769648125988966
3.365 -0.00220576161596764
3.375 -0.002661368345964013
3.385 -0.003142676013897641
3.395 -0.003648503700611526
3.4050000000000002 -0.00417754820541378
3.415 -0.004728335606052795
3.425 -0.005299314881621972
3.435 -0.005888838911512853
3.4450000000000003 -0.00649517342080719
3.455 -0.007116489821935661
3.465 -0.007750785690635928
3.475 -0.00839610430529211
3.4850000000000003 -0.009050405247540208
3.495 -0.009711582475944168
3.505 -0.010377483693531472
3.515 -0.011045918663489418
3.5250000000000004 -0.011714693260186308
3.535 -0.012381598683007103
3.545 -0.013044382641368885
3.555 -0.01370080962852857
3.5650000000000004 -0.01434865308210487
3.575 -0.014985704155387788
3.585 -0.015609779008530347
3.5949999999999998 -0.016218716349942666
3.605 -0.01681041102367908
3.615 -0.01738280678263525
3.625 -0.017933903954700896
3.635 -0.018461768978653415
3.645 -0.01896454185047163
3.6550000000000002 -0.019440300030107684
3.665 -0.019887118237525432
3.675 -0.0203034273132815
3.685 -0.020687609763779976
3.6950000000000003 -0.021038128078202725
3.705 -0.02135352935484895
3.715 -0.021632490297715024
3.725 -0.021874340944011188
3.7350000000000003 -0.02207795716238516
3.745 -0.02224235371856612
3.755 -0.022366794127983047
3.765 -0.02245068502546
3.7750000000000004 -0.022493580856529534
3.785 -0.022494795851088968
3.795 -0.02245334425245733
3.805 -0.022369413551868087
3.8150000000000004 -0.022242855220738947
3.825 -0.02207360566453867
3.835 -0.021861699273272493
3.8449999999999998 -0.021607300109166755
3.855 -0.021311428762481776
3.865 -0.02097452647414018
3.875 -0.02059705307533066
3.885 -0.020179789425922807
3.895 -0.01972364141549818
3.9050000000000002 -0.01922963844901937
3.915 -0.018698731412792862
3.925 -0.01813161598925819
3.935 -0.01752980726860666
3.9450000000000003 -0.016894631133994614
3.955 -0.016227470780225475
3.965 -0.015529782038568503
3.975 -0.014803093798883598
3.9850000000000003 -0.014049250746608575
3.995 -0.013269964886632462
4.005 -0.01246692416479621
4.015000000000001 -0.011641956994814287
4.025 -0.010796942952241937
4.035 -0.00993380716875374
4.045 -0.009054504642437759
4.055 -0.008160996225404508
4.065 -0.007255317683666095
4.075 -0.006339509605395168
4.085 -0.005415625065050116
4.095 -0.004485725847384976
4.105 -0.003551873741265459
4.115 -0.0026158291960121653
4.125 -0.0016795102014064225
4.135 -0.0007449844115867291
4.145 0.00018584402644987585
4.155 0.001111112503782176
4.165 0.0020290058088596064
4.175 0.00293759848165049
4.1850000000000005 0.003834346745952307
4.195 0.0047177806904511906
4.205 0.005586180338293508
4.215 0.006437796529312893
4.225 0.007270926334941094
4.235 0.008083917107608479
4.245 0.008875755658045903
4.255 0.009645302951239094
4.265000000000001 0.010390937007862665
4.275 0.011111462047218539
4.285 0.011805775039668261
4.295 0.012472868452136342
4.305 0.013111741476354802
4.315 0.013720941422726578
4.325 0.014299868077477823
4.335 0.014847839879621499
4.345000000000001 0.015364183570948726
4.355 0.015848311210925673
4.365 0.01629972045242324
4.375 0.016718187047631502
4.385 0.01710358179807284
4.395 0.017455578213868214
4.405 0.017774093652639062
4.415 0.018059137828399904
4.425 0.018310811184591273
4.4350000000000005 0.018529274442875273
4.445 0.01871451589018745
4.455 0.018866931731328626
4.465 0.018986950308949303
4.475 0.019075027181521365
4.485 0.01913168883706142
4.495 0.01915752993609284
4.505 0.019153244278833907
4.515000000000001 0.019119604986206448
4.525 0.019057371870288543
4.535 0.018967396484557687
4.545 0.018850584647839688
4.555 0.018707892299715242
4.565 0.018540323971811108
4.575 0.018348957129589148
4.585 0.01813487384950793
4.595000000000001 0.01789919230915736
4.605 0.017643068930856362
4.615 0.017367687362482658
4.625 0.017074254320487512
4.635 0.016763938484039644
4.645 0.01643786197068023
4.655 0.016097325836433512
4.665 0.01574356289520718
4.675 0.015377803380231864
4.6850000000000005 0.015001274233226683
4.695 0.014615197994515307
4.705 0.014220847466519691
4.715 0.013819420431971114
4.725 0.013412089008819
4.735 0.013000023059503707
4.745 0.012584369183803448
4.755 0.0121662475557875
4.765000000000001 0.011746705498379735
4.775 0.011326679269330306
4.785 0.010907243110473235
4.795 0.010489365510572711
4.805 0.010073968444907294
4.815 0.009661931100846675
4.825 0.009254091914390045
4.835 0.008851420390180493
4.845000000000001 0.00845468716560034
4.855 0.008064551191229277
4.865 0.007681689694521457
4.875 0.007306730495627318
4.885 0.00694025095340411
4.895 0.006582709216533436
4.905 0.006234321002611878
4.915 0.00589560942474815
4.925 0.005566920885802012
4.9350000000000005 0.005248529714519175
4.945 0.0049406572110171154
4.955 0.0046434735191927135
4.965 0.00435723973877022
4.975 0.004082073378985295
4.985 0.0038179513719499344
4.995 0.0035648742504334053
5.005 0.003322798018670707
5.015000000000001 0.003091635679072571
5.025 0.002871244621475344
5.035 0.0026613823431354904
5.045 0.002461868345795971
5.055 0.0022724573176246257
5.065 0.002092862351985417
5.075 0.001922764734279623
5.085 0.0017618163072408877
5.095000000000001 0.0016096518982104634
5.105 0.001465878324635076
5.115 0.0013300699204710851
5.125 0.0012017883054079351
5.135 0.001080578524525535
5.145 0.0009659716622715781
5.155 0.0008574875751604139
5.165 0.0007546381318264219
5.175 0.0006569280340920429
5.1850000000000005 0.0005638586621943867
5.195 0.00047493050043483407
5.205 0.00038964551107822373
5.215 0.0003075095644062133
5.225 0.0002280229609609287
5.235 0.0001506924960151983
5.245 7.505410146401041e-05
5.255 6.455247900452736e-07
5.265000000000001 -7.29821010575108e-05
5.275 -0.00014626258483374128
5.285 -0.00021960576061381046
5.295 -0.0002933277308731698
5.305 -0.0003678088728598887
5.315 -0.00044339525128740925
5.325 -0.0005203918376654848
5.335 -0.0005990742554839782
5.345000000000001 -0.0006796870031318985
5.355 -0.0007625117143419079
5.365 -0.0008478533862432872
5.375 -0.0009358319340693954
5.385 -0.0010266124775150595
5.395 -0.0011203373824778963
5.405 -0.0012171256839369534
5.415 -0.001317063167574309
5.425 -0.0014200316416050586
5.4350000000000005 -0.0015260572915047285
5.445 -0.001635143558370439
5.455 -0.0017472207921146966
5.465 -0.0018621857794606492
5.475 -0.0019799014527162023
5.485 -0.0021002548204436286
5.495 -0.0022231880232121332
5.505 -0.002348441549602767
5.515000000000001 -0.0024758038827689117
5.525 -0.0026050473794942755
5.535 -0.0027359264733524983
5.545 -0.002868176430112042
5.555 -0.003001424769925673
5.565 -0.0031353572578566415
5.575 -0.003269664525532429
5.585 -0.0034039957370648358
5.595000000000001 -0.0035379858858334804
5.605 -0.0036712572381477574
5.615 -0.0038034329214124813
5.625 -0.003934155188575498
5.635 -0.004063011473391404
5.645 -0.004189602524686734
5.655 -0.004313529015854018
5.665 -0.004434391674779198
5.675 -0.0045517934205375615
5.6850000000000005 -0.004665355385045607
5.695 -0.004774696040642683
5.705 -0.00487943613138319
5.715 -0.004979212263654423
5.725 -0.005073673761808038
5.735 -0.0051624846099070495
5.745 -0.005245274716422194
5.755 -0.005321515112186845
5.765000000000001 -0.005390954892155169
5.775 -0.0054532700985426615
5.785 -0.005508129688267436
5.795 -0.0055552107355015335
5.805 -0.005594199887175269
5.815 -0.005625112344691383
5.825 -0.005647849041161747
5.835 -0.005662102491951533
5.845000000000001 -0.005667749667281514
5.855 -0.005664703441285913
5.865 -0.005652914630895535
5.875 -0.005632286477122559
5.885 -0.005602320575385145
5.895 -0.005563152272363882
5.905 -0.005514784878928848
5.915 -0.005457187511873884
5.925 -0.00539034458660476
5.9350000000000005 -0.005314254712740831
5.945 -0.0052291641228726935
5.955 -0.0051353114459578835
5.965 -0.005032685401117173
5.975 -0.004921452739907129
5.985 -0.0048018085337124174
5.995 -0.004673976166140559
6.005 -0.004538182304739222
6.015000000000001 -0.004394497107892673
6.025 -0.004243243501594975
6.035 -0.004084722425908797
6.045 -0.003919224180211428
6.055 -0.0037470546502297
6.065 -0.0035685341015633735
6.075 -0.0033840145706579726
6.085 -0.0031938660878778184
6.095000000000001 -0.0029984376005062125
6.105 -0.0027981047919214174
6.115 -0.002593252985976707
6.125 -0.0023842757644936493
6.135 -0.0021715870532747128
6.1450000000000005 -0.0019557553833760427
6.155 -0.0017371887472223217
6.165 -0.0015163173587039492
6.175 -0.0012936085637613446
6.1850000000000005 -0.001069537494045103
6.195 -0.000844586070157545
6.205 -0.0006191050627546567
6.215 -0.0003933341975341593
6.225 -0.00016784613471250686
6.235 5.694500079533992e-05
6.245 0.00028064011889928394
6.255 0.0005028527549570779
6.265000000000001 0.000723195503259756
6.275 0.0009410285265312935
6.285 0.00115599339850089
6.295 0.0013677576099963298
6.305 0.0015759317667624385
6.315 0.0017801355127578346
6.325 0.0019799982401057657
6.335 0.0021752277563847253
6.345000000000001 0.002365645317218258
6.355 0.002550861415517912
6.365 0.0027305957874362045
6.375 0.002904593055681116
6.385 0.0030726179726476436
6.3950000000000005 0.003234449933294733
6.405 0.003389695346386962
6.415 0.0035381473049691447
6.425 0.0036796635728899526
6.4350000000000005 0.003814056681869258
6.445 0.00394115450641644
6.455 0.00406080034774459
6.465 0.0041729475862202
6.475 0.004277789530432163
6.485 0.004375122393694791
6.495 0.004464916239289253
6.505 0.004547183028985699
6.515000000000001 0.004621959710033839
6.525 0.0046893036803893505
6.535 0.004748981515787056
6.545 0.004800998115249524
6.555 0.004845527904759012
6.565 0.004882630845368906
6.575 0.004912378670039152
6.585 0.004934854260511234
6.595000000000001 0.004950191708191789
6.605 0.004958679456063092
6.615 0.004960380779546922
6.625 0.004955444825941355
6.635 0.004944047960352151
6.6450000000000005 0.004926378571043604
6.655 0.004902636389824307
6.665 0.004873044844784964
6.675 0.00483783118654598
6.6850000000000005 0.004797221190155933
6.695 0.00475145617834873
6.705 0.004700785201443045
6.715 0.004645464170758522
6.725 0.0045857382020994914
6.735 0.004521769818760956
6.745 0.004453853816926726
6.755 0.004382254228437351
6.765000000000001 0.004307223843434045
6.775 0.004229014887391101
6.785 0.004147878246168418
6.795 0.004064102996711744
6.805 0.003977970393972347
6.815 0.003889706487328767
6.825 0.0037995635364639186
6.835 0.003707790285731742
6.845000000000001 0.0036146313035054557
6.855 0.003520313431071362
6.865 0.003424957775856056
6.875 0.003328811729591959
6.885 0.0032320912389736845
6.8950000000000005 0.003134986278038596
6.905 0.0030376772503806723
6.915 0.0029403346443534974
6.925 0.002843233055432595
6.9350000000000005 0.0027466725537069834
6.945 0.0026507245147439637
6.955 0.002555562430314794
6.965 0.002461354240450697
6.975 0.0023682610813201064
6.985 0.002276414337816897
6.995 0.0021856659377505103
7.005 0.0020961806503666277
7.015000000000001 0.002008088392098584
7.025 0.0019214480475796749
7.035 0.001836305052089209
7.045 0.001752691466845281
7.055 0.0016707304315194665
7.065 0.001590623868262738
7.075 0.001512284778232666
7.085 0.0014357429211591486
7.095000000000001 0.0013610254774515506
7.105 0.001288153515619325
7.115 0.0012171361552422
7.125 0.001147853196802596
7.135 0.0010803052783244262
7.1450000000000005 0.0010144966932369584
7.155 0.0009503914303089287
7.165 0.0008879463545505821
7.175 0.0008271115865897582
7.1850000000000005 0.0007678515006331011
7.195 0.0007101582111640969
7.205 0.0006539457764090513
7.215 0.0005991541356081948
7.225 0.0005457225645118919
7.235 0.0004935882194788862
7.245 0.0004426864557141333
7.255 0.0003929429129327381
7.265000000000001 0.0003442898376143411
7.275 0.0002966618072686924
7.285 0.0002499907628747811
7.295 0.00020420938675533732
7.305 0.000159251604223826
7.315 0.00011503610395889842
7.325 7.143868697608176e-05
7.335 2.84150805357492e-05
7.345000000000001 -1.4105949455374847e-05
7.355 -5.619889828778599e-05
7.365 -9.793798480609226e-05
7.375 -0.00013939574493513094
7.385 -0.0001805069425552547
7.3950000000000005 -0.00022128492626703522
7.405 -0.0002618123524809599
7.415 -0.0003021056770226358
7.425 -0.00034217154717530767
7.4350000000000005 -0.00038200594941817574
7.445 -0.00042164457459034144
7.455 -0.0004613181201844092
7.465 -0.0005009437796682956
7.475 -0.0005405264100709679
7.485 -0.0005800920597777203
7.495 -0.0006196680265642539
7.505 -0.0006592835137533631
7.515000000000001 -0.000698787380021397
7.525 -0.0007380834808442556
7.535 -0.0007772355820039905
7.545 -0.000816199312702829
7.555 -0.0008549207767169268
7.565 -0.0008933360463798789
7.575 -0.0009313978329107538
7.585 -0.0009692108532881187
7.595000000000001 -0.0010066611721786676
7.605 -0.0010436793982722627
7.615 -0.0010802160946453304
7.625 -0.0011162215987842758
7.635 -0.0011516467508475208
7.6450000000000005 -0.0011863770388023571
7.655 -0.0012202924247608615
7.665 -0.001253364923329273
7.675 -0.0012855151144077546
7.6850000000000005 -0.0013166606378576889
7.695 -0.0013467164174708482
7.705 -0.0013755992875107788
7.715 -0.001403263580778929
7.725 -0.0014296161339718845
7.735 -0.0014545701049688586
7.745 -0.0014780458740676664
7.755 -0.001499964934166921
7.765000000000001 -0.0015202502913552408
7.775 -0.0015388476814718105
7.785 -0.0015557174635666747
7.795 -0.0015707819577350985
7.805 -0.0015839885787508376
7.815 -0.0015952911439004105
7.825 -0.0016046502088567709
7.835 -0.0016120219687467889
7.845000000000001 -0.0016172094761754705
7.855 -0.0016201869844128037
7.865 -0.00162092722456323
7.875 -0.0016193691771818409
7.885 -0.0016154511950311776
7.8950000000000005 -0.0016091106543076115
7.905 -0.0016003777578256142
7.915 -0.0015893922189074905
7.925000000000001 -0.001576036369414673
7.9350000000000005 -0.0015603122081400327
7.945 -0.0015422363172819583
7.955 -0.0015218360631622982
7.965 -0.0014991423883535151
7.975 -0.0014740195915417507
7.985 -0.0014465015240435922
7.995 -0.0014166532732517608
8.004999999999999 -0.001384495875290619
8.015 -0.001350053270067515
8.024999999999999 -0.0013133519663779544
8.035 -0.0012744597918273959
8.045000000000002 -0.0012335221695862055
8.055 -0.0011905435846011868
8.065000000000001 -0.00114559006339501
8.075 -0.0010987388685997313
8.085 -0.0010500740210285743
8.094999999999999 -0.0009996841933476238
8.105 -0.0009475714504190498
8.115 -0.0008938124284661027
8.125 -0.0008385192866798742
8.135000000000002 -0.0007817739259123075
8.145 -0.0007236592743487134
8.155000000000001 -0.000664258861173703
8.165 -0.0006036888166371369
8.175 -0.0005421603653323869
8.184999999999999 -0.0004797276657413188
8.195 -0.0004165016319175685
8.205 -0.00035260514000748404
8.215 -0.00028816509050796137
8.225000000000001 -0.00022331171721235365
8.235 -0.0001581088622637539
8.245000000000001 -9.266147783272758e-05
8.254999999999999 -2.7118867347575872e-05
8.265 3.840112307342074e-05
8.274999999999999 0.00010378144032451241
8.285 0.000168906197336284
8.295000000000002 0.0002336704072777912
8.305 0.0002980115058334101
8.315000000000001 0.0003618095614436955
8.325 0.0004249657003060993
8.335 0.0004873902560615616
8.344999999999999 0.0005489987251999901
8.355 0.0006097120491606453
8.365 0.0006693387641891821
8.375 0.0007277252989802851
8.385000000000002 0.0007848391805669209
8.395 0.0008405785928412331
8.405000000000001 0.0008948423345395331
8.415 0.0009475298628832042
8.425 0.000998564232598483
8.434999999999999 0.0010480144153033695
8.445 0.0010957567886070675
8.455 0.0011417148944337394
8.465 0.0011858393392173265
8.475000000000001 0.0012280874504437807
8.485 0.0012684234487792955
8.495000000000001 0.0013067573527522913
8.504999999999999 0.0013429994207569554
8.515 0.0013771603961592065
8.524999999999999 0.0014092058662665576
8.535 0.001439105241989852
8.545000000000002 0.0014668318805269621
8.555 0.0014923725032565574
8.565000000000001 0.0015158073031138243
8.575 0.0015371121256005699
8.585 0.001556282656092095
8.594999999999999 0.0015733373752720495
8.605 0.001588301273342702
8.615 0.0016012057624960603
8.625 0.0016120128445780073
8.635000000000002 0.0016206458753397974
8.645 0.0016272004439256069
8.655000000000001 0.0016316952913015062
8.665 0.001634149040643067
8.675 0.001634581448800958
8.684999999999999 0.0016330230823539615
8.695 0.0016296515573757198
8.705000000000002 0.001624487092603856
8.715 0.0016175543144606242
8.725000000000001 0.001608916013872592
8.735 0.0015986393212455076
8.745000000000001 0.0015867955254652765
8.754999999999999 0.0015734314850878231
8.765 0.0015585637354001757
8.774999999999999 0.0015422978443383247
8.785 0.0015247045331679952
8.795000000000002 0.001505854076469905
8.805 0.001485817743813869
8.815000000000001 0.001464666351564909
8.825 0.00144244028500148
8.835 0.0014192093650268077
8.844999999999999 0.0013950482205843681
8.855 0.0013700214757153496
8.865 0.001344192613549377
8.875 0.0013176237924356006
8.885000000000002 0.0012903931510741954
8.895 0.0012626120233616691
8.905000000000001 0.001234319607382904
8.915 0.0012055811020817134
8.925 0.0011764633306526441
8.934999999999999 0.0011470321717067698
8.945 0.0011173517625548055
8.955000000000002 0.0010874500548423381
8.965 0.0010573806676874662
8.975000000000001 0.0010272089022231184
8.985 0.000996984451871762
8.995000000000001 0.000966754396969034
9.004999999999999 0.0009365631194956639
9.015 0.0009064649264943685
9.024999999999999 0.0008765502852182811
9.035 0.000846839558490311
9.045000000000002 0.0008173736028599562
9.055 0.0007881952186469977
9.065000000000001 0.0007593455164364877
9.075 0.0007308634598048886
9.085 0.0007027047466740485
9.094999999999999 0.0006748682092168479
9.105 0.0006474056725132778
9.115 0.000620325088762891
9.125 0.0005936301046663208
9.135000000000002 0.0005673200451104931
9.145 0.0005414143124190158
9.155000000000001 0.0005160402451760108
9.165 0.0004911519463664701
9.175 0.00046674877425980114
9.184999999999999 0.0004428431386531523
9.195 0.0004194472279165539
9.205000000000002 0.00039657320974451223
9.215 0.00037416548587539225
9.225000000000001 0.00035218430102444047
9.235 0.0003306641703462802
9.245000000000001 0.0003095934861519694
9.254999999999999 0.0002889583281847206
9.265 0.0002687425133526879
9.274999999999999 0.0002489327751355239
9.285 0.00022954903407097652
9.295000000000002 0.00021056265156888415
9.305 0.0001919534291969615
9.315000000000001 0.00017370593931084432
9.325 0.0001558043359835315
9.335 0.00013823249526857419
9.344999999999999 0.00012097219910627268
9.355 0.00010400478416576362
9.365 8.731493183043055e-05
9.375 7.088578647994834e-05
9.385000000000002 5.470072563856557e-05
9.395 3.874348394501764e-05
9.405000000000001 2.2997808743572898e-05
9.415 7.4432156110458754e-06
9.425 -7.934651550644575e-06
9.434999999999999 -2.315012317590703e-05
9.445 -3.8217824559373244e-05
9.455000000000002 -5.315171836464102e-05
9.465 -6.796505511025431e-05
9.475000000000001 -8.265630223967295e-05
9.485 -9.72119909508684e-05
9.495000000000001 -0.00011165001192279633
9.504999999999999 -0.0001259709866134633
9.515 -0.00014017258700826533
9.524999999999999 -0.00015424969756154173
9.535 -0.00016819925977883268
9.545000000000002 -0.00018210055152557663
9.555 -0.0001959469311882095
9.565000000000001 -0.00020972823840289149
9.575 -0.00022345579659081632
9.585 -0.00023714287849651937
9.594999999999999 -0.0002508051264824061
9.605 -0.0002644026775860662
9.615 -0.00027781160444289953
9.625 -0.0002910915990641103
9.635000000000002 -0.00030422364164905914
9.645 -0.00031717960583770006
9.655000000000001 -0.0003299259665102001
9.665 -0.00034242807778907296
9.675 -0.0003547883228646124
9.684999999999999 -0.00036698780396510287
9.695 -0.0003789742449253096
9.705000000000002 -0.0003907391018048795
9.715 -0.00040227597556415247
9.725000000000001 -0.0004135810832115677
9.735 -0.0004246211381219327
9.745000000000001 -0.00043528851374053057
9.754999999999999 -0.0004456124755733521
9.765 -0.0004555724336177777
9.774999999999999 -0.00046514088931568935
9.785 -0.00047428856588825835
9.795000000000002 -0.00048298504011936086
9.805 -0.0004912469896147417
9.815000000000001 -0.0004990588717782819
9.825 -0.0005063827670365975
9.835 -0.0005132002561714545
9.844999999999999 -0.0005194942031496355
9.855 -0.0005252489597000935
9.865 -0.0005304449671380277
9.875 -0.0005350445370672199
9.885000000000002 -0.0005390420266919553
9.895 -0.0005424234851954373
9.905000000000001 -0.0005451742096637796
9.915 -0.0005472806371861184
9.925 -0.00054873030803129
9.934999999999999 -0.0005494819138116814
9.945 -0.0005495070290228833
9.955000000000002 -0.0005488003506562886
9.965 -0.0005473410549778949
9.975000000000001 -0.0005451074690896012
9.985 -0.0005420769310779163
9.995000000000001 -0.0005382503388530583
10.004999999999999 -0.0005337564206483086
10.015 -0.000528548934668552
10.024999999999999 -0.0005226303918682535
10.035 -0.0005160248782570707
10.045000000000002 -0.0005087631559753361
10.055 -0.0005008831158183106
10.065000000000001 -0.0004922680425324782
10.075 -0.00048281861935035506
10.085 -0.0004726342573032578
10.094999999999999 -0.0004617027478528395
10.105 -0.0004500076618932812
10.115 -0.00043752780967212205
10.125 -0.0004242685435891951
10.135000000000002 -0.00041047432612074426
10.145 -0.00039608504721119916
10.155000000000001 -0.0003810962833724214
10.165 -0.00036554680467611265
10.175 -0.0003494813581986297
10.184999999999999 -0.00033295102004390914
10.195 -0.00031590966594169297
10.205000000000002 -0.00029827939671406924
10.215 -0.00028017335549167146
10.225000000000001 -0.00026161187187210975
10.235 -0.00024261310144318112
10.245000000000001 -0.00022319351831897238
10.254999999999999 -0.00020337627953462712
10.265 -0.00018328313850496077
10.274999999999999 -0.00016292279117203004
10.285 -0.00014231266719040426
10.295000000000002 -0.0001214916808494849
10.305 -0.00010050049693445049
10.315000000000001 -7.938154237708581e-05
10.325 -5.8154692806484794e-05
10.335 -3.681944569788954e-05
10.344999999999999 -1.543753841721401e-05
10.355 5.956871739973407e-06
10.365 2.7331042451793243e-05
10.375 4.865298152811302e-05
10.385000000000002 6.989152983340335e-05
10.395 9.101568132254184e-05
10.405000000000001 0.0001119963728184899
10.415 0.00013280581480958347
10.425 0.00015341731218806632
10.434999999999999 0.00017380557610982932
10.445 0.0001939468178881925
10.455000000000002 0.00021379444983555857
10.465 0.00023326459897346993
10.475000000000001 0.00025235726964622905
10.485 0.0002710387812106657
10.495000000000001 0.0002892726169751995
10.504999999999999 0.00030702153217023565
10.515 0.00032425022525474356
10.524999999999999 0.0003410154964160198
10.535 0.00035729684585335925
10.545000000000002 0.0003730506357180623
10.555 0.00038826575003183536
10.565000000000001 0.00040293413400925733
10.575 0.0004170508999290243
10.585 0.0004305896709692289
10.594999999999999 0.0004434655090793546
10.605 0.00045570754784799854
10.615 0.00046730620184471153
10.625 0.0004782476569358781
10.635000000000002 0.0004885185690013429
10.645 0.000498106561333544
10.655000000000001 0.000507043910815731
10.665 0.0005153347094862438
10.675 0.000522961666309986
10.684999999999999 0.0005299277102070845
10.695 0.0005362377775964261
10.705000000000002 0.00054189880861114
10.715 0.0005469081302842313
10.725000000000001 0.000551221705725862
10.735 0.0005548658724074722
10.745000000000001 0.0005578466052364361
10.754999999999999 0.00056016570721616
10.765 0.0005618251842774821
10.774999999999999 0.00056282731333066
10.785 0.0005632298479457489
10.795000000000002 0.0005630681582295456
10.805 0.000562331464943137
10.815000000000001 0.0005610411844983226
10.825 0.0005592208283236708
10.835 0.0005568959687486781
10.844999999999999 0.0005540821497774497
10.855 0.0005507306576984484
10.865 0.0005468885678569352
10.875 0.0005425802629194001
10.885000000000002 0.0005378210224458075
10.895 0.000532625730822513
10.905000000000001 0.0005270088014907902
10.915 0.0005210003519419526
10.925 0.0005146289649678627
10.934999999999999 0.00050790086756938
10.945 0.0005008342510284031
10.955000000000002 0.0004934472451605562
10.965 0.00048575786508240135
10.975000000000001 0.00047778658962220936
10.985 0.00046957514575393964
10.995000000000001 0.00046113765268096806
11.004999999999999 0.00045249290369677863
11.015 0.0004436636168135649
11.024999999999999 0.00043467276741351407
11.035 0.00042554355219701366
11.045000000000002 0.000416281325583282
11.055 0.00040688444334324204
11.065000000000001 0.0003973868079310773
11.075 0.00038780411326534833
11.085 0.00037815098047865844
11.094999999999999 0.00036844112543885874
11.105 0.00035868899043289896
11.115 0.0003489290841469035
11.125 0.00033917103374288645
11.135000000000002 0.0003294252023596547
11.145 0.0003197060270702482
11.155000000000001 0.0003100275145454034
11.165 0.00030040323918063426
11.175 0.0002908338281561062
11.184999999999999 0.00028130728260273343
11.195 0.00027184519176327426
11.205000000000002 0.000262452893270293
11.215 0.0002531339411271773
11.225000000000001 0.00024389062032015123
11.235 0.00023472638506260595
11.245000000000001 0.00022569494523188565
11.254999999999999 0.0002167980797923794
11.265 0.00020803190658282803
11.274999999999999 0.00019940680484262655
11.285 0.00019093361052358176
11.295000000000002 0.00018262369048645992
11.305 0.0001744643378636566
11.315000000000001 0.00016640081191540015
11.325 0.00015846861713383195
11.335 0.0001506664600369638
11.344999999999999 0.00014298893117256932
11.355 0.0001354290802135291
11.365 0.00012797953213119438
11.375 0.00012067830659993458
11.385000000000002 0.00011352407830794615
11.395 0.00010650032048233288
11.405000000000001 9.960662150972984e-05
11.415 9.284279485835743e-05
11.425 8.620895281556522e-05
11.434999999999999 7.970055164955611e-05
11.445 7.329967939821262e-05
11.455000000000002 6.701277759308334e-05
11.465 6.083794524001017e-05
11.475000000000001 5.4772066882502246e-05
11.485 4.881196759747471e-05
11.495000000000001 4.295443430070178e-05
11.504999999999999 3.7195844073725186e-05
11.515 3.153281624259233e-05
11.524999999999999 2.596222205431736e-05
11.535 2.0480792659035703e-05
11.545000000000002 1.5085308911495415e-05
11.555 9.77261635191927e-06
11.565000000000001 4.540612510983796e-06
11.575 -6.086719787912328e-07
11.585 -5.679084151902335e-06
11.594999999999999 -1.067242428121432e-05
11.605 -1.558971540055498e-05
11.615 -2.043160470359087e-05
11.625 -2.5198351721965173e-05
11.635000000000002 -2.990244143442963e-05
11.645 -3.455238408592719e-05
11.655000000000001 -3.914482251225843e-05
11.665 -4.368396713735993e-05
11.675 -4.817450594075018e-05
11.684999999999999 -5.262168158402915e-05
11.695 -5.70234460973201e-05
11.705000000000002 -6.1329578353917e-05
11.715 -6.555401652341837e-05
11.725000000000001 -6.969514835270817e-05
11.735 -7.374285962771944e-05
11.745000000000001 -7.768491994938022e-05
11.754999999999999 -8.150679624147235e-05
11.765 -8.52460818543903e-05
11.774999999999999 -8.894460870488406e-05
11.785 -9.256394196114427e-05
11.795000000000002 -9.610886550102806e-05
11.805 -9.958624642642526e-05
11.815000000000001 -0.00010300521606334279
11.825 -0.00010636770698246399
11.835 -0.00010958836828886082
11.844999999999999 -0.0001126883142891905
11.855 -0.00011567426035129818
11.865 -0.00011853601403582235
11.875 -0.00012126160828128308
11.885000000000002 -0.0001238371234354675
11.895 -0.00012627845195736014
11.905000000000001 -0.00012861913712735383
11.915 -0.00013082483970947996
11.925 -0.00013289305083701304
11.934999999999999 -0.00013482259298512193
11.945 -0.00013661323292229273
11.955000000000002 -0.00013826373677682611
11.965 -0.00013974427138007485
11.975000000000001 -0.00014105640616787716
11.985 -0.0001422016691508504
11.995000000000001 -0.00014317503502017965
12.004999999999999 -0.000143971301764734
12.015 -0.00014458506988396198
12.025 -0.00014501562117820606
12.035 -0.00014526808025435881
12.045000000000002 -0.00014533353522722423
12.055 -0.00014520928245561091
12.065000000000001 -0.00014489322927901217
12.075 -0.00014438366579090607
12.085 -0.00014367981347922874
12.094999999999999 -0.0001427940891305028
12.105 -0.00014172827686679708
12.115 -0.00014048308679289145
12.125 -0.00013906393167466922
12.135000000000002 -0.00013747752659662037
12.145 -0.00013573196535480252
12.155000000000001 -0.00013381283312406615
12.165 -0.00013165858389662462
12.175 -0.00012929924468902814
12.184999999999999 -0.00012672873247474633
12.195 -0.00012393585326973618
12.205000000000002 -0.00012090707859338434
12.215 -0.00011762892502386714
12.225000000000001 -0.0001142119479252888
12.235 -0.00011067409101508135
12.245000000000001 -0.00010698770011186942
12.254999999999999 -0.0001031730545940032
12.265 -9.925440457928192e-05
12.275 -9.526025985007079e-05
12.285 -9.117962761710285e-05
12.295000000000002 -8.687075922081585e-05
12.305 -8.24152009509128e-05
12.315000000000001 -7.781997975690207e-05
12.325 -7.307792029443722e-05
12.335 -6.817879469340488e-05
12.344999999999999 -6.310979724245265e-05
12.355 -5.796574017603291e-05
12.365 -5.278168745854191e-05
12.375 -4.752010608847463e-05
12.385000000000002 -4.219586044549535e-05
12.395 -3.682581446555556e-05
12.405000000000001 -3.1428966871736135e-05
12.415 -2.6010982110726555e-05
12.425 -2.0509253247439234e-05
12.434999999999999 -1.4965399380146057e-05
12.445 -9.392552640165227e-06
12.455000000000002 -3.795106076967617e-06
12.465 1.8234991586152772e-06
12.475000000000001 7.460854437729862e-06
12.485 1.308819266264444e-05
12.495000000000001 1.868398326835453e-05
12.504999999999999 2.4255882055159402e-05
12.515 2.9794583178249035e-05
12.525 3.529051941265352e-05
12.535 4.07338512739561e-05
12.545000000000002 4.611440442663193e-05
12.555 5.1421362778741585e-05
12.565000000000001 5.6644071590347496e-05
12.575 6.177146832150308e-05
12.585 6.679212043933656e-05
12.594999999999999 7.169427415614785e-05
12.605 7.646585424153803e-05
12.615 8.11324379765844e-05
12.625 8.572609197805325e-05
12.635000000000002 9.021863886585405e-05
12.645 9.461517767976804e-05
12.655000000000001 9.892314542358577e-05
12.665 0.00010315227631690083
12.675 0.00010730240547771629
12.684999999999999 0.00011125326354636979
12.695 0.00011503077748463367
12.705000000000002 0.00011864335160297657
12.715 0.0001220747467130445
12.725000000000001 0.00012530649866459705
12.735 0.00012831781110592754
12.745000000000001 0.0001311517050716006
12.754999999999999 0.00013389356872759863
12.765 0.00013647672756625316
12.775 0.0001389061663488412
12.785 0.00014119048919571757
12.795000000000002 0.00014334056302762633
12.805 0.00014536398528176804
12.815000000000001 0.00014718230550437065
12.825 0.00014881174472984563
12.835 0.00015027016605998936
12.844999999999999 0.0001515541878498378
12.855 0.00015265977281542892
12.865 0.00015358217715763192
12.875 0.00015433534747032166
12.885000000000002 0.00015495791932992523
12.895 0.00015542779751697903
12.905000000000001 0.00015574869856793666
12.915 0.0001559263493318279
12.925 0.00015596723055029044
12.934999999999999 0.0001558775623952713
12.945 0.00015563624122750733
12.955000000000002 0.0001552481557264734
12.965 0.0001547237895659982
12.975000000000001 0.00015406508859913662
12.985 0.0001532737621287269
12.995000000000001 0.00015235125723472485
13.004999999999999 0.0001513030627422367
13.015 0.00015014361275248578
13.025 0.00014886926469864187
13.035 0.0001474830673696099
13.045000000000002 0.00014598879236171376
13.055 0.00014439027859426652
13.065000000000001 0.0001426917443099504
13.075 0.0001409161954785509
13.085 0.000139073117281892
13.094999999999999 0.00013716454837871207
13.105 0.00013520034379882413
13.115 0.00013319107023477758
13.125 0.00013114801326050767
13.135000000000002 0.0001290670454280808
13.145 0.00012689219919580837
13.155000000000001 0.0001246552524911153
13.165 0.00012235866112499019
13.175 0.00011999858010349174
13.184999999999999 0.00011756974219058026
13.195 0.00011506571303491967
13.205000000000002 0.00011254402981272328
13.215 0.00011002809398057033
13.225000000000001 0.0001074936671188765
13.235 0.00010494987720492206
13.245000000000001 0.00010240690072396915
13.254999999999999 9.987601323402239e-05
13.265 9.735822843991367e-05
13.275 9.480054975169714e-05
13.285 9.223188433670817e-05
13.295000000000002 8.965925975129765e-05
13.305 8.708222853735284e-05
13.315000000000001 8.449954300533524e-05
13.325 8.190911851740057e-05
13.335 7.933180220286679e-05
13.344999999999999 7.678338266774676e-05
13.355 7.42516076904074e-05
13.365 7.17402039600189e-05
13.375 6.925314087157112e-05
13.385000000000002 6.67946565287306e-05
13.395 6.436604708375813e-05
13.405000000000001 6.194563119824504e-05
13.415 5.954228252383122e-05
13.425 5.715874776858598e-05
13.434999999999999 5.4793666996040324e-05
13.445 5.244514880413261e-05
13.455000000000002 5.0110747573315866e-05
13.465 4.780199007268467e-05
13.475000000000001 4.5533698779348234e-05
13.485 4.329505573167589e-05
13.495000000000001 4.10883022473026e-05
13.504999999999999 3.891612022225307e-05
13.515 3.678158391959364e-05
13.525 3.468638110469698e-05
13.535 3.261268907333165e-05
13.545000000000002 3.056601074720856e-05
13.555 2.854968886873621e-05
13.565000000000001 2.656293130775104e-05
13.575 2.4604671266214265e-05
13.585 2.2673550911442782e-05
13.594999999999999 2.077189950773539e-05
13.605 1.89050052106826e-05
13.615 1.706819876458748e-05
13.625 1.5261189473519585e-05
13.635000000000002 1.3483802569587363e-05
13.645 1.1735870481715303e-05
13.655000000000001 1.0017280855073104e-05
13.665 8.328686663559679e-06
13.675 6.670029916757001e-06
13.684999999999999 5.041265790928336e-06
13.695 3.4426014446689053e-06
13.705000000000002 1.874322201741689e-06
13.715 3.3679912487400597e-07
13.725000000000001 -1.1709310862064143e-06
13.735 -2.651911712404629e-06
13.745000000000001 -4.10446341293962e-06
13.754999999999999 -5.528851671063088e-06
13.765 -6.925523042501458e-06
13.775 -8.295001399561639e-06
13.785 -9.637560232029215e-06
13.795000000000002 -1.0942719380928221e-05
13.805 -1.220897018123562e-05
13.815000000000001 -1.3437189774583311e-05
13.825 -1.462448091758859e-05
13.835 -1.5767458924187047e-05
13.844999999999999 -1.6862213946499198e-05
13.855 -1.7913726112900702e-05
13.865 -1.8949473413583892e-05
13.875 -1.9956039218078658e-05
13.885000000000002 -2.0935340840338743e-05
13.895 -2.1891891008232518e-05
13.905000000000001 -2.2831240494969112e-05
13.915 -2.3759471493631034e-05
13.925 -2.4639016836352193e-05
13.934999999999999 -2.5461574902630444e-05
13.945 -2.624028930990555e-05
13.955000000000002 -2.6969635604206947e-05
13.965 -2.764287851588696e-05
13.975000000000001 -2.8251955878564376e-05
13.985 -2.879936136868508e-05
13.995000000000001 -2.9330127981116938e-05
14.004999999999999 -2.982078811499389e-05
14.015 -3.026906449429193e-05
14.025 -3.067771520269761e-05
14.035 -3.1050426713836286e-05
14.045000000000002 -3.139183376473021e-05
14.055 -3.1681538929535774e-05
14.065000000000001 -3.191017218908269e-05
14.075 -3.208973380361828e-05
14.085 -3.221854796295747e-05
14.094999999999999 -3.229461184427948e-05
14.105 -3.231555836136976e-05
14.115 -3.22811914305351e-05
14.125 -3.220479126014932e-05
14.135000000000002 -3.208036954216869e-05
14.145 -3.1906690373986036e-05
14.155000000000001 -3.1684463819640197e-05
14.165 -3.1414643308740724e-05
14.175 -3.1098444436793824e-05
14.184999999999999 -3.0733650662873e-05
14.195 -3.0318451342369857e-05
14.205000000000002 -2.9855946818026167e-05
14.215 -2.934672863252601e-05
14.225000000000001 -2.8791446114122185e-05
14.235 -2.8190804192072028e-05
14.245000000000001 -2.7544564812441333e-05
14.254999999999999 -2.6844572683076707e-05
14.265 -2.609237958637864e-05
14.275 -2.5287646552604946e-05
14.285 -2.4428403115184066e-05
14.295000000000002 -2.3512277099076663e-05
14.305 -2.253646390207704e-05
14.315000000000001 -2.1518890034287932e-05
14.325 -2.0485891785021908e-05
14.335 -1.9424248932226465e-05
14.344999999999999 -1.834123902807361e-05
14.355 -1.7245649465945737e-05
14.365 -1.6147670987926967e-05
14.375 -1.5053108212964198e-05
14.385000000000002 -1.3897449727997021e-05
14.395 -1.2695783181433239e-05
14.405000000000001 -1.1457814565879709e-05
14.415 -1.0177185735295519e-05
14.425 -8.845807116832271e-06
14.434999999999999 -7.453727873547332e-06
14.445 -6.027461981610473e-06
14.455000000000002 -4.6290544302233655e-06
14.465 -3.2195162224559612e-06
14.475000000000001 -1.8050151684087909e-06
14.485 -3.9460740343736653e-07
14.495000000000001 1.0010747525206412e-06
14.504999999999999 2.3729014910108486e-06
14.515 3.7736653892007338e-06
14.525 5.193753183865716e-06
14.535 6.617483390252007e-06
14.545000000000002 8.046251778314783e-06
14.555 9.482330291018589e-06
14.565000000000001 1.0928935093197879e-05
14.575 1.2376647407983097e-05
14.585 1.3794016553298222e-05
14.594999999999999 1.5197971063845757e-05
14.605 1.6586343411402823e-05
14.615 1.7955296452949713e-05
14.625 1.9300602568766e-05
14.635000000000002 2.061805365240937e-05
14.645 2.1919243730489836e-05
14.655000000000001 2.3202356710765532e-05
14.665 2.446083377880739e-05
14.675 2.5693621656057285e-05
14.684999999999999 2.6899896433518634e-05
14.695 2.8079078457847237e-05
14.705000000000002 2.923108370191517e-05
14.715 3.0356724842543018e-05
14.725000000000001 3.145600983699909e-05
14.735 3.2529651686122316e-05
14.745000000000001 3.357874866520285e-05
14.754999999999999 3.4604744869171134e-05
14.765 3.560913600809338e-05
14.775 3.656534838871722e-05
14.785 3.746448890588627e-05
14.795000000000002 3.831278332774592e-05
14.805 3.9103616451385965e-05
14.815000000000001 3.98294577669102e-05
14.825 4.048182166583539e-05
14.835 4.1067108272081945e-05
14.844999999999999 4.165302824130862e-05
14.855 4.2210531468051884e-05
14.865 4.274034016634618e-05
14.875 4.325126607991012e-05
14.885000000000002 4.3753793609655164e-05
14.895 4.4260033131051755e-05
14.905000000000001 4.4713843081780736e-05
14.915 4.5085792390806974e-05
14.925 4.540941909948498e-05
14.934999999999999 4.5677947956708075e-05
14.945 4.588316975580297e-05
14.955000000000002 4.60153690415309e-05
14.965 4.607584113570333e-05
14.975000000000001 4.613699024231492e-05
14.985 4.61694220344626e-05
14.995000000000001 4.6167696949543935e-05
15.004999999999999 4.613716370828741e-05
15.015 4.608421388845486e-05
15.025 4.601632563951798e-05
15.035 4.59113570160627e-05
15.045000000000002 4.5747989438090224e-05
15.055 4.554874221728455e-05
15.065000000000001 4.5312519416936256e-05
15.075 4.503774861720342e-05
15.085 4.472238483337497e-05
15.094999999999999 4.4366529796140743e-05
15.105 4.399256807266067e-05
15.115 4.359417358095105e-05
15.125 4.316934247685251e-05
15.135000000000002 4.272021165460577e-05
15.145 4.224915786830728e-05
15.155000000000001 4.175880620191799e-05
15.165 4.124868308121988e-05
15.175 4.0716965725918174e-05
15.184999999999999 4.0168887692439655e-05
15.195 3.960646132380388e-05
15.205000000000002 3.903171354778953e-05
15.215 3.844672882484432e-05
15.225000000000001 3.785247152696032e-05
15.235 3.72342287105137e-05
15.245000000000001 3.6594580952315716e-05
15.254999999999999 3.593512576971048e-05
15.265 3.525354254712328e-05
15.275 3.4546977448543665e-05
15.285 3.381202065477487e-05
15.295000000000002 3.306136208938959e-05
15.305 3.2325030849398095e-05
15.315000000000001 3.1585976227296494e-05
15.325 3.0848055635868085e-05
15.335 3.0116647552810796e-05
15.344999999999999 2.939790633925993e-05
15.355 2.8696938725358406e-05
15.365 2.7977830039951007e-05
15.375 2.724515678221492e-05
15.385000000000002 2.6508798758396537e-05
15.395 2.576656707381899e-05
15.405000000000001 2.5015607030016822e-05
15.415 2.425235857907385e-05
15.425 2.348330801296235e-05
15.434999999999999 2.273410288091429e-05
15.445 2.1989480748900825e-05
15.455000000000002 2.12500374342094e-05
15.465 2.051791894489572e-05
15.475000000000001 1.9795603648735123e-05
15.485 1.9085566559281082e-05
15.495000000000001 1.8374702465303154e-05
15.504999999999999 1.766261866036105e-05
15.515 1.695433713921059e-05
15.525 1.6249121232095902e-05
15.535 1.554599305744786e-05
15.545000000000002 1.4843718498499356e-05
15.555 1.4144287697158721e-05
15.565000000000001 1.3459475477553837e-05
15.575 1.2783728720218707e-05
15.585 1.2117459031882932e-05
15.594999999999999 1.1462135014002236e-05
15.605 1.0819456103953714e-05
15.615000000000002 1.0191294341289079e-05
15.625 9.570046027385643e-06
15.635000000000002 8.953780087500776e-06
15.645 8.346540690453747e-06
15.655000000000001 7.747862769544129e-06
15.665 7.157101525063505e-06
15.675 6.573418120155995e-06
15.684999999999999 5.996288147090817e-06
15.695 5.427218631491091e-06
15.705000000000002 4.8641544203934995e-06
15.715 4.305828469469788e-06
15.725000000000001 3.7510638226188993e-06
15.735 3.1985177886048587e-06
15.745000000000001 2.6466788455304377e-06
15.754999999999999 2.105272636039299e-06
15.765 1.5808748841679075e-06
15.775 1.0689185105624827e-06
15.785 5.72051995356716e-07
15.795000000000002 9.346647501101901e-08
15.805 -3.630576180403072e-07
15.815000000000001 -7.972805855620439e-07
15.825 -1.234955437001374e-06
15.835 -1.6663377574479077e-06
15.844999999999999 -2.0894882456646863e-06
15.855 -2.5067252450417906e-06
15.865000000000002 -2.9209601803276764e-06
15.875 -3.3357540559203498e-06
15.885000000000002 -3.7399581368902193e-06
15.895 -4.120863051574557e-06
15.905000000000001 -4.48960756323581e-06
15.915 -4.844844785946537e-06
15.925 -5.184844316299369e-06
15.934999999999999 -5.5074945320890895e-06
15.945 -5.811862897104954e-06
15.955000000000002 -6.111889237596499e-06
15.965 -6.403307030271447e-06
15.975000000000001 -6.6841222277556935e-06
15.985 -6.95526521927844e-06
15.995000000000001 -7.217911747546006e-06
16.005000000000003 -7.473506497683799e-06
16.015 -7.716535247458628e-06
16.025 -7.937026765815281e-06
16.035 -8.140869109560477e-06
16.045 -8.326311584475141e-06
16.055 -8.491110087186944e-06
16.064999999999998 -8.632630611042673e-06
16.075000000000003 -8.74911495660597e-06
16.085 -8.857924636581873e-06
16.095 -8.956060696967821e-06
16.105 -9.040633720642089e-06
16.115000000000002 -9.113566881538378e-06
16.125 -9.177284895392929e-06
16.134999999999998 -9.234759116475158e-06
16.145 -9.282028013998565e-06
16.155 -9.306040202023138e-06
16.165 -9.316417679806483e-06
16.175 -9.31333815515368e-06
16.185000000000002 -9.296372374677165e-06
16.195 -9.26489774027994e-06
16.205 -9.218111729620714e-06
16.215 -9.155911074450618e-06
16.225 -9.077115972970822e-06
16.235 -8.980126364221946e-06
16.245 -8.86334623031139e-06
16.255000000000003 -8.724899620402734e-06
16.265 -8.562610916923075e-06
16.275 -8.379653651696762e-06
16.285 -8.190820148438574e-06
16.295 -7.988497001917977e-06
16.305 -7.773783666441429e-06
16.314999999999998 -7.549020071940249e-06
16.325000000000003 -7.317056015253531e-06
16.335 -7.080955855650835e-06
16.345 -6.826419046657124e-06
16.355 -6.552287425176924e-06
16.365000000000002 -6.2645698730910615e-06
16.375 -5.962558455959727e-06
16.384999999999998 -5.645273660255334e-06
16.395 -5.311437552541295e-06
16.405 -4.962918529523215e-06
16.415 -4.6123363853053664e-06
16.425 -4.254166893802119e-06
16.435000000000002 -3.888865453835227e-06
16.445 -3.5180804288440704e-06
16.455 -3.143696658980602e-06
16.465 -2.767776544803711e-06
16.475 -2.379598368611502e-06
16.485 -1.9750046501007222e-06
16.495 -1.5586474980472711e-06
16.505000000000003 -1.1286442146757654e-06
16.515 -6.826714274607541e-07
16.525 -2.179358199113849e-07
16.535 2.6309452416146646e-07
16.545 7.313275229759825e-07
16.555 1.1969657449670569e-06
16.564999999999998 1.6592133790600304e-06
16.575000000000003 2.1134102289387973e-06
16.585 2.5541034828340195e-06
16.595 2.9750023339785782e-06
16.605 3.3976879743747954e-06
16.615000000000002 3.837566099270617e-06
16.625 4.278344041976236e-06
16.634999999999998 4.722527976183274e-06
16.645 5.17338109838199e-06
16.655 5.634976737262258e-06
16.665 6.1074978145195415e-06
16.675 6.559053615519312e-06
16.685000000000002 7.001081601432384e-06
16.695 7.4364746326120255e-06
16.705 7.8628373464071e-06
16.715 8.277334656539482e-06
16.725 8.676661622041382e-06
16.735 9.068440150583929e-06
16.745 9.462408489398716e-06
16.755000000000003 9.84898650951123e-06
16.765 1.0228427486720948e-05
16.775 1.0601242654343585e-05
16.785 1.0968162987006372e-05
16.795 1.1329382949494155e-05
16.805 1.1677287977982195e-05
16.814999999999998 1.2013811682757275e-05
16.825000000000003 1.233995691163664e-05
16.835 1.2655163322006313e-05
16.845 1.2958819071808764e-05
16.855 1.3250256443271407e-05
16.865000000000002 1.3528243570681104e-05
16.875 1.379110880139683e-05
16.884999999999998 1.4038288829877162e-05
16.895 1.4268570453253021e-05
16.905 1.4480614432845095e-05
16.915 1.4672964179435681e-05
16.925 1.4845043462251819e-05
16.935000000000002 1.5012854163692301e-05
16.945 1.517523137723905e-05
16.955 1.5330755767865195e-05
16.965 1.548249791722858e-05
16.975 1.5634054464396307e-05
16.985 1.5789566636372935e-05
16.995 1.593922770455237e-05
17.005000000000003 1.6053478414958162e-05
17.015 1.614933223507082e-05
17.025 1.622408110400857e-05
17.035 1.6273230850266432e-05
17.045 1.6291506770621056e-05
17.055 1.627428689041759e-05
17.064999999999998 1.6259428782915723e-05
17.075000000000003 1.6246151788221085e-05
17.085 1.6224433787044685e-05
17.095 1.619810568536096e-05
17.105 1.6171760823224203e-05
17.115000000000002 1.615078949806459e-05
17.125 1.6129338720457814e-05
17.134999999999998 1.6075145243662615e-05
17.145000000000003 1.6007620114381124e-05
17.155 1.5927115323922634e-05
17.165 1.5831568485376962e-05
17.175 1.5718434919889326e-05
17.185000000000002 1.5584977813536814e-05
17.195 1.5448472227584268e-05
17.205 1.5311416971849243e-05
17.215 1.5166988949751983e-05
17.225 1.501657076927462e-05
17.235 1.48617849091472e-05
17.245 1.4704505902233556e-05
17.255000000000003 1.4544107098353967e-05
17.265 1.4370777805036442e-05
17.275 1.419026792450748e-05
17.285 1.4003409508185638e-05
17.295 1.3810020439142527e-05
17.305 1.3609804147858146e-05
17.314999999999998 1.3402351571598761e-05
17.325000000000003 1.3189338368775636e-05
17.335 1.2971293880022368e-05
17.345 1.2746972961580081e-05
17.355 1.2516206005389461e-05
17.365000000000002 1.2278776483551866e-05
17.375 1.2034419851188506e-05
17.384999999999998 1.178456844300169e-05
17.395000000000003 1.1539453315089036e-05
17.405 1.1296592742229994e-05
17.415 1.105701156087821e-05
17.425 1.0823136524314057e-05
17.435000000000002 1.0597712692582322e-05
17.445 1.0383817534360078e-05
17.455 1.016681503310174e-05
17.465 9.934665381779936e-06
17.475 9.69727905134857e-06
17.485 9.451667915210107e-06
17.495 9.194234255364029e-06
17.505000000000003 8.920737051656962e-06
17.515 8.631067145044112e-06
17.525 8.360648628013499e-06
17.535 8.097976042402471e-06
17.545 7.840289158133989e-06
17.555 7.5911909633529135e-06
17.564999999999998 7.35497176517694e-06
17.575000000000003 7.136653261255206e-06
17.585 6.921919174322246e-06
17.595 6.690753027439872e-06
17.605 6.459956520709736e-06
17.615000000000002 6.2278073424628845e-06
17.625 5.991938180632794e-06
17.634999999999998 5.74944994478126e-06
17.645000000000003 5.498863143927481e-06
17.655 5.261025073944297e-06
17.665 5.030314449487849e-06
17.675 4.803152300003698e-06
17.685000000000002 4.580763203974685e-06
17.695 4.364638941370924e-06
17.705 4.156560718271462e-06
17.715 3.952878100452287e-06
17.725 3.7451899954774093e-06
17.735 3.5397683658793687e-06
17.745 3.3363063705169105e-06
17.755000000000003 3.1341693505028716e-06
17.765 2.9325705667651865e-06
17.775 2.7308342514594205e-06
17.785 2.5332708395629624e-06
17.795 2.3389724064685156e-06
17.805 2.1466140879377907e-06
17.814999999999998 1.956182059609276e-06
17.825000000000003 1.767687187554588e-06
17.835 1.581168468422318e-06
17.845 1.3976909730721472e-06
17.855 1.2199486675200028e-06
17.865000000000002 1.047348432590456e-06
17.875 8.807990389133134e-07
17.884999999999998 7.214686496879227e-07
17.895000000000003 5.707117836476423e-07
17.905 4.297552958031242e-07
17.915 2.887241151239179e-07
17.925 1.4710346823036138e-07
17.935000000000002 7.261800969575713e-09
17.945 -1.323161716695109e-07
17.955 -2.73485800043666e-07
17.965 -4.1847195732516024e-07
17.975 -5.649925160750876e-07
17.985 -6.987244310267069e-07
17.995 -8.274164012150082e-07
18.005000000000003 -9.50879236027148e-07
18.015 -1.06769493042808e-06
18.025 -1.1761179970679638e-06
18.035 -1.2741859971431813e-06
18.045 -1.3711623220514302e-06
18.055 -1.468823683493361e-06
18.064999999999998 -1.5629517648855006e-06
18.075000000000003 -1.6541903705101345e-06
18.085 -1.7433687295873717e-06
18.095 -1.8315201266626886e-06
18.105 -1.9179997645672394e-06
18.115000000000002 -1.9951537790805987e-06
18.125 -2.0665332783977674e-06
18.134999999999998 -2.1322898640553434e-06
18.145000000000003 -2.191735401328378e-06
18.155 -2.2440464228158952e-06
18.165 -2.2882655027318845e-06
18.175 -2.32921733632358e-06
18.185000000000002 -2.3694614096309477e-06
18.195 -2.406553262766745e-06
18.205 -2.4413744119417686e-06
18.215 -2.4750003544244946e-06
18.225 -2.5087170699542616e-06
18.235 -2.5423473718178876e-06
18.245 -2.5664568488637907e-06
18.255000000000003 -2.5846353088154873e-06
18.265 -2.59727857485122e-06
18.275 -2.6033543208113265e-06
18.285 -2.6015949359869227e-06
18.295 -2.590477515069846e-06
18.305 -2.5738019189237765e-06
18.314999999999998 -2.5551236501821467e-06
18.325000000000003 -2.5304052048577066e-06
18.335 -2.499692900370815e-06
18.345 -2.4631160320996334e-06
18.355 -2.4208936635953693e-06
18.365000000000002 -2.373430305545991e-06
18.375 -2.321959095765516e-06
18.384999999999998 -2.26696598064658e-06
18.395000000000003 -2.209229562894802e-06
18.405 -2.1498193308881866e-06
18.415 -2.089990397456685e-06
18.425 -2.0311953505881013e-06
18.435000000000002 -1.9696221750361122e-06
18.445 -1.8990983653280644e-06
18.455 -1.8241630202455512e-06
18.465 -1.7440174978660545e-06
18.475 -1.657559960642226e-06
18.485 -1.5634253811055278e-06
18.495 -1.460808726370887e-06
18.505000000000003 -1.3594392702903244e-06
18.515 -1.2571149439566806e-06
18.525 -1.1521898998473267e-06
18.535 -1.0454074476312634e-06
18.545 -9.376747118777013e-07
18.555 -8.300761549690561e-07
18.564999999999998 -7.206021832624044e-07
18.575000000000003 -6.040028578418759e-07
18.585 -4.839665853837846e-07
18.595 -3.6026013853958984e-07
18.605 -2.324077392124151e-07
18.615000000000002 -9.981887350104212e-08
18.625 3.784112402768134e-08
18.634999999999998 1.729905024566096e-07
18.645000000000003 3.056916677255738e-07
18.655 4.368224361873086e-07
18.665 5.649377329005631e-07
18.675 6.883627769574736e-07
18.685000000000002 8.051793459403063e-07
18.695 9.185085746460468e-07
18.705 1.0406704837715342e-06
18.715 1.1648215058302865e-06
18.725 1.2918523722112918e-06
18.735 1.4235643079052654e-06
18.745 1.562139922907864e-06
18.755000000000003 1.709758682809797e-06
18.765 1.8524836648170027e-06
18.775 1.989635955317594e-06
18.785 2.1257316865090704e-06
18.795 2.259490878381975e-06
18.805 2.389340970584918e-06
18.814999999999998 2.5133962561811146e-06
18.825000000000003 2.632465849537161e-06
18.835 2.755380093338547e-06
18.845 2.876342981741263e-06
18.855 2.994502056996486e-06
18.865000000000002 3.109732683706893e-06
18.875 3.221970395020489e-06
18.884999999999998 3.3312173728245945e-06
18.895000000000003 3.437539285556877e-06
18.905 3.541085959289137e-06
18.915 3.6420967350515724e-06
18.925 3.7408962022280975e-06
18.935000000000002 3.837903149840363e-06
18.945 3.93363528532016e-06
18.955 4.027777933965077e-06
18.965 4.116278852127294e-06
18.975 4.200984186127114e-06
18.985 4.282018216112394e-06
18.995 4.359037402064739e-06
19.005000000000003 4.431635287752319e-06
19.015 4.499341004026082e-06
19.025 4.564428742825555e-06
19.035 4.6282159086976685e-06
19.045 4.689362324447918e-06
19.055 4.748200421040683e-06
19.064999999999998 4.8051270554523e-06
19.075000000000003 4.860606155867555e-06
19.085 4.914129199505331e-06
19.095 4.958953111251693e-06
19.105 4.996920673290504e-06
19.115000000000002 5.027824691869026e-06
19.125 5.050412856369388e-06
19.134999999999998 5.063246537447247e-06
19.145000000000003 5.0646924728108754e-06
19.155 5.0627902225369735e-06
19.165 5.06603313762962e-06
19.175 5.068426183505727e-06
19.185000000000002 5.071983922199588e-06
19.195 5.079112750870263e-06
19.205 5.092612073686888e-06
19.215 5.113250640542491e-06
19.225 5.120152639066335e-06
19.235 5.11958775171503e-06
19.245 5.113902318668016e-06
19.255000000000003 5.101202417379346e-06
19.265 5.0791936219656735e-06
19.275 5.04515985575064e-06
19.285 5.006139889457893e-06
19.295 4.974303840923469e-06
19.305 4.940010634282785e-06
19.314999999999998 4.9040242307321244e-06
19.325000000000003 4.867498481358273e-06
19.335 4.831829049932377e-06
19.345 4.797980538176774e-06
19.355 4.7574988347723776e-06
19.365000000000002 4.712600530360411e-06
19.375 4.665325192269058e-06
19.384999999999998 4.615506792774907e-06
19.395000000000003 4.562911322196302e-06
19.405 4.507231911636574e-06
19.415 4.449342781079854e-06
19.425 4.391493299366062e-06
19.435000000000002 4.332232388971224e-06
19.445 4.271678078838856e-06
19.455 4.210032025449493e-06
19.465 4.14751461146226e-06
19.475 4.084349334415475e-06
19.485 4.020383755466424e-06
19.495 3.955853345090621e-06
19.505000000000003 3.89106554951812e-06
19.515 3.826224637387755e-06
19.525 3.7615428285841404e-06
19.535 3.6972402590230367e-06
19.545 3.6322614623294582e-06
19.555 3.563058079636258e-06
19.564999999999998 3.491001896609491e-06
19.575000000000003 3.4154522840366133e-06
19.585 3.3354693355183057e-06
19.595 3.249967604713166e-06
19.605 3.1579475174827975e-06
19.615000000000002 3.0697920794541384e-06
19.625 2.9870594484010917e-06
19.634999999999998 2.9072292278193406e-06
19.645000000000003 2.832201232501061e-06
19.655 2.764208932647493e-06
19.665 2.70583868650999e-06
19.675 2.6546110981720974e-06
19.685000000000002 2.592085275739235e-06
19.695 2.5275294372007446e-06
19.705 2.460758782786354e-06
19.715 2.3897858931776105e-06
19.725 2.312210428895275e-06
19.735 2.225304038803131e-06
19.745 2.142340414985805e-06
19.755000000000003 2.0673526955440157e-06
19.765 1.993673639654485e-06
19.775 1.922461637841923e-06
19.785 1.855152206138079e-06
19.795 1.7934796580143491e-06
19.805 1.736970718603513e-06
19.814999999999998 1.6741686460761288e-06
19.825000000000003 1.6105672000913098e-06
19.835 1.546973534211726e-06
19.845 1.4827818867275729e-06
19.855 1.417239623553138e-06
19.865000000000002 1.3494368534484852e-06
19.875 1.282971083148196e-06
19.884999999999998 1.2201765017424114e-06
19.895000000000003 1.1584571606245147e-06
19.905 1.0981385686200627e-06
19.915 1.0396205609492406e-06
19.925 9.833835922219577e-07
19.935000000000002 9.295991540987929e-07
19.945 8.759047025231484e-07
19.955 8.234547960388642e-07
19.965 7.727020571135651e-07
19.975 7.237104303205781e-07
19.985 6.765319585142604e-07
19.995 6.312052284715645e-07
20.005000000000003 5.863378248638139e-07
20.015 5.402570149279396e-07
20.025 4.934881497148649e-07
20.035 4.4527649028904523e-07
20.045 3.9472993085953245e-07
20.055 3.408142386363678e-07
20.064999999999998 2.8339596249127723e-07
20.075000000000003 2.327245878863665e-07
20.085 1.8670741246469108e-07
20.095 1.4483689189396894e-07
20.105 1.0883348087761896e-07
20.115000000000002 8.075105757675408e-08
20.125 6.300171417548826e-08
20.134999999999998 4.91228731519792e-08
20.145000000000003 2.6539341687818755e-08
20.155 3.732679833626983e-09
20.165 -2.0800593582625615e-08
20.175 -4.917243699894692e-08
20.185000000000002 -8.393896166242969e-08
20.195 -1.2691204456709737e-07
20.205 -1.6099144994547157e-07
20.215 -1.892835972596945e-07
20.225 -2.1520546564405518e-07
20.235 -2.3740622317413898e-07
20.245 -2.5419766870858816e-07
20.255000000000003 -2.6352456974385086e-07
20.265 -2.6871191385289196e-07
20.275 -2.804970507382701e-07
20.285 -2.916656146636246e-07
20.295 -3.0248111767059706e-07
20.305 -3.137574583175345e-07
20.314999999999998 -3.265045848488249e-07
20.325000000000003 -3.4167038215604033e-07
20.335 -3.5280629158165264e-07
20.345 -3.6026224358315985e-07
20.355 -3.659130504890216e-07
20.365000000000002 -3.6932299503783986e-07
20.375 -3.6995223063389097e-07
20.384999999999998 -3.671476575886049e-07
20.395000000000003 -3.6157572302989474e-07
20.405 -3.569456229072734e-07
20.415 -3.510313022680115e-07
20.425 -3.438092245145939e-07
20.435000000000002 -3.3552751538523273e-07
20.445 -3.2649824510684156e-07
20.455 -3.1708176154161035e-07
20.465 -3.0646962255297664e-07
20.475 -2.947805750798627e-07
20.485 -2.8270326587506465e-07
20.495 -2.704908007431142e-07
20.505000000000003 -2.584233357036335e-07
20.515 -2.4680908703501925e-07
20.525 -2.3523716208454435e-07
20.535 -2.208341757072805e-07
20.545 -2.0470325113802332e-07
20.555 -1.8658485772056024e-07
20.564999999999998 -1.6588348201570556e-07
20.575000000000003 -1.418850321520865e-07
20.585 -1.1377195132183425e-07
20.595 -8.55456256396372e-08
20.605 -5.880947671119606e-08
20.615000000000002 -3.1600431147667866e-08
20.625 -4.470052713396512e-09
20.634999999999998 2.190215389694457e-08
20.645000000000003 4.669888798574487e-08
20.655 7.00156020834592e-08
20.665 9.700223111730337e-08
20.675 1.252962629049836e-07
20.685000000000002 1.545067389351168e-07
20.695 1.8493401382755003e-07
20.705 2.1696029408806934e-07
20.715 2.510562732748758e-07
20.725 2.85070661043854e-07
20.735 3.1733311889667917e-07
20.745 3.493314402721813e-07
20.755000000000003 3.807305734570514e-07
20.765 4.111356460357928e-07
20.775 4.4008780020799644e-07
20.785 4.676374166808176e-07
20.795 4.979526883928511e-07
20.805 5.298236608774362e-07
20.814999999999998 5.631124948712687e-07
20.825000000000003 5.984232650861725e-07
20.835 6.364738835584281e-07
20.845 6.78102628757433e-07
20.855 7.200457607764488e-07
20.865000000000002 7.57956572700807e-07
20.875 7.948453671940816e-07
20.884999999999998 8.299029381025635e-07
20.895000000000003 8.621271284325575e-07
20.905 8.903366014933018e-07
20.915 9.13915007625904e-07
20.925 9.403445326444102e-07
20.935000000000002 9.675001983376148e-07
20.945 9.9414445222017e-07
20.955 1.0207629272004359e-06
20.965 1.047976982493926e-06
20.975 1.0765530469900082e-06
20.985 1.1051697358479766e-06
20.995 1.1308317278459033e-06
21.005000000000003 1.1561082360648821e-06
21.015 1.1811059270484562e-06
21.025 1.205856304403281e-06
21.035 1.2303773131732058e-06
21.045 1.2546373550539665e-06
21.055 1.2779872426160858e-06
21.064999999999998 1.300355287586126e-06
21.075000000000003 1.3216629738005256e-06
21.085 1.3416371768434284e-06
21.095 1.3599533464200797e-06
21.105 1.3762326628137496e-06
21.115000000000002 1.3910347104217115e-06
21.125 1.4063491254794774e-06
21.134999999999998 1.4208618883888024e-06
21.145000000000003 1.434618071191903e-06
21.155 1.4477796278893514e-06
21.165 1.4605495096879612e-06
21.175 1.473112689774571e-06
21.185000000000002 1.4837421001576082e-06
21.195 1.4924112416153503e-06
21.205 1.4995625863764136e-06
21.215 1.5050035346005988e-06
21.225 1.5085106686472151e-06
21.235 1.5098279777020216e-06
21.245 1.5097084044601914e-06
21.255000000000003 1.5113573059611046e-06
21.265 1.51344174783639e-06
21.275 1.5163444320052667e-06
21.285 1.5207264033323995e-06
21.295 1.5273485941809252e-06
21.305 1.5369832068637857e-06
21.314999999999998 1.5437452853472013e-06
21.325000000000003 1.5463253775959916e-06
21.335 1.5465965426747798e-06
21.345 1.5435682055662414e-06
21.355 1.5360638172342535e-06
21.365000000000002 1.5227108730926864e-06
21.375 1.5045040659700814e-06
21.384999999999998 1.4914645814491985e-06
21.395000000000003 1.4788180116443705e-06
21.405 1.4664644268448105e-06
21.415 1.4553989367402183e-06
21.425 1.446818738296631e-06
21.435000000000002 1.4421127458535965e-06
21.445 1.4356053742810894e-06
21.455 1.424900247890204e-06
21.465 1.4135141316763378e-06
21.475 1.401073291781112e-06
21.485 1.3870970402773356e-06
21.495 1.3709901114771238e-06
21.505000000000003 1.352805142234393e-06
21.515 1.3365502091040234e-06
21.525 1.320372949864328e-06
21.535 1.3038514348710255e-06
21.545 1.2871066645433055e-06
21.555 1.2702872573703173e-06
21.564999999999998 1.2535715075568996e-06
21.575000000000003 1.2364185119423016e-06
21.585 1.2183751183948012e-06
21.595 1.1999636483786926e-06
21.605 1.1811734691900408e-06
21.615000000000002 1.1619881276688734e-06
21.625 1.1423851694694464e-06
21.634999999999998 1.122335310549652e-06
21.645000000000003 1.1017982276971899e-06
21.655 1.080731987582399e-06
21.665 1.0590861890278402e-06
21.675 1.036801861378984e-06
21.685000000000002 1.0138117740057252e-06
21.695 9.900400641450992e-07
21.705 9.665657184461434e-07
21.715 9.449041218848708e-07
21.725 9.244008533029006e-07
21.735 9.055450579272997e-07
21.745 8.889131991467908e-07
21.755000000000003 8.7516265247079e-07
21.765 8.644760317096085e-07
21.775 8.503486530803881e-07
21.785 8.338881923518609e-07
21.795 8.156128763146054e-07
21.805 7.944819241185333e-07
21.814999999999998 7.692630574640027e-07
21.825000000000003 7.385197069771183e-07
21.835 7.059059773676361e-07
21.845 6.799006760912855e-07
21.855 6.550499793523976e-07
21.865000000000002 6.322133474502609e-07
21.875 6.12682248219074e-07
21.884999999999998 5.980018740282743e-07
21.895000000000003 5.893961737721396e-07
21.905 5.766087202652427e-07
21.915 5.610017274076768e-07
21.925 5.449874917780187e-07
21.935000000000002 5.277842963883347e-07
21.945 5.084207760744334e-07
21.955 4.857210384551507e-07
21.965 4.613641727447807e-07
21.975 4.419666785434633e-07
21.985 4.2325921827724893e-07
21.995 4.0529442626446255e-07
22.005000000000003 3.8851188794953965e-07
22.015 3.734534549335256e-07
22.025 3.6066555842128364e-07
22.035 3.4685848329843414e-07
22.045 3.3201703867773174e-07
22.055 3.1728446509661913e-07
22.064999999999998 3.024755499563387e-07
22.075000000000003 2.8735892770117443e-07
22.085 2.7165313981576185e-07
22.095 2.555479829157349e-07
22.105 2.4056429591417306e-07
22.115000000000002 2.2576862176642367e-07
22.125 2.1107638508142297e-07
22.134999999999998 1.9652447902533379e-07
22.145000000000003 1.8216506173513166e-07
22.155 1.6807481221682795e-07
22.165 1.5508091969881556e-07
22.175 1.4359490853324633e-07
22.185000000000002 1.3367531175943394e-07
22.195 1.2574754933074726e-07
22.205 1.2030215206175332e-07
22.215 1.1789862083575173e-07
22.225 1.1788858438704117e-07
22.235 1.146336674347556e-07
22.245 1.1020613894122233e-07
22.255000000000003 1.042636122295878e-07
22.265 9.576417314305534e-08
22.275 8.347121382760738e-08
22.285 6.595173157598812e-08
22.295 4.976185792635992e-08
22.305 3.850357734470972e-08
22.314999999999998 2.8471818305781928e-08
22.325000000000003 2.0694713380016672e-08
22.335 1.6441669174145437e-08
22.345 1.7242927387563996e-08
22.355 2.3083447729236885e-08
22.365000000000002 2.3595709012967427e-08
22.375 2.300428691938527e-08
22.384999999999998 2.2125796691765965e-08
22.395000000000003 2.0200433480888382e-08
22.405 1.6282555349598818e-08
22.415 9.22483486083045e-09
22.425 2.660445475033942e-09
22.435000000000002 2.1003152559162012e-10
22.445 -1.579843862068895e-09
22.455 -2.3652696880083667e-09
22.465 -1.7044866169536104e-09
22.475 9.455211787133453e-10
22.485 5.764389649202743e-09
22.495 8.934811918106079e-09
22.505000000000003 1.1694915261898757e-08
22.515 1.4536808399821221e-08
22.525 1.7209630725695343e-08
22.535 1.940619782925643e-08
22.545 2.075851933923076e-08
22.555 2.209045548481637e-08
22.564999999999998 2.4808729202903676e-08
22.575000000000003 2.7740743925061365e-08
22.585 3.094932953581685e-08
22.595 3.4542349904882903e-08
22.605 3.8658533915288175e-08
22.615000000000002 4.345624891833128e-08
22.625 4.894158947469087e-08
22.634999999999998 5.5359159368143317e-08
22.645000000000003 6.298197307651938e-08
22.655 7.207769983079125e-08
22.665 8.295053583903555e-08
22.675 9.594258200409066e-08
22.685000000000002 1.0963608861913283e-07
22.695 1.2065138518251695e-07
22.705 1.305985256787466e-07
22.715 1.388095859610193e-07
22.725 1.4439073929559639e-07
22.735 1.4629609253623072e-07
22.745 1.4370661465286108e-07
22.755000000000003 1.444097204338721e-07
22.765 1.4794302150535234e-07
22.775 1.5275645793859066e-07
22.785 1.598660836631619e-07
22.795 1.7050746978607602e-07
22.805 1.8615031535536173e-07
22.814999999999998 2.0475369814353722e-07
22.825000000000003 2.1748009286457344e-07
22.835 2.2958885310480545e-07
22.845 2.40826573006493e-07
22.855 2.5033503500394627e-07
22.865000000000002 2.570663931179947e-07
22.875 2.5993813816904655e-07
22.884999999999998 2.650967795324243e-07
22.895000000000003 2.7283504685101414e-07
22.905 2.8089545840156685e-07
22.915 2.896686151793412e-07
22.925 2.996462463139462e-07
22.935000000000002 3.1142875619913344e-07
22.945 3.244711604652055e-07
22.955 3.347033905673651e-07
22.965 3.4429852637534156e-07
22.975 3.5331235453565606e-07
22.985 3.6144242409160115e-07
22.995 3.683267363092453e-07
23.005000000000003 3.7356050437215075e-07
23.015 3.792253078943831e-07
23.025 3.859245427460023e-07
23.035 3.927024385471778e-07
23.045 3.997848535725809e-07
23.055 4.0744844922055907e-07
23.064999999999998 4.1602402258815196e-07
23.075000000000003 4.2547729949724637e-07
23.085 4.340219314264908e-07
23.095 4.426192584975135e-07
23.105 4.514597426258402e-07
23.115000000000002 4.6051890678669524e-07
23.125 4.6975374520166734e-07
23.134999999999998 4.791006426545696e-07
23.145000000000003 4.876896932841484e-07
23.155 4.948426457225832e-07
23.165 5.006118442961361e-07
23.175 5.045188677966145e-07
23.185000000000002 5.060139236767465e-07
23.195 5.044722641143297e-07
23.205 5.000760145605197e-07
23.215 4.985264361263793e-07
23.225 4.980080999059027e-07
23.235 4.98424041796208e-07
23.245 5.006153201292167e-07
23.255000000000003 5.055818821322792e-07
23.265 5.144904585155531e-07
23.275 5.234104979403486e-07
23.285 5.279555428582178e-07
23.295 5.318683227237658e-07
23.305 5.345599827264792e-07
23.314999999999998 5.352858875659994e-07
23.325000000000003 5.331490243427397e-07
23.335 5.27799531120401e-07
23.345 5.254408833596039e-07
23.355 5.241087549851672e-07
23.365000000000002 5.2288192443377e-07
23.375 5.221197482610863e-07
23.384999999999998 5.222652847409036e-07
23.395000000000003 5.238508076647934e-07
23.405 5.254499191332221e-07
23.415 5.244713253862005e-07
23.425 5.22869520445529e-07
23.435000000000002 5.204580440014656e-07
23.445 5.169644996806306e-07
23.455 5.120655423013623e-07
23.465 5.055891468616416e-07
23.475 5.003657949889053e-07
23.485 4.959537285627232e-07
23.495 4.919444855168369e-07
23.505000000000003 4.886786395679535e-07
23.515 4.865578635849136e-07
23.525 4.86048140060501e-07
23.535 4.861424209263404e-07
23.545 4.839902600981452e-07
23.555 4.813692435001134e-07
23.564999999999998 4.780602710245783e-07
23.575000000000003 4.7368556876397715e-07
23.585 4.677939177787059e-07
23.595 4.5998793532306674e-07
23.605 4.5316305493799976e-07
23.615000000000002 4.4708926994075276e-07
23.625 4.4095606476129036e-07
23.634999999999998 4.3496338074284493e-07
23.645000000000003 4.293599913540747e-07
23.655 4.244468686677589e-07
23.665 4.1991512141367787e-07
23.675 4.1414615971116593e-07
23.685000000000002 4.0819941050901057e-07
23.695 4.0213387277778496e-07
23.705 3.9590395470967426e-07
23.715 3.8944892803279125e-07
23.725 3.8270085721307716e-07
23.735 3.760600639050283e-07
23.745 3.695560391070395e-07
23.755000000000003 3.630213482900187e-07
23.765 3.5646620906791703e-07
23.775 3.4990145762351945e-07
23.785 3.4333860624367775e-07
23.795 3.368226317322983e-07
23.805 3.3050224305926513e-07
23.814999999999998 3.2435838981615146e-07
23.825000000000003 3.184331542155904e-07
23.835 3.1278405333461424e-07
23.845 3.0747538409137356e-07
23.855 3.02572895661077e-07
23.865000000000002 2.971918798728525e-07
23.875 2.9093605348219183e-07
23.884999999999998 2.840436833059779e-07
23.895000000000003 2.7626108172456465e-07
23.905 2.672929113614273e-07
23.915 2.5679948469880023e-07
23.925 2.450758300725846e-07
23.935000000000002 2.3555600535447303e-07
23.945 2.2701590972735308e-07
23.955 2.1955398660685814e-07
23.965 2.1373300506835354e-07
23.975 2.102171645524208e-07
23.985 2.0977778804415393e-07
23.995 2.090895459214304e-07
24.005000000000003 2.0575768304331107e-07
24.015 2.0200408153390706e-07
24.025 1.972827490888261e-07
24.035 1.9092529165730728e-07
24.045 1.8213156249008707e-07
24.055 1.708056797941955e-07
24.065 1.62553745502124e-07
24.075000000000003 1.552879686004937e-07
24.085 1.484642285195324e-07
24.095 1.4249387556939204e-07
24.105 1.3788544061960376e-07
24.115000000000002 1.3525207811363565e-07
24.125 1.3285052698233005e-07
24.134999999999998 1.2848209978027946e-07
24.145000000000003 1.2410925735466402e-07
24.155 1.1957438116377963e-07
24.165 1.1466207742396052e-07
24.175 1.091060682827409e-07
24.185000000000002 1.0277846808759035e-07
24.195 9.751798411754134e-08
24.205 9.278269588176437e-08
24.215 8.827000937368574e-08
24.225 8.407692544562255e-08
24.235 8.032262352528033e-08
24.245 7.715052505816488e-08
24.255000000000003 7.431233750098427e-08
24.265 7.12698261355497e-08
24.275 6.847966317265514e-08
24.285 6.594816041460935e-08
24.295 6.366506263691268e-08
24.305 6.161317537980376e-08
24.315 5.97371110368867e-08
24.325000000000003 5.7461392111495715e-08
24.335 5.471430268492012e-08
24.345 5.141660081638023e-08
24.355 4.7334307805821076e-08
24.365000000000002 4.219718468416663e-08
24.375 3.5696188268725416e-08
24.384999999999998 2.877932841582263e-08
24.395000000000003 2.4208280800966753e-08
24.405 2.0633825616009292e-08
24.415 1.8484582945231765e-08
24.425 1.83864790309232e-08
24.435000000000002 2.107783980990364e-08
24.445 2.7207278330238852e-08
24.455 3.136231606446142e-08
24.465 3.350244422705019e-08
24.475 3.489007800119996e-08
24.485 3.479337056638808e-08
24.495 3.232316713548974e-08
24.505000000000003 2.6420430784559363e-08
24.515 1.8308444045765475e-08
24.525 1.468454236246606e-08
24.535 1.181080977919322e-08
24.545 9.819470464607896e-09
24.555 9.377128950712873e-09
24.565 1.130077966426303e-08
24.575000000000003 1.648217807354287e-08
24.585 2.0299631756357532e-08
24.595 2.2089484392027682e-08
24.605 2.376289443538301e-08
24.615000000000002 2.4974958207206378e-08
24.625 2.5291604655860134e-08
24.634999999999998 2.4182018600002502e-08
24.645000000000003 2.1936076175992816e-08
24.655 2.194264743863187e-08
24.665 2.243725352539697e-08
24.675 2.32741312333797e-08
24.685000000000002 2.465078859894897e-08
24.695 2.6811611757816258e-08
24.705 3.0045903433432115e-08
24.715 3.31898244944319e-08
24.725 3.578479444731361e-08
24.735 3.8532929641114115e-08
24.745 4.136547276587789e-08
24.755000000000003 4.4193594942412736e-08
24.765 4.690686243288725e-08
24.775 4.940385871123496e-08
24.785 5.172451171261439e-08
24.795 5.3649910891880673e-08
24.805 5.499899077289144e-08
24.815 5.558914998238999e-08
24.825000000000003 5.5214792113447406e-08
24.835 5.364611303468872e-08
24.845 5.236859340270475e-08
24.855 5.26703169685603e-08
24.865000000000002 5.375689094712046e-08
24.875 5.608838678337792e-08
24.884999999999998 6.021324174399208e-08
24.895000000000003 6.677350420095613e-08
24.905 7.582152196677679e-08
24.915 8.230043581314049e-08
24.925 8.778296815036188e-08
24.935000000000002 9.260001048283793e-08
24.945 9.615536837356141e-08
24.955 9.772827089681579e-08
24.965 9.646464433994359e-08
24.975 9.477677177683896e-08
24.985 9.608623745834221e-08
24.995 9.760610476330435e-08
25.005000000000003 9.966900187117874e-08
25.015 1.0272589699995279e-07
25.025 1.0732820934624432e-07
25.035 1.1377273429469614e-07
25.045 1.1829733173399141e-07
25.055 1.2191802942639228e-07
25.065 1.2528752032150351e-07
25.075000000000003 1.2818809369561064e-07
25.085 1.3035097535328547e-07
25.095 1.314524734831425e-07
25.105 1.322148360575172e-07
25.115000000000002 1.3427815229625512e-07
25.125 1.3646975207339446e-07
25.134999999999998 1.3888003289159402e-07
25.145000000000003 1.4166474935400774e-07
25.155 1.4501123294776679e-07
25.165 1.4905902210777667e-07
25.175 1.5245895038511288e-07
25.185000000000002 1.5538973236392527e-07
25.195 1.5813512460760075e-07
25.205 1.6057487787891646e-07
25.215 1.6256347180391922e-07
25.225 1.639285341367793e-07
25.235 1.648277980954331e-07
25.245 1.6595747606558413e-07
25.255000000000003 1.6677914533894453e-07
25.265 1.672444439123295e-07
25.275 1.6734167828560084e-07
25.285 1.670653655239266e-07
25.295 1.6643765680444608e-07
25.305 1.6620099768007403e-07
25.315 1.6652025683375223e-07
25.325000000000003 1.6740109931381154e-07
25.335 1.6911553639684002e-07
25.345 1.7197780728258043e-07
25.355 1.7634619266696866e-07
25.365000000000002 1.8165529066862673e-07
25.375 1.8496072406422004e-07
25.384999999999998 1.8766766089270604e-07
25.395000000000003 1.8957730327508178e-07
25.405 1.9022706685684728e-07
25.415 1.8906938096843732e-07
25.425 1.8551455453203481e-07
25.435000000000002 1.827960006668744e-07
25.445 1.81566916362988e-07
25.455 1.804875505723841e-07
25.465 1.79887993449749e-07
25.475 1.8017520672585074e-07
25.485 1.8183803289601003e-07
25.495 1.8463339147501766e-07
25.505000000000003 1.8533684991445478e-07
25.515 1.8558161832362087e-07
25.525 1.8552400819486482e-07
25.535 1.849704366074897e-07
25.545 1.836830718667898e-07
25.555 1.8138049613145832e-07
25.565 1.793547335443318e-07
25.575000000000003 1.7822292010247198e-07
25.585 1.7721679119838602e-07
25.595 1.7646160658447829e-07
25.605 1.7610827999888675e-07
25.615000000000002 1.7633485042140385e-07
25.625 1.77079686249681e-07
25.634999999999998 1.7682455203291333e-07
25.645000000000003 1.7613672910062247e-07
25.655 1.7506752980344355e-07
25.665 1.7344582123083002e-07
25.675 1.7106941353396449e-07
25.685000000000002 1.6770316966171326e-07
25.695 1.6419892627108466e-07
25.705 1.6134431017782422e-07
25.715 1.5841844114189633e-07
25.725 1.5554057432762797e-07
25.735 1.5285953341317858e-07
25.745 1.505550865455283e-07
25.755000000000003 1.487363350267279e-07
25.765 1.4669246818234711e-07
25.775 1.448036504342539e-07
25.785 1.43290909048156e-07
25.795 1.4223849373717412e-07
25.805 1.4173481403831385e-07
25.815 1.4187218712110848e-07
25.825000000000003 1.420964648300927e-07
25.835 1.415720054804962e-07
25.845 1.4072012627416398e-07
25.855 1.393052737779839e-07
25.865000000000002 1.3703884799932893e-07
25.875 1.3358376757730744e-07
25.884999999999998 1.287643826850128e-07
25.895000000000003 1.2506052246301483e-07
25.905 1.2192998396427266e-07
25.915 1.190012971030619e-07
25.925 1.1651930091900458e-07
25.935000000000002 1.1478333237773783e-07
25.945 1.1415087635988275e-07
25.955 1.1391506214338116e-07
25.965 1.1228506319185274e-07
25.975 1.1054246671670868e-07
25.985 1.0861924376428767e-07
25.995 1.0636983478276261e-07
26.005000000000003 1.0361537204952042e-07
26.015 1.0021258170080006e-07
26.025 9.748823896043142e-08
26.035 9.53000526909153e-08
26.045 9.333979453066062e-08
26.055 9.1716077099535e-08
26.065 9.055846070316305e-08
26.075000000000003 9.001900794332484e-08
26.085 8.974518540427796e-08
26.095 8.847598229683352e-08
26.105 8.686380893547536e-08
26.115000000000002 8.478771172571655e-08
26.125 8.20378058725882e-08
26.134999999999998 7.836788585689226e-08
26.145000000000003 7.354342240988085e-08
26.155 6.932918710695129e-08
26.165 6.585502996873949e-08
26.175 6.262706490554739e-08
26.185000000000002 5.988035225002708e-08
26.195 5.790018972629617e-08
26.205 5.7025613229982657e-08
26.215 5.7021259908913884e-08
26.225 5.59691409592055e-08
26.235 5.498186302944048e-08
26.245 5.412479966170094e-08
26.255000000000003 5.3294650946070563e-08
26.265 5.235683834182298e-08
26.275 5.1148851771873324e-08
26.285 5.010167078847151e-08
26.295 4.9245232549983565e-08
26.305 4.822509553421519e-08
26.315 4.6945975340678303e-08
26.325000000000003 4.530001710387619e-08
26.335 4.3166357359238335e-08
26.345 4.062471891817076e-08
26.355 3.862322620475684e-08
26.365000000000002 3.677817905365797e-08
26.375 3.5113170354722376e-08
26.384999999999998 3.3774747991319284e-08
26.395000000000003 3.294152740569283e-08
26.405 3.282533306856646e-08
26.415 3.260860854611199e-08
26.425 3.183370111569115e-08
26.435000000000002 3.105107217626861e-08
26.445 3.018720204362492e-08
26.455 2.9148440161114476e-08
26.465 2.7819277380309265e-08
26.475 2.6217413865419857e-08
26.485 2.5288735688851414e-08
26.495 2.4684382847217687e-08
26.505000000000003 2.4348433984079665e-08
26.515 2.4369718618299706e-08
26.525 2.485320377233022e-08
26.535 2.5921155854900918e-08
26.545 2.687224631182507e-08
26.555 2.695286087144913e-08
26.565 2.663472602193992e-08
26.575000000000003 2.5707547914961796e-08
26.585 2.392107592737645e-08
26.595 2.0983386442250378e-08
26.605 1.6850712402579196e-08
26.615000000000002 1.4096653843675682e-08
26.625 1.2082941719114014e-08
26.634999999999998 1.0650182851507512e-08
26.645000000000003 1.0167925605217779e-08
26.655 1.108012688219284e-08
26.665 1.390990085159025e-08
26.675 1.7263220063529864e-08
26.685000000000002 1.868615321341252e-08
26.695 1.995788920955298e-08
26.705 2.081483950314958e-08
26.715 2.0889070071680545e-08
26.725 1.9733664713153906e-08
26.735 1.7050889663408208e-08
26.745 1.5774486385636815e-08
26.755000000000003 1.5255770491283448e-08
26.765 1.491003825396192e-08
26.775 1.4920968594790445e-08
26.785 1.551961258887277e-08
26.795 1.698822333891318e-08
26.805 1.882191512022885e-08
26.815 1.9575937434115108e-08
26.825000000000003 2.025902219419634e-08
26.835 2.083583227827505e-08
26.845 2.1206622899781565e-08
26.855 2.124915422655686e-08
26.865000000000002 2.0852629310240437e-08
26.875 2.074266347064521e-08
26.884999999999998 2.0838391261024244e-08
26.895000000000003 2.0923793616784414e-08
26.905 2.102938949551261e-08
26.915 2.1194987542932556e-08
26.925 2.1470255152753023e-08
26.935000000000002 2.190191069413425e-08
26.945 2.2520662109264092e-08
26.955 2.3422048380109994e-08
26.965 2.4692692020879315e-08
26.975 2.642927007345221e-08
26.985 2.8740685366016576e-08
26.995 3.172099463796842e-08
27.005000000000003 3.4156033288708056e-08
27.015 3.5816108198289205e-08
27.025 3.692925657925619e-08
27.035 3.721065211331366e-08
27.045 3.632466850911035e-08
27.055 3.3881412578963454e-08
27.065 3.034038001306548e-08
27.075000000000003 2.8847834738399137e-08
27.085 2.7962967583274577e-08
27.095 2.782568959318244e-08
27.105 2.8894303204420243e-08
27.115000000000002 3.171625649285953e-08
27.125 3.6906344801542504e-08
27.134999999999998 4.133549477637138e-08
27.145000000000003 4.398424498967483e-08
27.155 4.630621267563315e-08
27.165 4.7921138398061804e-08
27.175 4.836277238332029e-08
27.185000000000002 4.707241838343815e-08
27.195 4.421842924642103e-08
27.205 4.3566322383973036e-08
27.215 4.337074066042882e-08
27.225 4.342193721283622e-08
27.235 4.398240285428962e-08
27.245 4.5376004283223184e-08
27.255000000000003 4.799143221223402e-08
27.265 5.036067645532035e-08
27.275 5.153624735081366e-08
27.285 5.259583613907026e-08
27.295 5.3417648841576324e-08
27.305 5.384971048986242e-08
27.315 5.370758844983347e-08
27.325000000000003 5.2969548750472474e-08
27.335 5.288233450316549e-08
27.345 5.2948288185549315e-08
27.355 5.302979589467887e-08
27.365000000000002 5.319165666738333e-08
27.375 5.3514213787847205e-08
27.384999999999998 5.409437206439099e-08
27.395000000000003 5.47791740543531e-08
27.405 5.5387480940680744e-08
27.415 5.6177285292680134e-08
27.425 5.719044725371196e-08
27.435000000000002 5.8470633629977585e-08
27.445 6.006397272455952e-08
27.455 6.194207680954962e-08
27.465 6.331332613676623e-08
27.475 6.428382892728833e-08
27.485 6.483436849727522e-08
27.495 6.477646057621843e-08
27.505000000000003 6.38907667196149e-08
27.515 6.192509195854599e-08
27.525 5.964465907118606e-08
27.535 5.849570669699338e-08
27.545 5.753273365256883e-08
27.555 5.6953375826206946e-08
27.565 5.702570154911188e-08
27.575000000000003 5.806874797360505e-08
27.585 6.029787573653604e-08
27.595 6.151405817555927e-08
27.605 6.212279698635079e-08
27.615000000000002 6.255765522027751e-08
27.625 6.264351227689856e-08
27.634999999999998 6.216496412687622e-08
27.645000000000003 6.08635852952476e-08
27.655 5.9190065096981024e-08
27.665 5.854711469050308e-08
27.675 5.7985734039357315e-08
27.685000000000002 5.754097591740388e-08
27.695 5.731785924797008e-08
27.705 5.7444408331119723e-08
27.715 5.8035870255607984e-08
27.725 5.820928357108723e-08
27.735 5.801032627079975e-08
27.745 5.768418101039059e-08
27.755000000000003 5.716301274557587e-08
27.765 5.6365080848173644e-08
27.775 5.519371602281339e-08
27.785 5.380515298712032e-08
27.795 5.29204524657091e-08
27.805 5.2155519269714464e-08
27.815 5.1545396024946255e-08
27.825000000000003 5.118033607054843e-08
27.835 5.116692110698218e-08
27.845 5.161627100941169e-08
27.855 5.191245795321638e-08
27.865000000000002 5.198130279892926e-08
27.875 5.20604541545564e-08
27.884999999999998 5.20960355881707e-08
27.895000000000003 5.202053237771608e-08
27.905 5.175193879936631e-08
27.915 5.127913821106261e-08
27.925 5.085842968826556e-08
27.935000000000002 5.027060673116248e-08
27.945 4.943911266161912e-08
27.955 4.8308763608311766e-08
27.965 4.681963513989881e-08
27.975 4.4909701136937584e-08
27.985 4.3110753129235243e-08
27.995 4.166621006823509e-08
28.005000000000003 4.0400409198067014e-08
28.015 3.945441059094103e-08
28.025 3.899610749059574e-08
28.035 3.922185819129481e-08
28.045 4.007266085798917e-08
28.055 4.013159239060306e-08
28.065 3.999825148556806e-08
28.075000000000003 3.972899061327459e-08
28.085 3.918662194052866e-08
28.095 3.8203718248809164e-08
28.105 3.658047424541718e-08
28.115000000000002 3.5041212360676056e-08
28.125 3.412650928991455e-08
28.134999999999998 3.326166640563785e-08
28.145000000000003 3.251341430516719e-08
28.155 3.196577118400595e-08
28.165 3.172138958299303e-08
28.175 3.178996893472866e-08
28.185000000000002 3.138780905108935e-08
28.195 3.079207042611115e-08
28.205 3.0077903584658866e-08
28.215 2.9185653503341602e-08
28.225 2.8044032748153606e-08
28.235 2.656907661273603e-08
28.245 2.512034146234604e-08
28.255000000000003 2.4171668960562765e-08
28.265 2.3403491202839104e-08
28.275 2.2909170857540455e-08
28.285 2.280309624935857e-08
28.295 2.3219048396208426e-08
28.305 2.4208648386160807e-08
28.315 2.4719207166210417e-08
28.325000000000003 2.4996690221181206e-08
28.335 2.5159033062725395e-08
28.345 2.5084035765390068e-08
28.355 2.4623972687812462e-08
28.365000000000002 2.3603881306104776e-08
28.375 2.235302420592223e-08
28.384999999999998 2.160641920641053e-08
28.395000000000003 2.0787316030824536e-08
28.405 1.991395694992158e-08
28.415 1.9033067933128265e-08
28.425 1.8206078037842612e-08
28.435000000000002 1.7494766806023768e-08
28.445 1.6703255564714933e-08
28.455 1.592610424235562e-08
28.465 1.5283600378121405e-08
28.475 1.4837965922672175e-08
28.485 1.4660333182341076e-08
28.495 1.4831273931423773e-08
28.505000000000003 1.5194322614873902e-08
28.515 1.523146853327347e-08
28.525 1.5234159476981574e-08
28.535 1.5151386696386836e-08
28.545 1.4895514506625959e-08
28.555 1.4360063434039349e-08
28.565 1.3442776313759671e-08
28.575000000000003 1.2793041249284631e-08
28.585 1.2393393288622318e-08
28.595 1.2039834724356475e-08
28.605 1.1776700312639884e-08
28.615000000000002 1.1659926024913581e-08
28.625 1.1758097769631271e-08
28.634999999999998 1.1979204477331266e-08
28.645000000000003 1.1827534923136765e-08
28.655 1.1568200610219103e-08
28.665 1.1189553922100873e-08
28.675 1.0641152490959081e-08
28.685000000000002 9.863379457260657e-09
28.695 8.795298612141783e-09
28.705 7.995304952497124e-09
28.715 7.604891111920608e-09
28.725 7.471891567922701e-09
28.735 7.711662783500142e-09
28.745 8.46027153498895e-09
28.755000000000003 9.87567352113956e-09
28.765 1.18088622349623e-08
28.775 1.2943228075693095e-08
28.785 1.3838318818217161e-08
28.795 1.4452276094615262e-08
28.805 1.4593853857041193e-08
28.815 1.403513548328789e-08
28.825000000000003 1.2512914443201609e-08
28.835 1.1166431269766e-08
28.845 1.050764967657466e-08
28.855 9.88843306554069e-09
28.865000000000002 9.436025791567745e-09
28.875 9.310652444341948e-09
28.884999999999998 9.708132138896162e-09
28.895000000000003 1.0632410525470463e-08
28.905 1.0901449103782168e-08
28.915 1.1069852909218786e-08
28.925 1.1267689537487212e-08
28.935000000000002 1.1460494196440253e-08
28.945 1.1601499253467239e-08
28.955 1.1630524714425792e-08
28.965 1.1704513711867445e-08
28.975 1.1951423973197191e-08
28.985 1.2195187470540223e-08
28.995 1.2417954316746832e-08
29.005000000000003 1.2598798374461743e-08
29.015 1.2713481537063757e-08
29.025 1.2755091037192861e-08
29.035 1.2877115395046458e-08
29.045 1.302647369312367e-08
29.055 1.3186568937476765e-08
29.065 1.3370465853731045e-08
29.075000000000003 1.3594961213636525e-08
29.085 1.3880924187861784e-08
29.095 1.4128573102578345e-08
29.105 1.419360657381312e-08
29.115000000000002 1.4167369691675055e-08
29.125 1.4022662702233374e-08
29.134999999999998 1.37267363464343e-08
29.145000000000003 1.3241884197769995e-08
29.155 1.2572244880904273e-08
29.165 1.2285619919938014e-08
29.175 1.2318461772552213e-08
29.185000000000002 1.265922423582491e-08
29.195 1.3430314708119049e-08
29.205 1.477406085111649e-08
29.215 1.685330589278044e-08
29.225 1.9154296494714198e-08
29.235 2.0519629314390018e-08
29.245 2.161008897056355e-08
29.255000000000003 2.2251889081875863e-08
29.265 2.220639392042618e-08
29.275 2.119277542355599e-08
29.285 1.899899627542195e-08
29.295 1.7630211732782444e-08
29.305 1.6863915420895943e-08
29.315 1.6285935759157862e-08
29.325000000000003 1.6105748708975743e-08
29.335 1.6579881895578168e-08
29.345 1.8014805253549615e-08
29.355 1.9964751501862896e-08
29.365000000000002 2.0690912720143046e-08
29.375 2.1293623098501e-08
29.384999999999998 2.1739136147688467e-08
29.395000000000003 2.1888094667903195e-08
29.405 2.156958215282843e-08
29.415 2.0612630582968615e-08
29.425 2.0066995306648395e-08
29.435000000000002 1.9936668711314018e-08
29.445 1.9859978703352893e-08
29.455 1.98978813514883e-08
29.465 2.0126109573406957e-08
29.475 2.0636186859255835e-08
29.485 2.134575332516961e-08
29.495 2.1689679327763374e-08
29.505000000000003 2.19920251714294e-08
29.515 2.2265779934327764e-08
29.525 2.247803896682737e-08
29.535 2.2588418605749648e-08
29.545 2.2550488521863186e-08
29.555 2.2481796776320635e-08
29.565 2.2386302840219272e-08
29.575000000000003 2.2170215625358028e-08
29.585 2.1810231878452783e-08
29.595 2.1281359853061286e-08
29.605 2.055674152359068e-08
29.615000000000002 1.9715571151565678e-08
29.625 1.925874537021369e-08
29.634999999999998 1.904034096323395e-08
29.645000000000003 1.912295873815998e-08
29.655 1.9631701048598503e-08
29.665 2.071131670978458e-08
29.675 2.2524726899760474e-08
29.685000000000002 2.4113900447553546e-08
29.695 2.4940548797486152e-08
29.705 2.5474826171067832e-08
29.715 2.5522268779187194e-08
29.725 2.485161000733394e-08
29.735 2.3192044942481875e-08
29.745 2.0592567974717197e-08
29.755000000000003 1.9156593461042277e-08
29.765 1.8083439404923933e-08
29.775 1.7268577393771557e-08
29.785 1.692959888895238e-08
29.795 1.7329712879009144e-08
29.805 1.8780032871420456e-08
29.815 2.0227222269368228e-08
29.825000000000003 2.0635486697755876e-08
29.835 2.0962944012228266e-08
29.845 2.1083089547993626e-08
29.855 2.0836675063860294e-08
29.865000000000002 2.0030766543325122e-08
29.875 1.8602783415537478e-08
29.884999999999998 1.788987227265115e-08
29.895000000000003 1.743939980895812e-08
29.905 1.7066383435586635e-08
29.915 1.684551002921038e-08
29.925 1.686905583888687e-08
29.935000000000002 1.724790586911245e-08
29.945 1.769107945261578e-08
29.955 1.7718421276347307e-08
29.965 1.7715180254536357e-08
29.975 1.7650625134654085e-08
29.985 1.7479713041040076e-08
