0.0 0.20283601922627426
0.01 0.32947049791229255
0.02 0.41417416183084704
0.03 0.47321508803817597
0.04 0.5154206509390638
0.05 0.5460481244557981
0.06 0.5684672518817941
0.07 0.5849585074375027
0.08 0.5971224595737702
0.09 0.6061081549111615
0.1 0.6127515479903584
0.11 0.6176654521468312
0.12 0.6213010203751307
0.13 0.6239911772735587
0.14 0.6259819222657685
0.15 0.6274551557289018
0.16 0.628545433945403
0.17 0.6293523130571685
0.18 0.6299494618461003
0.19 0.6303913966980168
0.2 0.6307184622708608
0.21 0.6309605160660959
0.22 0.6311396546866528
0.23 0.6312722312325917
0.24 0.6313703482310201
0.25 0.6314429624802295
0.26 0.6314967027042717
0.27 0.631536474674628
0.28 0.631565909044884
0.29 0.6315876927823357
0.3 0.6316038144528722
0.31 0.6316157457508033
0.32 0.6316245758450673
0.33 0.6316311108059095
0.34 0.6316359471883931
0.35000000000000003 0.6316395264899526
0.36 0.6316421754532425
0.37 0.6316441358933998
0.38 0.6316455867725513
0.39 0.6316466605366775
0.4 0.6316474552061696
0.41000000000000003 0.6316480433237891
0.42 0.631648478576857
0.43 0.6316488006981926
0.44 0.631649039093192
0.45 0.6316492155241497
0.46 0.6316493460968668
0.47000000000000003 0.6316494427308968
0.48 0.6316495142476423
0.49 0.6316495671756311
0.5 0.6316496063464854
0.51 0.6316496353359833
0.52 0.6316496567904806
0.53 0.6316496726684877
0.54 0.6316496844194557
0.55 0.6316496931160918
0.56 0.631649699552283
0.5700000000000001 0.6316497043155683
0.58 0.6316497078407722
0.59 0.6316497104496991
0.6 0.6316497123805092
0.61 0.6316497138094597
0.62 0.6316497148669948
0.63 0.6316497156496537
0.64 0.6316497162288826
0.65 0.6316497166575572
0.66 0.63164971697481
0.67 0.6316497172096018
0.68 0.6316497173833662
0.6900000000000001 0.6316497175119654
0.7000000000000001 0.631649717607139
0.71 0.6316497176775747
0.72 0.6316497177297028
0.73 0.6316497177682816
0.74 0.631649717796833
0.75 0.6316497178179633
0.76 0.6316497178336014
0.77 0.6316497178451747
0.78 0.6316497178537399
0.79 0.6316497178600787
0.8 0.6316497178647701
0.81 0.631649717868242
0.8200000000000001 0.6316497178708115
0.8300000000000001 0.6316497178727131
0.84 0.6316497178741204
0.85 0.631649717875162
0.86 0.6316497178759328
0.87 0.6316497178765034
0.88 0.6316497178769255
0.89 0.6316497178772379
0.9 0.6316497178774692
0.91 0.6316497178776403
0.92 0.631649717877767
0.93 0.6316497178778607
0.9400000000000001 0.6316497178779301
0.9500000000000001 0.6316497178779814
0.96 0.6316497178780195
0.97 0.6316497178780476
0.98 0.6316497178780685
0.99 0.6316497178780839
1.0 0.6316497178780952
1.01 0.6316497178781036
1.02 0.63164971787811
1.03 0.6316497178781145
1.04 0.631649717878118
1.05 0.6316497178781205
1.06 0.6316497178781224
1.07 0.6316497178781237
1.08 0.6316497178781247
1.09 0.6316497178781255
1.1 0.6316497178781261
1.11 0.6316497178781265
1.12 0.6316497178781268
1.1300000000000001 0.6316497178781271
1.1400000000000001 0.6316497178781272
1.1500000000000001 0.6316497178781273
1.16 0.6316497178781274
1.17 0.6316497178781275
1.18 0.6316497178781275
1.19 0.6316497178781276
1.2 0.6316497178781276
1.21 0.6316497178781276
1.22 0.6316497178781276
1.23 0.6316497178781276
1.24 0.6316497178781276
1.25 0.6316497178781276
1.26 0.6316497178781276
1.27 0.6316497178781276
1.28 0.6316497178781276
1.29 0.6316497178781276
1.3 0.6316497178781276
1.31 0.6316497178781276
1.32 0.6316497178781276
1.33 0.6316497178781276
1.34 0.6316497178781276
1.35 0.6316497178781276
1.36 0.6316497178781276
1.37 0.6316497178781276
1.3800000000000001 0.6316497178781276
1.3900000000000001 0.6316497178781276
1.4000000000000001 0.6316497178781276
1.41 0.6316497178781276
1.42 0.6316497178781276
1.43 0.6316497178781276
1.44 0.6316497178781276
1.45 0.6316497178781276
1.46 0.6316497178781276
1.47 0.6316497178781276
1.48 0.6316497178781276
1.49 0.6316497178781276
1.5 0.6316497178781276
1.51 0.6316497178781276
1.52 0.6316497178781276
1.53 0.6316497178781276
1.54 0.6316497178781276
1.55 0.6316497178781276
1.56 0.6316497178781276
1.57 0.6316497178781276
1.58 0.6316497178781276
1.59 0.6316497178781276
1.6 0.6316497178781276
1.61 0.6316497178781276
1.62 0.6316497178781276
1.6300000000000001 0.6316497178781276
1.6400000000000001 0.6316497178781276
1.6500000000000001 0.6316497178781276
1.6600000000000001 0.6316497178781276
1.67 0.6316497178781276
1.68 0.6316497178781276
1.69 0.6316497178781276
1.7 0.6316497178781276
1.71 0.6316497178781276
1.72 0.6316497178781276
1.73 0.6316497178781276
1.74 0.6316497178781276
1.75 0.6316497178781276
1.76 0.6316497178781276
1.77 0.6316497178781276
1.78 0.6316497178781276
1.79 0.6316497178781276
1.8 0.6316497178781276
1.81 0.6316497178781276
1.82 0.6316497178781276
1.83 0.6316497178781276
1.84 0.6316497178781276
1.85 0.6316497178781276
1.86 0.6316497178781276
1.87 0.6316497178781276
1.8800000000000001 0.6316497178781276
1.8900000000000001 0.6316497178781276
1.9000000000000001 0.6316497178781276
1.9100000000000001 0.6316497178781276
1.92 0.6316497178781276
1.93 0.6316497178781276
1.94 0.6316497178781276
1.95 0.6316497178781276
1.96 0.6316497178781276
1.97 0.6316497178781276
1.98 0.6316497178781276
1.99 0.6316497178781276
2.0 0.6316497178781276
2.0100000000000002 0.6316497178781276
2.02 0.6316497178781276
2.0300000000000002 0.6316497178781276
2.04 0.6316497178781276
2.05 0.6316497178781276
2.06 0.6316497178781276
2.07 0.6316497178781276
2.08 0.6316497178781276
2.09 0.6316497178781276
2.1 0.6316497178781276
2.11 0.6316497178781276
2.12 0.6316497178781276
2.13 0.6316497178781276
2.14 0.6316497178781276
2.15 0.6316497178781276
2.16 0.6316497178781276
2.17 0.6316497178781276
2.18 0.6316497178781276
2.19 0.6316497178781276
2.2 0.6316497178781276
2.21 0.6316497178781276
2.22 0.6316497178781276
2.23 0.6316497178781276
2.24 0.6316497178781276
2.25 0.6316497178781276
2.2600000000000002 0.6316497178781276
2.27 0.6316497178781276
2.2800000000000002 0.6316497178781276
2.29 0.6316497178781276
2.3000000000000003 0.6316497178781276
2.31 0.6316497178781276
2.32 0.6316497178781276
2.33 0.6316497178781276
2.34 0.6316497178781276
2.35 0.6316497178781276
2.36 0.6316497178781276
2.37 0.6316497178781276
2.38 0.6316497178781276
2.39 0.6316497178781276
2.4 0.6316497178781276
2.41 0.6316497178781276
2.42 0.6316497178781276
2.43 0.6316497178781276
2.44 0.6316497178781276
2.45 0.6316497178781276
2.46 0.6316497178781276
2.47 0.6316497178781276
2.48 0.6316497178781276
2.49 0.6316497178781276
2.5 0.6316497178781276
2.5100000000000002 0.6316497178781276
2.52 0.6316497178781276
2.5300000000000002 0.6316497178781276
2.54 0.6316497178781276
2.5500000000000003 0.6316497178781276
2.56 0.6316497178781276
2.57 0.6316497178781276
2.58 0.6316497178781276
2.59 0.6316497178781276
2.6 0.6316497178781276
2.61 0.6316497178781276
2.62 0.6316497178781276
2.63 0.6316497178781276
2.64 0.6316497178781276
2.65 0.6316497178781276
2.66 0.6316497178781276
2.67 0.6316497178781276
2.68 0.6316497178781276
2.69 0.6316497178781276
2.7 0.6316497178781276
2.71 0.6316497178781276
2.72 0.6316497178781276
2.73 0.6316497178781276
2.74 0.6316497178781276
2.75 0.6316497178781276
2.7600000000000002 0.6316497178781276
2.77 0.6316497178781276
2.7800000000000002 0.6316497178781276
2.79 0.6316497178781276
2.8000000000000003 0.6316497178781276
2.81 0.6316497178781276
2.82 0.6316497178781276
2.83 0.6316497178781276
2.84 0.6316497178781276
2.85 0.6316497178781276
2.86 0.6316497178781276
2.87 0.6316497178781276
2.88 0.6316497178781276
2.89 0.6316497178781276
2.9 0.6316497178781276
2.91 0.6316497178781276
2.92 0.6316497178781276
2.93 0.6316497178781276
2.94 0.6316497178781276
2.95 0.6316497178781276
2.96 0.6316497178781276
2.97 0.6316497178781276
2.98 0.6316497178781276
2.99 0.6316497178781276
3.0 0.6316497178781276
3.0100000000000002 0.6316497178781276
3.02 0.6316497178781276
3.0300000000000002 0.6316497178781276
3.04 0.6316497178781276
3.0500000000000003 0.6316497178781276
3.06 0.6316497178781276
3.0700000000000003 0.6316497178781276
3.08 0.6316497178781276
3.09 0.6316497178781276
3.1 0.6316497178781276
3.11 0.6316497178781276
3.12 0.6316497178781276
3.13 0.6316497178781276
3.14 0.6316497178781276
3.15 0.6316497178781276
3.16 0.6316497178781276
3.17 0.6316497178781276
3.18 0.6316497178781276
3.19 0.6316497178781276
3.2 0.6316497178781276
3.21 0.6316497178781276
3.22 0.6316497178781276
3.23 0.6316497178781276
3.24 0.6316497178781276
3.25 0.6316497178781276
3.2600000000000002 0.6316497178781276
3.27 0.6316497178781276
3.2800000000000002 0.6316497178781276
3.29 0.6316497178781276
3.3000000000000003 0.6316497178781276
3.31 0.6316497178781276
3.3200000000000003 0.6316497178781276
3.33 0.6316497178781276
3.34 0.6316497178781276
3.35 0.6316497178781276
3.36 0.6316497178781276
3.37 0.6316497178781276
3.38 0.6316497178781276
3.39 0.6316497178781276
3.4 0.6316497178781276
3.41 0.6316497178781276
3.42 0.6316497178781276
3.43 0.6316497178781276
3.44 0.6316497178781276
3.45 0.6316497178781276
3.46 0.6316497178781276
3.47 0.6316497178781276
3.48 0.6316497178781276
3.49 0.6316497178781276
3.5 0.6316497178781276
3.5100000000000002 0.6316497178781276
3.52 0.6316497178781276
3.5300000000000002 0.6316497178781276
3.54 0.6316497178781276
3.5500000000000003 0.6316497178781276
3.56 0.6316497178781276
3.5700000000000003 0.6316497178781276
3.58 0.6316497178781276
3.59 0.6316497178781276
3.6 0.6316497178781276
3.61 0.6316497178781276
3.62 0.6316497178781276
3.63 0.6316497178781276
3.64 0.6316497178781276
3.65 0.6316497178781276
3.66 0.6316497178781276
3.67 0.6316497178781276
3.68 0.6316497178781276
3.69 0.6316497178781276
3.7 0.6316497178781276
3.71 0.6316497178781276
3.72 0.6316497178781276
3.73 0.6316497178781276
3.74 0.6316497178781276
3.75 0.6316497178781276
3.7600000000000002 0.6316497178781276
3.77 0.6316497178781276
3.7800000000000002 0.6316497178781276
3.79 0.6316497178781276
3.8000000000000003 0.6316497178781276
3.81 0.6316497178781276
3.8200000000000003 0.6316497178781276
3.83 0.6316497178781276
3.84 0.6316497178781276
3.85 0.6316497178781276
3.86 0.6316497178781276
3.87 0.6316497178781276
3.88 0.6316497178781276
3.89 0.6316497178781276
3.9 0.6316497178781276
3.91 0.6316497178781276
3.92 0.6316497178781276
3.93 0.6316497178781276
3.94 0.6316497178781276
3.95 0.6316497178781276
3.96 0.6316497178781276
3.97 0.6316497178781276
3.98 0.6316497178781276
3.99 0.6316497178781276
4.0 0.6316497178781276
4.01 0.6316497178781276
4.0200000000000005 0.6316497178781276
4.03 0.6316497178781276
4.04 0.6316497178781276
4.05 0.6316497178781276
4.0600000000000005 0.6316497178781276
4.07 0.6316497178781276
4.08 0.6316497178781276
4.09 0.6316497178781276
4.1 0.6316497178781276
4.11 0.6316497178781276
4.12 0.6316497178781276
4.13 0.6316497178781276
4.14 0.6316497178781276
4.15 0.6316497178781276
4.16 0.6316497178781276
4.17 0.6316497178781276
4.18 0.6316497178781276
4.19 0.6316497178781276
4.2 0.6316497178781276
4.21 0.6316497178781276
4.22 0.6316497178781276
4.23 0.6316497178781276
4.24 0.6316497178781276
4.25 0.6316497178781276
4.26 0.6316497178781276
4.2700000000000005 0.6316497178781276
4.28 0.6316497178781276
4.29 0.6316497178781276
4.3 0.6316497178781276
4.3100000000000005 0.6316497178781276
4.32 0.6316497178781276
4.33 0.6316497178781276
4.34 0.6316497178781276
4.3500000000000005 0.6316497178781276
4.36 0.6316497178781276
4.37 0.6316497178781276
4.38 0.6316497178781276
4.39 0.6316497178781276
4.4 0.6316497178781276
4.41 0.6316497178781276
4.42 0.6316497178781276
4.43 0.6316497178781276
4.44 0.6316497178781276
4.45 0.6316497178781276
4.46 0.6316497178781276
4.47 0.6316497178781276
4.48 0.6316497178781276
4.49 0.6316497178781276
4.5 0.6316497178781276
4.51 0.6316497178781276
4.5200000000000005 0.6316497178781276
4.53 0.6316497178781276
4.54 0.6316497178781276
4.55 0.6316497178781276
4.5600000000000005 0.6316497178781276
4.57 0.6316497178781276
4.58 0.6316497178781276
4.59 0.6316497178781276
4.6000000000000005 0.6316497178781276
4.61 0.6316497178781276
4.62 0.6316497178781276
4.63 0.6316497178781276
4.64 0.6316497178781276
4.65 0.6316497178781276
4.66 0.6316497178781276
4.67 0.6316497178781276
4.68 0.6316497178781276
4.69 0.6316497178781276
4.7 0.6316497178781276
4.71 0.6316497178781276
4.72 0.6316497178781276
4.73 0.6316497178781276
4.74 0.6316497178781276
4.75 0.6316497178781276
4.76 0.6316497178781276
4.7700000000000005 0.6316497178781276
4.78 0.6316497178781276
4.79 0.6316497178781276
4.8 0.6316497178781276
4.8100000000000005 0.6316497178781276
4.82 0.6316497178781276
4.83 0.6316497178781276
4.84 0.6316497178781276
4.8500000000000005 0.6316497178781276
4.86 0.6316497178781276
4.87 0.6316497178781276
4.88 0.6316497178781276
4.89 0.6316497178781276
4.9 0.6316497178781276
4.91 0.6316497178781276
4.92 0.6316497178781276
4.93 0.6316497178781276
4.94 0.6316497178781276
4.95 0.6316497178781276
4.96 0.6316497178781276
4.97 0.6316497178781276
4.98 0.6316497178781276
4.99 0.6316497178781276
5.0 0.6316497178781276
5.01 0.6316497178781276
5.0200000000000005 0.6316497178781276
5.03 0.6316497178781276
5.04 0.6316497178781276
5.05 0.6316497178781276
5.0600000000000005 0.6316497178781276
5.07 0.6316497178781276
5.08 0.6316497178781276
5.09 0.6316497178781276
5.1000000000000005 0.6316497178781276
5.11 0.6316497178781276
5.12 0.6316497178781276
5.13 0.6316497178781276
5.14 0.6316497178781276
5.15 0.6316497178781276
5.16 0.6316497178781276
5.17 0.6316497178781276
5.18 0.6316497178781276
5.19 0.6316497178781276
5.2 0.6316497178781276
5.21 0.6316497178781276
5.22 0.6316497178781276
5.23 0.6316497178781276
5.24 0.6316497178781276
5.25 0.6316497178781276
5.26 0.6316497178781276
5.2700000000000005 0.6316497178781276
5.28 0.6316497178781276
5.29 0.6316497178781276
5.3 0.6316497178781276
5.3100000000000005 0.6316497178781276
5.32 0.6316497178781276
5.33 0.6316497178781276
5.34 0.6316497178781276
5.3500000000000005 0.6316497178781276
5.36 0.6316497178781276
5.37 0.6316497178781276
5.38 0.6316497178781276
5.39 0.6316497178781276
5.4 0.6316497178781276
5.41 0.6316497178781276
5.42 0.6316497178781276
5.43 0.6316497178781276
5.44 0.6316497178781276
5.45 0.6316497178781276
5.46 0.6316497178781276
5.47 0.6316497178781276
5.48 0.6316497178781276
5.49 0.6316497178781276
5.5 0.6316497178781276
5.51 0.6316497178781276
5.5200000000000005 0.6316497178781276
5.53 0.6316497178781276
5.54 0.6316497178781276
5.55 0.6316497178781276
5.5600000000000005 0.6316497178781276
5.57 0.6316497178781276
5.58 0.6316497178781276
5.59 0.6316497178781276
5.6000000000000005 0.6316497178781276
5.61 0.6316497178781276
5.62 0.6316497178781276
5.63 0.6316497178781276
5.64 0.6316497178781276
5.65 0.6316497178781276
5.66 0.6316497178781276
5.67 0.6316497178781276
5.68 0.6316497178781276
5.69 0.6316497178781276
5.7 0.6316497178781276
5.71 0.6316497178781276
5.72 0.6316497178781276
5.73 0.6316497178781276
5.74 0.6316497178781276
5.75 0.6316497178781276
5.76 0.6316497178781276
5.7700000000000005 0.6316497178781276
5.78 0.6316497178781276
5.79 0.6316497178781276
5.8 0.6316497178781276
5.8100000000000005 0.6316497178781276
5.82 0.6316497178781276
5.83 0.6316497178781276
5.84 0.6316497178781276
5.8500000000000005 0.6316497178781276
5.86 0.6316497178781276
5.87 0.6316497178781276
5.88 0.6316497178781276
5.89 0.6316497178781276
5.9 0.6316497178781276
5.91 0.6316497178781276
5.92 0.6316497178781276
5.93 0.6316497178781276
5.94 0.6316497178781276
5.95 0.6316497178781276
5.96 0.6316497178781276
5.97 0.6316497178781276
5.98 0.6316497178781276
5.99 0.6316497178781276
6.0 0.6316497178781276
6.01 0.6316497178781276
6.0200000000000005 0.6316497178781276
6.03 0.6316497178781276
6.04 0.6316497178781276
6.05 0.6316497178781276
6.0600000000000005 0.6316497178781276
6.07 0.6316497178781276
6.08 0.6316497178781276
6.09 0.6316497178781276
6.1000000000000005 0.6316497178781276
6.11 0.6316497178781276
6.12 0.6316497178781276
6.13 0.6316497178781276
6.140000000000001 0.6316497178781276
6.15 0.6316497178781276
6.16 0.6316497178781276
6.17 0.6316497178781276
6.18 0.6316497178781276
6.19 0.6316497178781276
6.2 0.6316497178781276
6.21 0.6316497178781276
6.22 0.6316497178781276
6.23 0.6316497178781276
6.24 0.6316497178781276
6.25 0.6316497178781276
6.26 0.6316497178781276
6.2700000000000005 0.6316497178781276
6.28 0.6316497178781276
6.29 0.6316497178781276
6.3 0.6316497178781276
6.3100000000000005 0.6316497178781276
6.32 0.6316497178781276
6.33 0.6316497178781276
6.34 0.6316497178781276
6.3500000000000005 0.6316497178781276
6.36 0.6316497178781276
6.37 0.6316497178781276
6.38 0.6316497178781276
6.390000000000001 0.6316497178781276
6.4 0.6316497178781276
6.41 0.6316497178781276
6.42 0.6316497178781276
6.43 0.6316497178781276
6.44 0.6316497178781276
6.45 0.6316497178781276
6.46 0.6316497178781276
6.47 0.6316497178781276
6.48 0.6316497178781276
6.49 0.6316497178781276
6.5 0.6316497178781276
6.51 0.6316497178781276
6.5200000000000005 0.6316497178781276
6.53 0.6316497178781276
6.54 0.6316497178781276
6.55 0.6316497178781276
6.5600000000000005 0.6316497178781276
6.57 0.6316497178781276
6.58 0.6316497178781276
6.59 0.6316497178781276
6.6000000000000005 0.6316497178781276
6.61 0.6316497178781276
6.62 0.6316497178781276
6.63 0.6316497178781276
6.640000000000001 0.6316497178781276
6.65 0.6316497178781276
6.66 0.6316497178781276
6.67 0.6316497178781276
6.68 0.6316497178781276
6.69 0.6316497178781276
6.7 0.6316497178781276
6.71 0.6316497178781276
6.72 0.6316497178781276
6.73 0.6316497178781276
6.74 0.6316497178781276
6.75 0.6316497178781276
6.76 0.6316497178781276
6.7700000000000005 0.6316497178781276
6.78 0.6316497178781276
6.79 0.6316497178781276
6.8 0.6316497178781276
6.8100000000000005 0.6316497178781276
6.82 0.6316497178781276
6.83 0.6316497178781276
6.84 0.6316497178781276
6.8500000000000005 0.6316497178781276
6.86 0.6316497178781276
6.87 0.6316497178781276
6.88 0.6316497178781276
6.890000000000001 0.6316497178781276
6.9 0.6316497178781276
6.91 0.6316497178781276
6.92 0.6316497178781276
6.93 0.6316497178781276
6.94 0.6316497178781276
6.95 0.6316497178781276
6.96 0.6316497178781276
6.97 0.6316497178781276
6.98 0.6316497178781276
6.99 0.6316497178781276
7.0 0.6316497178781276
7.01 0.6316497178781276
7.0200000000000005 0.6316497178781276
7.03 0.6316497178781276
7.04 0.6316497178781276
7.05 0.6316497178781276
7.0600000000000005 0.6316497178781276
7.07 0.6316497178781276
7.08 0.6316497178781276
7.09 0.6316497178781276
7.1000000000000005 0.6316497178781276
7.11 0.6316497178781276
7.12 0.6316497178781276
7.13 0.6316497178781276
7.140000000000001 0.6316497178781276
7.15 0.6316497178781276
7.16 0.6316497178781276
7.17 0.6316497178781276
7.18 0.6316497178781276
7.19 0.6316497178781276
7.2 0.6316497178781276
7.21 0.6316497178781276
7.22 0.6316497178781276
7.23 0.6316497178781276
7.24 0.6316497178781276
7.25 0.6316497178781276
7.26 0.6316497178781276
7.2700000000000005 0.6316497178781276
7.28 0.6316497178781276
7.29 0.6316497178781276
7.3 0.6316497178781276
7.3100000000000005 0.6316497178781276
7.32 0.6316497178781276
7.33 0.6316497178781276
7.34 0.6316497178781276
7.3500000000000005 0.6316497178781276
7.36 0.6316497178781276
7.37 0.6316497178781276
7.38 0.6316497178781276
7.390000000000001 0.6316497178781276
7.4 0.6316497178781276
7.41 0.6316497178781276
7.42 0.6316497178781276
7.43 0.6316497178781276
7.44 0.6316497178781276
7.45 0.6316497178781276
7.46 0.6316497178781276
7.47 0.6316497178781276
7.48 0.6316497178781276
7.49 0.6316497178781276
7.5 0.6316497178781276
7.51 0.6316497178781276
7.5200000000000005 0.6316497178781276
7.53 0.6316497178781276
7.54 0.6316497178781276
7.55 0.6316497178781276
7.5600000000000005 0.6316497178781276
7.57 0.6316497178781276
7.58 0.6316497178781276
7.59 0.6316497178781276
7.6000000000000005 0.6316497178781276
7.61 0.6316497178781276
7.62 0.6316497178781276
7.63 0.6316497178781276
7.640000000000001 0.6316497178781276
7.65 0.6316497178781276
7.66 0.6316497178781276
7.67 0.6316497178781276
7.68 0.6316497178781276
7.69 0.6316497178781276
7.7 0.6316497178781276
7.71 0.6316497178781276
7.72 0.6316497178781276
7.73 0.6316497178781276
7.74 0.6316497178781276
7.75 0.6316497178781276
7.76 0.6316497178781276
7.7700000000000005 0.6316497178781276
7.78 0.6316497178781276
7.79 0.6316497178781276
7.8 0.6316497178781276
7.8100000000000005 0.6316497178781276
7.82 0.6316497178781276
7.83 0.6316497178781276
7.84 0.6316497178781276
7.8500000000000005 0.6316497178781276
7.86 0.6316497178781276
7.87 0.6316497178781276
7.88 0.6316497178781276
7.890000000000001 0.6316497178781276
7.9 0.6316497178781276
7.91 0.6316497178781276
7.92 0.6316497178781276
7.930000000000001 0.6316497178781276
7.94 0.6316497178781276
7.95 0.6316497178781276
7.96 0.6316497178781276
7.97 0.6316497178781276
7.98 0.6316497178781276
7.99 0.6316497178781276
8.0 0.6316497178781276
8.01 0.6316497178781276
8.02 0.6316497178781276
8.03 0.6316497178781276
8.040000000000001 0.6316497178781276
8.05 0.6316497178781276
8.06 0.6316497178781276
8.07 0.6316497178781276
8.08 0.6316497178781276
8.09 0.6316497178781276
8.1 0.6316497178781276
8.11 0.6316497178781276
8.120000000000001 0.6316497178781276
8.13 0.6316497178781276
8.14 0.6316497178781276
8.15 0.6316497178781276
8.16 0.6316497178781276
8.17 0.6316497178781276
8.18 0.6316497178781276
8.19 0.6316497178781276
8.2 0.6316497178781276
8.21 0.6316497178781276
8.22 0.6316497178781276
8.23 0.6316497178781276
8.24 0.6316497178781276
8.25 0.6316497178781276
8.26 0.6316497178781276
8.27 0.6316497178781276
8.28 0.6316497178781276
8.290000000000001 0.6316497178781276
8.3 0.6316497178781276
8.31 0.6316497178781276
8.32 0.6316497178781276
8.33 0.6316497178781276
8.34 0.6316497178781276
8.35 0.6316497178781276
8.36 0.6316497178781276
8.370000000000001 0.6316497178781276
8.38 0.6316497178781276
8.39 0.6316497178781276
8.4 0.6316497178781276
8.41 0.6316497178781276
8.42 0.6316497178781276
8.43 0.6316497178781276
8.44 0.6316497178781276
8.45 0.6316497178781276
8.46 0.6316497178781276
8.47 0.6316497178781276
8.48 0.6316497178781276
8.49 0.6316497178781276
8.5 0.6316497178781276
8.51 0.6316497178781276
8.52 0.6316497178781276
8.53 0.6316497178781276
8.540000000000001 0.6316497178781276
8.55 0.6316497178781276
8.56 0.6316497178781276
8.57 0.6316497178781276
8.58 0.6316497178781276
8.59 0.6316497178781276
8.6 0.6316497178781276
8.61 0.6316497178781276
8.620000000000001 0.6316497178781276
8.63 0.6316497178781276
8.64 0.6316497178781276
8.65 0.6316497178781276
8.66 0.6316497178781276
8.67 0.6316497178781276
8.68 0.6316497178781276
8.69 0.6316497178781276
8.700000000000001 0.6316497178781276
8.71 0.6316497178781276
8.72 0.6316497178781276
8.73 0.6316497178781276
8.74 0.6316497178781276
8.75 0.6316497178781276
8.76 0.6316497178781276
8.77 0.6316497178781276
8.78 0.6316497178781276
8.790000000000001 0.6316497178781276
8.8 0.6316497178781276
8.81 0.6316497178781276
8.82 0.6316497178781276
8.83 0.6316497178781276
8.84 0.6316497178781276
8.85 0.6316497178781276
8.86 0.6316497178781276
8.870000000000001 0.6316497178781276
8.88 0.6316497178781276
8.89 0.6316497178781276
8.9 0.6316497178781276
8.91 0.6316497178781276
8.92 0.6316497178781276
8.93 0.6316497178781276
8.94 0.6316497178781276
8.950000000000001 0.6316497178781276
8.96 0.6316497178781276
8.97 0.6316497178781276
8.98 0.6316497178781276
8.99 0.6316497178781276
9.0 0.6316497178781276
9.01 0.6316497178781276
9.02 0.6316497178781276
9.03 0.6316497178781276
9.040000000000001 0.6316497178781276
9.05 0.6316497178781276
9.06 0.6316497178781276
9.07 0.6316497178781276
9.08 0.6316497178781276
9.09 0.6316497178781276
9.1 0.6316497178781276
9.11 0.6316497178781276
9.120000000000001 0.6316497178781276
9.13 0.6316497178781276
9.14 0.6316497178781276
9.15 0.6316497178781276
9.16 0.6316497178781276
9.17 0.6316497178781276
9.18 0.6316497178781276
9.19 0.6316497178781276
9.200000000000001 0.6316497178781276
9.21 0.6316497178781276
9.22 0.6316497178781276
9.23 0.6316497178781276
9.24 0.6316497178781276
9.25 0.6316497178781276
9.26 0.6316497178781276
9.27 0.6316497178781276
9.28 0.6316497178781276
9.290000000000001 0.6316497178781276
9.3 0.6316497178781276
9.31 0.6316497178781276
9.32 0.6316497178781276
9.33 0.6316497178781276
9.34 0.6316497178781276
9.35 0.6316497178781276
9.36 0.6316497178781276
9.370000000000001 0.6316497178781276
9.38 0.6316497178781276
9.39 0.6316497178781276
9.4 0.6316497178781276
9.41 0.6316497178781276
9.42 0.6316497178781276
9.43 0.6316497178781276
9.44 0.6316497178781276
9.450000000000001 0.6316497178781276
9.46 0.6316497178781276
9.47 0.6316497178781276
9.48 0.6316497178781276
9.49 0.6316497178781276
9.5 0.6316497178781276
9.51 0.6316497178781276
9.52 0.6316497178781276
9.53 0.6316497178781276
9.540000000000001 0.6316497178781276
9.55 0.6316497178781276
9.56 0.6316497178781276
9.57 0.6316497178781276
9.58 0.6316497178781276
9.59 0.6316497178781276
9.6 0.6316497178781276
9.61 0.6316497178781276
9.620000000000001 0.6316497178781276
9.63 0.6316497178781276
9.64 0.6316497178781276
9.65 0.6316497178781276
9.66 0.6316497178781276
9.67 0.6316497178781276
9.68 0.6316497178781276
9.69 0.6316497178781276
9.700000000000001 0.6316497178781276
9.71 0.6316497178781276
9.72 0.6316497178781276
9.73 0.6316497178781276
9.74 0.6316497178781276
9.75 0.6316497178781276
9.76 0.6316497178781276
9.77 0.6316497178781276
9.78 0.6316497178781276
9.790000000000001 0.6316497178781276
9.8 0.6316497178781276
9.81 0.6316497178781276
9.82 0.6316497178781276
9.83 0.6316497178781276
9.84 0.6316497178781276
9.85 0.6316497178781276
9.86 0.6316497178781276
9.870000000000001 0.6316497178781276
9.88 0.6316497178781276
9.89 0.6316497178781276
9.9 0.6316497178781276
9.91 0.6316497178781276
9.92 0.6316497178781276
9.93 0.6316497178781276
9.94 0.6316497178781276
9.950000000000001 0.6316497178781276
9.96 0.6316497178781276
9.97 0.6316497178781276
9.98 0.6316497178781276
9.99 0.6316497178781276
