0.0 0.029999999999999277
0.01 0.029856428148081218
0.02 0.029698812272219557
0.03 0.029527379899612807
0.04 0.029342370260000514
0.05 0.029144032553606522
0.06 0.028932630710870766
0.07 0.02870843469704218
0.08 0.028471728174936248
0.09 0.028222805531318798
0.1 0.027961970089254412
0.11 0.02768953465580873
0.12 0.027405820752067253
0.13 0.02711115771916109
0.14 0.026805883552833892
0.15 0.026490344064808838
0.16 0.026164892427071207
0.17 0.02582988768619772
0.18 0.02548569545526648
0.19 0.02513268771283668
0.2 0.02477124211503337
0.21 0.024401741144812056
0.22 0.024024570969640127
0.23 0.02364012272462669
0.24 0.023248791503343774
0.25 0.022850975879568622
0.26 0.02244707625542662
0.27 0.022037495587391487
0.28 0.021622639374455993
0.29 0.021202914877011966
0.3 0.0207787304266826
0.31 0.020350494269016278
0.32 0.019918615399200146
0.33 0.019483502752113593
0.34 0.01904556474950682
0.35000000000000003 0.018605208898122075
0.36 0.018162841392965062
0.37 0.017718866726023963
0.38 0.01727368719753679
0.39 0.016827702461196636
0.4 0.01638130943490855
0.41000000000000003 0.015934901802082596
0.42 0.015488869647134362
0.43 0.015043599102543312
0.44 0.014599472003590339
0.45 0.014156865551002679
0.46 0.01371615220197539
0.47000000000000003 0.013277699306577753
0.48 0.012841868451159658
0.49 0.012409015352091199
0.5 0.011979489560632467
0.51 0.011553634175876487
0.52 0.011131785566428562
0.53 0.010714273098813579
0.54 0.010301418445867488
0.55 0.0098935356694035
0.56 0.009490931283746742
0.5700000000000001 0.009093903781515478
0.58 0.008702743413617105
0.59 0.008317731979612754
0.6 0.007939142628545948
0.61 0.0075672396865519645
0.62 0.007202279009128509
0.63 0.006844507213554098
0.64 0.006494161407710954
0.65 0.00615146924111043
0.66 0.005816648764677489
0.67 0.005489908300505275
0.68 0.005171446321614648
0.6900000000000001 0.004861451319175827
0.7000000000000001 0.004560101419489329
0.71 0.004267564700252288
0.72 0.0039839990748779044
0.73 0.0037095521509047796
0.74 0.0034443611746734423
0.75 0.0031885529867102663
0.76 0.0029422439878091997
0.77 0.0027055401490878594
0.78 0.0024785371961306216
0.79 0.0022613202531992505
0.8 0.002053963936959991
0.81 0.0018565324091963688
0.8200000000000001 0.001669079401188784
0.8300000000000001 0.0014916482479484447
0.84 0.001324271932251271
0.85 0.0011669731384107741
0.86 0.0010197643157227286
0.87 0.0008826477515104479
0.88 0.0007556156536931424
0.89 0.0006386502609234054
0.9 0.000531724043727793
0.91 0.0004347995904492776
0.92 0.00034782979249151774
0.93 0.0002707579951594114
0.9400000000000001 0.00020351813134152595
0.9500000000000001 0.0001460348637453094
0.96 9.822373556484746e-05
0.97 5.999132946066504e-05
0.98 3.123543471727098e-05
0.99 1.184522244320049e-05
1.0 1.7014286700495467e-06
1.01 6.765443365541485e-07
1.02 8.634981069706362e-06
1.03 2.543325182837201e-05
1.04 5.092020635156201e-05
1.05 8.493724831448377e-05
1.06 0.00012731855708907492
1.07 0.00017789131599077294
1.08 0.00023647594682471573
1.09 0.0003028863505380591
1.1 0.0003769301537792664
1.11 0.00045840896115605795
1.12 0.0005471186129769792
1.1300000000000001 0.0006428494014759818
1.1400000000000001 0.0007453859363477436
1.1500000000000001 0.0008545079528192688
1.16 0.0009699904980654123
1.17 0.001091604129503626
1.18 0.0012191151913132775
1.19 0.0013522860945102862
1.2 0.001490875600331367
1.21 0.0016346391066762965
1.22 0.0017833289373514923
1.23 0.0019366946338496387
1.24 0.0020944832493928513
1.25 0.0022564395607549345
1.26 0.0024223056212808736
1.27 0.0025918221535545308
1.28 0.002764728649801082
1.29 0.0029407635040816504
1.3 0.003119664304892328
1.31 0.0033011681278722824
1.32 0.0034850118283338005
1.33 0.003670932333329026
1.34 0.0038586669329573955
1.35 0.004047953570620204
1.36 0.004238531131921484
1.37 0.0044301396104377486
1.3800000000000001 0.004622519241874436
1.3900000000000001 0.004815412513603665
1.4000000000000001 0.005008564143990514
1.41 0.005201721082418197
1.42 0.005394632774594232
1.43 0.005587051424382983
1.44 0.00577873225188838
1.45 0.005969433747509176
1.46 0.006158917921690467
1.47 0.006346950550096785
1.48 0.006533301413930354
1.49 0.006717744397339125
1.5 0.006900056300288983
1.51 0.007080019190989627
1.52 0.007257420282974006
1.53 0.0074320517867788385
1.54 0.00760371110783048
1.55 0.007772201037827185
1.56 0.007937329939405775
1.57 0.008098911923889264
1.58 0.008256767021917598
1.59 0.008410721346765924
1.6 0.008560607250168197
1.61 0.008706263329224743
1.62 0.0088475329800198
1.6300000000000001 0.008984266898099856
1.6400000000000001 0.00911632286336913
1.6500000000000001 0.009243565431448109
1.6600000000000001 0.009365866035045599
1.67 0.009483103077057825
1.68 0.009595162015307607
1.69 0.009701935438846843
1.7 0.009803323135753411
1.71 0.009899232152361513
1.72 0.009989576843878252
1.73 0.0100742787865725
1.74 0.010153265210764754
1.75 0.010226471389825416
1.76 0.01029384036252326
1.77 0.010355322490385836
1.78 0.010410875452145175
1.79 0.010460464229887632
1.8 0.010504061086959345
1.81 0.010541645537699706
1.82 0.010573204309076156
1.83 0.010598731294305934
1.84 0.010618227498560354
1.85 0.010631700867331763
1.86 0.010639164727760088
1.87 0.010640639884500494
1.8800000000000001 0.010636154310473975
1.8900000000000001 0.010625742615178582
1.9000000000000001 0.010609445943237789
1.9100000000000001 0.010587311866337296
1.92 0.010559394268726437
1.93 0.010525753226471583
1.94 0.010486454880649358
1.95 0.010441571304677578
1.96 0.010391180365980072
1.97 0.010335365498344934
1.98 0.010274214290975678
1.99 0.010207820152319955
2.0 0.010136282004457008
2.0100000000000002 0.010059703728295635
2.02 0.00997819399516299
2.0300000000000002 0.009891866094628853
2.04 0.009800837758803742
2.05 0.00970523098335388
2.06 0.009605171845472223
2.07 0.009500790319046278
2.08 0.00939222008726557
2.09 0.009279598295028453
2.1 0.009163064388608193
2.11 0.009042761298631623
2.12 0.008918835166994404
2.13 0.008791434834609785
2.14 0.008660711644184874
2.15 0.008526819242412984
2.16 0.00838991338181775
2.17 0.008250151722475008
2.18 0.008107693633842845
2.19 0.00796269999691697
2.2 0.007815333006934246
2.21 0.007665755941881132
2.22 0.007514132313543337
2.23 0.007360626589798476
2.24 0.007205403973305276
2.25 0.007048629986055321
2.2600000000000002 0.006890470280705073
2.27 0.0067310904540810665
2.2800000000000002 0.006570655863036123
2.29 0.006409331442827779
2.3000000000000003 0.00624728152818823
2.31 0.0060846696772416525
2.32 0.005921658498425485
2.33 0.00575840946327319
2.34 0.005595082376924063
2.35 0.005431835718281305
2.36 0.005268826478404702
2.37 0.005106209873491245
2.38 0.0049441391937358956
2.39 0.0047827656562410975
2.4 0.004622238262077048
2.41 0.004462703657591667
2.42 0.004304306000057011
2.43 0.004147186827735835
2.44 0.003991484934446968
2.45 0.0038373362431228727
2.46 0.0036848735575472566
2.47 0.003534226632647512
2.48 0.003385522071999103
2.49 0.003238883175459048
2.5 0.0030944298426064665
2.5100000000000002 0.002952278481113145
2.52 0.0028125419200756285
2.5300000000000002 0.0026753293283303184
2.54 0.0025407461377710758
2.5500000000000003 0.002408893971683368
2.56 0.002279870578100966
2.57 0.002153769768819251
2.58 0.0020306813796542762
2.59 0.0019106911956106205
2.6 0.001793880903161623
2.61 0.0016803280555025314
2.62 0.0015701060358253444
2.63 0.0014632840255313848
2.64 0.00135992697735475
2.65 0.0012600955933617201
2.66 0.001163846307792652
2.67 0.0010712312747054656
2.68 0.0009822983603753645
2.69 0.000897091142943604
2.7 0.0008156489912105568
2.71 0.0007380069614644665
2.72 0.0006641958010419717
2.73 0.0005942419973167523
2.74 0.0005281677965224101
2.75 0.00046599122687450423
2.7600000000000002 0.0004077261259196434
2.77 0.0003533821720473028
2.7800000000000002 0.0003029649200874951
2.79 0.00025647584092175144
2.8000000000000003 0.00021391236502965594
2.81 0.00017526793157291408
2.82 0.00014053209514497574
2.83 0.00010969048788685154
2.84 8.27248742518525e-05
2.85 5.961324080413794e-05
2.86 4.03298597238819e-05
2.87 2.484535555780489e-05
2.88 1.3126775124513209e-05
2.89 5.137660482736539e-06
2.9 8.381248722357827e-07
2.91 1.8493153042318904e-07
2.92 3.1315752910166146e-06
2.93 9.628366414223422e-06
2.94 1.9622487907170784e-05
2.95 3.305808381177944e-05
2.96 4.987636852566389e-05
2.97 7.001571316861757e-05
2.98 9.34117391307391e-05
2.99 0.00011999741360527172
3.0 0.00014970314700818964
3.0100000000000002 0.00018245689218638478
3.02 0.00021818424531255994
3.0300000000000002 0.0002568085483683775
3.04 0.0002982509931125227
3.0500000000000003 0.0003424307237370628
3.06 0.00038926478971306085
3.0700000000000003 0.00043866838511041374
3.08 0.000490555017120791
3.09 0.0005448365500113211
3.1 0.0006014233126648214
3.11 0.0006602242068073534
3.12 0.0007211468158288339
3.13 0.0007840975140982233
3.14 0.0008489815766791232
3.15 0.0009157032893473832
3.16 0.0009841660588152494
3.17 0.0010542725189247835
3.18 0.0011259243617777852
3.19 0.001199022708930353
3.2 0.0012734683371920276
3.21 0.001349161656667642
3.22 0.001426002816900255
3.23 0.0015038918125090221
3.24 0.0015827285882361285
3.25 0.00166241314331975
3.2600000000000002 0.001742845635107626
3.27 0.001823926481827741
3.2800000000000002 0.0019055564644326999
3.29 0.001987636821465244
3.3000000000000003 0.0020700688507015903
3.31 0.0021527544767730618
3.3200000000000003 0.0022355965800747585
3.33 0.0023184988407022322
3.34 0.0024013658289776182
3.35 0.002484103094493248
3.36 0.0025666172536048804
3.37 0.0026488160753164666
3.38 0.002730608565491781
3.39 0.0028119050493343317
3.4 0.0028926172520750207
3.41 0.002972658375173118
3.42 0.0030519428908246035
3.43 0.0031303868784203423
3.44 0.0032079082459700453
3.45 0.003284426648776942
3.46 0.0033598635564861742
3.47 0.003434142317983724
3.48 0.003507188224100996
3.49 0.0035789285680834435
3.5 0.0036492927037817535
3.5100000000000002 0.0037182121015255157
3.52 0.003785620401642008
3.5300000000000002 0.003851453459435737
3.54 0.003915648511246053
3.5500000000000003 0.003978145014185447
3.56 0.00403888521407008
3.5700000000000003 0.004097813681117397
3.58 0.004154877344582662
3.59 0.0042100255249502075
3.6 0.00426320996367386
3.61 0.004314384850455745
3.62 0.004363506848061333
3.63 0.004410535114661482
3.64 0.004455431323701901
3.65 0.00449815968009127
3.66 0.004538686688865
3.67 0.0045769813806831455
3.68 0.00461301548649052
3.69 0.004646763295169637
3.7 0.004678201657733597
3.71 0.0047073099891103976
3.72 0.004734070267533828
3.73 0.004758467031550848
3.74 0.004780487374662176
3.75 0.004800120937611445
3.7600000000000002 0.004817359898339535
3.77 0.004832198957292741
3.7800000000000002 0.0048446345840909705
3.79 0.0048546656108868005
3.8000000000000003 0.004862293767654374
3.81 0.004867523182920365
3.8200000000000003 0.00487036035836854
3.83 0.0048708141414539954
3.84 0.004868895696066904
3.85 0.004864618471283763
3.86 0.004857998168246204
3.87 0.004849052705207434
3.88 0.0048378021807893926
3.89 0.0048242688348647325
3.9 0.004808476654910576
3.91 0.0047904516108353765
3.92 0.004770221908393095
3.93 0.004747817700750057
3.94 0.004723271041398948
3.95 0.0046966158356989765
3.96 0.004667887791094727
3.97 0.004637124366063304
3.98 0.004604364717844346
3.99 0.0045696496490021735
4.0 0.004533021552875285
4.01 0.004494524357697212
4.0200000000000005 0.0044542031184572894
4.03 0.004412104217850085
4.04 0.004368275637415368
4.05 0.004322766640110734
4.0600000000000005 0.004275627710034528
4.07 0.004226910491530282
4.08 0.004176667727732189
4.09 0.004124953198608526
4.1 0.004071821658558093
4.11 0.0040173287736193775
4.12 0.003961531058346034
4.13 0.0039044858123676307
4.14 0.003846250815399979
4.15 0.0037868844286415224
4.16 0.0037264457830888803
4.17 0.0036649945261826647
4.18 0.0036025907580067157
4.19 0.003539294967637406
4.2 0.0034751679696958665
4.21 0.003410270841158858
4.22 0.003344664858480749
4.23 0.0032784114350797103
4.24 0.003211572059239852
4.25 0.003144208232480558
4.26 0.00307638126179708
4.2700000000000005 0.0030081522915019476
4.28 0.002939582413856952
4.29 0.002870732486480995
4.3 0.002801663074077594
4.3100000000000005 0.0027324343909862214
4.32 0.0026631062446027393
4.33 0.0025937379797122267
4.34 0.0025243884237787714
4.3500000000000005 0.002455115833233497
4.36 0.0023859778408001978
4.37 0.0023170314039018397
4.38 0.002248332700134144
4.39 0.002179937109056073
4.4 0.002111899233715374
4.41 0.002044272805018073
4.42 0.0019771106362619223
4.43 0.00191046457900821
4.44 0.0018443854803057054
4.45 0.0017789231412970036
4.46 0.001714126277233153
4.47 0.001650042478926552
4.48 0.0015867181756657814
4.49 0.0015241985996174504
4.5 0.0014625277163254347
4.51 0.001401748210769268
4.5200000000000005 0.0013419015066485455
4.53 0.0012830277027314
4.54 0.0012251655451795025
4.55 0.0011683524015432475
4.5600000000000005 0.0011126242363967906
4.57 0.0010580155886255813
4.58 0.0010045595503789771
4.59 0.0009522877476955127
4.6000000000000005 0.0009012303228108642
4.61 0.0008514159181546715
4.62 0.0008028717205167506
4.63 0.0007556234198829101
4.64 0.0007096951074111006
4.65 0.0006651093269406834
4.66 0.0006218870670491351
4.67 0.0005800477545994109
4.68 0.0005396092499337056
4.69 0.0005005878437127562
4.7 0.000462998255392184
4.71 0.0004268536333312308
4.72 0.00039216555652514876
4.73 0.00035894403795115257
4.74 0.00032719753049418286
4.75 0.0002969329330091818
4.76 0.00026815559677453166
4.7700000000000005 0.00024086933627369238
4.78 0.00021507644040867462
4.79 0.000190777685236199
4.8 0.00016797234821155395
4.8100000000000005 0.00014665822392167724
4.82 0.00012683164128344995
4.83 0.00010848748218658666
4.84 9.16192015553742e-05
4.8500000000000005 7.62188488037819e-05
4.86 6.227712327424705e-05
4.87 4.9783375938011916e-05
4.88 3.8725573591215194e-05
4.89 2.9090367972050245e-05
4.9 2.0863122550415433e-05
4.91 1.4027940188227409e-05
4.92 8.56769191674928e-06
4.93 4.464046798143733e-06
4.94 1.6975028412609741e-06
4.95 2.4741893698719195e-07
4.96 9.204778126682949e-08
4.97 1.2085697487416135e-06
4.98 3.5731237697630893e-06
4.99 7.160835343233583e-06
5.0 1.1945860010238556e-05
5.01 1.7901419284983757e-05
5.0200000000000005 2.499983793441147e-05
5.03 3.3212581984637043e-05
5.04 4.251029738853735e-05
5.05 5.286284931629425e-05
5.0600000000000005 6.423936203110887e-05
5.07 7.660825930659587e-05
5.08 8.993730534900476e-05
5.09 0.00010419364617940755
5.1000000000000005 0.00011934383055716997
5.11 0.0001353538451679924
5.12 0.00015218920108115222
5.13 0.00016981495379882368
5.14 0.00018819574528235357
5.15 0.0002072958464751952
5.16 0.00022707919997225733
5.17 0.00024750946279483536
5.18 0.00026855004922740795
5.19 0.00029016417367592855
5.2 0.00031231489350094094
5.21 0.00033496515178645624
5.22 0.00035807769065409126
5.23 0.00038161505819951994
5.24 0.0004055399462727493
5.25 0.00042981507543250926
5.26 0.0004544032315935177
5.2700000000000005 0.00047926730498249435
5.28 0.0005043703287195209
5.29 0.0005296755169919756
5.3 0.0005551463027892618
5.3100000000000005 0.0005807463751643233
5.32 0.0006064397159909335
5.33 0.0006321906361839852
5.34 0.0006579638366676563
5.3500000000000005 0.0006837244514276211
5.36 0.0007094380196024756
5.37 0.0007350705522368196
5.38 0.0007605885663724693
5.39 0.0007859591177270739
5.4 0.0008111498326212642
5.41 0.0008361289391189512
5.42 0.0008608652973563641
5.43 0.0008853284290279151
5.44 0.0009094885460013691
5.45 0.0009333165780360253
5.46 0.0009567839733730689
5.47 0.0009798626365720813
5.48 0.0010025255516749668
5.49 0.0010247464933370136
5.5 0.001046500039589074
5.51 0.0010677615915253187
5.5200000000000005 0.0010885073919937316
5.53 0.0011087145432800635
5.54 0.0011283610237733423
5.55 0.0011474257036054834
5.5600000000000005 0.001165888359254963
5.57 0.0011837296871085694
5.58 0.001200931315972778
5.59 0.0012174758185296009
5.6000000000000005 0.0012333467217321495
5.61 0.0012485285161328505
5.62 0.001263006664145458
5.63 0.0012767676072324048
5.64 0.0012897987720197832
5.65 0.001302088427908868
5.66 0.001313625584734853
5.67 0.0013244005140362579
5.68 0.001334404486814409
5.69 0.0013436297613218726
5.7 0.0013520695824883223
5.71 0.0013597181803238732
5.72 0.0013665707673097618
5.73 0.0013726235347825341
5.74 0.0013778736483195386
5.75 0.0013823192421368383
5.76 0.001385959412507104
5.7700000000000005 0.001388794210209484
5.78 0.001390824632022454
5.79 0.0013920526112712849
5.8 0.0013924810074429639
5.8100000000000005 0.001392113594881974
5.82 0.0013909550505816388
5.83 0.0013890109410839534
5.84 0.00138628732401775
5.8500000000000005 0.0013827902343822515
5.86 0.0013785274323424093
5.87 0.0013735075510067224
5.88 0.0013677400120847283
5.89 0.0013612350081000403
5.9 0.0013540034839524748
5.91 0.0013460571178495646
5.92 0.0013374083016334422
5.93 0.0013280701205222074
5.94 0.0013180563322911579
5.95 0.0013073813459160283
5.96 0.0012960601997028254
5.97 0.0012841085389272387
5.98 0.0012715425930072063
5.99 0.0012583791522347981
6.0 0.0012446355440885078
6.01 0.0012303296091547983
6.0200000000000005 0.001215479676677969
6.03 0.0012001043131361598
6.04 0.0011842218266114417
6.05 0.0011678515859214096
6.0600000000000005 0.0011510134110339285
6.07 0.0011337274740912465
6.08 0.0011160142739775752
6.09 0.0010978946107750229
6.1000000000000005 0.0010793895601329193
6.11 0.001060520447573713
6.12 0.0010413088227650344
6.13 0.0010217764337768394
6.140000000000001 0.0010019452013523382
6.15 0.0009818371932140656
6.16 0.0009614745984323353
6.17 0.000940879701874224
6.18 0.0009200748587626269
6.19 0.0008990824693634603
6.2 0.0008779249538255485
6.21 0.0008566247271963347
6.22 0.0008352040384147288
6.23 0.0008136845211159441
6.24 0.0007920882151977969
6.25 0.0007704371330351928
6.26 0.0007487531579376018
6.2700000000000005 0.0007270580215825266
6.28 0.0007053732818364661
6.29 0.000683720300978144
6.3 0.0006621202243451731
6.3100000000000005 0.0006405939594181995
6.32 0.0006191621553606162
6.33 0.0005978451830296015
6.34 0.0005766631154731777
6.3500000000000005 0.0005556357089285015
6.36 0.0005347823843352487
6.37 0.0005141222093771412
6.38 0.0004936738810646536
6.390000000000001 0.00047345570887186335
6.4 0.00045348559843715226
6.41 0.0004337810081513696
6.42 0.00041435880879339866
6.43 0.0003952355473343487
6.44 0.000376427336412773
6.45 0.00035794981348556514
6.46 0.00033981812852827177
6.47 0.00032204693238343726
6.48 0.0003046503657617144
6.49 0.00028764204890042305
6.5 0.00027103507188586465
6.51 0.0002548419856407587
6.5200000000000005 0.00023907479358305575
6.53 0.00022374494395537708
6.54 0.0002088633228293727
6.55 0.00019444024778499103
6.5600000000000005 0.00018048546226638075
6.57 0.00016700813061262462
6.58 0.0001540168337641392
6.59 0.0001415195656431223
6.6000000000000005 0.000129523729930206
6.61 0.00011803613602327269
6.62 0.00010706300116470994
6.63 9.660994835018841e-05
6.640000000000001 8.668200555602204e-05
6.65 7.72836061114033e-05
6.66 6.841858971847609e-05
6.67 6.009020411452265e-05
6.68 5.230110736997515e-05
6.69 4.505337081360788e-05
6.7 3.8348482579865506e-05
6.71 3.218735176711103e-05
6.72 2.657031319961171e-05
6.73 2.1497132785298044e-05
6.74 1.6967013456004217e-05
6.75 1.2978601683042226e-05
6.76 9.529994557051173e-06
6.7700000000000005 6.618747418912253e-06
6.78 4.241882032139915e-06
6.79 2.3958966452444688e-06
6.8 1.076782420915412e-06
6.8100000000000005 2.799996081849108e-07
6.82 5.017675743353373e-10
6.83 2.3275143214688708e-07
6.84 9.707307311415973e-07
6.8500000000000005 2.207952451385286e-06
6.86 3.9374715253242924e-06
6.87 6.1518969304090974e-06
6.88 8.843403986452496e-06
6.890000000000001 1.2003747035457379e-05
6.9 1.562427248978735e-05
6.91 1.9695932233449853e-05
6.92 2.420929736086366e-05
6.93 2.9154572237162588e-05
6.94 3.4521608866042684e-05
6.95 4.029992154530853e-05
6.96 4.647870179840755e-05
6.97 5.304683356097996e-05
6.98 5.999290138284947e-05
6.99 6.730508020788735e-05
7.0 7.497131559138729e-05
7.01 8.297933600272863e-05
7.0200000000000005 9.131662978824166e-05
7.03 9.99704607856514e-05
7.04 0.00010892788407683429
7.05 0.00011817576186013302
7.0600000000000005 0.00012770077942940092
7.07 0.00013748946124146968
7.08 0.0001475281870581234
7.09 0.0001578032081449906
7.1000000000000005 0.00016830066351260567
7.11 0.00017900659618332558
7.12 0.00018990696946796434
7.13 0.00020098768323599005
7.140000000000001 0.00021223459016387822
7.15 0.0002236335119450896
7.16 0.00023517025544591598
7.17 0.00024683061732192445
7.18 0.0002586000756539704
7.19 0.00027046422576944805
7.2 0.00028240882626032193
7.21 0.0002944196833546686
7.22 0.0003064826656021362
7.23 0.000318583718413137
7.24 0.00033070887843733403
7.25 0.00034284428777141447
7.26 0.00035497620797973924
7.2700000000000005 0.00036709103392053646
7.28 0.00037917530736118754
7.29 0.00039121573037330555
7.3 0.00040319917849431647
7.3100000000000005 0.0004151127136449752
7.32 0.0004269435967902517
7.33 0.00043867930033276645
7.34 0.0004503075202280382
7.3500000000000005 0.00046181618780975243
7.36 0.0004731934729816818
7.37 0.00048442732576251674
7.38 0.0004955060418859562
7.390000000000001 0.0005064184163341787
7.4 0.0005171535155694407
7.41 0.0005277006867887915
7.42 0.0005380495668523312
7.43 0.0005481900908792872
7.44 0.0005581125005047448
7.45 0.0005678073517912663
7.46 0.0005772655227892672
7.47 0.0005864782207415133
7.48 0.0005954369889242979
7.49 0.0006041337131232026
7.5 0.0006125606277345742
7.51 0.000620710321492423
7.5200000000000005 0.0006285757428119466
7.53 0.0006361502047494451
7.54 0.0006434273895715471
7.55 0.0006504013499012036
7.5600000000000005 0.000657065993903163
7.57 0.0006634156191457387
7.58 0.0006694452214258857
7.59 0.0006751501658933887
7.6000000000000005 0.0006805261889042333
7.61 0.0006855693995094919
7.62 0.0006902762805815199
7.63 0.0006946436895777022
7.640000000000001 0.0006986688589421461
7.65 0.0007023493961460583
7.66 0.0007056832833694515
7.67 0.0007086688768239736
7.68 0.0007113049057191623
7.69 0.0007135904708738955
7.7 0.0007155250429754859
7.71 0.0007171084604882319
7.72 0.0007183409272132658
7.73 0.000719223009505051
7.74 0.0007197556330348631
7.75 0.0007199396343592485
7.76 0.0007197761180044969
7.7700000000000005 0.0007192668909823431
7.78 0.0007184140913958185
7.79 0.0007172201836479312
7.8 0.000715687953378466
7.8100000000000005 0.0007138205021342478
7.82 0.000711621241777833
7.83 0.0007090938886409222
7.84 0.0007062424574295761
7.8500000000000005 0.0007030712548855463
7.86 0.0006995848732113501
7.87 0.0006957881832658358
7.88 0.0006916863275350862
7.890000000000001 0.0006872847128868466
7.9 0.0006825890031152519
7.91 0.0006776051112809441
7.92 0.0006723391918557718
7.930000000000001 0.0006667976326778791
7.94 0.000660986739149029
7.95 0.0006549128882544185
7.96 0.0006485829898325197
7.97 0.0006420041466107355
7.98 0.0006351836446655823
7.99 0.0006281289446446216
8.0 0.0006208476728922427
8.01 0.0006133476124860204
8.02 0.000605636694195149
8.03 0.0005977229873642895
8.040000000000001 0.0005896146907358041
8.05 0.0005813201232146917
8.06 0.000572847714586034
8.07 0.0005642059961935113
8.08 0.0005554035915853774
8.09 0.0005464492071369856
8.1 0.0005373516226574136
8.11 0.0005281196819886518
8.120000000000001 0.0005187622836045867
8.13 0.0005092882046797854
8.14 0.0004997061230536393
8.15 0.0004900249696787162
8.16 0.000480253692643217
8.17 0.00047040124522699893
8.18 0.0004604765769653067
8.19 0.0004504886247936168
8.2 0.00044044630428054406
8.21 0.00043035850095560733
8.22 0.00042023406173989294
8.23 0.0004100817864854025
8.24 0.0003999104196297041
8.25 0.0003897286419744239
8.26 0.00037954506259091185
8.27 0.00036936821086207446
8.28 0.00035920652866493034
8.290000000000001 0.00034906836270094665
8.3 0.00033896195697850906
8.31 0.0003288954454551459
8.32 0.00031887678238126313
8.33 0.0003089137216164047
8.34 0.00029901399385517426
8.35 0.0002891851948495297
8.36 0.00027943477592658715
8.370000000000001 0.00026977003790891636
8.38 0.00026019812524099087
8.39 0.0002507260203252499
8.4 0.00024136053807416284
8.41 0.00023210832067778638
8.42 0.00022297583259447626
8.43 0.00021396935576481826
8.44 0.0002050949850529813
8.45 0.00019635862391853554
8.46 0.00018776598031976406
8.47 0.00017932256285321975
8.48 0.00017103367712874122
8.49 0.00016290442238388325
8.5 0.00015493968833896372
8.51 0.00014714414566283258
8.52 0.00013952223867343648
8.53 0.00013207820877923857
8.540000000000001 0.0001248160786366222
8.55 0.00011773964950685493
8.56 0.00011085249961952613
8.57 0.00010415798278440302
8.58 9.765922724897045e-05
8.59 9.135913480340721e-05
8.6 8.526038013196083e-05
8.61 7.93654104084612e-05
8.620000000000001 7.367644513670696e-05
8.63 6.819547623334189e-05
8.64 6.29242683516558e-05
8.65 5.7864359445086895e-05
8.66 5.301706156758939e-05
8.67 4.8383461909980684e-05
8.68 4.396442406822722e-05
8.69 3.9760589542762494e-05
8.700000000000001 3.57723876342822e-05
8.71 3.200004716916605e-05
8.72 2.844355665794539e-05
8.73 2.510268783901268e-05
8.74 2.1977000015775423e-05
8.75 1.9065842733913003e-05
8.76 1.63683586610619e-05
8.77 1.388348666551964e-05
8.78 1.1609965090978586e-05
8.790000000000001 9.54633522020059e-06
8.8 7.690944927261087e-06
8.81 6.0419525093158115e-06
8.82 4.597330696902652e-06
8.83 3.354870835648718e-06
8.84 2.312187234572438e-06
8.85 1.46672167707345e-06
8.86 8.157480877198477e-07
8.870000000000001 3.5637734963474233e-07
8.88 8.556226756918422e-08
8.89 1.0264616389904621e-10
8.9 9.664523050890842e-08
8.91 3.7168619174474246e-07
8.92 8.215814568596821e-07
8.93 1.442552317183353e-06
8.94 2.2306908729202712e-06
8.950000000000001 3.1819655799023797e-06
8.96 4.2922268891484525e-06
8.97 5.5572129762592425e-06
8.98 6.972555552260933e-06
8.99 8.533785750389905e-06
9.0 1.0236340084321654e-05
9.01 1.2075566468673898e-05
9.02 1.4046730297280312e-05
9.03 1.614502057322364e-05
9.040000000000001 1.836555608201269e-05
9.05 2.0703391604006555e-05
9.06 2.3153524156882543e-05
9.07 2.5710899264916407e-05
9.08 2.8370403662981297e-05
9.09 3.112681599839323e-05
9.1 3.3974921363131606e-05
9.11 3.690948245882453e-05
9.120000000000001 3.992523671446802e-05
9.13 4.3016902268213156e-05
9.14 4.617918392881351e-05
9.15 4.940677911442672e-05
9.16 5.2694383762652564e-05
9.17 5.603669820471863e-05
9.18 5.94284329990518e-05
9.19 6.2864314719485e-05
9.200000000000001 6.633909169046978e-05
9.21 6.984753966551675e-05
9.22 7.338446744215455e-05
9.23 7.694472240898399e-05
9.24 8.052319601743654e-05
9.25 8.411482917575729e-05
9.26 8.7714617557055e-05
9.27 9.131759523130136e-05
9.28 9.491871897392493e-05
9.290000000000001 9.851310172606046e-05
9.3 0.0001020959506217228
9.31 0.00010566254646570197
9.32 0.00010920824818215144
9.33 0.00011272849715530681
9.34 0.00011621882145625064
9.35 0.00011967483995372133
9.36 0.0001230922663047057
9.370000000000001 0.00012646691282249944
9.38 0.00012979469421663895
9.39 0.00013307163120384376
9.4 0.00013629385398582564
9.41 0.00013945760559040676
9.42 0.00014255924507315144
9.43 0.0001455952505780237
9.44 0.00014856222225207057
9.450000000000001 0.00015145688501344914
9.46 0.00015427606993177571
9.47 0.00015701654591174057
9.48 0.00015967532280118137
9.49 0.00016224958251428306
9.5 0.0001647366374174196
9.51 0.00016713393203369661
9.52 0.0001694390446005528
9.53 0.00017164968847981944
9.540000000000001 0.00017376371342187578
9.55 0.00017577910667980652
9.56 0.00017769399397620997
9.57 0.00017950664031991977
9.58 0.00018121545067430536
9.59 0.00018281897047517023
9.6 0.00018431588599939278
9.61 0.00018570502458421963
9.620000000000001 0.0001869853546964291
9.63 0.00018815598585328677
9.64 0.00018921616839381004
9.65 0.00019016527781586835
9.66 0.00019100263082771386
9.67 0.00019172778358354792
9.68 0.00019234048284052715
9.69 0.00019284060830356865
9.700000000000001 0.0001932281715107901
9.71 0.00019350331459312003
9.72 0.00019366630891189118
9.73 0.00019371755357526846
9.74 0.0001936575738347053
9.75 0.00019348701936527414
9.76 0.00019320666243056485
9.77 0.0001928173959340352
9.78 0.0001923202313604839
9.790000000000001 0.00019171629660925775
9.8 0.00019100683372035368
9.81 0.00019019319649861595
9.82 0.00018927684803462033
9.83 0.00018825935812941466
9.84 0.00018714239243621845
9.85 0.00018592755396677416
9.86 0.00018461661392680032
9.870000000000001 0.00018321149473007718
9.88 0.0001817142085205805
9.89 0.0001801268541452572
9.9 0.00017845161406524097
9.91 0.00017669075120733783
9.92 0.00017484660575886254
9.93 0.00017292159191064325
9.94 0.00017091819454951793
9.950000000000001 0.00016883896590485364
9.96 0.00016668652215266408
9.97 0.000164463539979268
9.98 0.00016217275310845616
9.99 0.00015981694879644952
10.0 0.00015739896429618067
10.01 0.0001549216832955197
10.02 0.00015238803233189914
10.03 0.00014980097414014903
10.040000000000001 0.00014716340142266297
10.05 0.00014447827381890675
10.06 0.00014174862545630537
10.07 0.00013897751409411123
10.08 0.00013616801758738022
10.09 0.0001333232303633719
10.1 0.00013044625991278768
10.11 0.00012754022329799272
10.120000000000001 0.00012460824368243535
10.13 0.00012165344688539088
10.14 0.00011867895796100446
10.15 0.00011568789781023388
10.16 0.0001126833798231839
10.17 0.00010966850655873359
10.18 0.00010664636646241267
10.19 0.0001036200306246144
10.200000000000001 0.00010059254958395044
10.21 9.756695017682643e-05
10.22 9.45462317967485e-05
10.23 9.153331583179776e-05
10.24 8.853110127666e-05
10.25 8.554247854815084e-05
10.26 8.257029936069131e-05
10.27 7.961737400666649e-05
10.28 7.668646870496228e-05
10.290000000000001 7.37803030210274e-05
10.3 7.090154736195606e-05
10.31 6.805282054436843e-05
10.32 6.523668744078028e-05
10.33 6.245565670414104e-05
10.34 5.971217857272341e-05
10.35 5.700864275659523e-05
10.36 5.434737640666251e-05
10.370000000000001 5.173064216920046e-05
10.38 4.916063632481177e-05
10.39 4.6639487015441225e-05
10.4 4.416925255776565e-05
10.41 4.175191981414025e-05
10.42 3.93893928133859e-05
10.43 3.708350211147245e-05
10.44 3.4836010049612946e-05
10.450000000000001 3.264860224910966e-05
10.46 3.0522886509363155e-05
10.47 2.8460391799936362e-05
10.48 2.6462567346324968e-05
10.49 2.4530781812495857e-05
10.5 2.266632257632564e-05
10.51 2.087039510202584e-05
10.52 1.914412240599161e-05
10.53 1.7488544618914168e-05
10.540000000000001 1.590461864087265e-05
10.55 1.4393217891949407e-05
10.56 1.2955132156133083e-05
10.57 1.159106751844833e-05
10.58 1.0301646395529003e-05
10.59 9.08740765651582e-06
10.6 7.948806837404856e-06
10.61 6.886219470615077e-06
10.620000000000001 5.899938349443034e-06
10.63 4.990170712820688e-06
10.64 4.157041922836155e-06
10.65 3.4005960867298634e-06
10.66 2.7207967637733407e-06
10.67 2.117527754609593e-06
10.68 1.5905939721422941e-06
10.69 1.1397223923870561e-06
10.700000000000001 7.645630851759204e-07
10.71 4.646903203500241e-07
10.72 2.396037518409707e-07
10.73 8.872967329821325e-08
10.74 1.1422347976711438e-08
10.75 6.96540838684501e-09
10.76 7.457332404657612e-08
10.77 2.1339293680407243e-07
10.78 4.2250506108993226e-07
10.790000000000001 7.009261461263325e-07
10.8 1.0476070264484267e-06
10.81 1.4614333889023667e-06
10.82 1.9412330251066846e-06
10.83 2.4857754680673513e-06
10.84 3.0937738312798897e-06
10.85 3.7638867105736166e-06
10.86 4.494720133790993e-06
10.870000000000001 5.284829554049733e-06
10.88 6.132721885401772e-06
10.89 7.036857578325171e-06
10.9 7.995652733559485e-06
10.91 9.007481250115391e-06
10.92 1.007067700776413e-05
10.93 1.1183536079418816e-05
10.94 1.2344318972045461e-05
10.950000000000001 1.355125289379238e-05
10.96 1.4802534044378556e-05
10.97 1.6096329926666014e-05
10.98 1.743078167703877e-05
10.99 1.8803990204260997e-05
11.0 2.0214015611899096e-05
11.01 2.165891867327626e-05
11.02 2.3136741672408374e-05
11.03 2.4645510264601194e-05
11.040000000000001 2.6183235750236976e-05
11.05 2.774791734987776e-05
11.06 2.9337544479983175e-05
11.07 3.095009902638482e-05
11.08 3.2583557613335805e-05
11.09 3.423589386595399e-05
11.1 3.590508066395916e-05
11.11 3.7589092384854306e-05
11.120000000000001 3.9285907133684156e-05
11.13 4.0993508957410524e-05
11.14 4.270989004283819e-05
11.15 4.443305289410053e-05
11.16 4.6161012488761186e-05
11.17 4.7891798410970576e-05
11.18 4.962342996664166e-05
11.19 5.1353902913246416e-05
11.200000000000001 5.3081278288397496e-05
11.21 5.480363926295938e-05
11.22 5.6519091230071775e-05
11.23 5.822576364730367e-05
11.24 5.992181184435747e-05
11.25 6.1605418794854e-05
11.26 6.327479685157723e-05
11.27 6.49281894420789e-05
11.28 6.656387272497167e-05
11.290000000000001 6.818015720447615e-05
11.3 6.977538930134745e-05
11.31 7.134795288104255e-05
11.32 7.28962707338323e-05
11.33 7.44188060105809e-05
11.34 7.591406360791132e-05
11.35 7.738059150576293e-05
11.36 7.881698205308794e-05
11.370000000000001 8.022184266486942e-05
11.38 8.159376277099614e-05
11.39 8.293144327447838e-05
11.4 8.423363577699308e-05
11.41 8.549913924966145e-05
11.42 8.672680092256836e-05
11.43 8.791551712428528e-05
11.44 8.90642340668291e-05
11.450000000000001 9.017194857849613e-05
11.46 9.123770878267587e-05
11.47 9.2260614723348e-05
11.48 9.32398189345705e-05
11.49 9.417452695708543e-05
11.5 9.506399779822365e-05
11.51 9.59075443372091e-05
11.52 9.670453367470813e-05
11.53 9.745438742566476e-05
11.540000000000001 9.815658195742177e-05
11.55 9.881064857056743e-05
11.56 9.94161467074324e-05
11.57 9.997261424866e-05
11.58 0.00010047971380446486
11.59 0.000100937168068976
11.6 0.00010134475254117321
11.61 0.00010170229534707271
11.620000000000001 0.00010200967701154938
11.63 0.00010226683018288527
11.64 0.00010247373930817247
11.65 0.00010263044026154362
11.66 0.00010273701992449379
11.67 0.00010279361572005253
11.68 0.00010280041510069698
11.69 0.00010275765499036943
11.700000000000001 0.00010266562118235647
11.71 0.00010252464769172284
11.72 0.00010233511606480214
11.73 0.00010209745464591358
11.74 0.0001018121378013907
11.75 0.00010147966595340681
11.76 0.00010110051080750894
11.77 0.00010067524869452563
11.78 0.00010020450608252181
11.790000000000001 9.968894949461977e-05
11.8 9.912928451443447e-05
11.81 9.852625476314963e-05
11.82 9.788064084598376e-05
11.83 9.71932592723438e-05
11.84 9.646496134865096e-05
11.85 9.569663204564167e-05
11.86 9.488918884196541e-05
11.870000000000001 9.404358054293342e-05
11.88 9.316078607876123e-05
11.89 9.224181327987385e-05
11.9 9.128769763380555e-05
11.91 9.02995010222318e-05
11.92 8.927831044025329e-05
11.93 8.822523669967629e-05
11.94 8.714140225100052e-05
11.950000000000001 8.602789494740679e-05
11.96 8.488586549084548e-05
11.97 8.37164913058859e-05
11.98 8.252096618523077e-05
11.99 8.130049895713025e-05
12.0 8.005631214914443e-05
12.01 7.878964064953874e-05
12.02 7.750173036812167e-05
12.030000000000001 7.619383689701047e-05
12.040000000000001 7.486722417254007e-05
12.05 7.352316314002908e-05
12.06 7.21629304221115e-05
12.07 7.078780699132023e-05
12.08 6.939907684951237e-05
12.09 6.79980257131639e-05
12.1 6.658593970756445e-05
12.11 6.516410407026666e-05
12.120000000000001 6.373380186345222e-05
12.13 6.22963081155772e-05
12.14 6.085286103662928e-05
12.15 5.940471562153587e-05
12.16 5.795312603261264e-05
12.17 5.6499337800462734e-05
12.18 5.5044586659214884e-05
12.19 5.359009740241779e-05
12.200000000000001 5.213708275915094e-05
12.21 5.068674229363312e-05
12.22 4.924026132611774e-05
12.23 4.779880987860249e-05
12.24 4.636354164438451e-05
12.25 4.493559298361302e-05
12.26 4.351608194361027e-05
12.27 4.2106107307149365e-05
12.280000000000001 4.070674766717096e-05
12.290000000000001 3.9319060530158476e-05
12.3 3.7944081447751146e-05
12.31 3.658282317790199e-05
12.32 3.523627376020126e-05
12.33 3.390538591866929e-05
12.34 3.2591094372162645e-05
12.35 3.1294310849818395e-05
12.36 3.0015920577993165e-05
12.370000000000001 2.875678164947649e-05
12.38 2.7517724425744124e-05
12.39 2.629955097416042e-05
12.4 2.5103034538369404e-05
12.41 2.3928919044763353e-05
12.42 2.2777918642294913e-05
12.43 2.1650717278129047e-05
12.44 2.0547968308538486e-05
12.450000000000001 1.947029414517583e-05
12.46 1.841828593594991e-05
12.47 1.7392503282423737e-05
12.48 1.639347399208296e-05
12.49 1.5421693866422056e-05
12.5 1.4477626524459202e-05
12.51 1.3561703351123479e-05
12.52 1.267432457837574e-05
12.530000000000001 1.1815857152304952e-05
12.540000000000001 1.0986635037219146e-05
12.55 1.0186959634737695e-05
12.56 9.417099813321516e-06
12.57 8.677291971966039e-06
12.58 7.967740137594225e-06
12.59 7.288616096343473e-06
12.6 6.640059557910067e-06
12.61 6.0221783529817476e-06
12.620000000000001 5.435048662951955e-06
12.63 4.878715282102255e-06
12.64 4.353191910601902e-06
12.65 3.858461479586345e-06
12.66 3.394476506213273e-06
12.67 2.961159479214232e-06
12.68 2.5584032731567827e-06
12.69 2.186071592934864e-06
12.700000000000001 1.8439995761344993e-06
12.71 1.5319969633666077e-06
12.72 1.2498437117212978e-06
12.73 9.97291113437695e-07
12.74 7.740636436667694e-07
12.75 5.798595362448145e-07
12.76 4.143513822752864e-07
12.77 2.7718675293443053e-07
12.780000000000001 1.6798884317620593e-07
12.790000000000001 8.635713751384277e-08
12.8 3.1868096551281185e-08
12.81 4.075862649307921e-09
12.82 2.512984858561978e-09
12.83 2.6691162614543595e-08
12.84 7.61020061686526e-08
12.85 1.5021781316011716e-07
12.86 2.4849236187430906e-07
12.870000000000001 3.703617182333535e-07
12.88 5.152450572392352e-07
12.89 6.825454276077059e-07
12.9 8.716471932479399e-07
12.91 1.0819197189866235e-06
12.92 1.3127195945127242e-06
12.93 1.5633902192416834e-06
12.94 1.8332626456347544e-06
12.950000000000001 2.1216564303067065e-06
12.96 2.4278804914518257e-06
12.97 2.751233971866893e-06
12.98 3.0910071059963348e-06
12.99 3.446482091408942e-06
13.0 3.8169339629480145e-06
13.01 4.201631468161082e-06
13.02 4.599837945614251e-06
13.030000000000001 5.010812200797023e-06
13.040000000000001 5.433809383819949e-06
13.05 5.868081863993251e-06
13.06 6.312880102822506e-06
13.07 6.767453522751659e-06
13.08 7.231051266390559e-06
13.09 7.702910993499226e-06
13.1 8.182271598778865e-06
13.11 8.668380368292723e-06
13.120000000000001 9.160487011175989e-06
13.13 9.65784444941116e-06
13.14 1.0159709599902745e-05
13.15 1.0665344146252274e-05
13.16 1.1174015301621161e-05
13.17 1.1684996560700801e-05
13.18 1.2197568439894363e-05
13.19 1.2711019206196848e-05
13.200000000000001 1.3224645593043483e-05
13.21 1.3737753502445979e-05
13.22 1.4249658694249785e-05
13.23 1.4759687460056369e-05
13.24 1.5267177281515654e-05
13.25 1.5771477473954833e-05
13.26 1.627194981254805e-05
13.27 1.676796911888323e-05
13.280000000000001 1.7258906173741543e-05
13.290000000000001 1.7744143062533267e-05
13.3 1.8223088874298483e-05
13.31 1.8695167180576237e-05
13.32 1.915981652213369e-05
13.33 1.9616490878240477e-05
13.34 2.0064660116701077e-05
13.35 2.050381042409963e-05
13.36 2.093344471786095e-05
13.370000000000001 2.1353083037152238e-05
13.38 2.176226291450466e-05
13.39 2.216053972621968e-05
13.4 2.254748702311968e-05
13.41 2.2922696839713843e-05
13.42 2.328577998142586e-05
13.43 2.3636366292046664e-05
13.44 2.397410489845056e-05
13.450000000000001 2.4298664433518042e-05
13.46 2.4609733236931764e-05
13.47 2.490699688771072e-05
13.48 2.519015166250289e-05
13.49 2.5458935202767995e-05
13.5 2.571310455150473e-05
13.51 2.5952436207818657e-05
13.52 2.6176726181678742e-05
13.530000000000001 2.6385790027878483e-05
13.540000000000001 2.6579462861656654e-05
13.55 2.6757599353036034e-05
13.56 2.692007370412499e-05
13.57 2.7066779604588854e-05
13.58 2.7197630168793955e-05
13.59 2.7312557854975144e-05
13.6 2.7411514363364156e-05
13.61 2.749447051720059e-05
13.620000000000001 2.756141612445884e-05
13.63 2.7612359820972706e-05
13.64 2.7647328895982065e-05
13.65 2.766636909892848e-05
13.66 2.766953699322736e-05
13.67 2.765690173391587e-05
13.68 2.762855934699193e-05
13.69 2.7584623197580115e-05
13.700000000000001 2.752522362907666e-05
13.71 2.745050767146524e-05
13.72 2.7360638732502364e-05
13.73 2.7255796275962602e-05
13.74 2.7136175484027136e-05
13.75 2.7001986907217862e-05
13.76 2.6853456099353024e-05
13.77 2.669082323988577e-05
13.780000000000001 2.6514342743584867e-05
13.790000000000001 2.6324282857156413e-05
13.8 2.6120925244127544e-05
13.81 2.5904564557496877e-05
13.82 2.5675508001819173e-05
13.83 2.5434074883656094e-05
13.84 2.5180596151663272e-05
13.85 2.4915394648490023e-05
13.86 2.463878234246642e-05
13.870000000000001 2.4351111447258253e-05
13.88 2.4052744064717493e-05
13.89 2.374405098349566e-05
13.9 2.3425411195387297e-05
13.91 2.309721140727897e-05
13.92 2.275984555120264e-05
13.93 2.241371429056527e-05
13.94 2.2059224525065695e-05
13.950000000000001 2.169678889420417e-05
13.96 2.132682527923894e-05
13.97 2.094975630417958e-05
13.98 2.0566008837384457e-05
13.99 2.017601349312611e-05
14.0 1.9780204133452387e-05
14.01 1.937901737184824e-05
14.02 1.8972892078296128e-05
14.030000000000001 1.8562268886327445e-05
14.040000000000001 1.814758949353866e-05
14.05 1.772929604948242e-05
14.06 1.73078314161558e-05
14.07 1.6883638291095848e-05
14.08 1.6457158714701207e-05
14.09 1.6028833598693507e-05
14.1 1.5599102260427378e-05
14.11 1.5168401962510451e-05
14.120000000000001 1.4737167458071191e-05
14.13 1.4305830542349785e-05
14.14 1.3874819611289085e-05
14.15 1.3444559225217825e-05
14.16 1.3015469682825086e-05
14.17 1.2587966599256466e-05
14.18 1.216246049501584e-05
14.19 1.17393563914092e-05
14.200000000000001 1.1319053414940092e-05
14.21 1.0901944410683997e-05
14.22 1.048841556518243e-05
14.23 1.0078842449488812e-05
14.24 9.673585440729288e-06
14.25 9.273006047629592e-06
14.26 8.877458386606467e-06
14.27 8.487288231097574e-06
14.280000000000001 8.102832717304248e-06
14.290000000000001 7.72442006337251e-06
14.3 7.352369300500086e-06
14.31 6.986990016451689e-06
14.32 6.628582111921442e-06
14.33 6.2774355696596125e-06
14.34 5.933830236336561e-06
14.35 5.598035617419925e-06
14.36 5.270310685799497e-06
14.370000000000001 4.9509037033412025e-06
14.38 4.64005205497056e-06
14.39 4.337982097736993e-06
14.4 4.0449090217800805e-06
14.41 3.761036726303551e-06
14.42 3.4865577069964973e-06
14.43 3.221652959314739e-06
14.44 2.9664918939640086e-06
14.450000000000001 2.721232265451897e-06
14.46 2.486020115622387e-06
14.47 2.2609897292770725e-06
14.48 2.0462636039172456e-06
14.49 1.8419524327939127e-06
14.5 1.6481551006293158e-06
14.51 1.46495869326167e-06
14.52 1.2924385199971841e-06
14.530000000000001 1.1306581487152256e-06
14.540000000000001 9.796704694707602e-07
14.55 8.395192065605407e-07
14.56 7.102328000973537e-07
14.57 5.918276946476108e-07
14.58 4.843087728951959e-07
14.59 3.8766945159346596e-07
14.6 3.0189178990756805e-07
14.61 2.269466085838166e-07
14.620000000000001 1.6279362113582512e-07
14.63 1.093815756111503e-07
14.64 6.664840771991392e-08
14.65 3.452140476703871e-08
14.66 1.2917379224247692e-08
14.67 1.7428538102664637e-09
14.68 8.942559516884007e-10
14.69 1.0258122042859077e-08
14.700000000000001 2.9711311308244564e-08
14.71 5.912122888750452e-08
14.72 9.834605816104762e-08
14.73 1.4723500154652626e-07
14.74 2.056285293387393e-07
14.75 2.733586380427818e-07
14.76 3.502491145428318e-07
14.77 4.3611580958629334e-07
14.780000000000001 5.307669174107587e-07
14.790000000000001 6.340032623163147e-07
14.8 7.456185924157015e-07
14.81 8.653998789708234e-07
14.82 9.931276215210125e-07
14.83 1.1285761591773137e-06
14.84 1.2715139864742132e-06
14.85 1.4217032262608996e-06
14.86 1.5788971323912881e-06
14.870000000000001 1.7428465664899757e-06
14.88 1.9132981305372727e-06
14.89 2.089994056556077e-06
14.9 2.2726725405206646e-06
14.91 2.461068077280401e-06
14.92 2.654911800172412e-06
14.93 2.853931820439963e-06
14.94 3.057853569735829e-06
14.950000000000001 3.2664001434837015e-06
14.96 3.479292644966445e-06
14.97 3.6962505302966762e-06
14.98 3.916991953299958e-06
14.99 4.141234110244035e-06
15.0 4.368693584370529e-06
15.01 4.599086688747856e-06
15.02 4.832129808655331e-06
15.030000000000001 5.067539741271084e-06
15.040000000000001 5.305034034746962e-06
15.05 5.544331323112514e-06
15.06 5.7851516129926814e-06
15.07 6.027193879884398e-06
15.08 6.270156791857336e-06
15.09 6.513756904979974e-06
15.1 6.75771262252634e-06
15.11 7.001744482751891e-06
15.120000000000001 7.245575443141829e-06
15.13 7.488931160279247e-06
15.14 7.731540266213031e-06
15.15 7.97313463974823e-06
15.16 8.213449674102178e-06
15.17 8.452224538790278e-06
15.18 8.689202436944037e-06
15.19 8.92413085709252e-06
15.200000000000001 9.156761819447117e-06
15.21 9.386852116506812e-06
15.22 9.614163547430176e-06
15.23 9.838463146133285e-06
15.24 1.0059523403467465e-05
15.25 1.0277122481829742e-05
15.26 1.0491044423676602e-05
15.27 1.0701079352615737e-05
15.280000000000001 1.0907020647732326e-05
15.290000000000001 1.1108653306341441e-05
15.3 1.1305780132885457e-05
15.31 1.1498212633230444e-05
15.32 1.1685768915796046e-05
15.33 1.1868273840086405e-05
15.34 1.2045559156315024e-05
15.35 1.2217463638350065e-05
15.36 1.238383320911621e-05
15.370000000000001 1.254452105707701e-05
15.38 1.2699387746261444e-05
15.39 1.2848301316889608e-05
15.4 1.2991137378689979e-05
15.41 1.3127779196232207e-05
15.42 1.3258117764915808e-05
15.43 1.3382051879959247e-05
15.44 1.3499488195737458e-05
15.450000000000001 1.3610341277902043e-05
15.46 1.3714533645539824e-05
15.47 1.3811995806099764e-05
15.48 1.3902666281123688e-05
15.49 1.3986491621819329e-05
15.5 1.4063401167845827e-05
15.51 1.4133327119951293e-05
15.52 1.419623079881643e-05
15.530000000000001 1.425208090059327e-05
15.540000000000001 1.4300853467534135e-05
15.55 1.4342531852886472e-05
15.56 1.4377106678543482e-05
15.57 1.4404575787129326e-05
15.58 1.4424944186282405e-05
15.59 1.4438223988305198e-05
15.6 1.4444434342435458e-05
15.610000000000001 1.444360136078262e-05
15.620000000000001 1.4435758039673275e-05
15.63 1.4420944173119694e-05
15.64 1.4399206262469787e-05
15.65 1.4370597418344056e-05
15.66 1.4335177258227496e-05
15.67 1.4293011798466575e-05
15.68 1.4244173340315254e-05
15.69 1.4188740350608992e-05
15.700000000000001 1.4126797338298407e-05
15.71 1.4058434975920252e-05
15.72 1.398375117800995e-05
15.73 1.390284840329303e-05
15.74 1.3815834362691272e-05
15.75 1.3722822134263311e-05
15.76 1.3623930009924907e-05
15.77 1.351928133786406e-05
15.780000000000001 1.3409004360768507e-05
15.790000000000001 1.3293232050465807e-05
15.8 1.3172101937420841e-05
15.81 1.304575593763296e-05
15.82 1.2914340175355053e-05
15.83 1.277800480210681e-05
15.84 1.2636903813227282e-05
15.85 1.249119485986468e-05
15.860000000000001 1.2341039059176814e-05
15.870000000000001 1.2186600801059912e-05
15.88 1.2028047552320453e-05
15.89 1.1865549658430109e-05
15.9 1.1699280142567561e-05
15.91 1.152941450268622e-05
15.92 1.135613050683203e-05
15.93 1.1179586311544937e-05
15.94 1.099993458244337e-05
15.950000000000001 1.0817351708827631e-05
15.96 1.0632015291096517e-05
15.97 1.044410392663734e-05
15.98 1.0253797022361302e-05
15.99 1.0061274607735433e-05
16.0 9.866717149167176e-06
16.01 9.670305366968508e-06
16.02 9.472220052881251e-06
16.03 9.272641890344536e-06
16.04 9.07175127652822e-06
16.05 8.869728146572876e-06
16.06 8.666751800051522e-06
16.07 8.463000730751184e-06
16.080000000000002 8.258652457879961e-06
16.09 8.053883361059267e-06
16.1 7.848868517848539e-06
16.11 7.643781544198168e-06
16.12 7.4387944382573856e-06
16.13 7.234077427773454e-06
16.14 7.029799739111282e-06
16.15 6.826134916822647e-06
16.16 6.623249519619031e-06
16.17 6.421306411395983e-06
16.18 6.220465975125596e-06
16.19 6.020885974196812e-06
16.2 5.82272141679452e-06
16.21 5.626124423601525e-06
16.22 5.4312440998967315e-06
16.23 5.23822641148382e-06
16.240000000000002 5.047214064006749e-06
16.25 4.858346386732394e-06
16.26 4.67175922062228e-06
16.27 4.487584809942944e-06
16.28 4.305951698431671e-06
16.29 4.1269846303326925e-06
16.3 3.95080445475776e-06
16.31 3.7775280353582238e-06
16.32 3.607268164026881e-06
16.330000000000002 3.4401334794028314e-06
16.34 3.2762283897370004e-06
16.35 3.115653000729376e-06
16.36 2.9584991174450275e-06
16.37 2.8048523274342395e-06
16.38 2.6547986584422693e-06
16.39 2.508419687305115e-06
16.4 2.365792479749841e-06
16.41 2.226989560409013e-06
16.42 2.0920788875538037e-06
16.43 1.9611238341250056e-06
16.44 1.834183172695473e-06
16.45 1.711311066677568e-06
16.46 1.5925570659027595e-06
16.47 1.4779661080269657e-06
16.48 1.3675785244359872e-06
16.490000000000002 1.2614300519123893e-06
16.5 1.1595518482871532e-06
16.51 1.0619705144679532e-06
16.52 9.687081198277029e-07
16.53 8.797822336000134e-07
16.54 7.952059602962845e-07
16.55 7.149879805587673e-07
16.56 6.391325959242359e-07
16.57 5.676400252873628e-07
16.580000000000002 5.005081729547918e-07
16.59 4.377289483207549e-07
16.6 3.7928947791457087e-07
16.61 3.2517269667035366e-07
16.62 2.75357408229687e-07
16.63 2.2981835037159904e-07
16.64 1.8852626327382294e-07
16.65 1.5144796226146135e-07
16.66 1.1854641296268854e-07
16.67 8.978081127727997e-08
16.68 6.51066658455561e-08
16.69 4.447588422632756e-08
16.7 2.7836861607184304e-08
16.71 1.513457372505345e-08
16.72 6.310671593132817e-09
16.73 1.3035800828510005e-09
16.740000000000002 4.8598190515815375e-11
16.75 2.4780028777285855e-09
16.76 8.521155333573202e-09
16.77 1.8104608669110788e-08
16.78 3.1152219285801e-08
16.79 4.758516575375138e-08
16.8 6.732199778376746e-08
16.81 9.027895716908515e-08
16.82 1.1637001889178481e-07
16.830000000000002 1.4550700659833214e-07
16.84 1.7759971329337062e-07
16.85 2.1255602119976246e-07
16.86 2.5028202445661e-07
16.87 2.9068215181708755e-07
16.88 3.336592912023457e-07
16.89 3.791149146317968e-07
16.9 4.269492037644565e-07
16.91 4.770611769635896e-07
16.92 5.29348815035322e-07
16.93 5.837091895764942e-07
16.94 6.400385899718152e-07
16.95 6.98232650414056e-07
16.96 7.581864779968982e-07
16.97 8.197947791277038e-07
16.98 8.829519874120877e-07
16.990000000000002 9.475523886983165e-07
17.0 1.013489829252692e-06
17.01 1.080653506305043e-06
17.02 1.1489350094687992e-06
17.03 1.2182272338097724e-06
17.04 1.2884233221469813e-06
17.05 1.3594167757601016e-06
17.06 1.4311015646229028e-06
17.07 1.5033722361472088e-06
17.080000000000002 1.5761240222893864e-06
17.09 1.6492529460863286e-06
17.1 1.7226559255975908e-06
17.11 1.7962308775801641e-06
17.12 1.8698768182913049e-06
17.13 1.9434939633471322e-06
17.14 2.0169838252199427e-06
17.150000000000002 2.090249309613483e-06
17.16 2.163194808751717e-06
17.17 2.235726293225819e-06
17.18 2.3077514018799566e-06
17.19 2.379179528873808e-06
17.2 2.4499219083927957e-06
17.21 2.5198916975964925e-06
17.22 2.5890034868866676e-06
17.23 2.6571733102288917e-06
17.240000000000002 2.7243201836770533e-06
17.25 2.790365336761188e-06
17.26 2.8552322630054448e-06
17.27 2.9188467856021156e-06
17.28 2.9811371204146227e-06
17.29 3.04203393585974e-06
17.3 3.101470410387438e-06
17.31 3.159382286528579e-06
17.32 3.2157079220267604e-06
17.330000000000002 3.270388337563374e-06
17.34 3.3233672620601278e-06
17.35 3.374591174164091e-06
17.36 3.4240093405928877e-06
17.37 3.4715738519779885e-06
17.38 3.5172396538681212e-06
17.39 3.560964575723656e-06
17.400000000000002 3.602709356702403e-06
17.41 3.6424376666356704e-06
17.42 3.6801161246789293e-06
17.43 3.715713337567022e-06
17.44 3.7491873627444e-06
17.45 3.7805060841525524e-06
17.46 3.8096441513299495e-06
17.47 3.836578933710984e-06
17.48 3.861290517410661e-06
17.490000000000002 3.883761698793764e-06
17.5 3.903977975995955e-06
17.51 3.921927537874461e-06
17.52 3.937601250388967e-06
17.53 3.9509926406141975e-06
17.54 3.9620978782646706e-06
17.55 3.970915754347845e-06
17.56 3.977447658957706e-06
17.57 3.981697554436862e-06
17.580000000000002 3.983671948504155e-06
17.59 3.9833798635851864e-06
17.6 3.980832804965613e-06
17.61 3.9760447257172066e-06
17.62 3.969031990679571e-06
17.63 3.959813337478307e-06
17.64 3.948409835531977e-06
17.650000000000002 3.93484562437622e-06
17.66 3.919148121419441e-06
17.67 3.901345587653711e-06
17.68 3.8814684114076015e-06
17.69 3.859549102694024e-06
17.7 3.835622239876154e-06
17.71 3.809724415343267e-06
17.72 3.7818941790294415e-06
17.73 3.7521719804263064e-06
17.740000000000002 3.7206001086635253e-06
17.75 3.687222630779311e-06
17.76 3.6520853291190265e-06
17.77 3.615235636510736e-06
17.78 3.5767225705313297e-06
17.79 3.5365966654259985e-06
17.8 3.4949099045685113e-06
17.81 3.4517156490658507e-06
17.82 3.4070685672850723e-06
17.830000000000002 3.361024562435321e-06
17.84 3.3136406985510847e-06
17.85 3.2649751265094885e-06
17.86 3.21508644704439e-06
17.87 3.1640242458491966e-06
17.88 3.1118438823243486e-06
17.89 3.0586048947395597e-06
17.900000000000002 3.004367452764207e-06
17.91 2.9491922871733006e-06
17.92 2.8931406188920875e-06
17.93 2.8362740898627697e-06
17.94 2.7786546919462106e-06
17.95 2.7203446988153905e-06
17.96 2.661406595514792e-06
17.97 2.601903011208639e-06
17.98 2.541896650660406e-06
17.990000000000002 2.481450226965009e-06
18.0 2.420626394745041e-06
18.01 2.3594876845307346e-06
18.02 2.2980964374602012e-06
18.03 2.2365147412293195e-06
18.04 2.174804366450586e-06
18.05 2.113026704392805e-06
18.06 2.051242705661434e-06
18.07 1.9895128198981838e-06
18.080000000000002 1.9278970844655062e-06
18.09 1.8664551508644793e-06
18.1 1.8052456903936082e-06
18.11 1.744326628574911e-06
18.12 1.6837551054053315e-06
18.13 1.6235874206939772e-06
18.14 1.5638789822818152e-06
18.150000000000002 1.5046842557166944e-06
18.16 1.4460567134464385e-06
18.17 1.3880487880288004e-06
18.18 1.3307118251774854e-06
18.19 1.2740960387300302e-06
18.2 1.2182504666958735e-06
18.21 1.1632229303477817e-06
18.22 1.109059992970016e-06
18.23 1.055806921867455e-06
18.240000000000002 1.0035076508742085e-06
18.25 9.522047449527903e-07
18.26 9.019393671016659e-07
18.27 8.527512459768558e-07
18.28 8.046786454260707e-07
18.29 7.577583484141143e-07
18.3 7.120258840394213e-07
18.31 6.675150989204253e-07
18.32 6.242581566297126e-07
18.330000000000002 5.822856269656037e-07
18.34 5.416264651910904e-07
18.35 5.023079938864606e-07
18.36 4.6435588670090157e-07
18.37 4.277941527834118e-07
18.38 3.9264512389364237e-07
18.39 3.5892944353884196e-07
18.400000000000002 3.2666605721619986e-07
18.41 2.9587220478575474e-07
18.42 2.6656341453688143e-07
18.43 2.3875349993113075e-07
18.44 2.1245455614438353e-07
18.45 1.8767696073715857e-07
18.46 1.6442937446109647e-07
18.47 1.4271874430198984e-07
18.48 1.2255030890526652e-07
18.490000000000002 1.0392760463383364e-07
18.5 8.685247411468078e-08
18.51 7.13247948712077e-08
18.52 5.734237578153734e-08
18.53 4.490221049325985e-08
18.54 3.399976340769909e-08
18.55 2.46289470951953e-08
18.56 1.67821483586071e-08
18.57 1.0450253648745084e-08
18.580000000000002 5.622677580677921e-09
18.59 2.2873929545112292e-09
18.6 4.30961458075421e-10
18.61 3.856694988173102e-11
18.62 1.0940495504949599e-09
18.63 3.5799410554986913e-09
18.64 7.477502367766726e-09
18.650000000000002 1.2766761859760601e-08
18.66 1.9426554556285238e-08
18.67 2.743456350481476e-08
18.68 3.676736141456152e-08
18.69 4.7400454271693355e-08
18.7 5.930832458223576e-08
18.71 7.246447760746698e-08
18.72 8.68414399151393e-08
18.73 1.0240908415016072e-07
18.740000000000002 1.1913649221033276e-07
18.75 1.369924395244141e-07
18.76 1.559447780653529e-07
18.77 1.7596047451192646e-07
18.78 1.970056497676122e-07
18.79 2.1904561788293076e-07
18.8 2.4204492705514735e-07
18.81 2.6596739950490245e-07
18.82 2.9077617293041085e-07
18.830000000000002 3.1643374194854175e-07
18.84 3.4290199961515416e-07
18.85 3.7014228006243153e-07
18.86 3.981154008892893e-07
18.87 4.2678170538432755e-07
18.88 4.561011063489574e-07
18.89 4.86033128426443e-07
18.900000000000002 5.165369521119983e-07
18.91 5.47571456662962e-07
18.92 5.790952641856551e-07
18.93 6.110667826591263e-07
18.94 6.434450378549166e-07
18.95 6.761910008067692e-07
18.96 7.092637781107866e-07
18.97 7.426223734782484e-07
18.98 7.762258986857918e-07
18.990000000000002 8.100336200140678e-07
19.0 8.440050062868965e-07
19.01 8.780997745819891e-07
19.02 9.122779370503761e-07
19.03 9.46499846006749e-07
19.04 9.807262397206308e-07
19.05 1.0149182864827976e-06
19.06 1.0490376285549313e-06
19.07 1.0830464253656436e-06
19.080000000000002 1.116907396263387e-06
19.09 1.1505838615619634e-06
19.1 1.1840397838877668e-06
19.11 1.2172398079054927e-06
19.12 1.2501492990776072e-06
19.13 1.2827343822440548e-06
19.14 1.31496197803302e-06
19.150000000000002 1.3467997407849317e-06
19.16 1.3782109574584376e-06
19.17 1.4091608586785497e-06
19.18 1.4396180461540746e-06
19.19 1.4695519263116562e-06
19.2 1.498932736556562e-06
19.21 1.5277315691631863e-06
19.22 1.5559203956179912e-06
19.23 1.5834720888656005e-06
19.240000000000002 1.610360445397684e-06
19.25 1.6365602054164074e-06
19.26 1.662047072682163e-06
19.27 1.6867977326979165e-06
19.28 1.7107898699823907e-06
19.29 1.7340021849815597e-06
19.3 1.7564144080310044e-06
19.31 1.7780073143537894e-06
19.32 1.7987627362473294e-06
19.330000000000002 1.8186635751612926e-06
19.34 1.8376938119168571e-06
19.35 1.8558385163192472e-06
19.36 1.8730838550856362e-06
19.37 1.8894159604181636e-06
19.38 1.904818656147376e-06
19.39 1.919280013648627e-06
19.400000000000002 1.9327894889327327e-06
19.41 1.9453375783140938e-06
19.42 1.9569158187281513e-06
19.43 1.96751678760963e-06
19.44 1.977134100691392e-06
19.45 1.9857624105583263e-06
19.46 1.9933974028554617e-06
19.47 2.0000357919226427e-06
19.48 2.0056753161547952e-06
19.490000000000002 2.0103147316799432e-06
19.5 2.013953805494583e-06
19.51 2.0165933076576447e-06
19.52 2.018235002932919e-06
19.53 2.0188816409800634e-06
19.54 2.01853694604872e-06
19.55 2.017205606088244e-06
19.56 2.014893260440169e-06
19.57 2.0116064874183427e-06
19.580000000000002 2.0073528029027196e-06
19.59 2.002141771497725e-06
19.6 1.995983678239636e-06
19.61 1.9888890430094265e-06
19.62 1.9808692684066638e-06
19.63 1.9719366216471284e-06
19.64 1.9621042165002224e-06
19.650000000000002 1.9513859941292736e-06
19.66 1.939796703194366e-06
19.67 1.9273518796419442e-06
19.68 1.9140678248037116e-06
19.69 1.899961584408646e-06
19.7 1.8850509249731954e-06
19.71 1.8693543113226232e-06
19.72 1.8528908822749556e-06
19.73 1.8356804262533713e-06
19.740000000000002 1.817743356500581e-06
19.75 1.7991006847151506e-06
19.76 1.7797739957425363e-06
19.77 1.7597854200939204e-06
19.78 1.7391576071101476e-06
19.79 1.7179136973948005e-06
19.8 1.6960761049175394e-06
19.81 1.6736634888299537e-06
19.82 1.6506987421724796e-06
19.830000000000002 1.6272056081266919e-06
19.84 1.6032081350073621e-06
19.85 1.578730649570378e-06
19.86 1.5537977298964124e-06
19.87 1.528434178696349e-06
19.88 1.5026649960389344e-06
19.89 1.4765153530796934e-06
19.900000000000002 1.4500105648205652e-06
19.91 1.4231760636290247e-06
19.92 1.396037373142204e-06
19.93 1.3686200811198783e-06
19.94 1.340949814185484e-06
19.95 1.3130522111946428e-06
19.96 1.2849528980795038e-06
19.97 1.2566774618023033e-06
19.98 1.2282514256426033e-06
19.990000000000002 1.1997002239387414e-06
20.0 1.1710491776696468e-06
20.01 1.1423234722827968e-06
20.02 1.113548552165674e-06
20.03 1.0847496387118285e-06
20.04 1.0559514569820176e-06
20.05 1.027178502056793e-06
20.06 9.98455016502876e-07
20.07 9.69804967282579e-07
20.080000000000002 9.412520241840368e-07
20.09 9.128195378342368e-07
20.1 8.845305187079981e-07
20.11 8.5640761608339e-07
20.12 8.284730983347316e-07
20.13 8.007488324714195e-07
20.14 7.732562655812661e-07
20.150000000000002 7.460164055627088e-07
20.16 7.190498034499292e-07
20.17 6.923765354545624e-07
20.18 6.660161860411922e-07
20.19 6.399878315806184e-07
20.2 6.143100244249871e-07
20.21 5.890007774639805e-07
20.22 5.64077549617e-07
20.23 5.395568160148755e-07
20.240000000000002 5.154527620496174e-07
20.25 4.917805809991223e-07
20.26 4.685551303497252e-07
20.27 4.457906660436102e-07
20.28 4.235008352059281e-07
20.29 4.016986700047971e-07
20.3 3.8039658182290265e-07
20.31 3.596063561902619e-07
20.32 3.393391494229802e-07
20.330000000000002 3.196054845698527e-07
20.34 3.0041524970068033e-07
20.35 2.8177769599324913e-07
20.36 2.6370143644421397e-07
20.37 2.4619444663926153e-07
20.38 2.2926406472670996e-07
20.39 2.1291699313981827e-07
20.400000000000002 1.9715930094744505e-07
20.41 1.819964263619165e-07
20.42 1.6743318088761764e-07
20.43 1.53473753737273e-07
20.44 1.4012171750449245e-07
20.45 1.273809940668556e-07
20.46 1.1525479752600896e-07
20.47 1.0374488380903487e-07
20.48 9.285237664093419e-08
20.490000000000002 8.257777088218005e-08
20.5 7.292093768396365e-08
20.51 6.388112863014474e-08
20.52 5.54569815988551e-08
20.53 4.764652655571606e-08
20.54 4.04471923299665e-08
20.55 3.3855812869171015e-08
20.56 2.786863562380252e-08
20.57 2.2481328813443247e-08
20.580000000000002 1.7688990227592602e-08
20.59 1.3486156039024637e-08
20.6 9.866810111460421e-09
20.61 6.824394031494229e-09
20.62 4.35181733638763e-09
20.63 2.441468071576235e-09
20.64 1.0852241168554525e-09
20.650000000000002 2.7446489051404226e-10
20.66 8.2821792456974e-14
20.67 2.525589030462637e-10
20.68 1.0220273186648454e-09
20.69 2.2982164284981402e-09
20.7 4.070459110004361e-09
20.71 6.327709339942994e-09
20.72 9.05855883884157e-09
20.73 1.2251254398877413e-08
20.740000000000002 1.5893715398120197e-08
20.75 1.9973551464340183e-08
20.76 2.44780806412493e-08
20.77 2.9394347317288397e-08
20.78 3.470914113605115e-08
20.79 4.0409015336417614e-08
20.8 4.648030548079149e-08
20.81 5.290914868353409e-08
20.82 5.968150271784566e-08
20.830000000000002 6.678316464780684e-08
20.84 7.419979072454557e-08
20.85 8.19169154150153e-08
20.86 8.991997086770648e-08
20.87 9.819430610004355e-08
20.88 1.0672473516886599e-07
20.89 1.15495827234381e-07
20.900000000000002 1.2449248678372262e-07
20.91 1.3369957459381798e-07
20.92 1.4310192540596981e-07
20.93 1.526843647152963e-07
20.94 1.624317262741452e-07
20.95 1.7232886865122194e-07
20.96 1.8236069209293928e-07
20.97 1.9251215486082614e-07
20.98 2.0276829063801396e-07
20.990000000000002 2.1311422367895636e-07
21.0 2.235351856142375e-07
21.01 2.3401653103039466e-07
21.02 2.4454375291714297e-07
21.03 2.551024988877446e-07
21.04 2.6567858487692737e-07
21.05 2.762580116675954e-07
21.06 2.868269776239705e-07
21.07 2.973718947037402e-07
21.080000000000002 3.078794008740159e-07
21.09 3.183361725419176e-07
21.1 3.2872784311565326e-07
21.11 3.3904115502461727e-07
21.12 3.4926332182112774e-07
21.13 3.593818063086433e-07
21.14 3.693843303170384e-07
21.150000000000002 3.7925888590907954e-07
21.16 3.8899374431023955e-07
21.17 3.9857746567817246e-07
21.18 4.0799890821901054e-07
21.19 4.1724723692283545e-07
21.2 4.2631193215299885e-07
21.21 4.3518279753298854e-07
21.22 4.4384996767814515e-07
21.23 4.52303915437699e-07
21.240000000000002 4.605354591056361e-07
21.25 4.685357683613671e-07
21.26 4.7629637149132703e-07
21.27 4.838091599858297e-07
21.28 4.910663945931985e-07
21.29 4.980607105666544e-07
21.3 5.047851213529886e-07
21.31 5.11233187700617e-07
21.32 5.173989329456058e-07
21.330000000000002 5.232766034216942e-07
21.34 5.288608435709795e-07
21.35 5.341466990385017e-07
21.36 5.391296184753796e-07
21.37 5.438054562274157e-07
21.38 5.481704727472014e-07
21.39 5.522213357626697e-07
21.400000000000002 5.559551211586607e-07
21.41 5.593693125819461e-07
21.42 5.624618010041877e-07
21.43 5.652308843345517e-07
21.44 5.676752656716497e-07
21.45 5.697940518929918e-07
21.46 5.715867514189277e-07
21.47 5.730532717721079e-07
21.48 5.741939163337673e-07
21.490000000000002 5.75009381190649e-07
21.5 5.755007514989148e-07
21.51 5.756694963431844e-07
21.52 5.755172257705145e-07
21.53 5.750441002153961e-07
21.54 5.742518701634365e-07
21.55 5.731430127678839e-07
21.56 5.717203352993217e-07
21.57 5.69986968599473e-07
21.580000000000002 5.679463610201848e-07
21.59 5.656022712251935e-07
21.6 5.629587616290746e-07
21.61 5.600201912489902e-07
21.62 5.56791208116466e-07
21.63 5.532767418232843e-07
21.64 5.494819955241927e-07
21.650000000000002 5.454124381654504e-07
21.66 5.4107379595682e-07
21.67 5.364720442524104e-07
21.68 5.316133987396917e-07
21.69 5.265043066968135e-07
21.7 5.21151438079054e-07
21.71 5.155616765298082e-07
21.72 5.097421100488594e-07
21.73 5.037000217222886e-07
21.740000000000002 4.974429881252052e-07
21.75 4.909788285815194e-07
21.76 4.84315395057975e-07
21.77 4.774606961384939e-07
21.78 4.7042288878586594e-07
21.79 4.6321026757979505e-07
21.8 4.5583125427240074e-07
21.81 4.4829438832497603e-07
21.82 4.4060831593049476e-07
21.830000000000002 4.327817794160232e-07
21.84 4.2482360733414213e-07
21.85 4.167427033661378e-07
21.86 4.0854803623599414e-07
21.87 4.002486288849595e-07
21.88 3.918535473972887e-07
21.89 3.833718912393878e-07
21.900000000000002 3.748127821543855e-07
21.91 3.661853535934386e-07
21.92 3.5749874026006585e-07
21.93 3.4876206734114727e-07
21.94 3.399844401482939e-07
21.95 3.311747152539364e-07
21.96 3.2233969719629033e-07
21.97 3.134874876122842e-07
21.98 3.04626630379546e-07
21.990000000000002 2.9576559552933843e-07
22.0 2.8691277283756896e-07
22.01 2.78076463052022e-07
22.02 2.6926487212272296e-07
22.03 2.604861043094481e-07
22.04 2.517481553033292e-07
22.05 2.4305890648958087e-07
22.06 2.344261192043732e-07
22.07 2.2585742849676616e-07
22.080000000000002 2.1736033863550483e-07
22.09 2.0894221749588777e-07
22.1 2.0061029251032623e-07
22.11 1.923716454994102e-07
22.12 1.8423320905972635e-07
22.13 1.7620176288955097e-07
22.14 1.6828393003946208e-07
22.150000000000002 1.6048617358378455e-07
22.16 1.5281479422835217e-07
22.17 1.4527718985468023e-07
22.18 1.3788154548091593e-07
22.19 1.3063396851948662e-07
22.2 1.2354034214541584e-07
22.21 1.1660634634965924e-07
22.22 1.0983745069628173e-07
22.23 1.0323890840276779e-07
22.240000000000002 9.681575017524797e-08
22.25 9.057277811734261e-08
22.26 8.45145588568351e-08
22.27 7.864541879884501e-08
22.28 7.296943773895575e-08
22.29 6.749044332199274e-08
22.3 6.221200512401435e-08
22.31 5.713743036662327e-08
22.32 5.226975775780374e-08
22.330000000000002 4.761175318162159e-08
22.34 4.3165904064411615e-08
22.35 3.8934415762215905e-08
22.36 3.491920665699166e-08
22.37 3.1121903242329295e-08
22.38 2.7543716711307697e-08
22.39 2.4184255507104092e-08
22.400000000000002 2.1043910126977575e-08
22.41 1.812325240621831e-08
22.42 1.542261933417386e-08
22.43 1.294211664453046e-08
22.44 1.0681624134219149e-08
22.45 8.640800380047583e-09
22.46 6.819088253128469e-09
22.47 5.2157206035074034e-09
22.48 3.8297264750469014e-09
22.490000000000002 2.6599373772378046e-09
22.5 1.704994110783895e-09
22.51 9.63353978406927e-10
22.52 4.33297903157357e-10
22.53 1.1293776109809857e-10
22.54 2.247725174656463e-13
22.55 9.295779396800312e-11
22.56 3.887907426744882e-10
22.57 8.852422909497843e-10
22.580000000000002 1.5797041354695558e-09
22.59 2.46945005840071e-09
22.6 3.5514189232718524e-09
22.61 4.821998977526745e-09
22.62 6.277647091203599e-09
22.63 7.914661698379608e-09
22.64 9.729179001690845e-09
22.650000000000002 1.171717699569811e-08
22.66 1.3874479399281431e-08
22.67 1.619675952925048e-08
22.68 1.8679544834708452e-08
22.69 2.131822023180045e-08
22.7 2.4108033318847905e-08
22.71 2.704409804070798e-08
22.72 3.0121399395634e-08
22.73 3.3334797597608934e-08
22.740000000000002 3.6679032699884866e-08
22.75 4.0148729376423024e-08
22.76 4.373840109894527e-08
22.77 4.7442455288534274e-08
22.78 5.1255197524967136e-08
22.79 5.517083693389914e-08
22.8 5.91834904671313e-08
22.81 6.328725655105447e-08
22.82 6.747721768309272e-08
22.830000000000002 7.174797244849764e-08
22.84 7.609378429912408e-08
22.85 8.050890180289947e-08
22.86 8.498756606030878e-08
22.87 8.952401874334705e-08
22.88 9.411250884007005e-08
22.89 9.874730108304646e-08
22.900000000000002 1.0342268264685412e-07
22.91 1.081329707148897e-07
22.92 1.1287252032882969e-07
22.93 1.1763573118568366e-07
22.94 1.2241705485410833e-07
22.95 1.2721100242898335e-07
22.96 1.3201215092237652e-07
22.97 1.36815150581014e-07
22.98 1.416147317756804e-07
22.990000000000002 1.4640571138296822e-07
23.0 1.5118299995106827e-07
23.01 1.5594160725424574e-07
23.02 1.6067664965235037e-07
23.03 1.6538262126702258e-07
23.04 1.7005301915045106e-07
23.05 1.746827229737245e-07
23.06 1.7926674184128803e-07
23.07 1.8380016768049538e-07
23.080000000000002 1.8827817993582498e-07
23.09 1.9269604870466358e-07
23.1 1.970491382354846e-07
23.11 2.013329103810321e-07
23.12 2.0554292810208256e-07
23.13 2.0967485827655874e-07
23.14 2.1372447507269927e-07
23.150000000000002 2.1768766282485082e-07
23.16 2.2156041875373133e-07
23.17 2.253388558523051e-07
23.18 2.290192053765205e-07
23.19 2.3259781942224162e-07
23.2 2.360711733810747e-07
23.21 2.3943586762397145e-07
23.22 2.426886306495352e-07
23.23 2.458263204353707e-07
23.240000000000002 2.4884596630937554e-07
23.25 2.517455278852436e-07
23.26 2.545227659868994e-07
23.27 2.571753130009135e-07
23.28 2.59700957054511e-07
23.29 2.62097643442111e-07
23.3 2.643634758227732e-07
23.31 2.664967179552471e-07
23.32 2.684957943088111e-07
23.330000000000002 2.703592906905922e-07
23.34 2.720859556241289e-07
23.35 2.7367470044255835e-07
23.36 2.7512459953543504e-07
23.37 2.764348907997047e-07
23.38 2.7760497555567865e-07
23.39 2.7863441810337813e-07
23.400000000000002 2.795229455728062e-07
23.41 2.802704473887853e-07
23.42 2.808769745606967e-07
23.43 2.813427386117763e-07
23.44 2.8166811048065555e-07
23.45 2.818536194704982e-07
23.46 2.8189975345412153e-07
23.47 2.818068026987932e-07
23.48 2.815756141665536e-07
23.490000000000002 2.812071995877616e-07
23.5 2.8070271255087233e-07
23.51 2.8006344578087325e-07
23.52 2.792908284848859e-07
23.53 2.7838642473887324e-07
23.54 2.773519297358121e-07
23.55 2.761891681271351e-07
23.56 2.7490008986102033e-07
23.57 2.7348676854605956e-07
23.580000000000002 2.71951397026141e-07
23.59 2.702962846675046e-07
23.6 2.685238540223265e-07
23.61 2.6663663705959887e-07
23.62 2.6463727156335586e-07
23.63 2.62528497478045e-07
23.64 2.6031315281615196e-07
23.650000000000002 2.5799417012207495e-07
23.66 2.55574571823825e-07
23.67 2.5305738973990495e-07
23.68 2.504436688845961e-07
23.69 2.4773534456403465e-07
23.7 2.449352558628196e-07
23.71 2.420462873994932e-07
23.72 2.390713666073621e-07
23.73 2.3601346028136747e-07
23.740000000000002 2.3287557119179656e-07
23.75 2.29660734810263e-07
23.76 2.2637201613256086e-07
23.77 2.2301250701434617e-07
23.78 2.1958532232601398e-07
23.79 2.160935981293413e-07
23.8 2.1254048807614698e-07
23.81 2.0892916104912201e-07
23.82 2.0526279867765125e-07
23.830000000000002 2.0154459226344977e-07
23.84 1.9777774133673083e-07
23.85 1.9396545075536873e-07
23.86 1.901109285718395e-07
23.87 1.8621738418574032e-07
23.88 1.8228802659681466e-07
23.89 1.783270355483653e-07
23.900000000000002 1.7434063727872137e-07
23.91 1.7033272921675776e-07
23.92 1.6630705231116026e-07
23.93 1.6226734839201685e-07
23.94 1.5821735638857836e-07
23.95 1.5416080803755264e-07
23.96 1.501014237344049e-07
23.97 1.4604290803278035e-07
23.98 1.4198894565230907e-07
23.990000000000002 1.3794319676547085e-07
24.0 1.3390929251702122e-07
24.01 1.2989083102420704e-07
24.02 1.2589137221493416e-07
24.03 1.2191443362843555e-07
24.04 1.1796348585289438e-07
24.05 1.1404194759235121e-07
24.060000000000002 1.1015318146596269e-07
24.07 1.0630048884362133e-07
24.080000000000002 1.0248710562428911e-07
24.09 9.871619729268609e-08
24.1 9.49908031327518e-08
24.11 9.131190739576807e-08
24.12 8.768114888587177e-08
24.13 8.41010418833779e-08
24.14 8.057401706555506e-08
24.150000000000002 7.710242098840398e-08
24.16 7.368851427479303e-08
24.17 7.033447157466801e-08
24.18 6.704238048673176e-08
24.19 6.38142410614188e-08
24.2 6.06519657729229e-08
24.21 5.7557379111564154e-08
24.22 5.45322176791175e-08
24.23 5.157813049583163e-08
24.240000000000002 4.869667927451531e-08
24.25 4.588933880846492e-08
24.26 4.315749797738724e-08
24.27 4.0502460274511416e-08
24.28 3.79254449365987e-08
24.29 3.542758822807149e-08
24.3 3.3009944339491663e-08
24.310000000000002 3.067348751973904e-08
24.32 2.841937254554087e-08
24.330000000000002 2.624929455802207e-08
24.34 2.416410770704979e-08
24.35 2.2164508786714013e-08
24.36 2.0251101691566836e-08
24.37 1.842439701744633e-08
24.38 1.668481188938655e-08
24.39 1.5032669549647822e-08
24.400000000000002 1.3468199748964643e-08
24.41 1.1991537993635035e-08
24.42 1.0602725814090976e-08
24.43 9.301710750614042e-09
24.44 8.088346597606147e-09
24.45 6.962393061076531e-09
24.46 5.92351683658944e-09
24.47 4.971290966989533e-09
24.48 4.105195743333233e-09
24.490000000000002 3.3246190003202638e-09
24.5 2.628856591133544e-09
24.51 2.017112869048571e-09
24.52 1.4885013035346908e-09
24.53 1.042043422104272e-09
24.54 6.765752444173856e-10
24.55 3.90957325446307e-10
24.560000000000002 1.840601271961876e-10
24.57 5.468883951401045e-11
24.580000000000002 1.5849874137577837e-12
24.59 2.342922853051558e-11
24.6 1.1884314794199588e-10
24.61 2.863924444428454e-10
24.62 5.245882484983711e-10
24.63 8.318899907414155e-10
24.64 1.2067082877534688e-09
24.650000000000002 1.647405993928817e-09
24.66 2.1523020422319398e-09
24.67 2.7196725091246e-09
24.68 3.3477540781852097e-09
24.69 4.0347456060592975e-09
24.7 4.778810970706049e-09
24.71 5.578081145321209e-09
24.72 6.4306567809947475e-09
24.73 7.334610353031362e-09
24.740000000000002 8.287988602207852e-09
24.75 9.28881481361023e-09
24.76 1.0335091224213068e-08
24.77 1.1424801132608174e-08
24.78 1.2555911422051469e-08
24.79 1.3726374528439007e-08
24.8 1.4934130801739966e-08
24.810000000000002 1.617711088488529e-08
24.82 1.7453237752867372e-08
24.830000000000002 1.8760428623578623e-08
24.84 2.0096597705057803e-08
24.85 2.1459657973581583e-08
24.86 2.2847522868909512e-08
24.87 2.425810925773381e-08
24.88 2.5689338511213707e-08
24.89 2.7139139332059696e-08
24.900000000000002 2.8605449014376476e-08
24.91 3.008621609780341e-08
24.92 3.1579401441877574e-08
24.93 3.308298060692816e-08
24.94 3.4594856353133575e-08
24.95 3.611244240488555e-08
24.96 3.7633565628359495e-08
24.97 3.915616032104728e-08
24.98 4.067817898069869e-08
24.990000000000002 4.2197594241218626e-08
25.0 4.3712400341733943e-08
25.01 4.522061538390237e-08
25.02 4.672028174352986e-08
25.03 4.8209469287805026e-08
25.04 4.968627543314131e-08
25.05 5.11488278978579e-08
25.060000000000002 5.2595285498038304e-08
25.07 5.402383953240892e-08
25.080000000000002 5.543271634598926e-08
25.09 5.6820176953765403e-08
25.1 5.818451999779718e-08
25.11 5.9524082579993877e-08
25.12 6.083724097036931e-08
25.13 6.212241266003284e-08
25.14 6.33780571389689e-08
25.150000000000002 6.460267754307566e-08
25.16 6.579482102295631e-08
25.17 6.695308064176087e-08
25.18 6.807609592596078e-08
25.19 6.91625541948519e-08
25.2 7.021123162544358e-08
25.21 7.122198611447415e-08
25.22 7.219427828751741e-08
25.23 7.312719822413251e-08
25.240000000000002 7.401989498016705e-08
25.25 7.48715756989011e-08
25.26 7.568150639375979e-08
25.27 7.644901271882873e-08
25.28 7.717347877970104e-08
25.29 7.785434849547925e-08
25.3 7.849112546967391e-08
25.310000000000002 7.908337187260799e-08
25.32 7.963070964455603e-08
25.330000000000002 8.013281976716031e-08
25.34 8.058944179673596e-08
25.35 8.100037399985053e-08
25.36 8.136547291771857e-08
25.37 8.168465259167476e-08
25.38 8.195788433077518e-08
25.39 8.21851964894274e-08
25.400000000000002 8.236667296582473e-08
25.41 8.250245345326423e-08
25.42 8.25927323474065e-08
25.43 8.263775764171758e-08
25.44 8.263783073366783e-08
25.45 8.25933049199948e-08
25.46 8.250458454660747e-08
25.47 8.237147433614493e-08
25.48 8.219365037307087e-08
25.490000000000002 8.197151007627236e-08
25.5 8.170549633786453e-08
25.51 8.139609522424826e-08
25.52 8.104383573482102e-08
25.53 8.06492892527742e-08
25.54 8.02130679008735e-08
25.55 7.973582411897233e-08
25.560000000000002 7.921824959626254e-08
25.57 7.866107460885387e-08
25.580000000000002 7.806506655694137e-08
25.59 7.743102907288644e-08
25.6 7.675980112460874e-08
25.61 7.605225600689869e-08
25.62 7.530929972649836e-08
25.63 7.453187032192723e-08
25.64 7.372093683175539e-08
25.650000000000002 7.28774972945758e-08
25.66 7.200257858916577e-08
25.67 7.109723453716031e-08
25.68 7.016254468069543e-08
25.69 6.919961313253046e-08
25.7 6.820956747531181e-08
25.71 6.719355690243726e-08
25.72 6.615275122839621e-08
25.73 6.508834120733543e-08
25.740000000000002 6.40015372576578e-08
25.75 6.289356368978415e-08
25.76 6.176565920567234e-08
25.77 6.061907623796888e-08
25.78 5.945507936636909e-08
25.79 5.827494401551732e-08
25.8 5.7079954506966766e-08
25.810000000000002 5.587140324461834e-08
25.82 5.4650588405478475e-08
25.830000000000002 5.3418813731302564e-08
25.84 5.2177385404385095e-08
25.85 5.092761182063613e-08
25.86 4.967080154401706e-08
25.87 4.8408262035828584e-08
25.88 4.71412976996502e-08
25.89 4.587120871411528e-08
25.900000000000002 4.459928954554833e-08
25.91 4.332682727184261e-08
25.92 4.2055100329149546e-08
25.93 4.078537646005323e-08
25.94 3.9518911813519976e-08
25.95 3.8256949109181405e-08
25.96 3.700071631192441e-08
25.97 3.575142496742398e-08
25.98 3.451026901323418e-08
25.990000000000002 3.3278343680709626e-08
26.0 3.205620086724529e-08
26.01 3.084481395521305e-08
26.02 2.964525359826979e-08
26.03 2.84585704181091e-08
26.04 2.7285794308132445e-08
26.05 2.6127933385445786e-08
26.060000000000002 2.4985973264376364e-08
26.07 2.3860875694836745e-08
26.080000000000002 2.2753577993335516e-08
26.09 2.1664992086182426e-08
26.1 2.0596004010457226e-08
26.11 1.9547472494707715e-08
26.12 1.852022854562476e-08
26.13 1.7515074316636677e-08
26.14 1.6532782940969202e-08
26.150000000000002 1.5574096892101408e-08
26.16 1.4639728450257248e-08
26.17 1.3730357609732726e-08
26.18 1.2846632496205318e-08
26.19 1.1989168352882968e-08
26.2 1.1158546680149002e-08
26.21 1.0355314869210219e-08
26.22 9.579985561848398e-09
26.23 8.83303611884953e-09
26.240000000000002 8.114908156209234e-09
26.25 7.4260020750549645e-09
26.26 6.766517003325523e-09
26.27 6.136706059002399e-09
26.28 5.536875862916749e-09
26.29 4.96729987893731e-09
26.3 4.4282184827359235e-09
26.310000000000002 3.919838630977123e-09
26.32 3.4423333260000873e-09
26.330000000000002 2.9958427267870566e-09
26.34 2.5804727633868345e-09
26.35 2.196296296164081e-09
26.36 1.8433523329036998e-09
26.37 1.5216462047497456e-09
26.38 1.2311499575143174e-09
26.39 9.718021975073973e-10
26.400000000000002 7.435080236115846e-10
26.41 5.461393326239208e-10
26.42 3.7953519310404487e-10
26.43 2.435014144817573e-10
26.44 1.3781145396503196e-10
26.45 6.220605685594539e-11
26.46 1.639379071379391e-11
26.47 5.110242208549519e-14
26.48 1.2822847381637983e-11
26.490000000000002 5.432253371748344e-11
26.5 1.2413254686404254e-10
26.51 2.2180462783979006e-10
26.52 3.4688677790982415e-10
26.53 4.989337612544288e-10
26.54 6.77457425633755e-10
26.55 8.819455539785064e-10
26.560000000000002 1.1118633070378195e-09
26.57 1.3666536389946146e-09
26.580000000000002 1.6457380073283334e-09
26.59 1.9485168346444065e-09
26.6 2.274370361822779e-09
26.61 2.622658934677577e-09
26.62 2.992724266429221e-09
26.63 3.383889417887245e-09
26.64 3.795460321188028e-09
26.650000000000002 4.226725543038921e-09
26.66 4.676957755133564e-09
26.67 5.145413927600657e-09
26.68 5.6313365001659215e-09
26.69 6.13395360912983e-09
26.7 6.652480078131874e-09
26.71 7.1861184995134875e-09
26.72 7.734059240667402e-09
26.73 8.295481743582703e-09
26.740000000000002 8.86955521165302e-09
26.75 9.455439055968025e-09
26.76 1.0052284086777084e-08
26.77 1.065923298766507e-08
26.78 1.1275503077772843e-08
26.79 1.1900521198744771e-08
26.8 1.2533505312355446e-08
26.810000000000002 1.3173655133270445e-08
26.82 1.3820171170306336e-08
26.830000000000002 1.4472256299377629e-08
26.84 1.512911603812519e-08
26.85 1.5789959163382936e-08
26.86 1.645399915509117e-08
26.87 1.7120454177973576e-08
26.88 1.7788548119823428e-08
26.89 1.845751153532868e-08
26.900000000000002 1.912658192713783e-08
26.91 1.97950046715924e-08
26.92 2.0462033628292488e-08
26.93 2.1126931774978464e-08
26.94 2.1788971924486763e-08
26.95 2.2447437301328596e-08
26.96 2.310162200416994e-08
26.97 2.375083180505117e-08
26.98 2.4394384569190143e-08
26.990000000000002 2.503161101813855e-08
27.0 2.5661854963007357e-08
27.01 2.6284474179106253e-08
27.02 2.689884043899826e-08
27.03 2.7504340410300452e-08
27.04 2.8100352075777473e-08
27.05 2.868606631814335e-08
27.060000000000002 2.926082590047857e-08
27.07 2.982403584954796e-08
27.080000000000002 3.037511605148658e-08
27.09 3.0913501624494255e-08
27.1 3.143864359079693e-08
27.11 3.1950008671095516e-08
27.12 3.2447080343194455e-08
27.13 3.292935888112784e-08
27.14 3.339636168951383e-08
27.150000000000002 3.384762353625154e-08
27.16 3.42826972163238e-08
27.17 3.470115361871957e-08
27.18 3.510258199561421e-08
27.19 3.548659029489428e-08
27.2 3.585280544511301e-08
27.21 3.620087344455747e-08
27.22 3.653045997227783e-08
27.23 3.6841250172493746e-08
27.240000000000002 3.713294911931054e-08
27.25 3.7405281689596465e-08
27.26 3.765799328825977e-08
27.27 3.789084951360969e-08
27.28 3.8103636227395906e-08
27.29 3.829616033386202e-08
27.3 3.8468256890783654e-08
27.310000000000002 3.8620228317356184e-08
27.32 3.875227163672285e-08
27.330000000000002 3.8864364199547906e-08
27.34 3.8956506784315614e-08
27.35 3.9028722910894754e-08
27.36 3.9081058962213205e-08
27.37 3.9113583892661776e-08
27.38 3.912638887288247e-08
27.39 3.911958715768554e-08
27.400000000000002 3.909331361160264e-08
27.41 3.904772445008776e-08
27.42 3.898299693905769e-08
27.43 3.8899329118827035e-08
27.44 3.8796939309278375e-08
27.45 3.867606527453867e-08
27.46 3.8536964657934084e-08
27.47 3.837991359122964e-08
27.48 3.820520717658419e-08
27.490000000000002 3.801315793939392e-08
27.5 3.780409605361667e-08
27.51 3.757836859857844e-08
27.52 3.7336338972392916e-08
27.53 3.707838631172356e-08
27.54 3.680490470072263e-08
27.55 3.6516303037945324e-08
27.560000000000002 3.6213003992940744e-08
27.57 3.5895103160383645e-08
27.580000000000002 3.5562480305343074e-08
27.59 3.5215504688755964e-08
27.6 3.485456191463306e-08
27.61 3.4480047720318076e-08
27.62 3.4092368165762306e-08
27.63 3.3691939034394486e-08
27.64 3.327918490954318e-08
27.650000000000002 3.285453932205091e-08
27.66 3.241844436736104e-08
27.67 3.197134954124729e-08
27.68 3.15137119598119e-08
27.69 3.104599566578598e-08
27.7 3.056867117254118e-08
27.71 3.008221492576974e-08
27.72 2.958710888078121e-08
27.73 2.9083840106145192e-08
27.740000000000002 2.8572900301329835e-08
27.75 2.8054784914296766e-08
27.76 2.7529993388604327e-08
27.77 2.6999027993648297e-08
27.78 2.6462393746707756e-08
27.79 2.5920597570777497e-08
27.8 2.5374148215949813e-08
27.810000000000002 2.4823555504647154e-08
27.82 2.4269329662899783e-08
27.830000000000002 2.3711999541515248e-08
27.84 2.3152146969552764e-08
27.85 2.2590294368772046e-08
27.86 2.2026956497209096e-08
27.87 2.1462645527660492e-08
27.88 2.0897871118075216e-08
27.89 2.0333139585866937e-08
27.900000000000002 1.976895345290146e-08
27.91 1.920581070192378e-08
27.92 1.864420485036514e-08
27.93 1.8084623317182183e-08
27.94 1.7527548193182617e-08
27.95 1.6973454716542077e-08
27.96 1.642281126438801e-08
27.97 1.5876078748180782e-08
27.98 1.533370983720808e-08
27.990000000000002 1.4796148861413293e-08
28.0 1.4263830987415417e-08
28.01 1.3737182016888101e-08
28.02 1.3216617506743144e-08
28.03 1.2702542736062325e-08
28.04 1.2195351915822439e-08
28.05 1.1695427945397044e-08
28.060000000000002 1.120314175899939e-08
28.07 1.071885201947662e-08
28.080000000000002 1.0242904461879566e-08
28.09 9.775604792026959e-09
28.1 9.316970175712327e-09
28.11 8.867210534547554e-09
28.12 8.426604860694046e-09
28.13 7.995420499664393e-09
28.14 7.573913603396904e-09
28.150000000000002 7.162328481475808e-09
28.16 6.760897685922636e-09
28.17 6.3698419920329465e-09
28.18 5.9893701781409884e-09
28.19 5.619678746525728e-09
28.2 5.2609520184208436e-09
28.21 4.913362254293401e-09
28.22 4.577069165708934e-09
28.23 4.252220067824477e-09
28.240000000000002 3.9389497664147005e-09
28.25 3.637380450488461e-09
28.26 3.3476218390965525e-09
28.27 3.0697709230747476e-09
28.28 2.803912059809845e-09
28.29 2.5501168825800384e-09
28.3 2.308444387873849e-09
28.310000000000002 2.0789408137968524e-09
28.32 1.8616395434286064e-09
28.330000000000002 1.65656165283264e-09
28.34 1.4637152765068027e-09
28.35 1.283095654485073e-09
28.36 1.114660344721344e-09
28.37 9.583662438739462e-10
28.38 8.141770678703447e-10
28.39 6.820453745374653e-10
28.400000000000002 5.619125720991291e-10
28.41 4.5370936145769337e-10
28.42 3.573552874326088e-10
28.43 2.727594030629485e-10
28.44 1.998203147728989e-10
28.45 1.3842603582828379e-10
28.46 8.845462827488277e-11
28.47 4.9773735960697196e-11
28.48 2.2241362170641018e-11
28.490000000000002 5.705709127349777e-12
28.5 5.352629799951454e-15
28.51 4.969730779712513e-12
28.52 2.0418714246295754e-11
28.53 4.6163439573526557e-11
28.54 8.200623286244214e-11
28.55 1.2774081924819803e-10
28.560000000000002 1.83152565210148e-10
28.57 2.480185668674056e-10
28.580000000000002 3.2210792635383617e-10
28.59 4.051820781849339e-10
28.6 4.969952660103161e-10
28.61 5.97294006589251e-10
28.62 7.058247158773102e-10
28.63 8.22336732014112e-10
28.64 9.465639612154153e-10
28.650000000000002 1.078234489903005e-09
28.66 1.2170712114480868e-09
28.67 1.3627920248750517e-09
28.68 1.5151098302874986e-09
28.69 1.6737330306031183e-09
28.7 1.8383659160456649e-09
28.71 2.0087086588052605e-09
28.72 2.184457876657506e-09
28.73 2.365306586098843e-09
28.740000000000002 2.5509446469168767e-09
28.75 2.7410590734987033e-09
28.76 2.935334587306454e-09
28.77 3.133453221915996e-09
28.78 3.3350949288826607e-09
28.79 3.539938393583048e-09
28.8 3.747660184746514e-09
28.810000000000002 3.957936215912266e-09
28.82 4.170441338839995e-09
28.830000000000002 4.384849908900979e-09
28.84 4.60083546250761e-09
28.85 4.818072204591339e-09
28.86 5.036234207567007e-09
28.87 5.2549959285176076e-09
28.88 5.474066169597954e-09
28.89 5.693278497141609e-09
28.900000000000002 5.91236164377857e-09
28.91 6.131032309690228e-09
28.92 6.349011228615317e-09
28.93 6.566023357890225e-09
28.94 6.781798484829717e-09
28.95 6.996070787252361e-09
28.96 7.208579555823447e-09
28.97 7.419069436265756e-09
28.98 7.627290389223748e-09
28.990000000000002 7.832998050401644e-09
29.0 8.035953952953618e-09
29.01 8.235925382573403e-09
29.02 8.43268644478291e-09
29.03 8.62601697955098e-09
29.04 8.815703849467875e-09
29.05 9.001540498407225e-09
29.060000000000002 9.183327126936389e-09
29.07 9.360871122080644e-09
29.080000000000002 9.533987010092626e-09
29.09 9.702496642176165e-09
29.1 9.866229189905529e-09
29.11 1.0025021028795661e-08
29.12 1.0178716795738118e-08
29.13 1.0327168271744274e-08
29.14 1.0470231537784876e-08
29.150000000000002 1.0607721647847967e-08
29.16 1.0739489224502008e-08
29.17 1.0865408108857348e-08
29.18 1.0985359444302153e-08
29.19 1.109923216981439e-08
29.2 1.1206923042106657e-08
29.21 1.1308336554243263e-08
29.22 1.1403385286542253e-08
29.23 1.149198928559862e-08
29.240000000000002 1.1574076910856462e-08
29.25 1.164958398918879e-08
29.26 1.1718454634147791e-08
29.27 1.1780640622833182e-08
29.28 1.18361015572486e-08
29.29 1.1884805339263467e-08
29.3 1.192672710688869e-08
29.310000000000002 1.1961850178454116e-08
29.32 1.1990165528898231e-08
29.330000000000002 1.201167205828438e-08
29.34 1.2026375775382975e-08
29.35 1.2034290949012889e-08
29.36 1.203543878211641e-08
29.37 1.2029848501558609e-08
29.38 1.2017556339248342e-08
29.39 1.1998605743178208e-08
29.400000000000002 1.1973047520742524e-08
29.41 1.1940946252552115e-08
29.42 1.1902372737821994e-08
29.43 1.1857399864008324e-08
29.44 1.1806107588121085e-08
29.45 1.1748581765080998e-08
29.46 1.1684915496317947e-08
29.47 1.1615207718708963e-08
29.48 1.1539563741366711e-08
29.490000000000002 1.1458094883678603e-08
29.5 1.1370918071400824e-08
29.51 1.1278156129189637e-08
29.52 1.1179937391183063e-08
29.53 1.1076395584544018e-08
29.54 1.0967669285922655e-08
29.55 1.0853902359202997e-08
29.560000000000002 1.0735243088669743e-08
29.57 1.0611844626444954e-08
29.580000000000002 1.0483864089185012e-08
29.59 1.0351463186551962e-08
29.6 1.0214807357727799e-08
29.61 1.0074065422789255e-08
29.62 9.929410116433428e-09
29.63 9.781017433878607e-09
29.64 9.629065935822922e-09
29.650000000000002 9.473737508009276e-09
29.66 9.315216436360236e-09
29.67 9.153688888878476e-09
29.68 8.9893439896981e-09
29.69 8.82237177358817e-09
29.7 8.65296439028448e-09
29.71 8.48131547511019e-09
29.72 8.30761910225995e-09
29.73 8.13207086686077e-09
29.740000000000002 7.954866569468864e-09
29.75 7.776202605305012e-09
29.76 7.59627497657348e-09
29.77 7.4152802218943365e-09
29.78 7.233413606356673e-09
29.79 7.050870370018064e-09
29.8 6.867844684278659e-09
29.810000000000002 6.684529296750762e-09
29.82 6.501031119438309e-09
29.830000000000002 6.317311854464873e-09
29.84 6.133537474534785e-09
29.85 5.949884827740422e-09
29.86 5.766528993399959e-09
29.87 5.5836442641141485e-09
29.88 5.401403476650946e-09
29.89 5.219977184787344e-09
29.900000000000002 5.039534678893097e-09
29.91 4.8602430556445985e-09
29.92 4.6822672415385166e-09
29.93 4.505769956096681e-09
29.94 4.330911063140492e-09
29.95 4.157848269911583e-09
29.96 3.986736060745434e-09
29.97 3.817726341981929e-09
29.98 3.6509675051875725e-09
29.990000000000002 3.4866048437262923e-09
