0.0 0.05149654026277902
0.01 0.06095469377057659
0.02 0.07013216722659396
0.03 0.07903219202110637
0.04 0.08765772324709174
0.05 0.096012366140469
0.06 0.10409906407406144
0.07 0.11192117590315688
0.08 0.11948188621151719
0.09 0.1267844299714797
0.1 0.13383220711294574
0.11 0.14062841336126625
0.12 0.1471763954489461
0.13 0.15347962419511404
0.14 0.1595413289621176
0.15 0.16536493353362822
0.16 0.17095385647432246
0.17 0.17631139940560653
0.18 0.18144101343074032
0.19 0.18634612305100082
0.2 0.19103012670362582
0.21 0.1954964517866085
0.22 0.1997485333882601
0.23 0.20378974289465082
0.24 0.20762349790045495
0.25 0.21125325067887207
0.26 0.21468243564995904
0.27 0.21791449019277562
0.28 0.22095270547073997
0.29 0.2238004443427213
0.3 0.226461161972558
0.31 0.22893825075079532
0.32 0.2312351007182801
0.33 0.2333549951702203
0.34 0.23530124169257044
0.35000000000000003 0.23707723902619313
0.36 0.23868632613477944
0.37 0.24013183651246564
0.38 0.24141696082562142
0.39 0.24254487580524403
0.4 0.24351893200927063
0.41000000000000003 0.24434237734430322
0.42 0.24501844914940774
0.43 0.2455502970676368
0.44 0.24594102559739578
0.45 0.24619386919444797
0.46 0.24631198415026304
0.47000000000000003 0.24629851345307086
0.48 0.24615651068272568
0.49 0.24588894596722516
0.5 0.24549896102075255
0.51 0.24498960333982836
0.52 0.24436390274218336
0.53 0.24362481964147886
0.54 0.24277521801722277
0.55 0.24181811308812867
0.56 0.24075643740186414
0.5700000000000001 0.23959310225557454
0.58 0.23833097199294206
0.59 0.23697282798086594
0.6 0.23552154956469729
0.61 0.2339799569121361
0.62 0.2323508477003844
0.63 0.2306369637540611
0.64 0.2288409103642473
0.65 0.22696545717286146
0.66 0.22501329561184763
0.67 0.22298708626675262
0.68 0.22088946833393092
0.6900000000000001 0.2187230598953529
0.7000000000000001 0.21649045817146903
0.71 0.21419419615163318
0.72 0.2118366467094723
0.73 0.20942041749784857
0.74 0.20694800876019995
0.75 0.2044218829393113
0.76 0.2018444799186193
0.77 0.19921821711032078
0.78 0.19654548952114356
0.79 0.19382860986208458
0.8 0.19106964731020815
0.81 0.18827104986893836
0.8200000000000001 0.18543511307038135
0.8300000000000001 0.18256407919560433
0.84 0.17966016505650256
0.85 0.17672556190850502
0.86 0.17376243534485594
0.87 0.1707728823977748
0.88 0.16775878799053104
0.89 0.1647223350850074
0.9 0.1616655829900196
0.91 0.1585905362581587
0.92 0.1554991706661417
0.93 0.1523934329970902
0.9400000000000001 0.1492752408110058
0.9500000000000001 0.1461464620163149
0.96 0.14300883042242202
0.97 0.13986422251883457
0.98 0.13671443738391637
0.99 0.13356122626996964
1.0 0.13040630848874746
1.01 0.1272513711233315
1.02 0.12409806873604812
1.03 0.12094802067204288
1.04 0.11780279840737434
1.05 0.11466396324677461
1.06 0.11153303712549724
1.07 0.10841150529453121
1.08 0.10530081853497368
1.09 0.1022023928602495
1.1 0.0991176092210055
1.11 0.09604782340642476
1.12 0.09299443022144874
1.1300000000000001 0.08995867637792856
1.1400000000000001 0.0869417959556749
1.1500000000000001 0.08394500130257307
1.16 0.08096946878807218
1.17 0.07801633854418609
1.18 0.07508671421388385
1.19 0.07218167973911106
1.2 0.06930243146891425
1.21 0.06644991442403213
1.22 0.06362507325841799
1.23 0.06082884722958641
1.24 0.058062139269192084
1.25 0.055325815793107976
1.26 0.052620706521148454
1.27 0.04994762468431227
1.28 0.04730756204752637
1.29 0.04470117848862527
1.3 0.04212913513312989
1.31 0.03959210649836694
1.32 0.03709073166171221
1.33 0.03462561415025195
1.34 0.032197321840473185
1.35 0.029806407487081386
1.36 0.027453653765405456
1.37 0.02513946143457811
1.3800000000000001 0.022864223807024228
1.3900000000000001 0.020628366767892398
1.4000000000000001 0.01843228274939589
1.41 0.01627633069462165
1.42 0.014160836029832865
1.43 0.012086109668797518
1.44 0.010052731767781438
1.45 0.008060874348173732
1.46 0.006110685564871832
1.47 0.004202365645626008
1.48 0.0023360842508573774
1.49 0.0005119804955271835
1.5 0.0012698370231951877
1.51 0.003009273940119921
1.52 0.004705941034423712
1.53 0.006359860435080531
1.54 0.007971100320785197
1.55 0.0095396582466314
1.56 0.011065558823091088
1.57 0.012548853657066822
1.58 0.013989621289430682
1.59 0.015387954305874313
1.6 0.016743641350060626
1.61 0.018056862547211065
1.62 0.01932786927274535
1.6300000000000001 0.020556826675223114
1.6400000000000001 0.02174392313250747
1.6500000000000001 0.022889370175667664
1.6600000000000001 0.02399340241176812
1.67 0.025056266891031517
1.68 0.026077870941591696
1.69 0.027058518668475327
1.7 0.027998620133613955
1.71 0.028898471783117777
1.72 0.029758389011891286
1.73 0.030578706087119562
1.74 0.03135977607217828
1.75 0.03210196589462222
1.76 0.03280542815771409
1.77 0.033470556430108156
1.78 0.03409784060173022
1.79 0.03468769222982545
1.8 0.03524053882708756
1.81 0.03575682379474652
1.82 0.03623700635696679
1.83 0.036681555361829175
1.84 0.03709051486629317
1.85 0.03746432843749883
1.86 0.037803653979990366
1.87 0.03810896204672698
1.8800000000000001 0.038380733972404615
1.8900000000000001 0.03861946182369116
1.9000000000000001 0.038825648351135326
1.9100000000000001 0.03899980590677633
1.92 0.039142332958183354
1.93 0.039253735576431956
1.94 0.039334603067927375
1.95 0.03938547137388839
1.96 0.039406885497818844
1.97 0.039399399472379276
1.98 0.039363576327884495
1.99 0.03929998661518953
2.0 0.039208854465668165
2.0100000000000002 0.03909065330824234
2.02 0.03894612748133662
2.0300000000000002 0.03877582622333699
2.04 0.0385803035096264
2.05 0.038360118036183555
2.06 0.038115833205078595
2.07 0.03784801694703671
2.08 0.037557110721429206
2.09 0.03724363386635188
2.1 0.03690823056587549
2.11 0.0365514648863069
2.12 0.03617390394038939
2.13 0.03577611788347048
2.14 0.035358679911177575
2.15 0.034922166251045925
2.16 0.03446691481615511
2.17 0.03399336789021584
2.18 0.033502243392685205
2.19 0.03299408526903917
2.2 0.03246943736349957
2.21 0.031928843424985094
2.22 0.0313728471140108
2.23 0.030801992010311866
2.24 0.030216797362857397
2.25 0.02961778867029081
2.2600000000000002 0.02900552477123656
2.27 0.028380544235012396
2.2800000000000002 0.027743385240717077
2.29 0.027094585605803734
2.3000000000000003 0.026434682797986834
2.31 0.025764213947929576
2.32 0.025083431916084992
2.33 0.02439261366249769
2.34 0.023692502381484078
2.35 0.02298357464941166
2.36 0.022266301430992865
2.37 0.021541149128363503
2.38 0.020808579595688843
2.39 0.02006905015361625
2.4 0.019323115128837026
2.41 0.018571334970873783
2.42 0.017814069646634807
2.43 0.017051780817032465
2.44 0.016284928303850126
2.45 0.015513969150010383
2.46 0.014739357634576847
2.47 0.013961545287262142
2.48 0.013180776822674017
2.49 0.012397230155207124
2.5 0.011611537957177526
2.5100000000000002 0.010824094085210161
2.52 0.010035282290046701
2.5300000000000002 0.00924548002300615
2.54 0.008455058448817542
2.5500000000000003 0.007664382458270252
2.56 0.006873855754050923
2.57 0.006083900341933508
2.58 0.005294815731224559
2.59 0.004506952520925768
2.6 0.003720657410311223
2.61 0.0029362717681259433
2.62 0.002154131643190062
2.63 0.0013745677749739118
2.64 0.0005978603705817644
2.65 0.00017575184608118168
2.66 0.0009459021174665584
2.67 0.001712291797129717
2.68 0.0024746307459947224
2.69 0.003232635036107905
2.7 0.003986026942929063
2.71 0.00473453493788828
2.72 0.005477941111302044
2.73 0.0062160851620946134
2.74 0.0069486540915789435
2.75 0.007675412663959517
2.7600000000000002 0.008396136493256563
2.77 0.00911060845296129
2.7800000000000002 0.009818618671603153
2.79 0.01051996452902488
2.8000000000000003 0.011214382114264159
2.81 0.011901518680463755
2.82 0.012581288589014366
2.83 0.013253501624026956
2.84 0.013917965616986801
2.85 0.014574493887598773
2.86 0.015222905241100662
2.87 0.015863023966596355
2.88 0.016494769283822028
2.89 0.017118223221024298
2.9 0.017733090533438786
2.91 0.018339238363448328
2.92 0.018936555405164954
2.93 0.019524938348788677
2.94 0.020104291882308046
2.95 0.020674528693458986
2.96 0.021235439521493024
2.97 0.021786542070797655
2.98 0.022327988350373418
2.99 0.022859694588566862
3.0 0.023381554067602107
3.0100000000000002 0.02389346403221899
3.02 0.02439532569084103
3.0300000000000002 0.02488704421738991
3.04 0.0253686572758019
3.0500000000000003 0.025840543548354467
3.06 0.026302388830440903
3.0700000000000003 0.02675413925886209
3.08 0.027195785197620413
3.09 0.027627325459703984
3.1 0.028048767313287377
3.11 0.028460126487938147
3.12 0.02886129206359963
3.13 0.029251735969753865
3.14 0.0296317625621997
3.15 0.030001400003745
3.16 0.03036062968986506
3.17 0.030709436255454713
3.18 0.031047807578715506
3.19 0.031375734785185724
3.2 0.031693273113218
3.21 0.03200070991858122
3.22 0.03229791822149604
3.23 0.032584908677122444
3.24 0.032861727572192356
3.25 0.03312842713908196
3.2600000000000002 0.033385065562374715
3.27 0.033631706985348106
3.2800000000000002 0.033868377524195754
3.29 0.03409491248125869
3.3000000000000003 0.03431149321749154
3.31 0.034518206317193524
3.3200000000000003 0.034715114021588535
3.33 0.034902282379458534
3.34 0.035079781252670625
3.35 0.035247684321479615
3.36 0.03540605243681827
3.37 0.03555486177613745
3.38 0.035694237703576874
3.39 0.03582427037840318
3.4 0.03594503892300313
3.41 0.036056625361812054
3.42 0.03615911462605815
3.43 0.036252594558507954
3.44 0.036337182800102584
3.45 0.036413169793539646
3.46 0.03648058316723407
3.47 0.0365395167906985
3.48 0.03659009864439923
3.49 0.03663246141467727
3.5 0.036666742499327026
3.5100000000000002 0.03669308401308911
3.52 0.036711567471333924
3.5300000000000002 0.03672178679685301
3.54 0.036724075060882
3.5500000000000003 0.03671861987679972
3.56 0.03670551494974919
3.5700000000000003 0.036684853730435875
3.58 0.036656729417030326
3.59 0.036621234956778353
3.6 0.03657850850379619
3.61 0.036529098668842984
3.62 0.0364729693760378
3.63 0.036410181681320146
3.64 0.03634088630872231
3.65 0.03626523784524144
3.66 0.03618339474451877
3.67 0.03609551933048548
3.68 0.036001735763567695
3.69 0.035901713271347675
3.7 0.035795747412141345
3.71 0.03568406074559729
3.72 0.035566769900031284
3.73 0.03544399085535933
3.74 0.035315838943558026
3.75 0.03518242884873815
3.7600000000000002 0.03504389239169097
3.77 0.03490059770902507
3.7800000000000002 0.0347526062726425
3.79 0.03460000150430572
3.8000000000000003 0.03444292825129299
3.81 0.034281533046441486
3.8200000000000003 0.0341159641092465
3.83 0.03394637134673216
3.84 0.03377289150720238
3.85 0.03359541806554403
3.86 0.03341414653769512
3.87 0.033229269401661474
3.88 0.03304091051090115
3.89 0.03284919299503524
3.9 0.03265423925880043
3.91 0.03245617098133338
3.92 0.032255111752143566
3.93 0.03205123933944654
3.94 0.03184466711189519
3.95 0.03163550431064074
3.96 0.03142387674387437
3.97 0.03120991003311828
3.98 0.030993729612398727
3.99 0.030775460727274506
4.0 0.030555225678875534
4.01 0.03033307231223393
4.0200000000000005 0.030109129289820475
4.03 0.02988353619568223
4.04 0.02965640669081141
4.05 0.029427853494357527
4.0600000000000005 0.029197988381995672
4.07 0.028966922184472103
4.08 0.02873476360553389
4.09 0.028501577724792698
4.1 0.028267472131395594
4.11 0.028032563949828747
4.12 0.027796953053653654
4.13 0.027560737924757363
4.14 0.02732401565177004
4.15 0.027086881928111307
4.16 0.02684943288938814
4.17 0.026611856958404158
4.18 0.026374253018337755
4.19 0.026136685555671002
4.2 0.0258992572108439
4.21 0.02566207020367745
4.22 0.025425226331846455
4.23 0.025188826969775726
4.24 0.024952969916774304
4.25 0.02471750882330857
4.26 0.024482505635938633
4.2700000000000005 0.024248136831255717
4.28 0.024014464273520945
4.29 0.023781546752186675
4.3 0.023549439979981043
4.3100000000000005 0.023318196590666307
4.32 0.02308786838013865
4.33 0.022858801430371983
4.34 0.022631111864084712
4.3500000000000005 0.02240473203786162
4.36 0.022179746465451892
4.37 0.021956239923264467
4.38 0.021734297449631245
4.39 0.0215140043440957
4.4 0.021295445003080626
4.41 0.02107837299518362
4.42 0.02086275986256912
4.43 0.02064883050089638
4.44 0.020436616438127924
4.45 0.02022614554748243
4.46 0.020017442045811497
4.47 0.019810526491781166
4.48 0.019605416040308726
4.49 0.019402396733386895
4.5 0.01920160473541117
4.51 0.019002914079142664
4.5200000000000005 0.01880637482590621
4.53 0.018612036773782047
4.54 0.018419949457227774
4.55 0.018230162146621005
4.5600000000000005 0.01804272384772085
4.57 0.017857536607691123
4.58 0.017674560051323465
4.59 0.017493924861089475
4.6000000000000005 0.017315651555417998
4.61 0.017139758429562887
4.62 0.016966261554948323
4.63 0.01679517477829541
4.64 0.016626509720979493
4.65 0.016460315910797094
4.66 0.01629663132571012
4.67 0.016135434791442062
4.68 0.01597673703182964
4.69 0.01582054715788128
4.7 0.015666872627277863
4.71 0.015515719243777563
4.72 0.015367091156854919
4.73 0.015221064781044645
4.74 0.015077710766759048
4.75 0.014936973325517864
4.76 0.01479886561402076
4.7700000000000005 0.01466340059925976
4.78 0.014530590735292311
4.79 0.014400447963225396
4.8 0.014272983711210524
4.8100000000000005 0.014148065143188138
4.82 0.014025539095586063
4.83 0.013905536404719223
4.84 0.013788034522674788
4.8500000000000005 0.013673006456567736
4.86 0.013560422297066228
4.87 0.013450249218123702
4.88 0.01334245147637523
4.89 0.013237180674076365
4.9 0.013134652153823544
4.91 0.01303464179935884
4.92 0.012937146186683863
4.93 0.012842166311081963
4.94 0.01274970369624868
4.95 0.0126597603944491
4.96 0.012572338987016879
4.97 0.012487316695973416
4.98 0.012404497658353575
4.99 0.012324018483462679
5.0 0.012245853864085672
5.01 0.012169972184460198
5.0200000000000005 0.012096339879169577
5.03 0.012024921433016807
5.04 0.01195567938070926
5.05 0.01188866819787583
5.0600000000000005 0.011824019697052596
5.07 0.011761581122614318
5.08 0.011701330014388963
5.09 0.011643249065262784
5.1000000000000005 0.011587321035030093
5.11 0.011533528750542617
5.12 0.011481855105884911
5.13 0.0114322133113791
5.14 0.011384437578866098
5.15 0.011338600635482187
5.16 0.011294668621853661
5.17 0.011252600499860278
5.18 0.011212353658651914
5.19 0.011173883914344814
5.2 0.01113714550997888
5.21 0.0111021604105752
5.22 0.011069049970827284
5.23 0.011037665975738017
5.24 0.011007973064178642
5.25 0.010979944050293873
5.26 0.010953551965780198
5.2700000000000005 0.01092877006014229
5.28 0.010905571800816943
5.29 0.01088391384557954
5.3 0.010863722063492879
5.3100000000000005 0.010844996835383848
5.32 0.010827708552508718
5.33 0.010811824620519104
5.34 0.0107973121780545
5.3500000000000005 0.010784138096625167
5.36 0.010772268980751098
5.37 0.010761667581391595
5.38 0.010752288373311759
5.39 0.010744103185430651
5.4 0.010737076780807046
5.41 0.010731172762158367
5.42 0.010726354351630408
5.43 0.010722584390909496
5.44 0.010719825341102288
5.45 0.010718072640658976
5.46 0.010717411511395816
5.47 0.010717742431007258
5.48 0.010719032664800707
5.49 0.010721260007207524
5.5 0.010724403048084873
5.51 0.010728441172763632
5.5200000000000005 0.010733354562332289
5.53 0.010739062990596945
5.54 0.010745288564753529
5.55 0.010752134629255854
5.5600000000000005 0.01075957530827445
5.57 0.010767559402976164
5.58 0.010776034092906808
5.59 0.010784944935390891
5.6000000000000005 0.010794235865280027
5.61 0.010803942369781178
5.62 0.010814458722410008
5.63 0.010825525773294454
5.64 0.01083708986586987
5.65 0.010849147390225604
5.66 0.010861697264142902
5.67 0.010874740933745674
5.68 0.010888282374109359
5.69 0.01090224755065125
5.7 0.010916194505965923
5.71 0.010930318762928133
5.72 0.010944632994885838
5.73 0.010959094499012932
5.74 0.010973659027945011
5.75 0.010988280789432975
5.76 0.011002912445955757
5.7700000000000005 0.011017554489151673
5.78 0.011032475686947341
5.79 0.011047503561431617
5.8 0.011062580122757015
5.8100000000000005 0.01107769184798674
5.82 0.011092826527996258
5.83 0.011107973267744384
5.84 0.011123122486688293
5.8500000000000005 0.01113824692495648
5.86 0.011153197168413186
5.87 0.011168016809330812
5.88 0.011182706086844046
5.89 0.01119724357416106
5.9 0.011211607888891898
5.91 0.01122577769305275
5.92 0.01123973169302839
5.93 0.011253450409069178
5.94 0.011266928133552167
5.95 0.011280138876143
5.96 0.011293060729492009
5.97 0.011305674620888086
5.98 0.011317961660260356
5.99 0.01132990314022283
6.0 0.011341480536194019
6.01 0.011352690165899335
6.0200000000000005 0.011363665014086049
6.03 0.011374345469640718
6.04 0.011384702953122418
6.05 0.011394739380446457
6.0600000000000005 0.011404458204734989
6.07 0.011413864416745977
6.08 0.011422964545198514
6.09 0.011431743212410151
6.1000000000000005 0.011439922506832083
6.11 0.011447581588989345
6.12 0.011454759929188265
6.13 0.01146143440388816
6.140000000000001 0.011467580833386464
6.15 0.011473173981610072
6.16 0.011478187555840956
6.17 0.011482611667884907
6.18 0.011486675967876813
6.19 0.011490300811410736
6.2 0.01149342555462499
6.21 0.011496052457324456
6.22 0.011498185079126215
6.23 0.01149982827974647
6.24 0.011500988219381683
6.25 0.011501664990492894
6.26 0.011501733923365474
6.2700000000000005 0.01150122490541754
6.28 0.011500168299281358
6.29 0.011498559036781925
6.3 0.01149639211341977
6.3100000000000005 0.011493662588490057
6.32 0.01149036558498891
6.33 0.011486499700167503
6.34 0.01148213749755227
6.3500000000000005 0.011477266697905823
6.36 0.011471869498345479
6.37 0.011465951801347874
6.38 0.011459520305589924
6.390000000000001 0.01145258250616069
6.4 0.011445146694746132
6.41 0.01143721741638178
6.42 0.011428671908851416
6.43 0.011419526502199621
6.44 0.011409819410717142
6.45 0.011399544563840259
6.46 0.011388695401339674
6.47 0.011377264873202264
6.48 0.011365245439578548
6.49 0.011352632699984943
6.5 0.011339559931768191
6.51 0.011326020876603166
6.5200000000000005 0.011311972555743403
6.53 0.011297425124873207
6.54 0.01128238966609987
6.55 0.01126687818820741
6.5600000000000005 0.011250903626866482
6.57 0.011234478622585028
6.58 0.011217550490839109
6.59 0.011200128943481599
6.6000000000000005 0.011182249173842796
6.61 0.011163918859370061
6.62 0.011145145908044236
6.63 0.011125938458548045
6.640000000000001 0.011106304880306091
6.65 0.011086252774257815
6.66 0.011065706441468455
6.67 0.011044660752499158
6.68 0.01102315194935692
6.69 0.0110011766886134
6.7 0.010978730948750888
6.71 0.010955810029907686
6.72 0.01093240855377614
6.73 0.010908521655500408
6.74 0.010884319216492407
6.75 0.010859839419055212
6.76 0.01083500898579276
6.7700000000000005 0.01080984721417709
6.78 0.010784374710287864
6.79 0.010758613389325756
6.8 0.0107325864757184
6.8100000000000005 0.010706317957707996
6.82 0.010679650820755872
6.83 0.01065254589944716
6.84 0.010625109779768235
6.8500000000000005 0.01059734169059858
6.86 0.010569240003248988
6.87 0.010540802231361866
6.88 0.010512025030718127
6.890000000000001 0.010482904306895136
6.9 0.010453596451058752
6.91 0.01042417388787951
6.92 0.010394549856518462
6.93 0.010364745283419389
6.94 0.010334782268356065
6.95 0.010304684084751773
6.96 0.010274475179874853
6.97 0.010244181175079201
6.98 0.01021361423944806
6.99 0.01018266691977642
7.0 0.010151492072399784
7.01 0.010120079459983944
7.0200000000000005 0.01008841712285261
7.03 0.010056491383377733
7.04 0.010024286845382866
7.05 0.009991786393932823
7.0600000000000005 0.009959197575680959
7.07 0.009926679868160489
7.08 0.009894060316087918
7.09 0.009861360544025585
7.1000000000000005 0.009828604051084884
7.11 0.009795815899579952
7.12 0.009763022715383514
7.13 0.00973025268816733
7.140000000000001 0.009697383680599565
7.15 0.009664298984483982
7.16 0.009631146815309691
7.17 0.009597929243548032
7.18 0.009564646742137403
7.19 0.009531298972701926
7.2 0.009497884785265236
7.21 0.009464402218326576
7.22 0.009430896879361978
7.23 0.009397421833267338
7.24 0.009363931182386351
7.25 0.009330430535362678
7.26 0.009296926086137578
7.2700000000000005 0.009263424034835384
7.28 0.009229930587699732
7.29 0.00919645195712295
7.3 0.0091630302277679
7.3100000000000005 0.009129721363108429
7.32 0.009096497115693207
7.33 0.009063372060134781
7.34 0.009030362239900907
7.3500000000000005 0.008997484362862056
7.36 0.00896475580142055
7.37 0.008932194592538384
7.38 0.008899682976926549
7.390000000000001 0.008867018562808141
7.4 0.0088343674174733
7.41 0.008801717590218751
7.42 0.008769049966700153
7.43 0.0087363433729086
7.44 0.008703574574843281
7.45 0.00867071827814767
7.46 0.008637961664543848
7.47 0.00860568063007486
7.48 0.008573589544600198
7.49 0.008541707064408134
7.5 0.008510066888645777
7.51 0.008478705329547882
7.5200000000000005 0.00844766131299976
7.53 0.008416976378927223
7.54 0.008386484507273589
7.55 0.008355773542763942
7.5600000000000005 0.008325167153720725
7.57 0.00829466609596515
7.58 0.008264250784483245
7.59 0.008233899233393061
7.6000000000000005 0.00820358705557079
7.61 0.008173287462181125
7.62 0.00814310545101807
7.63 0.008113346661030045
7.640000000000001 0.00808378500607454
7.65 0.008054416260646133
7.66 0.008025253601758889
7.67 0.007996311324972654
7.68 0.00796760484469846
7.69 0.00793915069438226
7.7 0.007910909798984447
7.71 0.007882737308819462
7.72 0.007854741847172077
7.73 0.007826931390690057
7.74 0.007799303857126795
7.75 0.007771856639746951
7.76 0.007744586607114789
7.7700000000000005 0.007717490103108374
7.78 0.007690565330446942
7.79 0.007663815461299379
7.8 0.007637231205504887
7.8100000000000005 0.007610807312630897
7.82 0.0075845386280751215
7.83 0.007558419548594575
7.84 0.007532444022411304
7.8500000000000005 0.007506605549040601
7.86 0.0074809476484151245
7.87 0.007455653967939228
7.88 0.007430623396080979
7.890000000000001 0.007405856934737746
7.9 0.007381372377201718
7.91 0.007357188878309084
7.92 0.007333326954589931
7.930000000000001 0.007309808484551394
7.94 0.007286573330042908
7.95 0.007263284407761033
7.96 0.007240134295400585
7.97 0.007217138387909526
7.98 0.007194276307367277
7.99 0.007171525683543768
8.0 0.007148862153719927
8.01 0.007126259362308456
8.02 0.00710376261335663
8.03 0.007081708277946811
8.040000000000001 0.007059905454520375
8.05 0.007038326031111486
8.06 0.007016982507252573
8.07 0.006995888734223376
8.08 0.006975059915004704
8.09 0.006954512604620658
8.1 0.006934210391659915
8.11 0.006913861283478369
8.120000000000001 0.006893611361918291
8.13 0.006873482472951964
8.14 0.006853457083327543
8.15 0.006833516206865323
8.16 0.006813639404182965
8.17 0.00679380478263382
8.18 0.006774044204332457
8.19 0.006754698352986268
8.2 0.006735604831978319
8.21 0.006716729757044591
8.22 0.006698091456787458
8.23 0.006679710074906635
8.24 0.006661607570440094
8.25 0.006643807717968761
8.26 0.006626289002606239
8.27 0.0066087166940938845
8.28 0.006591243230790263
8.290000000000001 0.006573912350628259
8.3 0.006556710129564473
8.31 0.006539621232687362
8.32 0.006522628913768291
8.33 0.0065057150153444996
8.34 0.006488881081006409
8.35 0.006472295880040814
8.36 0.006455878954534676
8.370000000000001 0.0064395961941663
8.38 0.006423446848260323
8.39 0.0064074304456926134
8.4 0.006391546795126029
8.41 0.006375795984969545
8.42 0.006360178825582519
8.43 0.006344700650208884
8.44 0.006329361124541548
8.45 0.0063141611056918455
8.46 0.0062991026868603
8.47 0.006284188283212227
8.48 0.006269420631901749
8.49 0.006254802792155353
8.5 0.006240324433697124
8.51 0.006225816106895533
8.52 0.006211321666935861
8.53 0.006196862243260902
8.540000000000001 0.006182419995430137
8.55 0.006167975841291237
8.56 0.006153509456744314
8.57 0.006138999275627543
8.58 0.006124450724118884
8.59 0.006110270476635103
8.6 0.006096352544248422
8.61 0.006082618359358904
8.620000000000001 0.006069096707212838
8.63 0.006055819069253454
8.64 0.006042819623505416
8.65 0.006030135244974138
8.66 0.00601777091584854
8.67 0.006005120319623333
8.68 0.005992319739248649
8.69 0.005979512069394466
8.700000000000001 0.005966661283265771
8.71 0.005953728022664105
8.72 0.005940669597458438
8.73 0.005927439985226765
8.74 0.005914016148995887
8.75 0.005900965707877633
8.76 0.005888177032702056
8.77 0.005875481973970781
8.78 0.005862902002873916
8.790000000000001 0.005850461144283363
8.8 0.0058381859770084265
8.81 0.005826105634143351
8.82 0.005814239269682514
8.83 0.005802238610291045
8.84 0.005790153094258653
8.85 0.005778101243381197
8.86 0.005766071868058416
8.870000000000001 0.00575405261116124
8.88 0.00574202994780907
8.89 0.005729989185263246
8.9 0.005717917424236371
8.91 0.005705919500382593
8.92 0.005693980881616951
8.93 0.005682052691373272
8.94 0.005670131784834845
8.950000000000001 0.005658215070805226
8.96 0.005646299511737929
8.97 0.0056343821237390245
8.98 0.005622462005720167
8.99 0.005610655553201473
9.0 0.005598971997025572
9.01 0.005587374967120241
9.02 0.005575879331702352
9.03 0.005564501251601619
9.040000000000001 0.005553258180448482
9.05 0.00554216886474303
9.06 0.005531249411314787
9.07 0.0055201607589643945
9.08 0.005508860076232655
9.09 0.005497488982119179
9.1 0.0054860174943463435
9.11 0.0054744130263663865
9.120000000000001 0.005462640387103328
9.13 0.005450661780629641
9.14 0.005438439724480329
9.15 0.005426413945127101
9.16 0.0054146711027956524
9.17 0.005402980501582952
9.18 0.005391368588912117
9.19 0.005379864675523659
9.200000000000001 0.00536850093582863
9.21 0.005357312408280075
9.22 0.005346336055748763
9.23 0.0053352375010655
9.24 0.0053239173862235705
9.25 0.005312586384886043
9.26 0.005301230669631516
9.27 0.0052898347952308146
9.28 0.005278381698527534
9.290000000000001 0.00526685269816386
9.3 0.005255227573047049
9.31 0.005243661933124326
9.32 0.005232222267250426
9.33 0.005220793290226913
9.34 0.0052093799391125595
9.35 0.005197987787312358
9.36 0.005186623044452738
9.370000000000001 0.0051752925564969195
9.38 0.005164003805911005
9.39 0.005152766288064787
9.4 0.005141564168903525
9.41 0.005130371570890115
9.42 0.005119169649629305
9.43 0.005107939559483733
9.44 0.005096662452929444
9.450000000000001 0.005085319480615305
9.46 0.00507389179141512
9.47 0.005062360532309622
9.48 0.005050706848534204
9.49 0.00503891188356001
9.5 0.005026956778991497
9.51 0.005014947995385145
9.52 0.005003391274634414
9.53 0.004991888377838301
9.540000000000001 0.004980373774499977
9.55 0.004968845794246289
9.56 0.004957302766539422
9.57 0.0049457430206707184
9.58 0.004934164885834455
9.59 0.00492256669101366
9.6 0.004910946765070275
9.61 0.004899303436734786
9.620000000000001 0.004887635034574596
9.63 0.004875941378605519
9.64 0.0048643030989895695
9.65 0.004852705433718949
9.66 0.004841109026559168
9.67 0.004829514553525057
9.68 0.004817922690616327
9.69 0.004806334113941938
9.700000000000001 0.004794749499668258
9.71 0.004783169523988679
9.72 0.004771594863238824
9.73 0.004760026193689069
9.74 0.004748464191822999
9.75 0.004736909534060803
9.76 0.004725354300180384
9.77 0.0047137822074130595
9.78 0.0047022106286138355
9.790000000000001 0.004690640646376882
9.8 0.004679072360253115
9.81 0.004667505869675696
9.82 0.004655941274184603
9.83 0.004644378673306108
9.84 0.004632818166570874
9.85 0.0046212598534913375
9.86 0.004609703833645233
9.870000000000001 0.0045981502065890675
9.88 0.004586597856049542
9.89 0.004575029695334754
9.9 0.004563453450373062
9.91 0.004551873702230884
9.92 0.0045402901081538286
9.93 0.004528702325312662
9.94 0.004517110010949579
9.950000000000001 0.004505512822183014
9.96 0.004493910416219088
9.97 0.0044823024500827155
9.98 0.004470688580907167
9.99 0.004459068465733495
10.0 0.004447441761586178
10.01 0.004435872010671928
10.02 0.004424408340042579
10.03 0.0044129766313697515
10.040000000000001 0.004401578731690536
10.05 0.004390217117854807
10.06 0.00437889426700924
10.07 0.0043676126564535555
10.08 0.004356374763684384
10.09 0.004345183066397337
10.1 0.004334040042496183
10.11 0.004322948170026254
10.120000000000001 0.004311909927279209
10.13 0.004300895994760019
10.14 0.0042897180918406224
10.15 0.0042785028609352025
10.16 0.004267279664763584
10.17 0.0042560460152011054
10.18 0.004244799423984888
10.19 0.004233537402582598
10.200000000000001 0.004222257462289221
10.21 0.004210957114222898
10.22 0.004199633869283506
10.23 0.004188285238218256
10.24 0.004176908731481304
10.25 0.004165502594114022
10.26 0.004154232833522294
10.27 0.004143105830746759
10.28 0.004132015494514894
10.290000000000001 0.00412096466343533
10.3 0.004109956176417507
10.31 0.004098992872502154
10.32 0.004088077590991047
10.33 0.004077213171371198
10.34 0.00406640245333547
10.35 0.004055648276783052
10.36 0.004044953481822095
10.370000000000001 0.0040343209087722424
10.38 0.004023708954739881
10.39 0.004012992585689457
10.4 0.004002283993976833
10.41 0.003991593447085589
10.42 0.00398091997262994
10.43 0.00397026259805392
10.44 0.003959620350837063
10.450000000000001 0.003948992258248748
10.46 0.00393837734761427
10.47 0.003927774646049923
10.48 0.0039171831806768
10.49 0.003906601978523422
10.5 0.0038960324353371884
10.51 0.003885532593738599
10.52 0.0038750827526790317
10.53 0.003864661558597826
10.540000000000001 0.003854269612758066
10.55 0.0038439075164207817
10.56 0.003833575870906259
10.57 0.003823275277503059
10.58 0.0038130063376281813
10.59 0.003802769652656111
10.6 0.003792565824044721
10.61 0.0037823954532340736
10.620000000000001 0.0037722591417740617
10.63 0.0037621608281389832
10.64 0.0037521054380210456
10.65 0.0037420885222344898
10.66 0.0037321107198325944
10.67 0.003722172812210941
10.68 0.0037122755807909797
10.69 0.0037024198070986273
10.700000000000001 0.003692606272626888
10.71 0.0036828357589832575
10.72 0.0036731090477572785
10.73 0.003663426920602476
10.74 0.0036537901592431253
10.75 0.0036441887466378744
10.76 0.0036345269065263374
10.77 0.0036248587211083257
10.78 0.0036152037474854195
10.790000000000001 0.003605560302787842
10.8 0.0035959267041051277
10.81 0.00358630126836833
10.82 0.0035766823123406996
10.83 0.0035670681527572913
10.84 0.0035574571061748926
10.85 0.0035478474890164834
10.86 0.0035382376176283695
10.870000000000001 0.003528625808259356
10.88 0.003519122373360518
10.89 0.003509765999215989
10.9 0.0035004598750991507
10.91 0.0034912064234011034
10.92 0.003482008077730438
10.93 0.003472867271709051
10.94 0.003463786439247804
10.950000000000001 0.003454768014298518
10.96 0.0034458144310080176
10.97 0.0034369281236788737
10.98 0.0034281115267031973
10.99 0.0034193670746619077
11.0 0.0034106562423793793
11.01 0.0034018119495426873
11.02 0.0033929635873920522
11.03 0.003384129917259199
11.040000000000001 0.0033753087345442293
11.05 0.003366497834454057
11.06 0.0033576950121052647
11.07 0.003348898062374192
11.08 0.0033401047800913184
11.09 0.0033313129598933774
11.1 0.003322520396259312
11.11 0.003313724883566749
11.120000000000001 0.003304926194167918
11.13 0.003296231069801604
11.14 0.003287619937360983
11.15 0.003279040730735616
11.16 0.003270494350462617
11.17 0.0032619816970110476
11.18 0.0032535036709421643
11.19 0.0032450611728810563
11.200000000000001 0.003236655103435963
11.21 0.00322828636333347
11.22 0.0032199558533116475
11.23 0.003211664474125466
11.24 0.0032034131266680636
11.25 0.003195200085008316
11.26 0.0031870210720439628
11.27 0.003178882088045516
11.28 0.003170784157769738
11.290000000000001 0.0031627280059718546
11.3 0.0031547143575074246
11.31 0.003146743937241098
11.32 0.0031388174700732368
11.33 0.0031309356809547206
11.34 0.0031230992948256438
11.35 0.003115309036693569
11.36 0.003107565631597258
11.370000000000001 0.003099861036674831
11.38 0.0030920721558892637
11.39 0.003084254688834417
11.4 0.0030764416323539054
11.41 0.003068630525794043
11.42 0.0030608189082928275
11.43 0.0030530043188799144
11.44 0.0030451842964264934
11.450000000000001 0.003037356379660771
11.46 0.0030295181071624765
11.47 0.0030216670173693685
11.48 0.003013800648561104
11.49 0.0030059165389032757
11.5 0.002998109087333896
11.51 0.0029904507514784814
11.52 0.0029828272698517455
11.53 0.002975239501190446
11.540000000000001 0.0029676892556722515
11.55 0.0029601783435037393
11.56 0.0029527085750528314
11.57 0.00294528176079034
11.58 0.0029378997111742405
11.59 0.0029305642368786813
11.6 0.0029232771486089326
11.61 0.002916040257170007
11.620000000000001 0.002908836535835546
11.63 0.0029015548675342157
11.64 0.0028942705902085257
11.65 0.0028870014209063932
11.66 0.0028797462310081044
11.67 0.0028725038917869023
11.68 0.0028652732745131026
11.69 0.0028580532502914956
11.700000000000001 0.0028508426902770674
11.71 0.0028436404654891036
11.72 0.002836445446864454
11.73 0.002829256505349162
11.74 0.002822072751835854
11.75 0.0028149482888835823
11.76 0.002807885963256164
11.77 0.0028008506679072826
11.78 0.002793842404540706
11.790000000000001 0.002786861174982726
11.8 0.0027799069809076715
11.81 0.002772979824079196
11.82 0.0027660797061813064
11.83 0.0027592066289978314
11.84 0.002752360594182089
11.85 0.002745541603472166
11.86 0.0027387496585386563
11.870000000000001 0.0027319847611068852
11.88 0.0027252469128196434
11.89 0.002718536115385935
11.9 0.002711852370459806
11.91 0.002705195679713709
11.92 0.0026985660447958696
11.93 0.002691959427505634
11.94 0.0026853063190775085
11.950000000000001 0.002678644806264675
11.96 0.002671999765028556
11.97 0.002665371196554531
11.98 0.002658759102062504
11.99 0.0026521634827256016
12.0 0.0026455843397143707
12.01 0.0026390216742091374
12.02 0.002632475487390281
12.030000000000001 0.0026259457804285726
12.040000000000001 0.002619432554481129
12.05 0.0026129358107269034
12.06 0.0026064555503096747
12.07 0.0025999917743788226
12.08 0.002593544484106735
12.09 0.002587113680620547
12.1 0.002580699365071756
12.11 0.0025743015385830295
12.120000000000001 0.0025679176240954523
12.13 0.0025615335294941477
12.14 0.0025551611046128312
12.15 0.0025488029618526524
12.16 0.002542459102255693
12.17 0.0025361295268676565
12.18 0.0025298142366693547
12.19 0.0025235132327151833
12.200000000000001 0.0025172265160366774
12.21 0.002510954087639306
12.22 0.0025046959485402528
12.23 0.0024984520997184314
12.24 0.0024922225422431494
12.25 0.00248600727705036
12.26 0.002479806305201619
12.27 0.0024736196276737336
12.280000000000001 0.0024674472454288264
12.290000000000001 0.002461289159521218
12.3 0.002455145370883711
12.31 0.002449021724164573
12.32 0.0024429302467483182
12.33 0.00243685651084839
12.34 0.002430799523505814
12.35 0.002424759285768312
12.36 0.0024187357987020615
12.370000000000001 0.0024127290633636886
12.38 0.0024067390808047927
12.39 0.002400765852064269
12.4 0.002394809378210845
12.41 0.0023888696602510644
12.42 0.002382946699226841
12.43 0.002377040496228458
12.44 0.0023711510521876125
12.450000000000001 0.002365278368223134
12.46 0.002359422445293081
12.47 0.0023535832844484776
12.48 0.0023477608866966943
12.49 0.002341955253032664
12.5 0.0023361377653979523
12.51 0.0023302931915421504
12.52 0.0023244580896615683
12.530000000000001 0.002318632700755553
12.540000000000001 0.0023128170255589716
12.55 0.0023070110648144766
12.56 0.0023012148192786265
12.57 0.0022954282896562317
12.58 0.0022896514767092387
12.59 0.00228388438117864
12.6 0.0022781270037726107
12.61 0.002272379345245323
12.620000000000001 0.0022666414062857514
12.63 0.002260913187665173
12.64 0.002255194690096118
12.65 0.0022494859142714865
12.66 0.002243786860953401
12.67 0.0022380975308283584
12.68 0.0022324181604926113
12.69 0.002226767564349301
12.700000000000001 0.0022211410218352053
12.71 0.0022155274015203752
12.72 0.002209926704214353
12.73 0.002204338930716726
12.74 0.002198764081850002
12.75 0.002193202158431021
12.76 0.002187653161252665
12.77 0.002182117091122175
12.780000000000001 0.0021765939488414005
12.790000000000001 0.0021710837351983855
12.8 0.002165586450995795
12.81 0.0021601020970119754
12.82 0.0021546306740734063
12.83 0.002149172182920443
12.84 0.0021437266243782248
12.85 0.002138293999186788
12.86 0.0021328743081568255
12.870000000000001 0.002127469100910249
12.88 0.0021220975904065326
12.89 0.002116747777800909
12.9 0.002111413798878968
12.91 0.0021060956544883738
12.92 0.0021007933455047282
12.93 0.0020955068727736316
12.94 0.002090236237131605
12.950000000000001 0.0020849814394390434
12.96 0.0020797424805411736
12.97 0.0020745193612707762
12.98 0.002069312082471549
12.99 0.0020641206449860503
13.0 0.0020589450496174204
13.01 0.002053785297221991
13.02 0.002048641388615004
13.030000000000001 0.0020435133246098037
13.040000000000001 0.0020384011060333995
13.05 0.002033304733713558
13.06 0.002028211222703983
13.07 0.0020230647368651225
13.08 0.0020179163172687428
13.09 0.0020127746419689933
13.1 0.0020076397115192353
13.11 0.0020025115264043947
13.120000000000001 0.001997390087177718
13.13 0.001992275394329764
13.14 0.001987167448393529
13.15 0.0019820662498663258
13.16 0.001976971799277635
13.17 0.0019718840971311236
13.18 0.0019668031439524507
13.19 0.0019617289402156634
13.200000000000001 0.001956661486454712
13.21 0.0019516007831794132
13.22 0.0019465468308950842
13.23 0.0019414996300828765
13.24 0.0019364591812842304
13.25 0.0019314486934942164
13.26 0.001926504835189312
13.27 0.0019215784755748193
13.280000000000001 0.0019166672865274866
13.290000000000001 0.001911771268763523
13.3 0.0019068904230799591
13.31 0.001902024750142597
13.32 0.001897174250745184
13.33 0.0018923389255808675
13.34 0.0018875187754042093
13.35 0.001882713800916502
13.36 0.0018779240028732795
13.370000000000001 0.0018731493819651177
13.38 0.0018683899389406976
13.39 0.001863645674476905
13.4 0.0018589165893172662
13.41 0.0018542026841636215
13.42 0.0018495039597259716
13.43 0.0018448204166960165
13.44 0.0018401309358516342
13.450000000000001 0.001835429571567764
13.46 0.0018307387124533827
13.47 0.0018260583834373565
13.48 0.0018213885851014384
13.49 0.0018167293180001627
13.5 0.0018120805826671318
13.51 0.0018074423796867454
13.52 0.0018028147096076864
13.530000000000001 0.0017981975729733592
13.540000000000001 0.0017935909703329553
13.55 0.001788994902246017
13.56 0.001784409369237241
13.57 0.001779834371888815
13.58 0.0017752699107094559
13.59 0.0017707159862463632
13.6 0.0017661725990592144
13.61 0.0017616397496557797
13.620000000000001 0.0017571172511017072
13.63 0.0017525972662567322
13.64 0.0017480826401494386
13.65 0.0017435772868152305
13.66 0.0017390812067199736
13.67 0.0017345944003668583
13.68 0.0017301168682465969
13.69 0.0017256486108719392
13.700000000000001 0.0017211896287095134
13.71 0.0017167399222362233
13.72 0.0017122994919381992
13.73 0.0017078683383530142
13.74 0.0017034464618697728
13.75 0.0016990338630468607
13.76 0.0016946305423399864
13.77 0.0016902365002009674
13.780000000000001 0.0016858517371496028
13.790000000000001 0.0016814762536162661
13.8 0.0016771100501136687
13.81 0.0016727579741736926
13.82 0.001668465000691731
13.83 0.001664199798863433
13.84 0.0016599506655525168
13.85 0.0016557176013689012
13.86 0.0016515006069824675
13.870000000000001 0.0016472996829926352
13.88 0.001643114830055977
13.89 0.0016389460487893632
13.9 0.001634793339810899
13.91 0.0016306567037497764
13.92 0.0016265361412360544
13.93 0.0016224316528610015
13.94 0.001618343239255432
13.950000000000001 0.0016142709010487754
13.96 0.0016102146388176878
13.97 0.0016061744531934952
13.98 0.001602150344757581
13.99 0.001598142314117508
14.0 0.0015941356538462465
14.01 0.0015900804490179303
14.02 0.001586026307272517
14.030000000000001 0.0015819796610303588
14.040000000000001 0.001577940510679323
14.05 0.001573908856576516
14.06 0.0015698846991247693
14.07 0.0015658680386929596
14.08 0.001561858875659099
14.09 0.001557857210397991
14.1 0.0015538630432833016
14.11 0.0015498763746893617
14.120000000000001 0.0015458972049883974
14.13 0.0015419255345491584
14.14 0.0015379613637459052
14.15 0.001534004692942496
14.16 0.0015300555224928702
14.17 0.0015261138528113248
14.18 0.0015221796842153524
14.19 0.0015182694604078464
14.200000000000001 0.0015144025719664377
14.21 0.0015105492938947032
14.22 0.0015067087309705688
14.23 0.0015028808837220001
14.24 0.0014990657525980177
14.25 0.0014952633380792902
14.26 0.0014914736406512975
14.27 0.0014876966607544123
14.280000000000001 0.0014839323989205638
14.290000000000001 0.0014801808555666965
14.3 0.0014764420311691921
14.31 0.0014727159262173507
14.32 0.0014690025411350776
14.33 0.001465301876423031
14.34 0.001461613932518578
14.35 0.001457938709879102
14.36 0.0014542762089763308
14.370000000000001 0.0014506264263337715
14.38 0.0014469769764188006
14.39 0.0014433270619139342
14.4 0.001439687413860549
14.41 0.0014360580326439128
14.42 0.0014324389186943071
14.43 0.0014288300723791125
14.44 0.0014252314940755458
14.450000000000001 0.0014216431841859271
14.46 0.0014180651431024392
14.47 0.0014144973711858195
14.48 0.0014109398688357823
14.49 0.001407392636431813
14.5 0.0014038556743496845
14.51 0.0014003289829707774
14.52 0.001396812562675315
14.530000000000001 0.0013933064138379305
14.540000000000001 0.0013898105368212498
14.55 0.0013863249320299525
14.56 0.0013828484186873922
14.57 0.0013793504584826337
14.58 0.0013758450626060478
14.59 0.0013723451756752075
14.6 0.0013688507979519309
14.61 0.001365361929728026
14.620000000000001 0.0013618785712270446
14.63 0.0013584007227503449
14.64 0.0013549283845455753
14.65 0.0013514615568744268
14.66 0.001348000239988948
14.67 0.0013445444341747164
14.68 0.001341094139658403
14.69 0.001337649356714984
14.700000000000001 0.0013342100856182516
14.71 0.0013307763265866077
14.72 0.0013273480799315728
14.73 0.0013239253458515704
14.74 0.0013205081246313722
14.75 0.0013171021734123822
14.76 0.001313748444371752
14.77 0.0013104155453206327
14.780000000000001 0.0013070944176297658
14.790000000000001 0.001303785061644571
14.8 0.0013004874777577408
14.81 0.0012972016663048592
14.82 0.001293927627735399
14.83 0.0012906653623294055
14.84 0.0012874148705333498
14.85 0.001284176152669313
14.86 0.0012809492091437485
14.870000000000001 0.0012777340402593139
14.88 0.0012745306464504822
14.89 0.0012713390280486515
14.9 0.0012681591853917374
14.91 0.001264991118885855
14.92 0.0012618348288502858
14.93 0.001258690315665727
14.94 0.0012555434225367775
14.950000000000001 0.0012523563107084501
14.96 0.0012491700158116046
14.97 0.0012459885158303142
14.98 0.00124281181095684
14.99 0.0012396399014300145
15.0 0.001236472787434149
15.01 0.0012333104692054907
15.02 0.0012301529469705597
15.030000000000001 0.0012270002209050822
15.040000000000001 0.0012238522912443402
15.05 0.0012207091582021206
15.06 0.0012175708219671335
15.07 0.0012144372827882274
15.08 0.0012113085408318824
15.09 0.001208184596338659
15.1 0.00120506544949532
15.11 0.0012019511005389215
15.120000000000001 0.001198841549638575
15.13 0.0011957510649459368
15.14 0.001192691619644107
15.15 0.0011896413250193471
15.16 0.0011865998158657996
15.17 0.0011835670924451017
15.18 0.0011805431550500035
15.19 0.0011775280039241416
15.200000000000001 0.0011745216393581088
15.21 0.0011715240616709287
15.22 0.001168535271041413
15.23 0.0011655552678193114
15.24 0.0011625840522351152
15.25 0.0011596216245818812
15.26 0.0011566679851119984
15.27 0.0011537231340834186
15.280000000000001 0.0011507870717964274
15.290000000000001 0.001147859798473676
15.3 0.0011449413144212458
15.31 0.0011420316386416406
15.32 0.0011391352046092585
15.33 0.001136251536842535
15.34 0.0011333774666852188
15.35 0.001130512994319416
15.36 0.0011276581200985426
15.370000000000001 0.0011248128442464052
15.38 0.0011219771670563465
15.39 0.0011191510887900102
15.4 0.001116334609711669
15.41 0.0011135277300946276
15.42 0.001110730450189939
15.43 0.0011079427702845187
15.44 0.001105164690627117
15.450000000000001 0.001102396211488871
15.46 0.0010996373331288768
15.47 0.0010968880557865302
15.48 0.0010941483797619806
15.49 0.0010914183052762
15.5 0.0010886957912301302
15.51 0.0010859450101303476
15.52 0.0010831854319226777
15.530000000000001 0.0010804299935070075
15.540000000000001 0.0010776786950530757
15.55 0.0010749315367055677
15.56 0.0010721885186278724
15.57 0.001069449640994318
15.58 0.0010667149039531513
15.59 0.0010639843076742054
15.6 0.0010612578522903972
15.610000000000001 0.0010585355380130816
15.620000000000001 0.001055817364948543
15.63 0.0010531033332679576
15.64 0.0010503934431537224
15.65 0.001047687694755642
15.66 0.001044986088181981
15.67 0.001042288623662444
15.68 0.0010395953013119285
15.69 0.0010369133627173273
15.700000000000001 0.001034282937369828
15.71 0.0010316704468784734
15.72 0.0010290683837916239
15.73 0.001026476748363008
15.74 0.0010238955408617342
15.75 0.0010213247615079688
15.76 0.0010187644105754692
15.77 0.001016214488314273
15.780000000000001 0.0010136749949554629
15.790000000000001 0.0010111459307809664
15.8 0.001008627295986528
15.81 0.0010061190908518124
15.82 0.0010036213156346388
15.83 0.001001133970540061
15.84 0.0009986570558335238
15.85 0.000996190571741073
15.860000000000001 0.0009937345185341412
15.870000000000001 0.0009912888964192163
15.88 0.0009888379153304087
15.89 0.0009863486115220027
15.9 0.000983860310096013
15.91 0.0009813757732490948
15.92 0.0009788950011689079
15.93 0.00097641799396489
15.94 0.0009739447517691569
15.950000000000001 0.0009714752747209187
15.96 0.0009690095629444605
15.97 0.0009665476165658621
15.98 0.0009640894357408307
15.99 0.0009616350205653103
16.0 0.0009591843712089232
16.01 0.0009567374877542391
16.02 0.0009542943703737104
16.03 0.0009518550191767363
16.04 0.0009494194343003535
16.05 0.0009469876158391637
16.06 0.0009445595639706238
16.07 0.0009421409597861511
16.080000000000002 0.0009397349132799163
16.09 0.0009373340943331688
16.1 0.0009349384517751318
16.11 0.0009325479857435353
16.12 0.0009301626963782818
16.13 0.0009277825838364163
16.14 0.0009254076482448163
16.15 0.0009230378897685281
16.16 0.0009206733085362245
16.17 0.0009183139047169729
16.18 0.000915959678404352
16.19 0.0009136106298052389
16.2 0.0009112667589991538
16.21 0.0009089280661748273
16.22 0.0009065945514565208
16.23 0.0009042662149702837
16.240000000000002 0.0009019430568915506
16.25 0.0008996252683532063
16.26 0.0008973287733579458
16.27 0.0008950496855788956
16.28 0.0008927784902338792
16.29 0.0008905151874507066
16.3 0.00088825977748182
16.31 0.0008860122604191143
16.32 0.0008837726364864156
16.330000000000002 0.0008815409058279165
16.34 0.000879317068629649
16.35 0.0008771011250791404
16.36 0.0008748930753082915
16.37 0.0008726929195339403
16.38 0.0008705006578686867
16.39 0.0008683162905384277
16.4 0.0008661398176783477
16.41 0.0008639712394483197
16.42 0.0008618105560380468
16.43 0.0008596577676042036
16.44 0.0008575095782829525
16.45 0.0008553243911294279
16.46 0.0008531280147515678
16.47 0.0008509332620900714
16.48 0.0008487401332203636
16.490000000000002 0.00084654862822062
16.5 0.0008443587471537395
16.51 0.0008421704901100151
16.52 0.0008399838571974571
16.53 0.0008377988484320235
16.54 0.0008356154639633427
16.55 0.0008334337038122738
16.56 0.0008312535680968399
16.57 0.0008290750568777347
16.580000000000002 0.0008268981702259088
16.59 0.0008247229082443029
16.6 0.000822549271004686
16.61 0.0008203772585533145
16.62 0.0008182068709901599
16.63 0.0008160485370687038
16.64 0.0008139477011099785
16.65 0.0008118630153116014
16.66 0.0008097873451968474
16.67 0.0008077206909400021
16.68 0.0008056630526814962
16.69 0.0008036144306289446
16.7 0.0008015748249315511
16.71 0.0007995442357437799
16.72 0.000797522663252304
16.73 0.0007955101076091035
16.740000000000002 0.0007935065689780738
16.75 0.0007915120475537262
16.76 0.0007895265434450048
16.77 0.0007875500568536869
16.78 0.000785582587926213
16.79 0.0007836241368457447
16.8 0.0007816747037355863
16.81 0.0007797342887842456
16.82 0.0007777948022761372
16.830000000000002 0.0007758432637453094
16.84 0.0007738969497461602
16.85 0.0007719566981698241
16.86 0.0007700225091345697
16.87 0.0007680943827731346
16.88 0.0007661723191893283
16.89 0.0007642563185194676
16.9 0.0007623463808709564
16.91 0.0007604425063609175
16.92 0.0007585446951171519
16.93 0.0007566529472594961
16.94 0.0007547672628942009
16.95 0.0007528876421309122
16.96 0.0007510140851071903
16.97 0.000749146591931037
16.98 0.0007472851627103827
16.990000000000002 0.0007454297975691169
17.0 0.0007435804966037023
17.01 0.0007417138770578546
17.02 0.0007398230472868392
17.03 0.0007379330663144342
17.04 0.0007360439662794366
17.05 0.0007341557472211172
17.06 0.0007322684092289959
17.07 0.000730381952310517
17.080000000000002 0.0007284963765852957
17.09 0.0007266116820119578
17.1 0.0007247278687521939
17.11 0.0007228449367522638
17.12 0.0007209628861482863
17.13 0.0007190817169657425
17.14 0.0007172014292415716
17.150000000000002 0.0007153220230216087
17.16 0.000713443498396527
17.17 0.0007115658553905995
17.18 0.0007096890940604454
17.19 0.0007078142841065771
17.2 0.0007059875414814593
17.21 0.0007041923970176907
17.22 0.0007024056072217
17.23 0.0007006271722202197
17.240000000000002 0.0006988570921543545
17.25 0.0006970953671309403
17.26 0.0006953419973155975
17.27 0.0006935969828055093
17.28 0.0006918603237568885
17.29 0.0006901320202822273
17.3 0.0006884120725208578
17.31 0.0006867004806230469
17.32 0.0006849972446548731
17.330000000000002 0.0006833023648076099
17.34 0.0006816158411679415
17.35 0.0006799376739022798
17.36 0.0006782678630892099
17.37 0.0006766064088857854
17.38 0.0006749477211524283
17.39 0.0006732391159535446
17.400000000000002 0.0006715170871204718
17.41 0.0006697954692895126
17.42 0.0006680742625300641
17.43 0.0006663534668466981
17.44 0.0006646330823124885
17.45 0.000662913108951434
17.46 0.0006611935468036149
17.47 0.0006594743959139339
17.48 0.0006577556563199569
17.490000000000002 0.0006560373280554844
17.5 0.0006543194111730998
17.51 0.0006526019057022556
17.52 0.0006508848116810089
17.53 0.0006491681291694763
17.54 0.0006474518581637414
17.55 0.0006457359987530482
17.56 0.000644020550960397
17.57 0.0006423144067273522
17.580000000000002 0.0006406481471531141
17.59 0.0006389915240035954
17.6 0.0006373405534319714
17.61 0.0006356952355195676
17.62 0.00063405557036788
17.63 0.0006324215580649801
17.64 0.0006307931987098897
17.650000000000002 0.0006291704923848672
17.66 0.0006275534391696287
17.67 0.0006259420391653282
17.68 0.0006243362924701668
17.69 0.0006227361991381636
17.7 0.0006211417592937689
17.71 0.0006195529730104638
17.72 0.0006179698403812981
17.73 0.0006163923614661103
17.740000000000002 0.0006148205363842754
17.75 0.0006132543652108312
17.76 0.000611696479963949
17.77 0.0006101500390314241
17.78 0.0006086102414240944
17.79 0.000607076938451493
17.8 0.0006055501301858321
17.81 0.000604029816708393
17.82 0.000602515998142752
17.830000000000002 0.0006010086745418415
17.84 0.0005995078460256558
17.85 0.0005980135126636736
17.86 0.0005965256745741435
17.87 0.0005950443317943257
17.88 0.0005935694844903682
17.89 0.0005921011326723238
17.900000000000002 0.0005906392764862414
17.91 0.0005891839159842808
17.92 0.0005877350512818889
17.93 0.0005862926824235365
17.94 0.0005848568028541649
17.95 0.0005833977425711576
17.96 0.0005819132639417987
17.97 0.0005804293641100188
17.98 0.0005789460430949063
17.990000000000002 0.0005774633009260752
18.0 0.0005759811376318228
18.01 0.0005744995532686595
18.02 0.0005730185478354491
18.03 0.0005715381213924172
18.04 0.0005700582739712315
18.05 0.0005685790055497567
18.06 0.0005671003162441625
18.07 0.0005656222060096014
18.080000000000002 0.0005641446749397858
18.09 0.0005626677230177622
18.1 0.0005611913503013345
18.11 0.0005597155568271678
18.12 0.000558240342589363
18.13 0.0005567675044269791
18.14 0.0005553446327258149
18.150000000000002 0.000553950133544999
18.16 0.000552563650409607
18.17 0.0005511851834222757
18.18 0.0005498147326784214
18.19 0.00054845229827231
18.2 0.0005470978802820023
18.21 0.0005457514788240827
18.22 0.0005444130939757449
18.23 0.0005430827258300688
18.240000000000002 0.0005417603744940824
18.25 0.0005404460400513704
18.26 0.0005391397225722389
18.27 0.0005378414221841175
18.28 0.000536551138951911
18.29 0.0005352688729708922
18.3 0.0005339946243342915
18.31 0.0005327283931252832
18.32 0.0005314631914703798
18.330000000000002 0.0005301485868644321
18.34 0.0005288230425501583
18.35 0.0005274978186047595
18.36 0.0005261729150162483
18.37 0.0005248483318271165
18.38 0.0005235240690477884
18.39 0.000522200126725096
18.400000000000002 0.0005208765048477416
18.41 0.0005195532034860051
18.42 0.000518230222610664
18.43 0.0005169075622827827
18.44 0.000515585222526982
18.45 0.0005142632033467467
18.46 0.0005129415047724912
18.47 0.0005116201268317624
18.48 0.0005102990695457576
18.490000000000002 0.000508978332938916
18.5 0.0005076579170433611
18.51 0.0005063419020418899
18.52 0.0005050413425425767
18.53 0.0005037443107335037
18.54 0.0005024496305627936
18.55 0.0005011573020481385
18.56 0.0004998673252355975
18.57 0.0004985797001790718
18.580000000000002 0.0004972944269049399
18.59 0.0004960115054485545
18.6 0.0004947309358359985
18.61 0.0004934527181666116
18.62 0.0004921768523935906
18.63 0.0004909033386340454
18.64 0.0004896321768549511
18.650000000000002 0.0004883633671424384
18.66 0.0004870969095340804
18.67 0.0004858328040363424
18.68 0.0004845710507193532
18.69 0.0004833116495960529
18.7 0.0004820657717704895
18.71 0.00048084298946323264
18.72 0.0004796260022649016
18.73 0.00047841450993558137
18.740000000000002 0.000477208512568704
18.75 0.0004760080102172481
18.76 0.0004748130029155751
18.77 0.00047362349077212986
18.78 0.00047243947380502284
18.79 0.00047126095208478805
18.8 0.00047008792568364584
18.81 0.00046892039464230506
18.82 0.00046775835903169535
18.830000000000002 0.0004666018189076336
18.84 0.00046545077431175654
18.85 0.00046430522533376427
18.86 0.00046316517199890224
18.87 0.00046203061437392873
18.88 0.0004609014017224672
18.89 0.00045973896077119465
18.900000000000002 0.00045854709942116684
18.91 0.00045735368046042555
18.92 0.00045615870393718195
18.93 0.00045496216980028294
18.94 0.00045376407809502985
18.95 0.000452564428810871
18.96 0.0004513632219783026
18.97 0.00045016045757121005
18.98 0.0004489561355968833
18.990000000000002 0.00044775025609288075
19.0 0.00044654281903789807
19.01 0.00044533382444267186
19.02 0.0004441232723263424
19.03 0.00044291116267736733
19.04 0.0004416974955089189
19.05 0.0004404822708508191
19.06 0.00043926548865811375
19.07 0.0004380503499921738
19.080000000000002 0.0004368941707543209
19.09 0.000435766062955686
19.1 0.0004346451445782089
19.11 0.00043353141571722195
19.12 0.00043242487641145474
19.13 0.0004313255267308686
19.14 0.000430233366756723
19.150000000000002 0.0004291483965395918
19.16 0.0004280706161336872
19.17 0.0004270000256367235
19.18 0.0004259366250797083
19.19 0.000424880414542479
19.2 0.00042383139408092615
19.21 0.0004227895637719711
19.22 0.0004217549236559463
19.23 0.00042072747381131757
19.240000000000002 0.00041970721429854566
19.25 0.0004186941451729407
19.26 0.0004176823572955823
19.27 0.0004166386513525513
19.28 0.0004155906749253843
19.29 0.00041454469919255903
19.3 0.0004135007241648955
19.31 0.000412458749891635
19.32 0.00041141877638865566
19.330000000000002 0.00041038080369200136
19.34 0.00040934483181573805
19.35 0.0004083108607777377
19.36 0.00040727889064849215
19.37 0.0004062489213897385
19.38 0.0004052209530746731
19.39 0.00040419498570517376
19.400000000000002 0.0004031710193339575
19.41 0.0004021490539572663
19.42 0.00040112908962382335
19.43 0.00040011112634298043
19.44 0.00039909516414086743
19.45 0.0003980790525739742
19.46 0.00039705823793960784
19.47 0.0003960381220678238
19.48 0.0003950190917002059
19.490000000000002 0.00039400114690344676
19.5 0.0003929842876891417
19.51 0.0003919685140541016
19.52 0.00039095382603135316
19.53 0.0003899402236505944
19.54 0.0003889277069058523
19.55 0.0003879162758311326
19.56 0.0003869059304669863
19.57 0.0003858966707840936
19.580000000000002 0.00038488849683402244
19.59 0.00038388140865403735
19.6 0.0003828754062196575
19.61 0.00038187048955967944
19.62 0.0003808666587237355
19.63 0.00037986391371140816
19.64 0.00037888504866997867
19.650000000000002 0.00037794288997229804
19.66 0.0003770077294169886
19.67 0.00037607934582341193
19.68 0.00037515773925044573
19.69 0.0003742429097420632
19.7 0.00037333485735070563
19.71 0.0003724335821332516
19.72 0.00037153908413725494
19.73 0.0003706513634151139
19.740000000000002 0.0003697704199971607
19.75 0.00036889625396772767
19.76 0.0003680288653628929
19.77 0.00036716825422669505
19.78 0.00036631442060475373
19.79 0.00036546736456591306
19.8 0.00036462708612673185
19.81 0.0003637935853700044
19.82 0.00036296621599964747
19.830000000000002 0.0003620886156978836
19.84 0.0003611741476316941
19.85 0.00036025682219357
19.86 0.0003593366393936669
19.87 0.0003584135992342543
19.88 0.000357487701706899
19.89 0.00035655894679823507
19.900000000000002 0.0003556273344946216
19.91 0.0003546928648143588
19.92 0.00035375553772417777
19.93 0.00035281535324710125
19.94 0.0003518723113426008
19.95 0.00035092641204501014
19.96 0.0003499776553104013
19.97 0.0003490260411627686
19.98 0.000348071569568068
19.990000000000002 0.00034711424055848544
20.0 0.0003461540540979115
20.01 0.00034519478020793846
20.02 0.0003442848327127725
20.03 0.0003433943757433267
20.04 0.00034250836293089817
20.05 0.00034162679423916075
20.06 0.0003407496697406953
20.07 0.00033987698944744067
20.080000000000002 0.00033900875343060286
20.09 0.0003381449616853621
20.1 0.00033728561426376485
20.11 0.0003364307111932942
20.12 0.00033558025249656406
20.13 0.00033473423825177665
20.14 0.00033389266844427
20.150000000000002 0.00033305554311505116
20.16 0.0003322228622986954
20.17 0.0003313946260482376
20.18 0.0003305708343821175
20.19 0.0003297514873082294
20.2 0.0003289341529816329
20.21 0.0003281080913689352
20.22 0.00032728302901197505
20.23 0.0003264606692386631
20.240000000000002 0.00032564101206254887
20.25 0.00032482405753128045
20.26 0.00032400980564297203
20.27 0.00032319825643518566
20.28 0.00032238940992234907
20.29 0.0003215832661351506
20.3 0.0003207798250803663
20.31 0.00031997908680938273
20.32 0.00031918105130626575
20.330000000000002 0.0003183857186159838
20.34 0.0003175930887449406
20.35 0.00031680316174585694
20.36 0.0003160159376068099
20.37 0.00031523141635509923
20.38 0.0003144495980353186
20.39 0.0003136584658790656
20.400000000000002 0.00031283843928332756
20.41 0.00031201540599476945
20.42 0.0003111906499279981
20.43 0.00031036417113232975
20.44 0.000309535969563704
20.45 0.00030870604524654095
20.46 0.00030787439816163585
20.47 0.0003070410283389497
20.48 0.0003062059357554106
20.490000000000002 0.0003053691203928236
20.5 0.00030453058229200976
20.51 0.0003036903214392007
20.52 0.0003028483378136212
20.53 0.0003020046314518784
20.54 0.00030115920230420253
20.55 0.0003003120504348818
20.56 0.00029946317577262495
20.57 0.00029861257838018014
20.580000000000002 0.0002978020217716097
20.59 0.0002970443702750334
20.6 0.0002962943784000151
20.61 0.000295551978861134
20.62 0.0002948171716693719
20.63 0.00029408995689850887
20.64 0.00029337033458293643
20.650000000000002 0.00029265830476729105
20.66 0.000291953867466073
20.67 0.0002912570227839582
20.68 0.0002905677706988166
20.69 0.0002898861112767561
20.7 0.0002892120445738239
20.71 0.0002885455706108742
20.72 0.00028788668944276525
20.73 0.0002872354011001243
20.740000000000002 0.000286591705617725
20.75 0.0002859556030620537
20.76 0.00028532582598806626
20.77 0.0002846459828621396
20.78 0.00028393588219233483
20.79 0.00028322421490725155
20.8 0.0002825109810105643
20.81 0.00028179618048587745
20.82 0.00028107981335645667
20.830000000000002 0.00028036187960329273
20.84 0.00027964237922828027
20.85 0.0002789213122384222
20.86 0.00027819867862269884
20.87 0.0002774744783980045
20.88 0.00027674871153099856
20.89 0.00027602137805351107
20.900000000000002 0.0002752924779401594
20.91 0.00027456201122227745
20.92 0.00027382997786157764
20.93 0.000273096377886283
20.94 0.00027236121128138897
20.95 0.00027162702313444285
20.96 0.000270918177474284
20.97 0.00027021789440677315
20.98 0.00026951971803787435
20.990000000000002 0.0002688236483737367
21.0 0.000268129685430745
21.01 0.000267437829223561
21.02 0.0002667480797734965
21.03 0.00026606043708403805
21.04 0.0002653749011791883
21.05 0.000264691472072119
21.06 0.0002640101497756629
21.07 0.0002633309343091691
21.080000000000002 0.0002626538256679822
21.09 0.00026197882390454686
21.1 0.00026130592900155107
21.11 0.0002606351409730986
21.12 0.0002599664598512548
21.13 0.0002592998856551489
21.14 0.0002586397169364924
21.150000000000002 0.00025800093533885404
21.16 0.00025736879243104375
21.17 0.0002567413151655244
21.18 0.0002561185035595544
21.19 0.00025550035768330065
21.2 0.00025488687751051863
21.21 0.00025427806309744256
21.22 0.00025367391444903797
21.23 0.00025307443160191675
21.240000000000002 0.0002524796145686489
21.25 0.0002518894633752729
21.26 0.0002513039780643764
21.27 0.00025072315861763905
21.28 0.0002501470051080873
21.29 0.0002495755175081545
21.3 0.00024900869589889705
21.31 0.00024844654024661994
21.32 0.00024788905061324076
21.330000000000002 0.00024730908796310265
21.34 0.0002466735167183097
21.35 0.00024603229026644004
21.36 0.0002453870009998466
21.37 0.0002447376488919461
21.38 0.00024408423396350394
21.39 0.00024342675614837233
21.400000000000002 0.00024276521548282073
21.41 0.0002420996119243681
21.42 0.0002414299455098471
21.43 0.0002407562161811908
21.44 0.00024007842392004012
21.45 0.00023939656877190252
21.46 0.00023871065069389102
21.47 0.00023802066964488861
21.48 0.0002373266256788076
21.490000000000002 0.0002366285187287891
21.5 0.0002359263488343062
21.51 0.0002352201233366336
21.52 0.0002345592474869283
21.53 0.00023394800011633242
21.54 0.00023334259753333357
21.55 0.00023274303976029433
21.56 0.00023214932681597838
21.57 0.0002315614587675275
21.580000000000002 0.00023097943557009334
21.59 0.00023040325731992541
21.6 0.0002298329239887274
21.61 0.00022926843564998375
21.62 0.00022870979229441633
21.63 0.00022815699397004245
21.64 0.00022761004065508566
21.650000000000002 0.00022706893245381718
21.66 0.00022653366934527453
21.67 0.00022600425132732294
21.68 0.00022548067847766794
21.69 0.00022496295079905184
21.7 0.00022444975385434697
21.71 0.00022390541216989676
21.72 0.0002233459320083868
21.73 0.00022278671311269681
21.740000000000002 0.0002222277554875751
21.75 0.0002216690591127766
21.76 0.00022111062403616693
21.77 0.0002205524502425402
21.78 0.00021999453772199575
21.79 0.00021943688649778332
21.8 0.00021887949655296368
21.81 0.00021832236793865078
21.82 0.00021776550061540511
21.830000000000002 0.00021720889459851553
21.84 0.00021665254989678797
21.85 0.00021609646652737046
21.86 0.00021554064444435054
21.87 0.0002149850837336528
21.88 0.00021442978433363396
21.89 0.0002138739258045065
21.900000000000002 0.00021331150033952623
21.91 0.0002127470663851465
21.92 0.00021218197776233966
21.93 0.00021161623447007408
21.94 0.0002110498365200927
21.95 0.0002104827838972377
21.96 0.00020991507661171854
21.97 0.00020934671465587873
21.98 0.00020877769803319401
21.990000000000002 0.00020820802676855854
22.0 0.00020763770083871775
22.01 0.00020706672023979565
22.02 0.00020649508500981395
22.03 0.00020592279510757856
22.04 0.0002053498505621108
22.05 0.0002047762513688113
22.06 0.00020420199750913713
22.07 0.00020362708904176222
22.080000000000002 0.0002030659596448504
22.09 0.00020255824906535832
22.1 0.000202061401504543
22.11 0.0002015711490600648
22.12 0.0002010874917933945
22.13 0.00020061042969885724
22.14 0.00020013996284506055
22.150000000000002 0.0001996760911996097
22.16 0.00019921881483633778
22.17 0.0001987681337323501
22.18 0.0001983240479615142
22.19 0.00019788655749834614
22.2 0.00019745566239919208
22.21 0.000197031362693744
22.22 0.00019661365838348748
22.23 0.0001962025494813129
22.240000000000002 0.00019579803604573835
22.25 0.00019540011807251192
22.26 0.00019500879560292812
22.27 0.00019458808216742297
22.28 0.00019410649792579908
22.29 0.0001936203020840249
22.3 0.00019313050856797676
22.31 0.00019263711739882962
22.32 0.0001921401285401239
22.330000000000002 0.00019163954200363627
22.34 0.00019113535777583163
22.35 0.0001906275758398118
22.36 0.00019011619621868395
22.37 0.00018960121885756943
22.38 0.00018908264377894333
22.39 0.0001885604709633631
22.400000000000002 0.00018803470042902837
22.41 0.0001875053321224573
22.42 0.00018697236607088043
22.43 0.0001864358022574667
22.44 0.00018589564068526894
22.45 0.00018535201236439584
22.46 0.00018484138536171074
22.47 0.0001843604769875374
22.48 0.00018388266806477747
22.490000000000002 0.00018340795856817
22.5 0.00018293634854020052
22.51 0.00018246783797580635
22.52 0.00018200242686422605
22.53 0.00018154011526785808
22.54 0.00018108090317859536
22.55 0.0001806247905769836
22.56 0.0001801717775164797
22.57 0.00017972186398335172
22.580000000000002 0.0001792750499966252
22.59 0.00017883133558568037
22.6 0.00017839072073511087
22.61 0.00017795320545171693
22.62 0.0001775187897844284
22.63 0.0001770874737045787
22.64 0.00017665892264175206
22.650000000000002 0.00017622702316333065
22.66 0.00017579504203261162
22.67 0.00017536522668746312
22.68 0.0001749375771077775
22.69 0.00017451209331323308
22.7 0.00017408877534141266
22.71 0.0001736676231400007
22.72 0.0001732486367748132
22.73 0.00017283181622442358
22.740000000000002 0.00017241716150138983
22.75 0.00017200467262353615
22.76 0.0001715943495776383
22.77 0.00017118619239987366
22.78 0.00017078020108206117
22.79 0.00017037637562020104
22.8 0.00016997471605084935
22.81 0.00016957522237662104
22.82 0.00016917789457027415
22.830000000000002 0.00016877642449765243
22.84 0.00016833487995358156
22.85 0.00016788304111849648
22.86 0.0001674277606587775
22.87 0.00016696903860825133
22.88 0.00016650687492606188
22.89 0.00016604126962369915
22.900000000000002 0.00016557222268621436
22.91 0.0001650997341217365
22.92 0.00016462380389171006
22.93 0.0001641444320239801
22.94 0.000163661618492706
22.95 0.00016317536330189518
22.96 0.00016268566642897782
22.97 0.00016219252789146613
22.98 0.0001616959476727671
22.990000000000002 0.00016119592574162357
23.0 0.0001606924621319431
23.01 0.00016018555682542005
23.02 0.00015969946134958513
23.03 0.00015928626285452332
23.04 0.0001588845199129439
23.05 0.00015848974875292784
23.06 0.00015810194938986193
23.07 0.00015772112183784717
23.080000000000002 0.00015734726611346542
23.09 0.00015698038225423744
23.1 0.0001566204702610353
23.11 0.00015626753017033092
23.12 0.00015592156198081624
23.13 0.0001555825657150169
23.14 0.0001552505414110655
23.150000000000002 0.00015492548907814993
23.16 0.0001546074087200867
23.17 0.00015429630038736253
23.18 0.000153992164059585
23.19 0.00015369499979453054
23.2 0.00015340480757753197
23.21 0.00015308258046555265
23.22 0.00015270576791888362
23.23 0.00015232571926957592
23.240000000000002 0.00015194284033979828
23.25 0.00015155713112414968
23.26 0.00015116859162668907
23.27 0.00015077722179410416
23.28 0.0001503830217001066
23.29 0.0001499859912608193
23.3 0.00014958613052606983
23.31 0.00014918343946827319
23.32 0.00014877791808188032
23.330000000000002 0.00014836956637773467
23.34 0.00014795838433434203
23.35 0.0001475443719412332
23.36 0.00014712752922411854
23.37 0.0001467078561364689
23.38 0.00014628535271941386
23.39 0.00014586028584995941
23.400000000000002 0.0001454570339011238
23.41 0.00014506998883458082
23.42 0.00014468429472718877
23.43 0.000144299951532657
23.44 0.00014391695927346655
23.45 0.00014353531798817363
23.46 0.0001431550276210097
23.47 0.00014277608822267187
23.48 0.0001423984997703106
23.490000000000002 0.00014202226230181748
23.5 0.00014164737578967282
23.51 0.00014127384025620855
23.52 0.00014090165570368373
23.53 0.000140530822122947
23.54 0.00014016133955001633
23.55 0.0001397932079509391
23.56 0.0001394264273502967
23.57 0.0001390609977741763
23.580000000000002 0.00013869849455722908
23.59 0.00013835950596360644
23.6 0.0001380314304580831
23.61 0.00013770781201525835
23.62 0.00013738865066234812
23.63 0.00013707394641118405
23.64 0.0001367636992648427
23.650000000000002 0.0001364579092485987
23.66 0.00013615657634508056
23.67 0.00013585970060951455
23.68 0.0001355672819996118
23.69 0.00013527932058110163
23.7 0.00013499581632495168
23.71 0.000134716769257091
23.72 0.00013444217937629048
23.73 0.0001341720467193319
23.740000000000002 0.00013390637126857078
23.75 0.00013364515305608227
23.76 0.0001333883920733558
23.77 0.0001331222602910542
23.78 0.00013278486680474183
23.79 0.00013243200081178777
23.8 0.00013207357751626706
23.81 0.00013170959686157694
23.82 0.0001313400588555914
23.830000000000002 0.0001309649634852983
23.84 0.00013058431074744576
23.85 0.0001301981006368436
23.86 0.00012980633312993672
23.87 0.00012940900823624272
23.88 0.00012900612591666325
23.89 0.00012859768617495403
23.900000000000002 0.0001281836890030365
23.91 0.0001277641343927887
23.92 0.00012733902234828787
23.93 0.0001269083528301152
23.94 0.00012647212585079165
23.95 0.00012603034140253486
23.96 0.00012561357420179205
23.97 0.00012527241256781097
23.98 0.00012494041266958018
23.990000000000002 0.00012461420476269527
24.0 0.00012429378882788535
24.01 0.0001239791649196099
24.02 0.00012367033302586962
24.03 0.00012336729315891824
24.04 0.00012307004535692096
24.05 0.00012277858958399462
24.060000000000002 0.00012249292592313973
24.07 0.00012221305431882088
24.080000000000002 0.00012193897480534149
24.09 0.00012167068743152539
24.1 0.00012140819213841312
24.11 0.0001211514890328618
24.12 0.00012090057801373037
24.13 0.00012065545920230613
24.14 0.00012041613253893735
24.150000000000002 0.00012015463678757177
24.16 0.0001198619843845751
24.17 0.00011956879679493344
24.18 0.00011927512633665804
24.19 0.0001189809730308541
24.2 0.00011868633686647153
24.21 0.000118391217859902
24.22 0.00011809561598753686
24.23 0.00011779953125984458
24.240000000000002 0.00011750296368679265
24.25 0.00011720591325346759
24.26 0.00011690837998179931
24.27 0.00011661036384112414
24.28 0.00011631186484238712
24.29 0.00011601288301819886
24.3 0.00011571341832131667
24.310000000000002 0.00011541347077195755
24.32 0.00011511304037607575
24.330000000000002 0.00011481196924141903
24.34 0.00011450300454542964
24.35 0.00011418865107512186
24.36 0.00011387263374235155
24.37 0.0001135549525941388
24.38 0.00011323560760448941
24.39 0.00011291459877994233
24.400000000000002 0.00011259192611789486
24.41 0.0001122675896164341
24.42 0.00011194158924487084
24.43 0.00011161392506849483
24.44 0.0001112845970169644
24.45 0.0001109536051355786
24.46 0.00011062094938311736
24.47 0.00011028662980492542
24.48 0.00010995064635232126
24.490000000000002 0.00010961299906259762
24.5 0.00010927368789750184
24.51 0.00010893271288980056
24.52 0.0001085958534131373
24.53 0.0001083193130063333
24.54 0.0001080646073591449
24.55 0.00010781670893145774
24.560000000000002 0.00010757561775330721
24.57 0.00010734133378183284
24.580000000000002 0.00010711385709620032
24.59 0.00010689318766126143
24.6 0.00010667932551557025
24.61 0.00010647227065724711
24.62 0.00010627202309291124
24.63 0.00010607858286889103
24.64 0.00010589194996257873
24.650000000000002 0.00010571212439442135
24.66 0.00010553910618154932
24.67 0.00010537289533778122
24.68 0.00010521349187422349
24.69 0.00010506089577315994
24.7 0.00010491510712263511
24.71 0.00010475667005691109
24.72 0.00010451686843586807
24.73 0.00010426302926226084
24.740000000000002 0.00010400430076457225
24.75 0.00010374068295759665
24.76 0.00010347217580575223
24.77 0.00010319877931249305
24.78 0.00010292049345217425
24.79 0.0001026373182605886
24.8 0.00010234925368266982
24.810000000000002 0.00010205629973327745
24.82 0.00010175845641539292
24.830000000000002 0.00010145572369813284
24.84 0.00010114810159165729
24.85 0.00010083559009312018
24.86 0.00010051818916364557
24.87 0.00010019589884336066
24.88 9.986871909078145e-05
24.89 9.953664991268808e-05
24.900000000000002 9.922325481972546e-05
24.91 9.895780293156948e-05
24.92 9.869653054300584e-05
24.93 9.843800362609441e-05
24.94 9.818222218778517e-05
24.95 9.792918618950224e-05
24.96 9.767889567941111e-05
24.97 9.743135064601032e-05
24.98 9.718655110945497e-05
24.990000000000002 9.694449705243838e-05
25.0 9.670518849485336e-05
25.01 9.646862543440881e-05
25.02 9.623480789090996e-05
25.03 9.600373583803648e-05
25.04 9.577540931599588e-05
25.05 9.554982830700227e-05
25.060000000000002 9.532699282895056e-05
25.07 9.510690286853363e-05
25.080000000000002 9.488955807347703e-05
25.09 9.4670519581697e-05
25.1 9.444935257064334e-05
25.11 9.42300359258426e-05
25.12 9.401256968072782e-05
25.13 9.379695380204397e-05
25.14 9.358318832315749e-05
25.150000000000002 9.337127323762161e-05
25.16 9.316120855265256e-05
25.17 9.295299425522775e-05
25.18 9.274663036779476e-05
25.19 9.254211688440077e-05
25.2 9.23394538274628e-05
25.21 9.213864115324218e-05
25.22 9.193967891599297e-05
25.23 9.174256709861961e-05
25.240000000000002 9.154730569927068e-05
25.25 9.135389472854663e-05
25.26 9.116233418979509e-05
25.27 9.097111931838499e-05
25.28 9.073838847208699e-05
25.29 9.048270888712416e-05
25.3 9.022231620473498e-05
25.310000000000002 8.995721040307263e-05
25.32 8.968739150582846e-05
25.330000000000002 8.941285948628702e-05
25.34 8.913361432851468e-05
25.35 8.884965609039087e-05
25.36 8.856098467080914e-05
25.37 8.826760013601163e-05
25.38 8.796950245535161e-05
25.39 8.766669162243436e-05
25.400000000000002 8.735916762809901e-05
25.41 8.704693047844239e-05
25.42 8.67299801598087e-05
25.43 8.640831665325768e-05
25.44 8.60819399916266e-05
25.45 8.575085013879937e-05
25.46 8.542480034438784e-05
25.47 8.517625488160959e-05
25.48 8.495051470576547e-05
25.490000000000002 8.473109946780271e-05
25.5 8.451800914632693e-05
25.51 8.431124379791239e-05
25.52 8.411080339197956e-05
25.53 8.391668795943947e-05
25.54 8.37288975057884e-05
25.55 8.354743203704064e-05
25.560000000000002 8.337229156302106e-05
25.57 8.320347608437466e-05
25.580000000000002 8.304098561841932e-05
25.59 8.288482018377287e-05
25.6 8.27349797846746e-05
25.61 8.259146440154403e-05
25.62 8.24542740845567e-05
25.63 8.23234088218811e-05
25.64 8.219886861800878e-05
25.650000000000002 8.206377310989878e-05
25.66 8.187113150562863e-05
25.67 8.167113860725765e-05
25.68 8.14689140621995e-05
25.69 8.126445789049378e-05
25.7 8.105777005461294e-05
25.71 8.084885058561462e-05
25.72 8.063769945857047e-05
25.73 8.042431667590828e-05
25.740000000000002 8.020870226274133e-05
25.75 7.999085616867267e-05
25.76 7.977077841703256e-05
25.77 7.954846901127324e-05
25.78 7.932392793901735e-05
25.79 7.909715519743817e-05
25.8 7.886815079735651e-05
25.810000000000002 7.863691472160308e-05
25.82 7.840344697297191e-05
25.830000000000002 7.816774754270283e-05
25.84 7.79392006242655e-05
25.85 7.772618459286757e-05
25.86 7.75138903800634e-05
25.87 7.730204107596641e-05
25.88 7.709063661948358e-05
25.89 7.687967705896585e-05
25.900000000000002 7.66691623632837e-05
25.91 7.645909256489553e-05
25.92 7.624946762767836e-05
25.93 7.604028758915103e-05
25.94 7.583155243636847e-05
25.95 7.562326215458542e-05
25.96 7.541541676738499e-05
25.97 7.520801624745502e-05
25.98 7.500106063757876e-05
25.990000000000002 7.47945499137047e-05
26.0 7.458848407207624e-05
26.01 7.438286313037141e-05
26.02 7.417776176332381e-05
26.03 7.39958847197248e-05
26.04 7.383538851057019e-05
26.05 7.367952509268725e-05
26.060000000000002 7.352829452543444e-05
26.07 7.338169677760379e-05
26.080000000000002 7.323973186064832e-05
26.09 7.310239978455621e-05
26.1 7.296970056107791e-05
26.11 7.284163419233267e-05
26.12 7.271820066525315e-05
26.13 7.259940002002677e-05
26.14 7.248523223604778e-05
26.150000000000002 7.237569731974868e-05
26.16 7.227079529239404e-05
26.17 7.217052615301238e-05
26.18 7.207488992043125e-05
26.19 7.198388654726865e-05
26.2 7.189751610852435e-05
26.21 7.181235293083767e-05
26.22 7.166451794685499e-05
26.23 7.148785332569337e-05
26.240000000000002 7.130605351746055e-05
26.25 7.111911852317238e-05
26.26 7.092704834722243e-05
26.27 7.072984295019117e-05
26.28 7.052750236799297e-05
26.29 7.032002658447647e-05
26.3 7.010741554524284e-05
26.310000000000002 6.988966933137314e-05
26.32 6.966678786522133e-05
26.330000000000002 6.943877117659309e-05
26.34 6.920561924842214e-05
26.35 6.896733207916643e-05
26.36 6.872390966090373e-05
26.37 6.847535199965535e-05
26.38 6.822165907697303e-05
26.39 6.79628308946543e-05
26.400000000000002 6.770858239178887e-05
26.41 6.75150200687543e-05
26.42 6.733586678289545e-05
26.43 6.716031964933664e-05
26.44 6.698837865327753e-05
26.45 6.68200438437234e-05
26.46 6.665531518614796e-05
26.47 6.649419269964706e-05
26.48 6.63366763661333e-05
26.490000000000002 6.618276622872634e-05
26.5 6.603246226010401e-05
26.51 6.588576448771362e-05
26.52 6.574267289242129e-05
26.53 6.560318747844473e-05
26.54 6.546730829695642e-05
26.55 6.533503528097005e-05
26.560000000000002 6.520636848171103e-05
26.57 6.508130788822378e-05
26.580000000000002 6.49598535136728e-05
26.59 6.483219203717996e-05
26.6 6.467694632179075e-05
26.61 6.451919221904412e-05
26.62 6.436079464231892e-05
26.63 6.420175352861531e-05
26.64 6.404206896335855e-05
26.650000000000002 6.388174087934761e-05
26.66 6.372076929345902e-05
26.67 6.355915419717348e-05
26.68 6.339689563642218e-05
26.69 6.323399354218362e-05
26.7 6.307044795802474e-05
26.71 6.290625887860655e-05
26.72 6.274142631255394e-05
26.73 6.257595021437003e-05
26.740000000000002 6.240983062975709e-05
26.75 6.224306755516438e-05
26.76 6.207566095813218e-05
26.77 6.190761087207625e-05
26.78 6.173203378603029e-05
26.79 6.154484326163299e-05
26.8 6.135519144157842e-05
26.810000000000002 6.116315499521603e-05
26.82 6.096873385528753e-05
26.830000000000002 6.07719280694985e-05
26.84 6.0572737602839865e-05
26.85 6.037116246923934e-05
26.86 6.016720266086883e-05
26.87 5.996085819599429e-05
26.88 5.975212903029501e-05
26.89 5.9541015211122954e-05
26.900000000000002 5.932751669586563e-05
26.91 5.911163351606772e-05
26.92 5.889336565163694e-05
26.93 5.8672713073629586e-05
26.94 5.8449675853154924e-05
26.95 5.8224253924780084e-05
26.96 5.799692162323715e-05
26.97 5.781310688049385e-05
26.98 5.766268329922523e-05
26.990000000000002 5.751769298705394e-05
27.0 5.7378135973261925e-05
27.01 5.7244012216894105e-05
27.02 5.711532177859163e-05
27.03 5.699206462989417e-05
27.04 5.6874240763411674e-05
27.05 5.6761850221747635e-05
27.060000000000002 5.6654892978653556e-05
27.07 5.655336905575008e-05
27.080000000000002 5.645727845000681e-05
27.09 5.6366621190443595e-05
27.1 5.6281397234288606e-05
27.11 5.620160663449819e-05
27.12 5.612724937223891e-05
27.13 5.605832545247722e-05
27.14 5.599483488030304e-05
27.150000000000002 5.5932596370509216e-05
27.16 5.5815992749442595e-05
27.17 5.567883176721872e-05
27.18 5.553871025043809e-05
27.19 5.539562816449786e-05
27.2 5.524958553437138e-05
27.21 5.510058235342455e-05
27.22 5.4948618594413625e-05
27.23 5.47936942789958e-05
27.240000000000002 5.463580940639394e-05
27.25 5.447496396278555e-05
27.26 5.4311157947509024e-05
27.27 5.4144391352302854e-05
27.28 5.3974664202444464e-05
27.29 5.380197646064609e-05
27.3 5.362632813806878e-05
27.310000000000002 5.344771925567631e-05
27.32 5.326614976563228e-05
27.330000000000002 5.308161971887768e-05
27.34 5.290146923151504e-05
27.35 5.275899414223368e-05
27.36 5.2624321086563624e-05
27.37 5.249206208894333e-05
27.38 5.236221710951046e-05
27.39 5.223478616710621e-05
27.400000000000002 5.210976928050299e-05
27.41 5.198716642633197e-05
27.42 5.186697762420673e-05
27.43 5.174920285976401e-05
27.44 5.163384214592063e-05
27.45 5.1520895494981256e-05
27.46 5.141036289077326e-05
27.47 5.1302244347954655e-05
27.48 5.119653984126441e-05
27.490000000000002 5.109324943608001e-05
27.5 5.099237305792613e-05
27.51 5.08939107557196e-05
27.52 5.0797862535473175e-05
27.53 5.0702153741476286e-05
27.54 5.060329910288515e-05
27.55 5.050584651416562e-05
27.560000000000002 5.0410031784912674e-05
27.57 5.031585490906915e-05
27.580000000000002 5.0223315872440485e-05
27.59 5.013241470863738e-05
27.6 5.00431513853559e-05
27.61 4.995552593936263e-05
27.62 4.986953835168637e-05
27.63 4.978518862764052e-05
27.64 4.970247674234382e-05
27.650000000000002 4.962140276246887e-05
27.66 4.954196660759813e-05
27.67 4.946416835509634e-05
27.68 4.938800795358359e-05
27.69 4.931348542261887e-05
27.7 4.9240600779239775e-05
27.71 4.916935398011171e-05
27.72 4.907540293896399e-05
27.73 4.895059451120726e-05
27.740000000000002 4.8821874815315646e-05
27.75 4.868929618154215e-05
27.76 4.855285866330902e-05
27.77 4.8412562219931394e-05
27.78 4.826840689469733e-05
27.79 4.812039261948472e-05
27.8 4.796851944303278e-05
27.810000000000002 4.781278733590479e-05
27.82 4.765319631771952e-05
27.830000000000002 4.7489746361868555e-05
27.84 4.732243748879593e-05
27.85 4.7151269680200286e-05
27.86 4.69762429416496e-05
27.87 4.679735726315204e-05
27.88 4.661461262556117e-05
27.89 4.642800909006415e-05
27.900000000000002 4.623850261836837e-05
27.91 4.609146635462592e-05
27.92 4.597150157391956e-05
27.93 4.58550846238668e-05
27.94 4.57422154578195e-05
27.95 4.563289411822008e-05
27.96 4.552712058474127e-05
27.97 4.5424894889952875e-05
27.98 4.532621699187959e-05
27.990000000000002 4.523108693138264e-05
28.0 4.513950469463393e-05
28.01 4.505147029425846e-05
28.02 4.496698369908004e-05
28.03 4.4886044977117005e-05
28.04 4.4808654058262535e-05
28.05 4.473481100891057e-05
28.060000000000002 4.466451577709319e-05
28.07 4.459776840431746e-05
28.080000000000002 4.4534568877564444e-05
28.09 4.447079653368413e-05
28.1 4.436573973997951e-05
28.11 4.424711239730731e-05
28.12 4.412589837927928e-05
28.13 4.4002097678265585e-05
28.14 4.387571031503138e-05
28.150000000000002 4.374673628362024e-05
28.16 4.36151755551903e-05
28.17 4.348102816040329e-05
28.18 4.3344294082648184e-05
28.19 4.32049733270521e-05
28.2 4.30630658778255e-05
28.21 4.2918571764101856e-05
28.22 4.277149092725358e-05
28.23 4.262182343262531e-05
28.240000000000002 4.2469569236609695e-05
28.25 4.231472835415926e-05
28.26 4.21573007838348e-05
28.27 4.199728650011562e-05
28.28 4.183969926768216e-05
28.29 4.170248423038699e-05
28.3 4.156814200879269e-05
28.310000000000002 4.143425767572401e-05
28.32 4.130083125564397e-05
28.330000000000002 4.116786274008919e-05
28.34 4.103535213031816e-05
28.35 4.090329942103225e-05
28.36 4.077170463191535e-05
28.37 4.0640567727806746e-05
28.38 4.050988874648426e-05
28.39 4.0379667666903455e-05
28.400000000000002 4.024990450958892e-05
28.41 4.012059924085454e-05
28.42 3.9991751896998145e-05
28.43 3.986336245607291e-05
28.44 3.973543092292954e-05
28.45 3.960795729847104e-05
28.46 3.948094160438726e-05
28.47 3.936312644197139e-05
28.48 3.926555827918415e-05
28.490000000000002 3.9171853456363735e-05
28.5 3.90814603491296e-05
28.51 3.899437892751878e-05
28.52 3.891060923337819e-05
28.53 3.8830151227671376e-05
28.54 3.875300492078075e-05
28.55 3.867917034127353e-05
28.560000000000002 3.8608647470039863e-05
28.57 3.8541436308065776e-05
28.580000000000002 3.8477536860254695e-05
28.59 3.841694912359735e-05
28.6 3.835967313012788e-05
28.61 3.830570883632928e-05
28.62 3.8255056273427066e-05
28.63 3.8207715445052345e-05
28.64 3.8163686348253365e-05
28.650000000000002 3.8122967660791683e-05
28.66 3.805587877648141e-05
28.67 3.795916904041758e-05
28.68 3.785975119263243e-05
28.69 3.775762521240242e-05
28.7 3.765279109495769e-05
28.71 3.7545248869467095e-05
28.72 3.743499849624184e-05
28.73 3.732203999191099e-05
28.740000000000002 3.720637336085493e-05
28.75 3.7087998590120464e-05
28.76 3.696691566970192e-05
28.77 3.684312463223627e-05
28.78 3.6716625446473576e-05
28.79 3.658741811092916e-05
28.8 3.645550264740873e-05
28.810000000000002 3.6320879023066214e-05
28.82 3.618354726124407e-05
28.830000000000002 3.604350735903361e-05
28.84 3.590218351078682e-05
28.85 3.580020048999115e-05
28.86 3.57197494040613e-05
28.87 3.5642971053664224e-05
28.88 3.5569865420947644e-05
28.89 3.550043250418576e-05
28.900000000000002 3.543467232446066e-05
28.91 3.537258487486427e-05
28.92 3.5314170165080656e-05
28.93 3.5259428174035184e-05
28.94 3.520835894362872e-05
28.95 3.516096243625627e-05
28.96 3.511723866903215e-05
28.97 3.5077187644828695e-05
28.98 3.504080937644198e-05
28.990000000000002 3.5008103851388603e-05
29.0 3.497907107808644e-05
29.01 3.49537110480564e-05
29.02 3.493202377907242e-05
29.03 3.490961731555796e-05
29.04 3.485338036577966e-05
29.05 3.4788177097433926e-05
29.060000000000002 3.47216075175539e-05
29.07 3.4653671613952523e-05
29.080000000000002 3.458436940056254e-05
29.09 3.4513700868691235e-05
29.1 3.444166605625681e-05
29.11 3.436826488819178e-05
29.12 3.4293497424347946e-05
29.13 3.421736366206601e-05
29.14 3.4139863549561156e-05
29.150000000000002 3.406099714156383e-05
29.16 3.3980764406703994e-05
29.17 3.389916536753438e-05
29.18 3.38161999993528e-05
29.19 3.37318683180499e-05
29.2 3.364617030639687e-05
29.21 3.3559105972829526e-05
29.22 3.347029121892774e-05
29.23 3.337864215075748e-05
29.240000000000002 3.3285310803898606e-05
29.25 3.3190416591716946e-05
29.26 3.309395953908524e-05
29.27 3.299593965777238e-05
29.28 3.2896356932964174e-05
29.29 3.2795211378821477e-05
29.3 3.269250295972536e-05
29.310000000000002 3.2588231720077676e-05
29.32 3.248239761641305e-05
29.330000000000002 3.237500069160655e-05
29.34 3.2266040913950266e-05
29.35 3.2155518296151216e-05
29.36 3.204343281113264e-05
29.37 3.192978451019543e-05
29.38 3.181457334738379e-05
29.39 3.1697799327631806e-05
29.400000000000002 3.157946247189318e-05
29.41 3.147431861554236e-05
29.42 3.139581064918817e-05
29.43 3.1320433779231046e-05
29.44 3.124773210310976e-05
29.45 3.117770561078147e-05
29.46 3.1110354335949225e-05
29.47 3.104567824774967e-05
29.48 3.0983677382239437e-05
29.490000000000002 3.0924351719546754e-05
29.5 3.0867701242608185e-05
29.51 3.0813725997639486e-05
29.52 3.0762425962001275e-05
29.53 3.071380112377279e-05
29.54 3.066785149682949e-05
29.55 3.062457710067072e-05
29.560000000000002 3.058397790362901e-05
29.57 3.0546053925128816e-05
29.580000000000002 3.051080517911343e-05
29.59 3.0478131073816225e-05
29.6 3.041449809508841e-05
29.61 3.0322329262060253e-05
29.62 3.0226622789557655e-05
29.63 3.0127378660178355e-05
29.64 3.002459687820742e-05
29.650000000000002 2.9918277429486994e-05
29.66 2.9808420333195005e-05
29.67 2.9695025581917054e-05
29.68 2.9578093159119552e-05
29.69 2.945762307822504e-05
29.7 2.933361534862226e-05
29.71 2.9206069929610596e-05
29.72 2.907498685538606e-05
29.73 2.89403661205367e-05
29.740000000000002 2.880220769183942e-05
29.75 2.8660511617692293e-05
29.76 2.8515277866863135e-05
29.77 2.836650642965687e-05
29.78 2.8216441256687377e-05
29.79 2.8107795956608933e-05
29.8 2.8018138055025685e-05
29.810000000000002 2.7931481108627818e-05
29.82 2.784782511250223e-05
29.830000000000002 2.7767170072902095e-05
29.84 2.768951598964419e-05
29.85 2.7614862856737412e-05
29.86 2.75432106830301e-05
29.87 2.7474559484903788e-05
29.88 2.7408909241334173e-05
29.89 2.734625994549114e-05
29.900000000000002 2.728661162941294e-05
29.91 2.7229964281112078e-05
29.92 2.7176317883107632e-05
29.93 2.7125672463087573e-05
29.94 2.7078028012608106e-05
29.95 2.703338453457318e-05
29.96 2.699174202799071e-05
29.97 2.69524107255244e-05
29.98 2.6911351542044397e-05
