0.0 0.050000000000000044
0.01 0.049799620913584725
0.02 0.049599977529937306
0.03 0.04940108954742989
0.04 0.04920295363249658
0.05 0.04900556712702578
0.06 0.048808927983360784
0.07 0.048613034157265034
0.08 0.048417883607920126
0.09 0.048223474277118594
0.1 0.0480298030561625
0.11 0.04783686696217171
0.12 0.04764466348890026
0.13 0.04745319013722088
0.14 0.047262444415106825
0.15 0.04707242383761612
0.16 0.0468831259268741
0.17 0.04669454821205754
0.18 0.046506688229376814
0.19 0.04631954351679493
0.2 0.046133111606911
0.21 0.04594739005172879
0.22 0.045762376411212224
0.23 0.04557806825230987
0.24 0.045394463148938274
0.25 0.04521155868196572
0.26 0.045029352439195286
0.27 0.04484784201534878
0.28 0.04466702501154807
0.29 0.044486899021501575
0.3 0.04430746165068289
0.31 0.0441287105172367
0.32 0.043950643246177964
0.33 0.04377325746937394
0.34 0.043596550825529476
0.35000000000000003 0.04342052096016996
0.36 0.04324516552562514
0.37 0.04307048218101342
0.38 0.042896468592225984
0.39 0.042723122431910135
0.4 0.042550441379453866
0.41000000000000003 0.04237842312096961
0.42 0.04220706534927869
0.43 0.04203636576389526
0.44 0.04186632207101053
0.45 0.04169693198325046
0.46 0.041528193196208305
0.47000000000000003 0.04136010341698315
0.48 0.04119266037409987
0.49 0.04102586180271549
0.5 0.04085970544460403
0.51 0.040694189048139914
0.52 0.04052931036828307
0.53 0.04036506716656324
0.54 0.04020145721106384
0.55 0.04003847827640755
0.56 0.03987612814373988
0.5700000000000001 0.039714404600714015
0.58 0.03955330544147598
0.59 0.03939282846664839
0.6 0.03923297148331584
0.61 0.03907373230500924
0.62 0.03891510875169078
0.63 0.03875709864200465
0.64 0.03859969979911819
0.65 0.038442910059495516
0.66 0.03828672726584359
0.67 0.03813114926709667
0.68 0.03797617391840391
0.6900000000000001 0.03782179908111495
0.7000000000000001 0.037668022622766584
0.71 0.037514842417069344
0.72 0.03736225634389359
0.73 0.03721026228925624
0.74 0.037058858145307516
0.75 0.0369080418103168
0.76 0.03675781118865998
0.77 0.036608164190805245
0.78 0.03645909873330068
0.79 0.03631061273875966
0.8 0.03616270413584888
0.81 0.03601537085927381
0.8200000000000001 0.03586861084976653
0.8300000000000001 0.035722422054071806
0.84 0.03557680242493377
0.85 0.03543174992108343
0.86 0.03528726250722482
0.87 0.035143338154021805
0.88 0.034999974841760914
0.89 0.034857170570662885
0.9 0.034714923333845515
0.91 0.03457323112849647
0.92 0.03443209195779534
0.93 0.03429150383089953
0.9400000000000001 0.034151464762930614
0.9500000000000001 0.03401197277496025
0.96 0.03387302589399563
0.97 0.033734622152966354
0.98 0.03359675959071004
0.99 0.03345943625195859
1.0 0.033322650187324374
1.01 0.0331863994532865
1.02 0.033050682112176724
1.03 0.03291549623216612
1.04 0.032780839887251015
1.05 0.03264671115723941
1.06 0.032513108127737264
1.07 0.03238002889013518
1.08 0.032247471541594366
1.09 0.03211543418503318
1.1 0.03198391492911372
1.11 0.03185291188822813
1.12 0.03172242318248532
1.1300000000000001 0.03159244693793459
1.1400000000000001 0.031462981299203205
1.1500000000000001 0.03133402441265573
1.16 0.031205574423488786
1.17 0.031077629482621688
1.18 0.030950187746681596
1.19 0.03082324737798986
1.2 0.030696806544548122
1.21 0.030570863420023422
1.22 0.03044541618373517
1.23 0.03032046302064087
1.24 0.03019600212132134
1.25 0.030072031681968286
1.26 0.02994854990436903
1.27 0.029825554995893705
1.28 0.029703045169480455
1.29 0.029581018643622586
1.3 0.029459473642353948
1.31 0.029338408395235785
1.32 0.029217821137342892
1.33 0.029097710109249608
1.34 0.028978073557016537
1.35 0.028858909732177168
1.36 0.028740216891723402
1.37 0.02862199329809255
1.3800000000000001 0.028504237219154085
1.3900000000000001 0.028386946934471066
1.4000000000000001 0.02827012074026969
1.41 0.028153756924083534
1.42 0.028037853778108454
1.43 0.02792240959998668
1.44 0.02780742269279346
1.45 0.0276928913650223
1.46 0.027578813930570947
1.47 0.027465188708726926
1.48 0.027352014024153812
1.49 0.027239288206876655
1.5 0.027127009592268145
1.51 0.02701517652103469
1.52 0.026903787339202137
1.53 0.026792840398101606
1.54 0.02668233405435598
1.55 0.026572266669866076
1.56 0.026462636611795917
1.57 0.026353442252559783
1.58 0.02624468196980788
1.59 0.02613635414641248
1.6 0.026028457170454808
1.61 0.02592098943521036
1.62 0.02581394933913589
1.6300000000000001 0.025707335285855504
1.6400000000000001 0.025601145684789994
1.6500000000000001 0.025495378959682374
1.6600000000000001 0.025390033534063883
1.67 0.02528510783363623
1.68 0.02518060028924718
1.69 0.0250765093368778
1.7 0.02497283341762732
1.71 0.024869570977700206
1.72 0.024766720468391498
1.73 0.02466428034607339
1.74 0.024562249072180728
1.75 0.024460625113198062
1.76 0.024359406940645353
1.77 0.024258593031064146
1.78 0.024158181866003853
1.79 0.02405817193200864
1.8 0.0239585617206029
1.81 0.02385934972827812
1.82 0.02376053445647923
1.83 0.023662114411590954
1.84 0.023564088104924635
1.85 0.023466454052703867
1.86 0.023369210776052016
1.87 0.02327235680097821
1.8800000000000001 0.02317589065836416
1.8900000000000001 0.02307981088395035
1.9000000000000001 0.022984116022281287
1.9100000000000001 0.0228888046255257
1.92 0.022793875245407366
1.93 0.022699326438481757
1.94 0.022605156766178802
1.95 0.022511364794791863
1.96 0.022417949095465448
1.97 0.02232490824418372
1.98 0.022232240821758745
1.99 0.02213994541381846
2.0 0.02204802061079525
2.0100000000000002 0.021956465007914344
2.02 0.021865277205181638
2.0300000000000002 0.02177445580737243
2.04 0.02168399942401944
2.05 0.02159390666940121
2.06 0.021504176162530655
2.07 0.021414806527142935
2.08 0.02132579639168411
2.09 0.021237144389299495
2.1 0.021148849157821753
2.11 0.02106090933975989
2.12 0.020973323582286582
2.13 0.0208860905372278
2.14 0.020799208861050078
2.15 0.02071267721484961
2.16 0.020626494264340642
2.17 0.02054065867984324
2.18 0.020455169136272766
2.19 0.020370024313127497
2.2 0.020285222894477067
2.21 0.020200763568951688
2.22 0.020116645029729888
2.23 0.020032865974527178
2.24 0.01994942510558466
2.25 0.019866321129657485
2.2600000000000002 0.019783552758003198
2.27 0.01970111870637073
2.2800000000000002 0.01961901769498818
2.29 0.01953724844807614
2.3000000000000003 0.019455809689531464
2.31 0.019374700150952023
2.32 0.019293918569652665
2.33 0.019213463687341045
2.34 0.01913333425010548
2.35 0.01905352900840382
2.36 0.018974046717050774
2.37 0.018894886135207595
2.38 0.018816046026368882
2.39 0.01873752515835167
2.4 0.018659322303283807
2.41 0.018581436237592022
2.42 0.018503865741990283
2.43 0.018426609601468566
2.44 0.01834966660528066
2.45 0.018273035546932728
2.46 0.018196715224172433
2.47 0.018120704438976495
2.48 0.018045001997539376
2.49 0.01796960671026214
2.5 0.01789451739174057
2.5100000000000002 0.017819732860753695
2.52 0.017745251940252546
2.5300000000000002 0.017671073457348627
2.54 0.017597196243302096
2.5500000000000003 0.01752361913351122
2.56 0.017450340967500047
2.57 0.017377360588907348
2.58 0.017304676845475764
2.59 0.01723228858903951
2.6 0.01716019467551383
2.61 0.017088393964883333
2.62 0.01701688532119071
2.63 0.016945667612525625
2.64 0.016874739711013276
2.65 0.016804100492802856
2.66 0.016733748838057297
2.67 0.016663683630941048
2.68 0.016593903759609438
2.69 0.016524408114335587
2.7 0.016455195587750063
2.71 0.016386265079390464
2.72 0.016317615492777965
2.73 0.016249245735351345
2.74 0.016181154718456103
2.75 0.01611334135733261
2.7600000000000002 0.01604580457110552
2.77 0.015978543282772192
2.7800000000000002 0.015911556419191494
2.79 0.015844842911073215
2.8000000000000003 0.015778401692965793
2.81 0.015712231703246635
2.82 0.015646331884109604
2.83 0.015580701181555329
2.84 0.015515338545378898
2.85 0.015450242929159766
2.86 0.015385413290250102
2.87 0.015320848589764291
2.88 0.015256547792567507
2.89 0.015192509867265419
2.9 0.01512873378619252
2.91 0.015065218525401755
2.92 0.015001963064652957
2.93 0.014938966387403205
2.94 0.014876227480794896
2.95 0.014813745335645084
2.96 0.014751518946435005
2.97 0.014689547311299275
2.98 0.01462782943201496
2.99 0.014566364313990735
3.0 0.01450515096625632
3.0100000000000002 0.014444188401452063
3.02 0.014383475635817489
3.0300000000000002 0.0143230116891815
3.04 0.014262795584951249
3.0500000000000003 0.014202826350101408
3.06 0.014143103015164124
3.0700000000000003 0.014083624614217916
3.08 0.014024390184559005
3.09 0.013965398763004719
3.1 0.013906649392444709
3.11 0.013848141120508667
3.12 0.013789872998302241
3.13 0.013731844080395947
3.14 0.013674053424815216
3.15 0.01361650009302924
3.16 0.013559183149940743
3.17 0.013502101663875207
3.18 0.013445254706570833
3.19 0.013388641353167502
3.2 0.013332260682196811
3.21 0.013276111775571198
3.22 0.013220193718574288
3.23 0.013164505599849191
3.24 0.013109046511389708
3.25 0.013053815548528871
3.2600000000000002 0.012998811809929012
3.27 0.012944034397571677
3.2800000000000002 0.012889482416746964
3.29 0.012835154976043567
3.3000000000000003 0.012781051187338521
3.31 0.012727170165786922
3.3200000000000003 0.012673511029811735
3.33 0.012620072901093626
3.34 0.012566854904561262
3.35 0.012513856168380605
3.36 0.012461075823944873
3.37 0.012408513005865277
3.38 0.012356166851960018
3.39 0.01230403650324477
3.4 0.01225212110392239
3.41 0.012200419801373569
3.42 0.012148931746146174
3.43 0.012097656091945672
3.44 0.01204659199562548
3.45 0.011995738617176302
3.46 0.011945095119717059
3.47 0.011894660669485052
3.48 0.01184443443509979
3.49 0.01179441558746333
3.5 0.011744603301875003
3.5100000000000002 0.011694996756744278
3.52 0.01164559513354324
3.5300000000000002 0.011596397616796608
3.54 0.011547403394071898
3.5500000000000003 0.011498611655970187
3.56 0.01145002159611598
3.5700000000000003 0.011401632411147417
3.58 0.01135344330070752
3.59 0.01130545346743364
3.6 0.011257662116948161
3.61 0.011210068457848915
3.62 0.01116267170170028
3.63 0.011115471063022422
3.64 0.011068465759282858
3.65 0.011021655010886408
3.66 0.01097503804116634
3.67 0.010928614076373924
3.68 0.010882382345670072
3.69 0.01083634208111564
3.7 0.010790492517661648
3.71 0.010744832893140543
3.72 0.010699362448256436
3.73 0.010654080426576049
3.74 0.010608986074519544
3.75 0.010564078641350796
3.7600000000000002 0.01051935737916905
3.77 0.010474821542898707
3.7800000000000002 0.010430470390280881
3.79 0.010386303181864065
3.8000000000000003 0.01034231918099461
3.81 0.010298517653808473
3.8200000000000003 0.010254897869221104
3.83 0.010211459098919337
3.84 0.010168200617351554
3.85 0.010125121701719302
3.86 0.010082221631967911
3.87 0.01003949969058266
3.88 0.00999695515962034
3.89 0.009954587325682267
3.9 0.009912395479180547
3.91 0.009870378913212338
3.92 0.009828536923550527
3.93 0.009786868808635066
3.94 0.009745373869563922
3.95 0.009704051410084007
3.96 0.009662900736582596
3.97 0.009621921158078167
3.98 0.009581111986211775
3.99 0.009540472535238244
4.0 0.009500002122017168
4.01 0.009459700066004516
4.0200000000000005 0.009419565689243396
4.03 0.009379598316355806
4.04 0.009339797274533886
4.05 0.0093001618935308
4.0600000000000005 0.009260691505652584
4.07 0.009221385445749464
4.08 0.009182243051206955
4.09 0.009143263661937857
4.1 0.009104446620372984
4.11 0.009065791271453176
4.12 0.009027296962620772
4.13 0.008988963043810659
4.14 0.008950788867442612
4.15 0.008912773788412223
4.16 0.008874917164082723
4.17 0.008837218354276338
4.18 0.008799676721266816
4.19 0.008762291629769693
4.2 0.008725062446935383
4.21 0.008687988542340083
4.22 0.008651069287977292
4.23 0.008614304058250678
4.24 0.00857769222996449
4.25 0.00854123318231656
4.26 0.00850492629688937
4.2700000000000005 0.008468770957642119
4.28 0.008432766550902512
4.29 0.008396912465359209
4.3 0.008361208092052895
4.3100000000000005 0.008325652824368777
4.32 0.008290246058028493
4.33 0.008254987191081836
4.34 0.008219875623899232
4.3500000000000005 0.008184910759163236
4.36 0.008150092001861162
4.37 0.008115418759276516
4.38 0.008080890440981599
4.39 0.00804650645882965
4.4 0.00801226622694648
4.41 0.007978169161723274
4.42 0.007944214681808524
4.43 0.007910402208099972
4.44 0.007876731163737112
4.45 0.007843200974093759
4.46 0.007809811066769652
4.47 0.00777656087159697
4.48 0.007743449820651449
4.49 0.007710477348173109
4.5 0.0076776428905940206
4.51 0.007644945886534728
4.5200000000000005 0.007612385776795967
4.53 0.007579962004351716
4.54 0.007547674014341102
4.55 0.0075155212540614635
4.5600000000000005 0.007483503172960329
4.57 0.007451619222628346
4.58 0.007419868856791419
4.59 0.0073882515313036246
4.6000000000000005 0.007356766704139532
4.61 0.0073254138353871165
4.62 0.007294192387240203
4.63 0.0072631018239909945
4.64 0.007232141612022951
4.65 0.007201311219803441
4.66 0.007170610117876307
4.67 0.007140037778854975
4.68 0.007109593677414691
4.69 0.007079277290285679
4.7 0.007049088096245791
4.71 0.007019025576113461
4.72 0.006989089212740378
4.73 0.00695927849100416
4.74 0.006929592897802005
4.75 0.0069000319220427
4.76 0.006870595054639966
4.7700000000000005 0.006841281788505529
4.78 0.006812091618541766
4.79 0.006783024041634729
4.8 0.006754078556647579
4.8100000000000005 0.006725254664412997
4.82 0.0066965518677266495
4.83 0.006667969671340111
4.84 0.006639507581954106
4.8500000000000005 0.00661116510821113
4.86 0.006582941760689402
4.87 0.006554837051895093
4.88 0.00652685049625612
4.89 0.006498981610115313
4.9 0.006471229911723199
4.91 0.0064435949212316435
4.92 0.006416076160686929
4.93 0.006388673154023028
4.94 0.006361385427054986
4.95 0.006334212507471841
4.96 0.006307153924830708
4.97 0.006280209210549378
4.98 0.006253377897900113
4.99 0.006226659522002846
5.0 0.006200053619818603
5.01 0.006173559730143073
5.0200000000000005 0.006147177393599872
5.03 0.006120906152634144
5.04 0.00609474555150602
5.05 0.006068695136283921
5.0600000000000005 0.006042754454830317
5.07 0.0060169230507951255
5.08 0.005991200470013391
5.09 0.005965586265078246
5.1000000000000005 0.005940079990344398
5.11 0.005914681201922407
5.12 0.005889389457671659
5.13 0.005864204317194172
5.14 0.005839125341828649
5.15 0.005814152094643171
5.16 0.0057892841404300135
5.17 0.005764521045698315
5.18 0.005739862378668602
5.19 0.005715307709266017
5.2 0.00569085660911408
5.21 0.0056665086515288315
5.22 0.005642263411512312
5.23 0.0056181204657464595
5.24 0.005594079392586951
5.25 0.005570139772057024
5.26 0.005546301185841457
5.2700000000000005 0.005522563217280299
5.28 0.005498925451362893
5.29 0.00547538747472176
5.3 0.005451948875626826
5.3100000000000005 0.005428609243978692
5.32 0.005405368171303493
5.33 0.005382225250746282
5.34 0.005359180077065373
5.3500000000000005 0.005336232246626292
5.36 0.005313381357395869
5.37 0.005290627008936337
5.38 0.005267968802399374
5.39 0.005245406340520384
5.4 0.005222939227612439
5.41 0.0052005670695604855
5.42 0.005178289473815996
5.43 0.005156106049390374
5.44 0.005134016406849781
5.45 0.005112020158309055
5.46 0.005090116917426259
5.47 0.005068306299396856
5.48 0.005046587920947761
5.49 0.005024961400332137
5.5 0.005003426357323364
5.51 0.0049819824132092475
5.5200000000000005 0.004960629190787033
5.53 0.004939366314357332
5.54 0.0049181934097184896
5.55 0.004897110104161058
5.5600000000000005 0.004876116026462797
5.57 0.00485521080688215
5.58 0.004834394077153775
5.59 0.004813665470482169
5.6000000000000005 0.004793024621536482
5.61 0.0047724711664457395
5.62 0.004752004742792151
5.63 0.004731624989606699
5.64 0.004711331547363327
5.65 0.004691124057973589
5.66 0.004671002164892635
5.67 0.0046509655138911934
5.68 0.004631013751458281
5.69 0.0046111465252777
5.7 0.004591363484445485
5.71 0.004571664279465246
5.72 0.004552048562242443
5.73 0.00453251598607915
5.74 0.004513066205669512
5.75 0.004493698877093465
5.76 0.004474413657812322
5.7700000000000005 0.004455210206663611
5.78 0.004436088183855311
5.79 0.004417047250961564
5.8 0.004398087070916615
5.8100000000000005 0.004379207308010502
5.82 0.0043604076278836446
5.83 0.004341687697521579
5.84 0.004323047185250395
5.8500000000000005 0.004304485760731357
5.86 0.004286003094955929
5.87 0.004267598860240723
5.88 0.0042492727302227
5.89 0.004231024379854176
5.9 0.004212853485397551
5.91 0.004194759724420939
5.92 0.004176742775792594
5.93 0.004158802319676684
5.94 0.004140938037527762
5.95 0.00412314961208652
5.96 0.0041054367273744355
5.97 0.00408779906868896
5.98 0.00407023632259923
5.99 0.004052748176940603
6.0 0.0040353343208103035
6.01 0.004017994444562502
6.0200000000000005 0.004000728239803603
6.03 0.003983535399387374
6.04 0.003966415617410388
6.05 0.003949368589207268
6.0600000000000005 0.0039323940113458605
6.07 0.0039154915816229235
6.08 0.003898660999058945
6.09 0.003881901963893958
6.1000000000000005 0.0038652141775825655
6.11 0.0038485973427898196
6.12 0.0038320511633858703
6.13 0.003815575344442171
6.140000000000001 0.003799169592226481
6.15 0.0037828336141980876
6.16 0.003766567119003944
6.17 0.00375036981647367
6.18 0.003734241417615053
6.19 0.003718181634609838
6.2 0.003702190180808848
6.21 0.003686266770728114
6.22 0.0036704111200436262
6.23 0.003654622945587674
6.24 0.0036389019653439714
6.25 0.0036232478984436906
6.26 0.003607660464929753
6.2700000000000005 0.003592139385692472
6.28 0.0035766843832190087
6.29 0.0035612951811427596
6.3 0.003545971504221368
6.3100000000000005 0.0035307130783329838
6.32 0.0035155196304711978
6.33 0.003500390888741635
6.34 0.003485326582357118
6.3500000000000005 0.003470326441633566
6.36 0.0034553901979859844
6.37 0.003440517583923594
6.38 0.0034257083330465135
6.390000000000001 0.003410962180040847
6.4 0.003396278860674895
6.41 0.003381658111794708
6.42 0.0033670996713201923
6.43 0.0033526032782411133
6.44 0.003338168672612156
6.45 0.0033237955955499054
6.46 0.00330948378922815
6.47 0.003295232996873676
6.48 0.003281042962762805
6.49 0.003266913432216481
6.5 0.003252844151597184
6.51 0.003238834868304105
6.5200000000000005 0.0032248853307697348
6.53 0.0032109952884553303
6.54 0.003197164491847544
6.55 0.003183392692453789
6.5600000000000005 0.00316967964279892
6.57 0.0031560250964208503
6.58 0.003142428807866811
6.59 0.00312889053268936
6.6000000000000005 0.0031154100274426236
6.61 0.0031019870496781857
6.62 0.0030886213579413777
6.63 0.0030753127117676693
6.640000000000001 0.003062060871678138
6.65 0.0030488655991763383
6.66 0.003035726656744092
6.67 0.0030226438078377327
6.68 0.0030096168168846082
6.69 0.002996645449278683
6.7 0.0029837294713775733
6.71 0.0029708686504982956
6.72 0.0029580627549133168
6.73 0.002945311553847474
6.74 0.00293261481747379
6.75 0.002919972316909991
6.76 0.0029073838242145364
6.7700000000000005 0.0028948491123835587
6.78 0.0028823679553463405
6.79 0.002869940127962413
6.8 0.0028575654060176425
6.8100000000000005 0.0028452435662203943
6.82 0.0028329743861984155
6.83 0.00282075764449477
6.84 0.002808593120564598
6.8500000000000005 0.0027964805947308866
6.86 0.002784419846183349
6.87 0.0027724106557926592
6.88 0.002760452806442451
6.890000000000001 0.0027485460819068885
6.9 0.0027366902668471277
6.91 0.00272488514680741
6.92 0.002713130508212057
6.93 0.0027014261383616553
6.94 0.0026897718254295447
6.95 0.0026781673584587856
6.96 0.0026666125273583433
6.97 0.002655107122899805
6.98 0.002643650936713718
6.99 0.0026322437612868177
7.0 0.0026208853899577778
7.01 0.002609575616914682
7.0200000000000005 0.0025983142371908755
7.03 0.0025871010466623767
7.04 0.0025759358420437903
7.05 0.0025648184208855868
7.0600000000000005 0.0025537485815704183
7.07 0.002542726123310128
7.08 0.0025317508461420515
7.09 0.002520822550926158
7.1000000000000005 0.0025099410393414102
7.11 0.002499106113882779
7.12 0.002488317577857894
7.13 0.0024775752353840066
7.140000000000001 0.0024668788913842533
7.15 0.0024562283515850367
7.16 0.002445623422512519
7.17 0.0024350639114895205
7.18 0.002424549626632501
7.19 0.00241408037684775
7.2 0.002403655971829413
7.21 0.0023932762220549957
7.22 0.0023829409387834642
7.23 0.0023726499340512124
7.24 0.002362403020669663
7.25 0.002352200012221372
7.26 0.0023420407230579157
7.2700000000000005 0.002331924968296102
7.28 0.0023218525638151327
7.29 0.00231182332625373
7.3 0.0023018370730067267
7.3100000000000005 0.0022918936222225336
7.32 0.0022819927927997877
7.33 0.002272134404384278
7.34 0.002262318277366157
7.3500000000000005 0.0022525442328772127
7.36 0.002242812092787143
7.37 0.0022331216797015947
7.38 0.0022234728169583037
7.390000000000001 0.0022138653286247513
7.4 0.0022042990394949696
7.41 0.002194773775086818
7.42 0.0021852893616388473
7.43 0.0021758456261076614
7.44 0.0021664423961649734
7.45 0.0021570795003818116
7.46 0.00214775676887247
7.47 0.0021384740316533583
7.48 0.002129231119303219
7.49 0.002120027863103474
7.5 0.0021108640950349214
7.51 0.002101739647775245
7.5200000000000005 0.002092654354696355
7.53 0.0020836080498611506
7.54 0.0020746005680210046
7.55 0.0020656317446132028
7.5600000000000005 0.0020567014157578875
7.57 0.0020478094182554453
7.58 0.0020389555895837692
7.59 0.0020301397678956605
7.6000000000000005 0.0020213617920159348
7.61 0.0020126215014386467
7.62 0.00200391873632488
7.63 0.0019952533374996036
7.640000000000001 0.0019866251464490184
7.65 0.001978034005318284
7.66 0.0019694797569084453
7.67 0.001960962244674125
7.68 0.0019524813127205706
7.69 0.0019440368058013975
7.7 0.001935628569315808
7.71 0.0019272564493057719
7.72 0.001918920292453944
7.73 0.0019106199460806467
7.74 0.0019023552581414784
7.75 0.0018941260772245491
7.76 0.0018859322525485826
7.7700000000000005 0.0018777736339595681
7.78 0.001869650071928547
7.79 0.0018615614175493608
7.8 0.001853507522535769
7.8100000000000005 0.0018454882392189217
7.82 0.0018375034205452938
7.83 0.0018295529200738556
7.84 0.0018216365919736348
7.8500000000000005 0.0018137542910212044
7.86 0.0018059058725985629
7.87 0.0017980911926903514
7.88 0.0017903101078813495
7.890000000000001 0.0017825624753545523
7.9 0.0017748481528880485
7.91 0.0017671669988532576
7.92 0.0017595188722119848
7.930000000000001 0.001751903632514703
7.94 0.001744321139897323
7.95 0.0017367712550795701
7.96 0.0017292538393622638
7.97 0.0017217687546248438
7.98 0.001714315863323379
7.99 0.0017068950284879827
8.0 0.0016995061137205884
8.01 0.0016921489831925457
8.02 0.001684823501642365
8.03 0.0016775295343734592
8.040000000000001 0.0016702669472517633
8.05 0.0016630356067259232
8.06 0.0016558353798142057
8.07 0.0016486661340598292
8.08 0.0016415277375594235
8.09 0.001634420058960851
8.1 0.001627342967460945
8.11 0.0016202963328035558
8.120000000000001 0.001613280025276942
8.13 0.0016062939157117893
8.14 0.0015993378754790184
8.15 0.0015924117764874943
8.16 0.0015855154911820074
8.17 0.0015786488925405295
8.18 0.0015718118540730686
8.19 0.0015650042498184143
8.2 0.0015582259543427956
8.21 0.0015514768427371262
8.22 0.0015447567906152794
8.23 0.001538065674111938
8.24 0.0015314033698800855
8.25 0.0015247697550894793
8.26 0.0015181647074238303
8.27 0.0015115881050795643
8.28 0.001505039826762842
8.290000000000001 0.001498519751688139
8.3 0.0014920277595759507
8.31 0.0014855637306503654
8.32 0.0014791275456378684
8.33 0.001472719085764261
8.34 0.0014663382327535779
8.35 0.0014599848688250754
8.36 0.001453658876692101
8.370000000000001 0.0014473601395597266
8.38 0.001441088541122442
8.39 0.0014348439655624927
8.4 0.0014286262975479538
8.41 0.0014224354222304725
8.42 0.0014162712252433346
8.43 0.0014101335926996993
8.44 0.0014040224111903157
8.45 0.001397937567782094
8.46 0.0013918789500152531
8.47 0.001385846445902398
8.48 0.0013798399439259763
8.49 0.0013738593330363327
8.5 0.0013679045026501364
8.51 0.001361975342648137
8.52 0.0013560717433734604
8.53 0.001350193595629677
8.540000000000001 0.0013443407906787858
8.55 0.001338513220239361
8.56 0.0013327107764850056
8.57 0.0013269333520417974
8.58 0.0013211808399872967
8.59 0.0013154531338479027
8.6 0.0013097501275974345
8.61 0.0013040717156551467
8.620000000000001 0.0012984177928840983
8.63 0.0012927882545889745
8.64 0.0012871829965557038
8.65 0.001281601915728233
8.66 0.0012760449090565562
8.67 0.0012705118736552924
8.68 0.001265002707072825
8.69 0.0012595173072898862
8.700000000000001 0.0012540555727176932
8.71 0.0012486174021963982
8.72 0.001243202694992767
8.73 0.0012378113507990687
8.74 0.0012324432697310046
8.75 0.0012270983523259213
8.76 0.0012217764995411315
8.77 0.0012164776127524465
8.78 0.00121120159375206
8.790000000000001 0.0012059483447469342
8.8 0.001200717768357451
8.81 0.0011955097676151702
8.82 0.0011903242459613897
8.83 0.0011851611072455498
8.84 0.0011800202557235295
8.85 0.0011749015960558357
8.86 0.0011698050333058749
8.870000000000001 0.0011647304729386632
8.88 0.0011596778208186088
8.89 0.0011546469832085932
8.9 0.0011496378667676145
8.91 0.001144650378549536
8.92 0.0011396844260013993
8.93 0.0011347399169617071
8.94 0.0011298167596589838
8.950000000000001 0.0011249148627100018
8.96 0.0011200341351181586
8.97 0.0011151744862721302
8.98 0.0011103358259439457
8.99 0.0011055180642875508
9.0 0.0011007211118374167
9.01 0.0010959448795064934
9.02 0.0010911892785853208
9.03 0.0010864542207396216
9.040000000000001 0.0010817396180094856
9.05 0.0010770453828074789
9.06 0.001072371427917173
9.07 0.0010677176664916563
9.08 0.0010630840120517508
9.09 0.0010584703784849332
9.1 0.0010538766800431663
9.11 0.0010493028313422435
9.120000000000001 0.0010447487473595161
9.13 0.0010402143434326515
9.14 0.0010356995352585156
9.15 0.0010312042388908906
9.16 0.0010267283707397594
9.17 0.0010222718475694226
9.18 0.0010178345864970025
9.19 0.001013416504991413
9.200000000000001 0.0010090175208711388
9.21 0.0010046375523034973
9.22 0.001000276517802788
9.23 0.0009959343362290277
9.24 0.0009916109265507705
9.25 0.0009873062074798183
9.26 0.0009830200987765297
9.27 0.0009787525206059987
9.28 0.0009745033934703551
9.290000000000001 0.0009702726382078974
9.3 0.0009660601759909869
9.31 0.000961865928324989
9.32 0.0009576898170469486
9.33 0.0009535317643240906
9.34 0.0009493916926523668
9.35 0.0009452695248553383
9.36 0.0009411651840825694
9.370000000000001 0.0009370785938080176
9.38 0.0009330096778294474
9.39 0.0009289583602661994
9.4 0.0009249245655584791
9.41 0.0009209082184655284
9.42 0.0009169092440647272
9.43 0.0009129275677499139
9.44 0.0009089631152302546
9.450000000000001 0.0009050158125288414
9.46 0.0009010855859812872
9.47 0.0008971723622346744
9.48 0.0008932760682459177
9.49 0.0008893966312807193
9.5 0.000885533978912046
9.51 0.0008816880390192031
9.52 0.0008778587397861165
9.53 0.0008740460097001329
9.540000000000001 0.000870249777551145
9.55 0.0008664699724296836
9.56 0.0008627065237263379
9.57 0.0008589593611298928
9.58 0.0008552284146264889
9.59 0.0008515136144979785
9.6 0.000847814891321165
9.61 0.0008441321759660274
9.620000000000001 0.0008404653995949876
9.63 0.0008368144936614468
9.64 0.0008331793899083485
9.65 0.0008295600203674092
9.66 0.0008259563173574416
9.67 0.0008223682134836374
9.68 0.0008187956416358597
9.69 0.0008152385349876889
9.700000000000001 0.0008116968269952229
9.71 0.0008081704513960251
9.72 0.0008046593422075705
9.73 0.0008011634337264546
9.74 0.000797682660526846
9.75 0.000794216957459723
9.76 0.0007907662596512745
9.77 0.0007873305025019386
9.78 0.0007839096216855253
9.790000000000001 0.0007805035531475782
9.8 0.0007771122331044211
9.81 0.000773735598042051
9.82 0.0007703735847151977
9.83 0.000767026130145794
9.84 0.0007636931716218306
9.85 0.0007603746466968465
9.86 0.0007570704931879474
9.870000000000001 0.0007537806491756151
9.88 0.0007505050530016537
9.89 0.0007472436432686934
9.9 0.0007439963588391427
9.91 0.0007407631388335889
9.92 0.0007375439226301843
9.93 0.000734338649863206
9.94 0.0007311472604223657
9.950000000000001 0.0007279696944512658
9.96 0.0007248058923466395
9.97 0.0007216557947574143
9.98 0.0007185193425829906
9.99 0.0007153964769730375
10.0 0.0007122871393257756
10.01 0.0007091912712872649
10.02 0.0007061088147502226
10.03 0.0007030397118529784
10.040000000000001 0.0006999839049784441
10.05 0.000696941336753399
10.06 0.0006939119500466578
10.07 0.0006908956879689669
10.08 0.0006878924938713525
10.09 0.0006849023113443577
10.1 0.0006819250842171019
10.11 0.0006789607565558242
10.120000000000001 0.0006760092726634734
10.13 0.0006730705770783448
10.14 0.0006701446145732266
10.15 0.0006672313301543109
10.16 0.0006643306690602042
10.17 0.000661442576761026
10.18 0.0006585669989572773
10.19 0.0006557038815791782
10.200000000000001 0.000652853170785294
10.21 0.0006500148129617994
10.22 0.0006471887547215179
10.23 0.00064437494290287
10.24 0.0006415733251615222
10.25 0.0006387838515811116
10.26 0.0006360064701421107
10.27 0.0006332411287082729
10.28 0.0006304877753659198
10.290000000000001 0.0006277463584231022
10.3 0.0006250168264088658
10.31 0.000622299128071907
10.32 0.0006195932123800232
10.33 0.000616899028518891
10.34 0.0006142165258912532
10.35 0.0006115456541163876
10.36 0.0006088863630284002
10.370000000000001 0.0006062386026760031
10.38 0.0006036023233211719
10.39 0.0006009774754387395
10.4 0.0005983640097149759
10.41 0.000595761877046852
10.42 0.000593171028541473
10.43 0.0005905914155146328
10.44 0.0005880229894904068
10.450000000000001 0.0005854657021999617
10.46 0.0005829195055809498
10.47 0.0005803843517763873
10.48 0.0005778601931338539
10.49 0.0005753469822048895
10.5 0.0005728446717435994
10.51 0.0005703532147063577
10.52 0.000567872564250553
10.53 0.0005654026737337784
10.540000000000001 0.0005629434967133386
10.55 0.0005604949869450482
10.56 0.000558057098382362
10.57 0.0005556297851757649
10.58 0.000553213001671847
10.59 0.0005508067024125075
10.6 0.0005484108421339416
10.61 0.0005460253757661754
10.620000000000001 0.0005436502584316889
10.63 0.0005412854454452994
10.64 0.0005389308923126664
10.65 0.000536586554729936
10.66 0.0005342523885829582
10.67 0.0005319283499458944
10.68 0.0005296143950813525
10.69 0.0005273104804385826
10.700000000000001 0.0005250165626535068
10.71 0.0005227325985474353
10.72 0.0005204585451264697
10.73 0.0005181943595806739
10.74 0.0005159399992833488
10.75 0.0005136954217901547
10.76 0.0005114605848383826
10.77 0.0005092354463462085
10.78 0.0005070199644117857
10.790000000000001 0.000504814097312848
10.8 0.0005026178035054778
10.81 0.0005004310416235266
10.82 0.0004982537704781541
10.83 0.0004960859490564379
10.84 0.0004939275365212301
10.85 0.0004917784922102483
10.86 0.000489638775634911
10.870000000000001 0.00048750834648046866
10.88 0.0004853871646042073
10.89 0.00048327519003552553
10.9 0.00048117238297486903
10.91 0.0004790787037931288
10.92 0.00047699411303062447
10.93 0.00047491857139678705
10.94 0.0004728520397691959
10.950000000000001 0.0004707944791928539
10.96 0.0004687458508796649
10.97 0.000466706116207331
10.98 0.00046467523671916804
10.99 0.00046265317412298897
11.0 0.0004606398902906386
11.01 0.0004586353472570866
11.02 0.0004566395072198078
11.03 0.00045465233253832137
11.040000000000001 0.00045267378573311465
11.05 0.0004507038294851457
11.06 0.0004487424266353332
11.07 0.00044678954018346345
11.08 0.00044484513328792337
11.09 0.0004429091692645746
11.1 0.000440981611586691
11.11 0.0004390624238836422
11.120000000000001 0.0004371515699407389
11.13 0.000435249013698109
11.14 0.00043335471925059
11.15 0.0004314686508463481
11.16 0.00042959077288702574
11.17 0.0004277210499264248
11.18 0.0004258594466701876
11.19 0.00042400592797500573
11.200000000000001 0.00042216045884828357
11.21 0.00042032300444699855
11.22 0.0004184935300772189
11.23 0.00041667200119391117
11.24 0.00041485838353162025
11.25 0.00041305264369999664
11.26 0.00041125474778031836
11.27 0.000409464661851152
11.28 0.00040768235213657113
11.290000000000001 0.0004059077850061092
11.3 0.0004041409269735334
11.31 0.00040238174469670214
11.32 0.00040063020497671346
11.33 0.00039888627475733775
11.34 0.0003971499211244435
11.35 0.0003954211113052931
11.36 0.000393699812668024
11.370000000000001 0.00039198599272115796
11.38 0.0003902796191127527
11.39 0.00038858065962982767
11.4 0.00038688908219795294
11.41 0.00038520485488058136
11.42 0.0003835279458783616
11.43 0.00038185832352880325
11.44 0.00038019595630514776
11.450000000000001 0.0003785408128164046
11.46 0.0003768928618065673
11.47 0.0003752520721537339
11.48 0.000373618412869944
11.49 0.0003719918531004743
11.5 0.00037037236212314646
11.51 0.0003687599093476594
11.52 0.0003671544643154504
11.53 0.0003655559966988797
11.540000000000001 0.00036396447630034426
11.55 0.00036237987305246314
11.56 0.00036080215701684085
11.57 0.00035923129838376887
11.58 0.0003576672674718076
11.59 0.00035611003472684095
11.6 0.000354559570722026
11.61 0.00035301584615699336
11.620000000000001 0.00035147883185712714
11.63 0.0003499484987732511
11.64 0.00034842481798128856
11.65 0.0003469077606810724
11.66 0.00034539729819662267
11.67 0.0003438934019749894
11.68 0.00034239604358583114
11.69 0.00034090519472130057
11.700000000000001 0.00033942082719501734
11.71 0.0003379429129416016
11.72 0.00033647142401669293
11.73 0.00033500633259568244
11.74 0.00033354761097358944
11.75 0.0003320952315647649
11.76 0.0003306491669016788
11.77 0.0003292093896351822
11.78 0.0003277758725334541
11.790000000000001 0.0003263485884818715
11.8 0.00032492751048217305
11.81 0.0003235126116522512
11.82 0.00032210386522520985
11.83 0.0003207012445496753
11.84 0.0003193047230883421
11.85 0.00031791427441810877
11.86 0.0003165298722294235
11.870000000000001 0.0003151514903257935
11.88 0.0003137791026231653
11.89 0.0003124126831496304
11.9 0.0003110522060447672
11.91 0.0003096976455595566
11.92 0.00030834897605512904
11.93 0.0003070061720032123
11.94 0.0003056692079849259
11.950000000000001 0.0003043380586906664
11.96 0.0003030126989195681
11.97 0.0003016931035789566
11.98 0.00030037924768403466
11.99 0.00029907110635708084
12.0 0.00029776865482764037
12.01 0.0002964718684313229
12.02 0.0002951807226098304
12.030000000000001 0.0002938951929101277
12.040000000000001 0.000292615254984422
12.05 0.0002913408845894982
12.06 0.00029007205758600427
12.07 0.00028880874993851037
12.08 0.00028755093771461876
12.09 0.0002862985970847314
12.1 0.0002850517043215973
12.11 0.00028381023580002253
12.120000000000001 0.0002825741679958159
12.13 0.0002813434774862726
12.14 0.0002801181409488023
12.15 0.00027889813516114755
12.16 0.0002776834370009189
12.17 0.0002764740234445645
12.18 0.00027526987156779176
12.19 0.00027407095854435973
12.200000000000001 0.00027287726164626665
12.21 0.00027168875824291894
12.22 0.00027050542580070273
12.23 0.00026932724188313134
12.24 0.00026815418416085805
12.25 0.00026698623049670883
12.26 0.00026582335877138943
12.27 0.00026466554693504833
12.280000000000001 0.00026351277303284654
12.290000000000001 0.00026236501520384044
12.3 0.00026122225168107895
12.31 0.0002600844607911334
12.32 0.00025895162095349207
12.33 0.0002578237106803036
12.34 0.00025670070857608876
12.35 0.00025558259333691505
12.36 0.0002544693437505404
12.370000000000001 0.00025336093869559977
12.38 0.0002522573571416085
12.39 0.00025115857814800996
12.4 0.0002500645808642711
12.41 0.0002489753445294382
12.42 0.0002478908484713927
12.43 0.00024681107210676283
12.44 0.000245735994940776
12.450000000000001 0.00024466559656623546
12.46 0.00024359985666350809
12.47 0.0002425387550003856
12.48 0.0002414822714312658
12.49 0.0002404303858969236
12.5 0.00023938307842413797
12.51 0.00023834032912558624
12.52 0.00023730211819892807
12.530000000000001 0.0002362684259269148
12.540000000000001 0.0002352392326768326
12.55 0.00023421451890009472
12.56 0.00023319426513196753
12.57 0.00023217845199113678
12.58 0.00023116706017942135
12.59 0.00023016007048130144
12.6 0.0002291574637637208
12.61 0.00022815922097541713
12.620000000000001 0.00022716532314705218
12.63 0.00022617575139051785
12.64 0.0002251904868984054
12.65 0.00022420951094423783
12.66 0.00022323280488160437
12.67 0.0002222603501438672
12.68 0.00022129212824434363
12.69 0.00022032812077505196
12.700000000000001 0.00021936830940715024
12.71 0.0002184126758903171
12.72 0.00021746120205233532
12.73 0.00021651386979869292
12.74 0.00021557066111270277
12.75 0.00021463155805446013
12.76 0.00021369654276101602
12.77 0.00021276559744614135
12.780000000000001 0.0002118387043993277
12.790000000000001 0.0002109158459862679
12.8 0.0002099970046480163
12.81 0.00020908216290056042
12.82 0.00020817130333517127
12.83 0.00020726440861729666
12.84 0.00020636146148661494
12.85 0.00020546244475682686
12.86 0.00020456734131492522
12.870000000000001 0.00020367613412133022
12.88 0.00020278880620939674
12.89 0.00020190534068476214
12.9 0.0002010257207257938
12.91 0.00020014992958234876
12.92 0.00019927795057631502
12.93 0.00019840976710060708
12.94 0.00019754536261927698
12.950000000000001 0.00019668472066713266
12.96 0.00019582782484951072
12.97 0.00019497465884149752
12.98 0.00019412520638818244
12.99 0.00019327945130420687
13.0 0.00019243737747326115
13.01 0.00019159896884798737
13.02 0.00019076420944954403
13.030000000000001 0.00018993308336752793
13.040000000000001 0.00018910557475932885
13.05 0.00018828166785029264
13.06 0.00018746134693283997
13.07 0.0001866445963666155
13.08 0.0001858314005782416
13.09 0.00018502174406074753
13.1 0.00018421561137330414
13.11 0.00018341298714110062
13.120000000000001 0.00018261385605509474
13.13 0.00018181820287141957
13.14 0.00018102601241139216
13.15 0.00018023726956119084
13.16 0.00017945195927136087
13.17 0.00017867006655691332
13.18 0.0001778915764964941
13.19 0.0001771164742327292
13.200000000000001 0.00017634474497151345
13.21 0.000175576373981896
13.22 0.00017481134659584618
13.23 0.000174049648207825
13.24 0.00017329126438271614
13.25 0.0001725361822220474
13.26 0.00017178438788039221
13.27 0.0001710358670666927
13.280000000000001 0.00017029060555173725
13.290000000000001 0.00016954858916808785
13.3 0.00016880980380936175
13.31 0.00016807423543062708
13.32 0.00016734187004758573
13.33 0.0001666126937366081
13.34 0.0001658866926342161
13.35 0.00016516385293703292
13.36 0.00016444416090153485
13.370000000000001 0.00016372760284379465
13.38 0.00016301416513884656
13.39 0.0001623038342210715
13.4 0.0001615965965832411
13.41 0.00016089243877702789
13.42 0.0001601913474119747
13.43 0.0001594933091558972
13.44 0.00015879831073416228
13.450000000000001 0.00015810633892961688
13.46 0.0001574173805825637
13.47 0.0001567314225899303
13.48 0.00015604845190564376
13.49 0.0001553684555401164
13.5 0.00015469142055982415
13.51 0.00015401733408740813
13.52 0.00015334618330131895
13.530000000000001 0.0001526779554353111
13.540000000000001 0.0001520126377783735
13.55 0.00015135021767490736
13.56 0.0001506906825236116
13.57 0.0001500340197782184
13.58 0.00014938021694638984
13.59 0.00014872926159004932
13.6 0.0001480811413249036
13.61 0.00014743584382022855
13.620000000000001 0.00014679335679883623
13.63 0.0001461536680365718
13.64 0.0001455167653620264
13.65 0.0001448826366568937
13.66 0.00014425126985486737
13.67 0.0001436226529420272
13.68 0.0001429967739565701
13.69 0.0001423736209883635
13.700000000000001 0.0001417531821787492
13.71 0.00014113544572036483
13.72 0.00014052039985715855
13.73 0.000139908032883722
13.74 0.00013929833314541007
13.75 0.00013869128903787678
13.76 0.0001380868890072523
13.77 0.00013748512154935447
13.780000000000001 0.00013688597520979985
13.790000000000001 0.00013628943858391262
13.8 0.00013569550031637678
13.81 0.00013510414910083545
13.82 0.00013451537367973124
13.83 0.00013392916284459596
13.84 0.00013334550543509568
13.85 0.0001327643903393256
13.86 0.00013218580649331912
13.870000000000001 0.0001316097428810956
13.88 0.00013103618853406527
13.89 0.00013046513253139966
13.9 0.000129896563999388
13.91 0.0001293304721111041
13.92 0.00012876684608665798
13.93 0.00012820567519268578
13.94 0.000127646948742257
13.950000000000001 0.00012709065609466368
13.96 0.00012653678665514728
13.97 0.0001259853298746401
13.98 0.0001254362752498737
13.99 0.00012488961232290634
14.0 0.00012434533068093282
14.01 0.00012380341995620915
14.02 0.00012326386982564573
14.030000000000001 0.0001227266700110849
14.040000000000001 0.0001221918102783555
14.05 0.00012165928043785228
14.06 0.00012112907034379262
14.07 0.00012060116989430578
14.08 0.00012007556903117361
14.09 0.00011955225773952957
14.1 0.000119031226047955
14.11 0.00011851246402777831
14.120000000000001 0.00011799596179354506
14.13 0.00011748170950229894
14.14 0.00011696969735375783
14.15 0.00011645991558966676
14.16 0.00011595235449408329
14.17 0.00011544700439302964
14.18 0.00011494385565441467
14.19 0.00011444289868742328
14.200000000000001 0.00011394412394279217
14.21 0.00011344752191246987
14.22 0.0001129530831296497
14.23 0.00011246079816799176
14.24 0.00011197065765617374
14.25 0.00011148265261326246
14.26 0.00011099677390658067
14.27 0.00011051301228781358
14.280000000000001 0.00011003135854884081
14.290000000000001 0.00010955180352161496
14.3 0.0001090743380776282
14.31 0.000108598953128149
14.32 0.00010812563962385967
14.33 0.00010765438855475824
14.34 0.00010718519094981768
14.35 0.00010671803787697196
14.36 0.00010625292044298077
14.370000000000001 0.00010578982979300537
14.38 0.00010532875711081156
14.39 0.00010486969361827789
14.4 0.00010441263057539129
14.41 0.00010395755928012743
14.42 0.00010350447106807943
14.43 0.00010305335731246399
14.44 0.00010260420942383164
14.450000000000001 0.00010215701885021942
14.46 0.00010171177707647173
14.47 0.00010126847562449103
14.48 0.00010082710605293938
14.49 0.00010038765995710238
14.5 9.995012896853693e-05
14.51 9.951450475520571e-05
14.52 9.908077902117014e-05
14.530000000000001 9.864894350663633e-05
14.540000000000001 9.82189899872048e-05
14.55 9.779091027441698e-05
14.56 9.736469621529631e-05
14.57 9.694033969206376e-05
14.58 9.651783262225409e-05
14.59 9.609716695833329e-05
14.6 9.567833468758415e-05
14.61 9.526132783219555e-05
14.620000000000001 9.484613844871863e-05
14.63 9.443275862824028e-05
14.64 9.402118049610473e-05
14.65 9.361139621171313e-05
14.66 9.320339796834148e-05
14.67 9.279717799337995e-05
14.68 9.239272854747339e-05
14.69 9.199004192514924e-05
14.700000000000001 9.158911045407774e-05
14.71 9.118992649533031e-05
14.72 9.079248244270484e-05
14.73 9.03967707233241e-05
14.74 9.000278379690547e-05
14.75 8.96105141556941e-05
14.76 8.921995432485327e-05
14.77 8.883109686135069e-05
14.780000000000001 8.844393435486052e-05
14.790000000000001 8.805845942668703e-05
14.8 8.767466473036563e-05
14.81 8.729254295118238e-05
14.82 8.691208680601265e-05
14.83 8.653328904312772e-05
14.84 8.615614244243328e-05
14.85 8.578063981482236e-05
14.86 8.540677400240958e-05
14.870000000000001 8.503453787820064e-05
14.88 8.466392434627878e-05
14.89 8.429492634096526e-05
14.9 8.392753682746543e-05
14.91 8.356174880125994e-05
14.92 8.319755528828944e-05
14.93 8.283494934435351e-05
14.94 8.247392405560505e-05
14.950000000000001 8.211447253770633e-05
14.96 8.175658793643445e-05
14.97 8.140026342697611e-05
14.98 8.10454922141133e-05
14.99 8.069226753190748e-05
15.0 8.03405826436598e-05
15.01 7.999043084188501e-05
15.02 7.964180544797316e-05
15.030000000000001 7.929469981217234e-05
15.040000000000001 7.894910731334314e-05
15.05 7.86050213592536e-05
15.06 7.826243538595554e-05
15.07 7.792134285771694e-05
15.08 7.758173726732116e-05
15.09 7.724361213527851e-05
15.1 7.690696101031545e-05
15.11 7.657177746909528e-05
15.120000000000001 7.623805511579665e-05
15.13 7.590578758226701e-05
15.14 7.557496852785006e-05
15.15 7.524559163918105e-05
15.16 7.491765063036802e-05
15.17 7.459113924235088e-05
15.18 7.426605124328991e-05
15.19 7.394238042801333e-05
15.200000000000001 7.362012061825664e-05
15.21 7.329926566241804e-05
15.22 7.297980943538063e-05
15.23 7.26617458384534e-05
15.24 7.234506880084146e-05
15.25 7.202977237532032e-05
15.26 7.171585060297345e-05
15.27 7.140329749432545e-05
15.280000000000001 7.109210708589313e-05
15.290000000000001 7.078227343987938e-05
15.3 7.047379064412714e-05
15.31 7.016665281209603e-05
15.32 6.98608540826446e-05
15.33 6.95563886200061e-05
15.34 6.925325061336775e-05
15.35 6.895143427737126e-05
15.36 6.865093385133216e-05
15.370000000000001 6.835174359975764e-05
15.38 6.805385781149392e-05
15.39 6.77572708005442e-05
15.4 6.746197690508243e-05
15.41 6.716797048783151e-05
15.42 6.687524593585424e-05
15.43 6.658379766046139e-05
15.44 6.629362009709719e-05
15.450000000000001 6.600470770513466e-05
15.46 6.571705496786779e-05
15.47 6.543065639254275e-05
15.48 6.514550650986786e-05
15.49 6.486159987424689e-05
15.5 6.457893106357956e-05
15.51 6.429749467922082e-05
15.52 6.401728534564943e-05
15.530000000000001 6.373829771065195e-05
15.540000000000001 6.346052644498525e-05
15.55 6.31839662424867e-05
15.56 6.290861181989724e-05
15.57 6.263445791642244e-05
15.58 6.236149929431025e-05
15.59 6.208973073821168e-05
15.6 6.181914705520857e-05
15.610000000000001 6.154974307494374e-05
15.620000000000001 6.128151364910486e-05
15.63 6.101445365164042e-05
15.64 6.0748557978667836e-05
15.65 6.048382154815509e-05
15.66 6.022023930008207e-05
15.67 5.995780619606327e-05
15.68 5.9696517219585445e-05
15.69 5.9436367375475044e-05
15.700000000000001 5.9177351690305885e-05
15.71 5.8919465212063475e-05
15.72 5.866270300968618e-05
15.73 5.840706017386753e-05
15.74 5.815253181602146e-05
15.75 5.789911306870298e-05
15.76 5.76467990854165e-05
15.77 5.739558504056115e-05
15.780000000000001 5.7145466129272966e-05
15.790000000000001 5.6896437567310366e-05
15.8 5.6648494590925795e-05
15.81 5.640163245700276e-05
15.82 5.615584644281385e-05
15.83 5.591113184577872e-05
15.84 5.56674839837356e-05
15.85 5.542489819436967e-05
15.860000000000001 5.518336983574568e-05
15.870000000000001 5.4942894285483004e-05
15.88 5.4703466941425326e-05
15.89 5.446508322098573e-05
15.9 5.422773856128549e-05
15.91 5.399142841909597e-05
15.92 5.3756148270532426e-05
15.93 5.352189361132638e-05
15.94 5.328865995657666e-05
15.950000000000001 5.3056442840360846e-05
15.96 5.282523781626695e-05
15.97 5.259504045668738e-05
15.98 5.236584635313207e-05
15.99 5.2137651115978685e-05
16.0 5.1910450374654735e-05
16.01 5.1684239776922034e-05
16.02 5.1459014989636495e-05
16.03 5.1234771697962304e-05
16.04 5.1011505605665086e-05
16.05 5.078921243479358e-05
16.06 5.056788792604742e-05
16.07 5.0347527838079734e-05
16.080000000000002 5.0128127947871026e-05
16.09 4.9909684050429906e-05
16.1 4.9692191958964835e-05
16.11 4.947564750426223e-05
16.12 4.9260046535292736e-05
16.13 4.904538491878451e-05
16.14 4.883165853891529e-05
16.15 4.861886329776254e-05
16.16 4.8406995114797825e-05
16.17 4.819604992701166e-05
16.18 4.798602368872012e-05
16.19 4.777691237180682e-05
16.2 4.756871196508108e-05
16.21 4.736141847477837e-05
16.22 4.7155027923804875e-05
16.23 4.6949536352680274e-05
16.240000000000002 4.674493981984655e-05
16.25 4.654123480901662e-05
16.26 4.633841774977308e-05
16.27 4.613648477184203e-05
16.28 4.59354320217209e-05
16.29 4.573525566289871e-05
16.3 4.5535951875518704e-05
16.31 4.533751685621961e-05
16.32 4.513994681841493e-05
16.330000000000002 4.4943237991815904e-05
16.34 4.4747386622857356e-05
16.35 4.4552388974020314e-05
16.36 4.435824132423879e-05
16.37 4.4164939968531144e-05
16.38 4.397248121826031e-05
16.39 4.3780861400648935e-05
16.4 4.359007685901788e-05
16.41 4.340012395257463e-05
16.42 4.321099905649911e-05
16.43 4.302269856162281e-05
16.44 4.283521887451548e-05
16.45 4.264855641748083e-05
16.46 4.2462707628344e-05
16.47 4.227766896047758e-05
16.48 4.209343688259086e-05
16.490000000000002 4.191000787887034e-05
16.5 4.1727378448975366e-05
16.51 4.154554510735469e-05
16.52 4.136450438405048e-05
16.53 4.1184252824085985e-05
16.54 4.100478698738832e-05
16.55 4.082610344915277e-05
16.56 4.0648198799232184e-05
16.57 4.047106964230173e-05
16.580000000000002 4.029471259813563e-05
16.59 4.011912430087073e-05
16.6 3.9944301399339605e-05
16.61 3.977024055731946e-05
16.62 3.95969384526032e-05
16.63 3.942439177778874e-05
16.64 3.925259723967529e-05
16.65 3.9081551559563485e-05
16.66 3.8911251472880694e-05
16.67 3.874169372932194e-05
16.68 3.857287509271071e-05
16.69 3.8404792340941685e-05
16.7 3.823744226596473e-05
16.71 3.807082167364391e-05
16.72 3.7904927383685966e-05
16.73 3.7739756229821994e-05
16.740000000000002 3.757530505928792e-05
16.75 3.741157073323259e-05
16.76 3.72485501265213e-05
16.77 3.708624012731731e-05
16.78 3.692463763757146e-05
16.79 3.676373957256203e-05
16.8 3.660354286110119e-05
16.81 3.6444044445188475e-05
16.82 3.628524128036119e-05
16.830000000000002 3.6127130335076446e-05
16.84 3.596970859126667e-05
16.85 3.5812973043810106e-05
16.86 3.5656920700838715e-05
16.87 3.550154858311975e-05
16.88 3.534685372477177e-05
16.89 3.519283317248573e-05
16.9 3.503948398591314e-05
16.91 3.4886803237678225e-05
16.92 3.473478801280152e-05
16.93 3.458343540912968e-05
16.94 3.443274253700675e-05
16.95 3.428270651958162e-05
16.96 3.413332449223516e-05
16.97 3.3984593602874244e-05
16.98 3.3836511011855856e-05
16.990000000000002 3.368907389172081e-05
17.0 3.354227942752811e-05
17.01 3.339612481629249e-05
17.02 3.3250607267409395e-05
17.03 3.310572400223779e-05
17.04 3.296147225431093e-05
17.05 3.281784926907486e-05
17.06 3.2674852304071834e-05
17.07 3.253247862857519e-05
17.080000000000002 3.239072552376453e-05
17.09 3.224959028269364e-05
17.1 3.210907021022544e-05
17.11 3.19691626226022e-05
17.12 3.182986484804272e-05
17.13 3.169117422611089e-05
17.14 3.1553088108136375e-05
17.150000000000002 3.1415603856838146e-05
17.16 3.1278718846324514e-05
17.17 3.1142430462108295e-05
17.18 3.100673610105867e-05
17.19 3.087163317141636e-05
17.2 3.073711909246622e-05
17.21 3.060319129487808e-05
17.22 3.0469847220354618e-05
17.23 3.0337084321692062e-05
17.240000000000002 3.0204900062694336e-05
17.25 3.007329197534563e-05
17.26 2.994225761003902e-05
17.27 2.981179446694517e-05
17.28 2.9681900057428913e-05
17.29 2.95525719033996e-05
17.3 2.942380753757001e-05
17.31 2.9295604503633277e-05
17.32 2.9167960355736423e-05
17.330000000000002 2.904087265882078e-05
17.34 2.891433898829501e-05
17.35 2.878835693025843e-05
17.36 2.866292408117187e-05
17.37 2.853803804792011e-05
17.38 2.841369644812717e-05
17.39 2.8289896909435962e-05
17.400000000000002 2.816663706988777e-05
17.41 2.8043914577855454e-05
17.42 2.792172709207034e-05
17.43 2.780007228109227e-05
17.44 2.7678947823955337e-05
17.45 2.7558351409586335e-05
17.46 2.743828073711917e-05
17.47 2.7318733515522328e-05
17.48 2.7199707463911125e-05
17.490000000000002 2.708120031109408e-05
17.5 2.6963209795989682e-05
17.51 2.684573366720745e-05
17.52 2.6728769683066582e-05
17.53 2.6612315611884794e-05
17.54 2.6496369231307406e-05
17.55 2.63809283290793e-05
17.56 2.6265990702219622e-05
17.57 2.6151554157425542e-05
17.580000000000002 2.6037616511034086e-05
17.59 2.5924175588585858e-05
17.6 2.5811229225363667e-05
17.61 2.5698775265855633e-05
17.62 2.558681156400065e-05
17.63 2.5475335983070856e-05
17.64 2.536434639556582e-05
17.650000000000002 2.5253840683314016e-05
17.66 2.5143816737150174e-05
17.67 2.50342724573676e-05
17.68 2.4925205752957934e-05
17.69 2.48166145424048e-05
17.7 2.4708496752832466e-05
17.71 2.4600850320861956e-05
17.72 2.4493673191636114e-05
17.73 2.4386963319270212e-05
17.740000000000002 2.428071866702932e-05
17.75 2.4174937206678654e-05
17.76 2.406961691906514e-05
17.77 2.396475579336194e-05
17.78 2.3860351828139652e-05
17.79 2.375640303008608e-05
17.8 2.365290741467062e-05
17.81 2.354986300597819e-05
17.82 2.3447267836866625e-05
17.830000000000002 2.334511994837819e-05
17.84 2.324341739034239e-05
17.85 2.3142158220846882e-05
17.86 2.304134050653975e-05
17.87 2.294096232223486e-05
17.88 2.2841021751248813e-05
17.89 2.274151688529992e-05
17.900000000000002 2.2642445824090553e-05
17.91 2.2543806675829302e-05
17.92 2.2445597556727467e-05
17.93 2.2347816591207232e-05
17.94 2.2250461911997935e-05
17.95 2.2153531659512005e-05
17.96 2.2057023982625587e-05
17.97 2.1960937037979016e-05
17.98 2.1865268990286894e-05
17.990000000000002 2.177001801216853e-05
18.0 2.167518228423553e-05
18.01 2.158075999474096e-05
18.02 2.1486749340093262e-05
18.03 2.1393148524357503e-05
18.04 2.1299955759365545e-05
18.05 2.1207169264513513e-05
18.06 2.11147872672293e-05
18.07 2.102280800237496e-05
18.080000000000002 2.0931229712584532e-05
18.09 2.0840050647872015e-05
18.1 2.074926906608411e-05
18.11 2.065888323250645e-05
18.12 2.0568891419733924e-05
18.13 2.0479291908169408e-05
18.14 2.039008298530603e-05
18.150000000000002 2.0301262946364248e-05
18.16 2.0212830093558915e-05
18.17 2.0124782736732905e-05
18.18 2.0037119193030105e-05
18.19 1.9949837786543707e-05
18.2 1.9862936849011394e-05
18.21 1.9776414719124922e-05
18.22 1.9690269742865356e-05
18.23 1.9604500273171736e-05
18.240000000000002 1.9519104670292792e-05
18.25 1.9434081336300573e-05
18.26 1.934942869907287e-05
18.27 1.9265145142882602e-05
18.28 1.9181229058816245e-05
18.29 1.9097678844770365e-05
18.3 1.9014492905606445e-05
18.31 1.893166965322374e-05
18.32 1.8849207506210167e-05
18.330000000000002 1.876710489022047e-05
18.34 1.8685360237480526e-05
18.35 1.8603971987311667e-05
18.36 1.8522938585575997e-05
18.37 1.844225848493487e-05
18.38 1.8361930144857996e-05
18.39 1.82819520312817e-05
18.400000000000002 1.8202322616985792e-05
18.41 1.812304038125486e-05
18.42 1.8044103809968914e-05
18.43 1.796551139564848e-05
18.44 1.788726163724861e-05
18.45 1.7809353040216993e-05
18.46 1.773178411664921e-05
18.47 1.7654553384821667e-05
18.48 1.7577659369608784e-05
18.490000000000002 1.750110060225532e-05
18.5 1.7424875620213748e-05
18.51 1.734898296761869e-05
18.52 1.7273421194384866e-05
18.53 1.71981888571187e-05
18.54 1.712328451847862e-05
18.55 1.7048706747528966e-05
18.56 1.6974454119257285e-05
18.57 1.6900525215065264e-05
18.580000000000002 1.6826918622335485e-05
18.59 1.6753632934516424e-05
18.6 1.6680666751324978e-05
18.61 1.660801867838478e-05
18.62 1.6535687327423523e-05
18.63 1.6463671316159327e-05
18.64 1.6391969268211848e-05
18.650000000000002 1.6320579813292654e-05
18.66 1.62495015868804e-05
18.67 1.6178733230281985e-05
18.68 1.610827339103239e-05
18.69 1.603812072224547e-05
18.7 1.5968273882734953e-05
18.71 1.5898731537517495e-05
18.72 1.58294923568586e-05
18.73 1.576055501722757e-05
18.740000000000002 1.5691918200456175e-05
18.75 1.5623580594352742e-05
18.76 1.555554089225546e-05
18.77 1.548779779300593e-05
18.78 1.5420350001217175e-05
18.79 1.535319622724459e-05
18.8 1.528633518662779e-05
18.81 1.5219765600770624e-05
18.82 1.5153486196539147e-05
18.830000000000002 1.5087495706080783e-05
18.84 1.5021792867284459e-05
18.85 1.4956376423196863e-05
18.86 1.4891245122566725e-05
18.87 1.4826397719485285e-05
18.88 1.47618329732176e-05
18.89 1.4697549648467947e-05
18.900000000000002 1.4633546515323021e-05
18.91 1.4569822349229378e-05
18.92 1.4506375930748838e-05
18.93 1.4443206045806553e-05
18.94 1.4380311485485443e-05
18.95 1.4317691046190559e-05
18.96 1.4255343529329025e-05
18.97 1.419326774164311e-05
18.98 1.413146249478782e-05
18.990000000000002 1.406992660589381e-05
19.0 1.4008658896839249e-05
19.01 1.394765819473032e-05
19.02 1.3886923331796718e-05
19.03 1.3826453145038189e-05
19.04 1.376624647665952e-05
19.05 1.3706302173885788e-05
19.06 1.3646619088726001e-05
19.07 1.3587196078188209e-05
19.080000000000002 1.3528032004313326e-05
19.09 1.3469125733906687e-05
19.1 1.3410476138565365e-05
19.11 1.335208209499476e-05
19.12 1.3293942484544994e-05
19.13 1.3236056193387854e-05
19.14 1.3178422112506815e-05
19.150000000000002 1.3121039137741711e-05
19.16 1.3063906169335972e-05
19.17 1.3007022112841281e-05
19.18 1.2950385877860335e-05
19.19 1.2893996379102855e-05
19.2 1.2837852535800987e-05
19.21 1.2781953271979486e-05
19.22 1.2726297515971725e-05
19.23 1.2670884200903683e-05
19.240000000000002 1.261571226460331e-05
19.25 1.256078070052246e-05
19.26 1.2506088560643863e-05
19.27 1.2451634803753962e-05
19.28 1.2397418390494054e-05
19.29 1.2343438285993599e-05
19.3 1.2289693459884097e-05
19.31 1.2236182886168553e-05
19.32 1.2182905543603548e-05
19.330000000000002 1.212986041495374e-05
19.34 1.2077046487847954e-05
19.35 1.2024462754111308e-05
19.36 1.1972108209917006e-05
19.37 1.1919981855840547e-05
19.38 1.1868082696830234e-05
19.39 1.1816409742269624e-05
19.400000000000002 1.1764962005656604e-05
19.41 1.1713738504893958e-05
19.42 1.166273826214495e-05
19.43 1.1611960303782153e-05
19.44 1.1561403660555712e-05
19.45 1.1511067367101988e-05
19.46 1.1460950462708133e-05
19.47 1.1411051990495476e-05
19.48 1.1361370997803755e-05
19.490000000000002 1.131190653625748e-05
19.5 1.1262657661503112e-05
19.51 1.1213623433263716e-05
19.52 1.116480291545388e-05
19.53 1.1116195175953775e-05
19.54 1.1067799286740981e-05
19.55 1.1019614323792056e-05
19.56 1.0971639367108547e-05
19.57 1.0923873500782912e-05
19.580000000000002 1.0876315812758264e-05
19.59 1.082896539514322e-05
19.6 1.0781821343622527e-05
19.61 1.0734882758199529e-05
19.62 1.0688148742503574e-05
19.63 1.0641618404192473e-05
19.64 1.0595290854904793e-05
19.650000000000002 1.0549165209753318e-05
19.66 1.050324058822407e-05
19.67 1.0457516113288566e-05
19.68 1.0411990911685272e-05
19.69 1.0366664114225786e-05
19.7 1.0321534855081867e-05
19.71 1.0276602272632843e-05
19.72 1.0231865508747006e-05
19.73 1.0187323708969829e-05
19.740000000000002 1.0142976022716084e-05
19.75 1.0098821603002264e-05
19.76 1.0054859606548495e-05
19.77 1.0011089193715222e-05
19.78 9.96750952857086e-06
19.79 9.924119778660645e-06
19.8 9.880919115310208e-06
19.81 9.837906713238299e-06
19.82 9.79508175099307e-06
19.830000000000002 9.75244341059299e-06
19.84 9.709990877457232e-06
19.85 9.667723340687573e-06
19.86 9.625639992824012e-06
19.87 9.583740030103243e-06
19.88 9.542022651871885e-06
19.89 9.500487061328078e-06
19.900000000000002 9.459132464873779e-06
19.91 9.417958072475583e-06
19.92 9.376963097448539e-06
19.93 9.336146756594487e-06
19.94 9.295508270085401e-06
19.95 9.255046861415036e-06
19.96 9.214761757455302e-06
19.97 9.174652188386877e-06
19.98 9.1347173880609e-06
19.990000000000002 9.094956593063298e-06
20.0 9.05536904367561e-06
20.01 9.01595398349205e-06
20.02 8.976710659150183e-06
20.03 8.937638320822075e-06
20.04 8.898736221618414e-06
20.05 8.860003618099167e-06
20.06 8.821439770038096e-06
20.07 8.783043940363989e-06
20.080000000000002 8.744815395066554e-06
20.09 8.7067534035902e-06
20.1 8.66885723819653e-06
20.11 8.63112617468186e-06
20.12 8.593559491616764e-06
20.13 8.556156470916143e-06
20.14 8.51891639754433e-06
20.150000000000002 8.481838559569726e-06
20.16 8.44492224805031e-06
20.17 8.40816675709631e-06
20.18 8.371571384141246e-06
20.19 8.335135429283396e-06
20.2 8.29885819602803e-06
20.21 8.26273899038406e-06
20.22 8.226777121962117e-06
20.23 8.190971902819442e-06
20.240000000000002 8.155322648426997e-06
20.25 8.119828676747456e-06
20.26 8.084489309175425e-06
20.27 8.04930386965534e-06
20.28 8.014271685163063e-06
20.29 7.979392085800431e-06
20.3 7.94466440424686e-06
20.31 7.91008797618154e-06
20.32 7.875662140281476e-06
20.330000000000002 7.841386237807547e-06
20.34 7.807259613072876e-06
20.35 7.773281613118223e-06
20.36 7.739451587956362e-06
20.37 7.705768890103057e-06
20.38 7.67223287523192e-06
20.39 7.638842901624065e-06
20.400000000000002 7.605598330067288e-06
20.41 7.572498524522405e-06
20.42 7.539542851686546e-06
20.43 7.5067306805187e-06
20.44 7.474061383095807e-06
20.45 7.441534334266461e-06
20.46 7.409148911317843e-06
20.47 7.376904494240484e-06
20.48 7.344800465885256e-06
20.490000000000002 7.312836211542271e-06
20.5 7.2810111193906055e-06
20.51 7.249324579993062e-06
20.52 7.217775986665884e-06
20.53 7.186364735430615e-06
20.54 7.155090224682335e-06
20.55 7.123951855579971e-06
20.56 7.0929490317884775e-06
20.57 7.062081159549954e-06
20.580000000000002 7.031347647678014e-06
20.59 7.00074790748904e-06
20.6 6.97028135293056e-06
20.61 6.939947400351389e-06
20.62 6.909745468683566e-06
20.63 6.879674979238517e-06
20.64 6.8497353560082515e-06
20.650000000000002 6.81992602537978e-06
20.66 6.790246416196917e-06
20.67 6.760695959717776e-06
20.68 6.731274089566853e-06
20.69 6.701980242068304e-06
20.7 6.672813855832221e-06
20.71 6.643774371766116e-06
20.72 6.6148612332601105e-06
20.73 6.586073886201459e-06
20.740000000000002 6.55741177877831e-06
20.75 6.528874361403161e-06
20.76 6.5004610870355185e-06
20.77 6.472171410967223e-06
20.78 6.444004790708609e-06
20.79 6.41596068628081e-06
20.8 6.388038559841918e-06
20.81 6.360237876022875e-06
20.82 6.332558101583563e-06
20.830000000000002 6.3049987056118615e-06
20.84 6.277559159638575e-06
20.85 6.250238937186622e-06
20.86 6.223037514260007e-06
20.87 6.1959544371689105e-06
20.88 6.168989299344891e-06
20.89 6.1421415885583655e-06
20.900000000000002 6.115410792920627e-06
20.91 6.088796403124017e-06
20.92 6.062297911897012e-06
20.93 6.0359148141815935e-06
20.94 6.009646607053453e-06
20.95 5.983492790094091e-06
20.96 5.957452864547956e-06
20.97 5.931526334381279e-06
20.98 5.905712705250345e-06
20.990000000000002 5.880011485270191e-06
21.0 5.854422184512625e-06
21.01 5.828944315295053e-06
21.02 5.803577392036715e-06
21.03 5.7783209311843085e-06
21.04 5.753174451396739e-06
21.05 5.728137473379451e-06
21.06 5.703209519920859e-06
21.07 5.678390115896248e-06
21.080000000000002 5.6536787881504656e-06
21.09 5.629075065747939e-06
21.1 5.604578479739787e-06
21.11 5.5801885631404004e-06
21.12 5.555904851027409e-06
21.13 5.531726880579841e-06
21.14 5.507654190863454e-06
21.150000000000002 5.4836863230595025e-06
21.16 5.4598228202749986e-06
21.17 5.436063227606033e-06
21.18 5.412407092193067e-06
21.19 5.388853962952052e-06
21.2 5.3654033910193865e-06
21.21 5.342054929360733e-06
21.22 5.318808132715727e-06
21.23 5.295662558205344e-06
21.240000000000002 5.272617764236209e-06
21.25 5.249673311672398e-06
21.26 5.22682876313461e-06
21.27 5.204083682961574e-06
21.28 5.181437637492804e-06
21.29 5.158890195081827e-06
21.3 5.1364409259242304e-06
21.31 5.11408940175582e-06
21.32 5.091835196669239e-06
21.330000000000002 5.069677886151416e-06
21.34 5.047617047684427e-06
21.35 5.025652260933714e-06
21.36 5.003783106780329e-06
21.37 4.982009168315142e-06
21.38 4.960330030342281e-06
21.39 4.938745279573636e-06
21.400000000000002 4.917254504165037e-06
21.41 4.895857294492977e-06
21.42 4.87455324231674e-06
21.43 4.853341941575724e-06
21.44 4.83222298765045e-06
21.45 4.8111959777504855e-06
21.46 4.790260510802993e-06
21.47 4.769416187643113e-06
21.48 4.748662610636447e-06
21.490000000000002 4.727999383948803e-06
21.5 4.707426113460984e-06
21.51 4.686942406752735e-06
21.52 4.666547873122262e-06
21.53 4.6462421234409485e-06
21.54 4.62602477048729e-06
21.55 4.6058954285090915e-06
21.56 4.5858537135771375e-06
21.57 4.565899243253856e-06
21.580000000000002 4.546031636778504e-06
21.59 4.526250515390906e-06
21.6 4.506555501429836e-06
21.61 4.486946219210567e-06
21.62 4.467422294613527e-06
21.63 4.447983354987804e-06
21.64 4.428629029538424e-06
21.650000000000002 4.409358948881826e-06
21.66 4.390172745325589e-06
21.67 4.371070052675875e-06
21.68 4.352050506444298e-06
21.69 4.333113743623489e-06
21.7 4.314259402725699e-06
21.71 4.295487123976436e-06
21.72 4.276796549045796e-06
21.73 4.258187321289596e-06
21.740000000000002 4.23965908537857e-06
21.75 4.22121148766115e-06
21.76 4.202844175964183e-06
21.77 4.184556799628281e-06
21.78 4.166349009704709e-06
21.79 4.148220458303998e-06
21.8 4.130170799480004e-06
21.81 4.11219968859608e-06
21.82 4.094306782585289e-06
21.830000000000002 4.076491739590663e-06
21.84 4.058754219548287e-06
21.85 4.041093883755571e-06
21.86 4.023510394978152e-06
21.87 4.006003417245194e-06
21.88 3.9885726163546315e-06
21.89 3.971217659354265e-06
21.900000000000002 3.953938214667748e-06
21.91 3.936733952411391e-06
21.92 3.919604543800017e-06
21.93 3.902549661671069e-06
21.94 3.885568980153704e-06
21.95 3.868662175010975e-06
21.96 3.851828922934227e-06
21.97 3.835068902554228e-06
21.98 3.818381793543012e-06
21.990000000000002 3.8017672770037595e-06
22.0 3.7852250355295634e-06
22.01 3.768754752980514e-06
22.02 3.752356114502999e-06
22.03 3.736028806729198e-06
22.04 3.719772517556553e-06
22.05 3.7035869363247122e-06
22.06 3.687471753681523e-06
22.07 3.671426661559828e-06
22.080000000000002 3.6554513530391228e-06
22.09 3.6395455229852342e-06
22.1 3.6237088670459158e-06
22.11 3.607941082616438e-06
22.12 3.5922418679941275e-06
22.13 3.57661092323467e-06
22.14 3.561047949147706e-06
22.150000000000002 3.5455526483352783e-06
22.16 3.5301247242819703e-06
22.17 3.5147638820774187e-06
22.18 3.4994698276940173e-06
22.19 3.4842422686988048e-06
22.2 3.469080913799834e-06
22.21 3.4539854729114406e-06
22.22 3.4389556571991307e-06
22.23 3.423991179117092e-06
22.240000000000002 3.409091752372851e-06
22.25 3.3942570918730607e-06
22.26 3.379486913668208e-06
22.27 3.3647809350404335e-06
22.28 3.350138874657054e-06
22.29 3.3355604521813353e-06
22.3 3.3210453886146647e-06
22.31 3.3065934060944567e-06
22.32 3.2922042279288476e-06
22.330000000000002 3.2778775786463515e-06
22.34 3.2636131838655394e-06
22.35 3.249410770563921e-06
22.36 3.2352700667739355e-06
22.37 3.2211908016633976e-06
22.38 3.207172705670591e-06
22.39 3.193215510158623e-06
22.400000000000002 3.1793189480208445e-06
22.41 3.165482752847098e-06
22.42 3.1517066595844294e-06
22.43 3.137990404497625e-06
22.44 3.124333724660285e-06
22.45 3.110736358477627e-06
22.46 3.0971980453822594e-06
22.47 3.0837185258023037e-06
22.48 3.0702975416505886e-06
22.490000000000002 3.0569349001631236e-06
22.5 3.043630432134764e-06
22.51 3.030383885728981e-06
22.52 3.0171950092311092e-06
22.53 3.0040635524849167e-06
22.54 2.990989266159899e-06
22.55 2.9779719021344377e-06
22.56 2.9650112134617553e-06
22.57 2.9521069539984682e-06
22.580000000000002 2.9392588788575667e-06
22.59 2.926466744255325e-06
22.6 2.9137303072944605e-06
22.61 2.901049326280939e-06
22.62 2.888423560572402e-06
22.63 2.8758527704894794e-06
22.64 2.863336717417054e-06
22.650000000000002 2.850875163689119e-06
22.66 2.8384678729873308e-06
22.67 2.8261146097921866e-06
22.68 2.8138151393986358e-06
22.69 2.8015692286073677e-06
22.7 2.7893766448377176e-06
22.71 2.7772371567116177e-06
22.72 2.7651505337246505e-06
22.73 2.7531165465556964e-06
22.740000000000002 2.741134966711316e-06
22.75 2.729205566693151e-06
22.76 2.7173281201846224e-06
22.77 2.7055024016942302e-06
22.78 2.6937281866687424e-06
22.79 2.68200525154025e-06
22.8 2.670333373885978e-06
22.81 2.6587123320778727e-06
22.82 2.6471419055256774e-06
22.830000000000002 2.6356218745706827e-06
22.84 2.6241520205002537e-06
22.85 2.6127321255554198e-06
22.86 2.601361972797518e-06
22.87 2.590041346567677e-06
22.88 2.578770031807674e-06
22.89 2.5675478144927474e-06
22.900000000000002 2.5563744816589195e-06
22.91 2.5452498210374024e-06
22.92 2.534173621419108e-06
22.93 2.5231456725121823e-06
22.94 2.5121657649920977e-06
22.95 2.501233690152104e-06
22.96 2.490349240537055e-06
22.97 2.4795122094739466e-06
22.98 2.4687223909901704e-06
22.990000000000002 2.4579795804369284e-06
23.0 2.447283573553784e-06
23.01 2.4366341672963417e-06
23.02 2.4260311594201302e-06
23.03 2.4154743485125868e-06
23.04 2.4049635340630962e-06
23.05 2.394498516409974e-06
23.06 2.3840790967628e-06
23.07 2.373705077246221e-06
23.080000000000002 2.3633762607007825e-06
23.09 2.353092451059689e-06
23.1 2.3428534527492398e-06
23.11 2.332659071443109e-06
23.12 2.3225091134184382e-06
23.13 2.312403385719983e-06
23.14 2.3023416963382495e-06
23.150000000000002 2.2923238542122033e-06
23.16 2.282349668967544e-06
23.17 2.2724189510362923e-06
23.18 2.2625315116527782e-06
23.19 2.252687162907418e-06
23.2 2.2428857178777946e-06
23.21 2.233126990048499e-06
23.22 2.22341079415757e-06
23.23 2.2137369453395376e-06
23.240000000000002 2.204105259873525e-06
23.25 2.1945155545704566e-06
23.26 2.184967647117183e-06
23.27 2.1754613561747113e-06
23.28 2.1659965007521853e-06
23.29 2.156572901008654e-06
23.3 2.1471903779284604e-06
23.31 2.137848752878672e-06
23.32 2.1285478483339766e-06
23.330000000000002 2.119287487403103e-06
23.34 2.1100674940352547e-06
23.35 2.100887692895316e-06
23.36 2.091747909183767e-06
23.37 2.0826479693492224e-06
23.38 2.073587700035344e-06
23.39 2.064566929187812e-06
23.400000000000002 2.0555854849233944e-06
23.41 2.046643196503559e-06
23.42 2.0377398937678707e-06
23.43 2.028875407457517e-06
23.44 2.0200495686996606e-06
23.45 2.011262209641049e-06
23.46 2.0025131629871186e-06
23.47 1.9938022624087877e-06
23.48 1.9851293419147036e-06
23.490000000000002 1.9764942365433974e-06
23.5 1.9678967819723205e-06
23.51 1.959336814498329e-06
23.52 1.9508141710468992e-06
23.53 1.9423286894997742e-06
23.54 1.9338802082918567e-06
23.55 1.9254685665149674e-06
23.56 1.917093603985608e-06
23.57 1.908755161309037e-06
23.580000000000002 1.9004530795065219e-06
23.59 1.8921872006538243e-06
23.6 1.8839573671919742e-06
23.61 1.8757634222759485e-06
23.62 1.8676052100652374e-06
23.63 1.8594825748864067e-06
23.64 1.8513953622047597e-06
23.650000000000002 1.843343417679672e-06
23.66 1.8353265879739481e-06
23.67 1.8273447203510408e-06
23.68 1.8193976627313207e-06
23.69 1.811485263548962e-06
23.7 1.8036073720383884e-06
23.71 1.7957638379177947e-06
23.72 1.7879545118312844e-06
23.73 1.7801792446930356e-06
23.740000000000002 1.772437888472372e-06
23.75 1.7647302953372433e-06
23.76 1.7570563184239e-06
23.77 1.7494158112598811e-06
23.78 1.74180862820561e-06
23.79 1.7342346241353132e-06
23.8 1.7266936545497777e-06
23.81 1.7191855755780859e-06
23.82 1.7117102439999496e-06
23.830000000000002 1.7042675170814538e-06
23.84 1.6968572527723816e-06
23.85 1.6894793097829751e-06
23.86 1.6821335472315705e-06
23.87 1.6748198248569927e-06
23.88 1.6675380030278797e-06
23.89 1.6602879427216489e-06
23.900000000000002 1.6530695055908505e-06
23.91 1.6458825536829012e-06
23.92 1.6387269498009064e-06
23.93 1.631602557234128e-06
23.94 1.6245092398907987e-06
23.95 1.6174468623567778e-06
23.96 1.610415289570507e-06
23.97 1.603414387273171e-06
23.98 1.5964440216685843e-06
23.990000000000002 1.5895040594791346e-06
24.0 1.582594368231471e-06
24.01 1.5757148155579525e-06
24.02 1.5688652702031125e-06
24.03 1.5620456011862212e-06
24.04 1.555255678014982e-06
24.05 1.5484953708298386e-06
24.060000000000002 1.541764550438236e-06
24.07 1.5350630879736385e-06
24.080000000000002 1.5283908553944802e-06
24.09 1.5217477250332448e-06
24.1 1.5151335696525188e-06
24.11 1.5085482684559174e-06
24.12 1.5019917015864082e-06
24.13 1.4954637436692371e-06
24.14 1.4889642699106743e-06
24.150000000000002 1.4824931563001088e-06
24.16 1.4760502788782126e-06
24.17 1.469635514517566e-06
24.18 1.4632487406733997e-06
24.19 1.4568898351075563e-06
24.2 1.4505586761883816e-06
24.21 1.444255142967702e-06
24.22 1.4379791147410732e-06
24.23 1.4317304715918315e-06
24.240000000000002 1.4255090936665226e-06
24.25 1.4193148622108562e-06
24.26 1.4131476585710475e-06
24.27 1.4070073647515311e-06
24.28 1.4008938631503067e-06
24.29 1.3948070367444465e-06
24.3 1.3887467691206697e-06
24.310000000000002 1.3827129440696336e-06
24.32 1.3767054461017976e-06
24.330000000000002 1.3707241602623496e-06
24.34 1.3647689718082221e-06
24.35 1.3588397667427124e-06
24.36 1.3529364315616708e-06
24.37 1.3470588529801734e-06
24.38 1.3412069184518547e-06
24.39 1.3353805158387681e-06
24.400000000000002 1.3295795333193375e-06
24.41 1.3238038598261575e-06
24.42 1.318053384674763e-06
24.43 1.3123279974263692e-06
24.44 1.306627588403735e-06
24.45 1.3009520482561805e-06
24.46 1.2953012680831872e-06
24.47 1.2896751393933056e-06
24.48 1.2840735544155388e-06
24.490000000000002 1.2784964055493264e-06
24.5 1.2729435858305346e-06
24.51 1.2674149884674179e-06
24.52 1.261910507650843e-06
24.53 1.2564300373651364e-06
24.54 1.2509734726285195e-06
24.55 1.2455407085026904e-06
24.560000000000002 1.2401316406624634e-06
24.57 1.2347461652978658e-06
24.580000000000002 1.229384178837666e-06
24.59 1.2240455782379887e-06
24.6 1.2187302610394517e-06
24.61 1.2134381248896835e-06
24.62 1.208169068201109e-06
24.63 1.202922989650048e-06
24.64 1.1976997882509827e-06
24.650000000000002 1.1924993637462203e-06
24.66 1.1873216159260982e-06
24.67 1.1821664453297038e-06
24.68 1.1770337527377932e-06
24.69 1.171923439427687e-06
24.7 1.1668354068613456e-06
24.71 1.1617695574285894e-06
24.72 1.1567257933235405e-06
24.73 1.1517040175165012e-06
24.740000000000002 1.1467041334568828e-06
24.75 1.1417260446373563e-06
24.76 1.1367696553887894e-06
24.77 1.1318348700557106e-06
24.78 1.1269215937042935e-06
24.79 1.1220297315201909e-06
24.8 1.1171591893388176e-06
24.810000000000002 1.1123098731852157e-06
24.82 1.1074816896639332e-06
24.830000000000002 1.1026745456019964e-06
24.84 1.0978883484360786e-06
24.85 1.0931230056763618e-06
24.86 1.0883784254963431e-06
24.87 1.0836545162890704e-06
24.88 1.0789511870547448e-06
24.89 1.0742683469053488e-06
24.900000000000002 1.0696059055350813e-06
24.91 1.0649637727617404e-06
24.92 1.060341859184617e-06
24.93 1.0557400754059292e-06
24.94 1.0511583325671777e-06
24.95 1.0465965422347618e-06
24.96 1.0420546162353975e-06
24.97 1.037532466842601e-06
24.98 1.0330300065456441e-06
24.990000000000002 1.0285471484548303e-06
25.0 1.0240838058088323e-06
25.01 1.0196398923120959e-06
25.02 1.0152153221765822e-06
25.03 1.0108100096411403e-06
25.04 1.0064238695464602e-06
25.05 1.0020568171042457e-06
25.060000000000002 9.977087677662429e-07
25.07 9.933796373720171e-07
25.080000000000002 9.89069342128353e-07
25.09 9.847777985383475e-07
25.1 9.80504923583773e-07
25.11 9.762506344558695e-07
25.12 9.720148488553439e-07
25.13 9.677974845734337e-07
25.14 9.635984599519346e-07
25.150000000000002 9.5941769370886e-07
25.16 9.55255104680944e-07
25.17 9.511106122407327e-07
25.18 9.469841360614222e-07
25.19 9.428755960832471e-07
25.2 9.387849125530546e-07
25.21 9.347120062232553e-07
25.22 9.306567981477764e-07
25.23 9.266192094423446e-07
25.240000000000002 9.225991617653299e-07
25.25 9.185965772793648e-07
25.26 9.146113780274939e-07
25.27 9.106434867867672e-07
25.28 9.066928264165252e-07
25.29 9.027593202586871e-07
25.3 8.988428918642061e-07
25.310000000000002 8.94943465029282e-07
25.32 8.910609641272355e-07
25.330000000000002 8.871953135655393e-07
25.34 8.833464382998393e-07
25.35 8.795142634158851e-07
25.36 8.756987143368304e-07
25.37 8.718997169497589e-07
25.38 8.681171973359348e-07
25.39 8.643510818161226e-07
25.400000000000002 8.606012972136147e-07
25.41 8.56867770496878e-07
25.42 8.53150428931776e-07
25.43 8.494492000892667e-07
25.44 8.4576401207688e-07
25.45 8.420947929477186e-07
25.46 8.384414713320061e-07
25.47 8.34803975932716e-07
25.48 8.311822359796358e-07
25.490000000000002 8.275761808365601e-07
25.5 8.239857401236977e-07
25.51 8.204108439257294e-07
25.52 8.168514225345268e-07
25.53 8.133074064598867e-07
25.54 8.097787265535627e-07
25.55 8.062653140896055e-07
25.560000000000002 8.027671003711222e-07
25.57 7.992840172257572e-07
25.580000000000002 7.958159964626147e-07
25.59 7.923629706688227e-07
25.6 7.889248721665298e-07
25.61 7.855016339131191e-07
25.62 7.820931889346034e-07
25.63 7.786994707453202e-07
25.64 7.753204130368741e-07
25.650000000000002 7.719559497185776e-07
25.66 7.68606014946399e-07
25.67 7.652705433494524e-07
25.68 7.619494696248317e-07
25.69 7.586427288436802e-07
25.7 7.553502562328328e-07
25.71 7.520719875387825e-07
25.72 7.488078586024563e-07
25.73 7.455578601915473e-07
25.740000000000002 7.423219759203998e-07
25.75 7.391001439029706e-07
25.76 7.358923028764159e-07
25.77 7.326983913879398e-07
25.78 7.295183486870924e-07
25.79 7.26352114068852e-07
25.8 7.231996271285209e-07
25.810000000000002 7.200608276845301e-07
25.82 7.169356558901123e-07
25.830000000000002 7.138240520943072e-07
25.84 7.10725957021722e-07
25.85 7.076413114804475e-07
25.86 7.045700566674779e-07
25.87 7.015121340580134e-07
25.88 6.984674851129432e-07
25.89 6.954360519708909e-07
25.900000000000002 6.924177766551212e-07
25.91 6.894126016895831e-07
25.92 6.864204696180667e-07
25.93 6.83441323563001e-07
25.94 6.804751064554528e-07
25.95 6.775217618939242e-07
25.96 6.745812334194544e-07
25.97 6.716534649556976e-07
25.98 6.687384007612179e-07
25.990000000000002 6.658359851108428e-07
26.0 6.629461626640742e-07
26.01 6.600688782871719e-07
26.02 6.572040771299142e-07
26.03 6.543517044578723e-07
26.04 6.515117059891634e-07
26.05 6.486840274569751e-07
26.060000000000002 6.458686148567636e-07
26.07 6.430654146506254e-07
26.080000000000002 6.402743732017782e-07
26.09 6.374954372998561e-07
26.1 6.347285540736318e-07
26.11 6.319736705248094e-07
26.12 6.292307342492358e-07
26.13 6.264996929312289e-07
26.14 6.237804943482394e-07
26.150000000000002 6.210730867136759e-07
26.16 6.183774182894107e-07
26.17 6.156934378108957e-07
26.18 6.1302109386277e-07
26.19 6.103603357197679e-07
26.2 6.077111123708274e-07
26.21 6.050733734936265e-07
26.22 6.024470685340945e-07
26.23 5.998321476072765e-07
26.240000000000002 5.972285607613219e-07
26.25 5.946362582296165e-07
26.26 5.920551907399418e-07
26.27 5.894853088540342e-07
26.28 5.8692656364662e-07
26.29 5.843789062556348e-07
26.3 5.81842288143136e-07
26.310000000000002 5.793166608697897e-07
26.32 5.768019762683423e-07
26.330000000000002 5.742981863998188e-07
26.34 5.718052434002712e-07
26.35 5.693230997511241e-07
26.36 5.668517080838556e-07
26.37 5.643910213232206e-07
26.38 5.619409925200123e-07
26.39 5.595015748118145e-07
26.400000000000002 5.570727217517313e-07
26.41 5.546543868705325e-07
26.42 5.522465242444497e-07
26.43 5.498490878204235e-07
26.44 5.474620317815881e-07
26.45 5.450853107087086e-07
26.46 5.427188791608663e-07
26.47 5.403626920387743e-07
26.48 5.380167044242621e-07
26.490000000000002 5.356808713582843e-07
26.5 5.333551485235894e-07
26.51 5.310394914872412e-07
26.52 5.28733855897673e-07
26.53 5.264381980072731e-07
26.54 5.241524738360849e-07
26.55 5.218766397342917e-07
26.560000000000002 5.196106525090678e-07
26.57 5.173544686641737e-07
26.580000000000002 5.151080452963741e-07
26.59 5.128713394825929e-07
26.6 5.106443084855862e-07
26.61 5.084269099789145e-07
26.62 5.062191015121052e-07
26.63 5.040208410615364e-07
26.64 5.01832086481776e-07
26.650000000000002 4.996527962323766e-07
26.66 4.974829285222778e-07
26.67 4.953224421158555e-07
26.68 4.931712957732034e-07
26.69 4.91029448249265e-07
26.7 4.888968588868925e-07
26.71 4.867734869322816e-07
26.72 4.846592917402107e-07
26.73 4.82554233092417e-07
26.740000000000002 4.80458270778986e-07
26.75 4.783713647946468e-07
26.76 4.762934752857535e-07
26.77 4.7422456261392906e-07
26.78 4.721645873433794e-07
26.79 4.701135100298537e-07
26.8 4.6807129172393106e-07
26.810000000000002 4.660378932027005e-07
26.82 4.640132758478564e-07
26.830000000000002 4.6199740094454494e-07
26.84 4.59990229929267e-07
26.85 4.5799172472121017e-07
26.86 4.560018469452012e-07
26.87 4.540205586948758e-07
26.88 4.5204782221218865e-07
26.89 4.5008359981385006e-07
26.900000000000002 4.48127853894904e-07
26.91 4.4618054721430687e-07
26.92 4.4424164266789563e-07
26.93 4.4231110318538854e-07
26.94 4.4038889180633353e-07
26.95 4.3847497189738235e-07
26.96 4.365693070363893e-07
26.97 4.3467186078960775e-07
26.98 4.3278259687350726e-07
26.990000000000002 4.309014792094174e-07
27.0 4.290284719486812e-07
27.01 4.271635392583627e-07
27.02 4.25306645666511e-07
27.03 4.234577555580605e-07
27.04 4.2161683383548946e-07
27.05 4.197838451031207e-07
27.060000000000002 4.179587545069443e-07
27.07 4.1614152728272234e-07
27.080000000000002 4.1433212853605843e-07
27.09 4.1253052384499726e-07
27.1 4.1073667874654647e-07
27.11 4.089505591416804e-07
27.12 4.071721307485226e-07
27.13 4.054013596223294e-07
27.14 4.0363821197979483e-07
27.150000000000002 4.018826542547785e-07
27.16 4.0013465282725527e-07
27.17 3.983941742844994e-07
27.18 3.966611854415219e-07
27.19 3.949356532758556e-07
27.2 3.9321754467585776e-07
27.21 3.9150682697755264e-07
27.22 3.898034674307163e-07
27.23 3.8810743350559725e-07
27.240000000000002 3.864186928368633e-07
27.25 3.847372131503637e-07
27.26 3.830629624074905e-07
27.27 3.813959085709911e-07
27.28 3.797360198159539e-07
27.29 3.7808326437308677e-07
27.3 3.76437610731951e-07
27.310000000000002 3.747990275089052e-07
27.32 3.731674834543154e-07
27.330000000000002 3.715429472004781e-07
27.34 3.699253880878905e-07
27.35 3.6831480601295713e-07
27.36 3.6671119138965026e-07
27.37 3.6511451453647174e-07
27.38 3.635247457777239e-07
27.39 3.6194185554509935e-07
27.400000000000002 3.603658143770845e-07
27.41 3.5879659316225476e-07
27.42 3.5723416264233027e-07
27.43 3.5567849388255714e-07
27.44 3.5412955805687275e-07
27.45 3.5258732617398205e-07
27.46 3.5105176990135123e-07
27.47 3.4952286067599933e-07
27.48 3.480005700845653e-07
27.490000000000002 3.4648486997731175e-07
27.5 3.449757321308299e-07
27.51 3.43473128674185e-07
27.52 3.419770316271005e-07
27.53 3.404874134632554e-07
27.54 3.390042464480533e-07
27.55 3.375275032141173e-07
27.560000000000002 3.3605715618855976e-07
27.57 3.345931784084653e-07
27.580000000000002 3.3313554255497493e-07
27.59 3.3168422176383565e-07
27.6 3.302391891431473e-07
27.61 3.288004179383781e-07
27.62 3.273678815155596e-07
27.63 3.259415533599856e-07
27.64 3.245214071917338e-07
27.650000000000002 3.231074166531447e-07
27.66 3.2169955558979243e-07
27.67 3.2029779802468083e-07
27.68 3.189021179828195e-07
27.69 3.175124896652383e-07
27.7 3.1612888757703156e-07
27.71 3.1475128587331314e-07
27.72 3.1337965930258076e-07
27.73 3.1201398239031177e-07
27.740000000000002 3.106542300791845e-07
27.75 3.093003770583366e-07
27.76 3.0795239853970797e-07
27.77 3.0661026950153884e-07
27.78 3.0527396521821916e-07
27.79 3.0394346107949803e-07
27.8 3.0261873241983024e-07
27.810000000000002 3.0129975485464157e-07
27.82 2.9998650408441345e-07
27.830000000000002 2.986789558458397e-07
27.84 2.9737708610888015e-07
27.85 2.9608087076407694e-07
27.86 2.94790285968198e-07
27.87 2.9350530794718327e-07
27.88 2.922259129227987e-07
27.89 2.909520774672784e-07
27.900000000000002 2.8968377802817335e-07
27.91 2.8842099122699475e-07
27.92 2.8716369382517006e-07
27.93 2.8591186276529694e-07
27.94 2.8466547476576004e-07
27.95 2.834245070757152e-07
27.96 2.8218893684267424e-07
27.97 2.8095874120639703e-07
27.98 2.7973389761374364e-07
27.990000000000002 2.7851438351151996e-07
28.0 2.773001764391769e-07
28.01 2.7609125413153874e-07
28.02 2.748875942661295e-07
28.03 2.7368917473162167e-07
28.04 2.724959734654226e-07
28.05 2.713079686450363e-07
28.060000000000002 2.7012513817144083e-07
28.07 2.6894746067999877e-07
28.080000000000002 2.6777491410584064e-07
28.09 2.6660747730588566e-07
28.1 2.654451285040958e-07
28.11 2.642878464863751e-07
28.12 2.631356099858811e-07
28.13 2.619883978188212e-07
28.14 2.608461890035523e-07
28.150000000000002 2.597089624014931e-07
28.16 2.585766972208986e-07
28.17 2.574493727000018e-07
28.18 2.563269680387636e-07
28.19 2.552094627651701e-07
28.2 2.5409683629119785e-07
28.21 2.5298906817676275e-07
28.22 2.518861381211007e-07
28.23 2.5078802581683397e-07
28.240000000000002 2.496947113512886e-07
28.25 2.4860617444169824e-07
28.26 2.475223951091442e-07
28.27 2.4644335367860967e-07
28.28 2.453690301333915e-07
28.29 2.44299404853984e-07
28.3 2.4323445830523246e-07
28.310000000000002 2.421741709084514e-07
28.32 2.4111852320725337e-07
28.330000000000002 2.400674958202777e-07
28.34 2.3902106953058297e-07
28.35 2.3797922517825683e-07
28.36 2.3694194353660004e-07
28.37 2.3590920586631647e-07
28.38 2.348809928822684e-07
28.39 2.3385728603809346e-07
28.400000000000002 2.328380665225587e-07
28.41 2.3182331560498738e-07
28.42 2.3081301469451065e-07
28.43 2.2980714527160015e-07
28.44 2.2880568893886288e-07
28.45 2.2780862741659602e-07
28.46 2.2681594233250587e-07
28.47 2.2582761556832727e-07
28.48 2.2484362910890274e-07
28.490000000000002 2.2386396469670135e-07
28.5 2.228886046339116e-07
28.51 2.2191753097937274e-07
28.52 2.2095072595802387e-07
28.53 2.1998817184998992e-07
28.54 2.190298510750953e-07
28.55 2.1807574602595095e-07
28.560000000000002 2.1712583928604158e-07
28.57 2.161801135390864e-07
28.580000000000002 2.1523855131273372e-07
28.59 2.1430113558864152e-07
28.6 2.1336784897409275e-07
28.61 2.124386745426315e-07
28.62 2.1151359531706125e-07
28.63 2.105925942519891e-07
28.64 2.096756544598278e-07
28.650000000000002 2.087627594027537e-07
28.66 2.078538921792476e-07
28.67 2.0694903614696877e-07
28.68 2.060481749055162e-07
28.69 2.0515129181368757e-07
28.7 2.0425837056529906e-07
28.71 2.0336939482630285e-07
28.72 2.0248434825126697e-07
28.73 2.0160321475626904e-07
28.740000000000002 2.0072597807919805e-07
28.75 1.998526222530086e-07
28.76 1.9898313129368753e-07
28.77 1.981174894393205e-07
28.78 1.972556805560034e-07
28.79 1.9639768905578212e-07
28.8 1.955434993326506e-07
28.810000000000002 1.9469309553156152e-07
28.82 1.9384646227392022e-07
28.830000000000002 1.930035840174175e-07
28.84 1.9216444535353474e-07
28.85 1.913290308417693e-07
28.86 1.9049732526935526e-07
28.87 1.8966931348847037e-07
28.88 1.8884498026683306e-07
28.89 1.8802431050519335e-07
28.900000000000002 1.8720728924963856e-07
28.91 1.8639390148207126e-07
28.92 1.8558413240633018e-07
28.93 1.8477796705034227e-07
28.94 1.839753908171142e-07
28.95 1.8317638905696043e-07
28.96 1.8238094627999295e-07
28.97 1.8158901853422777e-07
28.98 1.808005743001188e-07
28.990000000000002 1.800155984630204e-07
29.0 1.792340757907052e-07
29.01 1.7845599134693304e-07
29.02 1.7768133003928438e-07
29.03 1.7691007698139236e-07
29.04 1.7614221727924647e-07
29.05 1.7537773618097512e-07
29.060000000000002 1.7461661875575914e-07
29.07 1.73858850350823e-07
29.080000000000002 1.7310441645889112e-07
29.09 1.7235330238907828e-07
29.1 1.7160549351880397e-07
29.11 1.7086097568616522e-07
29.12 1.7011973405846315e-07
29.13 1.693817546347988e-07
29.14 1.6864702297381606e-07
29.150000000000002 1.6791552491030514e-07
29.16 1.6718724614575358e-07
29.17 1.6646217262320916e-07
29.18 1.6574029023302744e-07
29.19 1.6502158499187352e-07
29.2 1.6430604296980948e-07
29.21 1.6359365011942408e-07
29.22 1.6288439274545494e-07
29.23 1.6217825706010304e-07
29.240000000000002 1.6147522918774897e-07
29.25 1.6077529562134787e-07
29.26 1.6007844260275362e-07
29.27 1.593846565162843e-07
29.28 1.5869392398559562e-07
29.29 1.580062313707195e-07
29.3 1.57321565416417e-07
29.310000000000002 1.5663991270536103e-07
29.32 1.5596125986305038e-07
29.330000000000002 1.552855937117124e-07
29.34 1.546129009447712e-07
29.35 1.5394316864016317e-07
29.36 1.532763833581724e-07
29.37 1.5261253229079336e-07
29.38 1.5195160244950087e-07
29.39 1.5129358076372275e-07
29.400000000000002 1.5063845434972194e-07
29.41 1.4998621034384625e-07
29.42 1.4933683609416105e-07
29.43 1.4869031878526114e-07
29.44 1.480466456423176e-07
29.45 1.4740580403383298e-07
29.46 1.4676778151858738e-07
29.47 1.4613256542648579e-07
29.48 1.455001432005697e-07
29.490000000000002 1.4487050250326888e-07
29.5 1.442436309516393e-07
29.51 1.4361951605312406e-07
29.52 1.4299814573930612e-07
29.53 1.4237950747301368e-07
29.54 1.4176358926063968e-07
29.55 1.4115037887840092e-07
29.560000000000002 1.405398641506528e-07
29.57 1.3993203315832716e-07
29.580000000000002 1.393268737607449e-07
29.59 1.3872437407789627e-07
29.6 1.3812452211484604e-07
29.61 1.375273060343562e-07
29.62 1.3693271394389444e-07
29.63 1.3634073421959375e-07
29.64 1.3575135490807096e-07
29.650000000000002 1.3516456450011344e-07
29.66 1.3458035122892922e-07
29.67 1.3399870354944567e-07
29.68 1.334196099413642e-07
29.69 1.3284305880594417e-07
29.7 1.3226903879153462e-07
29.71 1.3169753836553126e-07
29.72 1.3112854621162811e-07
29.73 1.3056205099064256e-07
29.740000000000002 1.299980413447166e-07
29.75 1.2943650616611762e-07
29.76 1.2887743413149237e-07
29.77 1.283208141975099e-07
29.78 1.2776663516468698e-07
29.79 1.272148859338834e-07
29.8 1.266655555999226e-07
29.810000000000002 1.2611863302883436e-07
29.82 1.2557410744253776e-07
29.830000000000002 1.2503196777851147e-07
29.84 1.2449220331274915e-07
29.85 1.2395480316070126e-07
29.86 1.2341975652796966e-07
29.87 1.2288705274134289e-07
29.88 1.2235668107705858e-07
29.89 1.218286309102878e-07
29.900000000000002 1.2130289155296557e-07
29.91 1.2077945253123807e-07
29.92 1.202583033033263e-07
29.93 1.1973943339610828e-07
29.94 1.1922283223836892e-07
29.95 1.18708489618279e-07
29.96 1.1819639502861842e-07
29.97 1.1768653812533952e-07
29.98 1.1717890881964292e-07
29.990000000000002 1.1667349664716163e-07
