0.0 20.365995129667812
0.01 13.137816858848277
0.02 9.023846173250652
0.03 6.407168351440687
0.04 4.633932891084453
0.05 3.3861274612482406
0.06 2.48850495132629
0.07 1.8346128219119882
0.08 1.3548923385123663
0.09 1.0015658782612555
0.1 0.7407668902288681
0.11 0.5480348947523161
0.12 0.4055114699506767
0.13 0.3000789158815298
0.14 0.22206919262509867
0.15 0.16434343869023244
0.16 0.12162492186498422
0.17 0.09001111599256115
0.18 0.06661492799378378
0.19 0.049300121495043744
0.2 0.03648589211694324
0.21 0.027002392939315563
0.22 0.019983874885228844
0.23 0.014789627716751755
0.24 0.010945480510529106
0.25 0.008100511616989037
0.26 0.005995012338748601
0.27 0.0044367782330573665
0.28 0.0032835630988170654
0.29 0.0024300936667332167
0.3 0.0017984594995313825
0.31 0.0013310007845446672
0.32 0.0009850447511135895
0.33 0.0007290102105551638
0.34 0.0005395246120959872
0.35000000000000003 0.00039929043912851736
0.36 0.000295506175655995
0.37 0.0002186976979599624
0.38 0.0001618534130057046
0.39 0.00011978419318684745
0.4 8.864967794671236e-05
0.41000000000000003 6.56076999060264e-05
0.42 4.855483276043392e-05
0.43 3.5934376418827286e-05
0.44 2.6594250977692062e-05
0.45 1.9681827140158287e-05
0.46 1.4566092494956478e-05
0.47000000000000003 1.0780048471147431e-05
0.48 7.978079576285322e-06
0.49 5.904403296135475e-06
0.5 4.369720551176572e-06
0.51 3.2339352069450767e-06
0.52 2.3933651592212244e-06
0.53 1.7712775361338057e-06
0.54 1.3108840069490835e-06
0.55 9.701567623477618e-07
0.56 7.179919340992047e-07
0.5700000000000001 5.313702253478978e-07
0.58 3.9325555480023526e-07
0.59 2.9103988895875406e-07
0.6 2.1539229625924038e-07
0.61 1.5940715705263037e-07
0.62 1.1797377232572141e-07
0.63 8.730982481649809e-08
0.64 6.46161037255021e-08
0.65 4.7820973979046476e-08
0.66 3.539126348471055e-08
0.67 2.619230489937381e-08
0.68 1.938435558363542e-08
0.6900000000000001 1.4345940261324703e-08
0.7000000000000001 1.0617118587900907e-08
0.71 7.857498710868219e-09
0.72 5.815164018385716e-09
0.73 4.303676501270641e-09
0.74 3.1850574410334095e-09
0.75 2.3571917869958654e-09
0.76 1.7445064095540995e-09
0.77 1.2910712780201427e-09
0.78 9.554937922839843e-10
0.79 7.071401886449446e-10
0.8 5.233390843926967e-10
0.81 3.873118819308166e-10
0.8200000000000001 2.8664110584988875e-10
0.8300000000000001 2.1213685248500445e-10
0.84 1.5699787387023276e-10
0.85 1.1619071420660246e-10
0.86 8.599022225612484e-11
0.87 6.36394945512571e-11
0.88 4.7098206755140854e-11
0.89 3.485635917116481e-11
0.9 2.5796433842709416e-11
0.91 1.90913800185932e-11
0.92 1.4129115413266677e-11
0.93 1.0456651230397596e-11
0.9400000000000001 7.738740307231677e-12
0.9500000000000001 5.727273504989521e-12
0.96 4.2386306425482005e-12
0.97 3.1369184147215585e-12
0.98 2.321565139892311e-12
0.99 1.7181399023543264e-12
1.0 1.2715579991001532e-12
1.01 9.410524386634876e-13
1.02 6.96452456703664e-13
1.03 5.154293262737286e-13
1.04 3.814580418603197e-13
1.05 2.8230880604304895e-13
1.06 2.0893061155762792e-13
1.07 1.546250046454028e-13
1.08 1.1443460526604567e-13
1.09 8.469056419708324e-14
1.1 6.267764586896735e-14
1.11 4.63863634505218e-14
1.12 3.4329539412858784e-14
1.1300000000000001 2.5406545989665398e-14
1.1400000000000001 1.8802832492509523e-14
1.1500000000000001 1.3915567660601475e-14
1.16 1.0298609179968981e-14
1.17 7.621776820648726e-15
1.18 5.640711370693337e-15
1.19 4.1745678883262256e-15
1.2 3.0895069626833985e-15
1.21 2.2864769546953464e-15
1.22 1.6921718991085135e-15
1.23 1.252339644295266e-15
1.24 9.268293519706008e-16
1.25 6.859262593716255e-16
1.26 5.076391164082072e-16
1.27 3.7569267685389813e-16
1.28 2.780419847081834e-16
1.29 2.057728298242291e-16
1.3 1.5228799901680784e-16
1.31 1.127050381935913e-16
1.32 8.341054919775401e-17
1.33 6.173033458824118e-17
1.34 4.568527896083966e-17
1.35 3.381068201965185e-17
1.36 2.5022550909974576e-17
1.37 1.8518646079908955e-17
1.3800000000000001 1.3705247473239161e-17
1.3900000000000001 1.0142955780471967e-17
1.4000000000000001 7.506581122704483e-18
1.41 5.555457538347005e-18
1.42 4.111473379942259e-18
1.43 3.042812088345734e-18
1.44 2.251919093080209e-18
1.45 1.6665963768193735e-18
1.46 1.2334117561161035e-18
1.47 9.128212333143099e-19
1.48 6.755591552112813e-19
1.49 4.999666479412759e-19
1.5 3.7001444969754035e-19
1.51 2.7383965220226772e-19
1.52 2.0266277487151327e-19
1.53 1.4998631494128644e-19
1.54 1.1100161183487614e-19
1.55 8.214988037251207e-20
1.56 6.079734099048118e-20
1.57 4.49947906771351e-20
1.58 3.329966664818741e-20
1.59 2.464435954013423e-20
1.6 1.8238754866828937e-20
1.61 1.3498106069688591e-20
1.62 9.98965492978541e-21
1.6300000000000001 7.393126495003772e-21
1.6400000000000001 5.471492234246822e-21
1.6500000000000001 4.04933248330796e-21
1.6600000000000001 2.996822961337902e-21
1.67 2.21788353972493e-21
1.68 1.6414074035213305e-21
1.69 1.2147699444438654e-21
1.7 8.990248336631105e-22
1.71 6.653487396850283e-22
1.72 4.924101413269153e-22
1.73 3.644220433879161e-22
1.74 2.6970083383976034e-22
1.75 1.9959972535589613e-22
1.76 1.4771941856812866e-22
1.77 1.0932393109859342e-22
1.78 8.090826532286833e-23
1.79 5.987844867792022e-23
1.8 4.431473844812426e-23
1.81 3.2796374773981056e-23
1.82 2.4271884162749498e-23
1.83 1.796309393553201e-23
1.84 1.3294095405743418e-23
1.85 9.838671071436185e-24
1.86 7.281386622973622e-24
1.87 5.3887959835493856e-24
1.8800000000000001 3.988130785514999e-24
1.8900000000000001 2.951528914979679e-24
1.9000000000000001 2.1843624004512774e-24
1.9100000000000001 1.6165991369046502e-24
1.92 1.1964098855121051e-24
1.93 8.854369530914296e-25
1.94 6.552926445975077e-25
1.95 4.849678439152046e-25
1.96 3.5891416082691167e-25
1.97 2.656245696665387e-25
1.98 1.9658297083619554e-25
1.99 1.4548678411525876e-25
2.0 1.0767160686485481e-25
2.0100000000000002 7.968541606965018e-26
2.02 5.897344452343211e-26
2.0300000000000002 4.36449645430529e-26
2.04 3.2300689663929754e-26
2.05 2.3905038386188283e-26
2.06 1.7691599349448798e-26
2.07 1.3093168163338255e-26
2.08 9.689969186352525e-27
2.09 7.171335589760144e-27
2.1 5.307349605754375e-27
2.11 3.927854091491992e-27
2.12 2.9069194438072335e-27
2.13 2.1513479003938622e-27
2.14 1.592165822960428e-27
2.15 1.1783273209038826e-27
2.16 8.720544400374251e-28
2.17 6.4538853754630195e-28
2.18 4.776380295458077e-28
2.19 3.5348952452078195e-28
2.2 2.6160991423724767e-28
2.21 1.9361181160885136e-28
2.22 1.4328789374727838e-28
2.23 1.0604425589493837e-28
2.24 7.848104898621001e-29
2.25 5.808211862109896e-29
2.2600000000000002 4.2985313615113403e-29
2.27 3.181249634923777e-29
2.2800000000000002 2.3543737124542605e-29
2.29 1.7424208138348594e-29
2.3000000000000003 1.2895277739573694e-29
2.31 9.543514784741604e-30
2.32 7.062947870217326e-30
2.33 5.227134210255998e-30
2.34 3.86848842071211e-30
2.35 2.862984201136581e-30
2.36 2.1188323821966687e-30
2.37 1.568101794645927e-30
2.38 1.1605180565640302e-30
2.39 8.588741905720724e-31
2.4 6.356341213809826e-31
2.41 4.7041899814762e-31
2.42 3.4814687628384703e-31
2.43 2.576559363960114e-31
2.44 1.9068555854564347e-31
2.45 1.4112223745536953e-31
2.46 1.0444150074239958e-31
2.47 7.729488473263727e-32
2.48 5.720426423752383e-32
2.49 4.233563266541339e-32
2.5 3.1331681598749727e-32
2.5100000000000002 2.3187896577896082e-32
2.52 1.7160858283733985e-32
2.5300000000000002 1.270037823590801e-32
2.54 9.399273898090332e-33
2.5500000000000003 6.956198324986711e-33
2.56 5.14813119196145e-33
2.57 3.810020003950568e-33
2.58 2.819712996663659e-33
2.59 2.0868083042372446e-33
2.6 1.544401470570272e-33
2.61 1.1429779618264607e-33
2.62 8.458931476791336e-34
2.63 6.260271336702843e-34
2.64 4.633090753444508e-34
2.65 3.4288497694668237e-34
2.66 2.537617190604676e-34
2.67 1.8780353293384084e-34
2.68 1.3898931293899136e-34
2.69 1.028629696655306e-34
2.7 7.61266481909735e-35
2.71 5.633967776388479e-35
2.72 4.169577100748724e-35
2.73 3.085813389268773e-35
2.74 2.283743421288552e-35
2.75 1.6901488704456945e-35
2.7600000000000002 1.2508424447511012e-35
2.77 9.257213071285977e-36
2.7800000000000002 6.851062194666746e-36
2.79 5.070322226975842e-36
2.8000000000000003 3.75243528009096e-36
2.81 2.777095794101019e-36
2.82 2.0552682388772634e-36
2.83 1.521059353699771e-36
2.84 1.1257029684560619e-36
2.85 8.331083005462356e-37
2.86 6.165653461773983e-37
2.87 4.563066120666474e-37
2.88 3.3770260606867927e-37
2.89 2.4992635900905818e-37
2.9 1.8496506631880199e-37
2.91 1.3688862548939212e-37
2.92 1.0130829654113047e-37
2.93 7.497606840139517e-38
2.94 5.548815866870796e-38
2.95 4.106558023235017e-38
2.96 3.039174339678769e-38
2.97 2.249226874355797e-38
2.98 1.6646039242550378e-38
2.99 1.2319371852778746e-38
3.0 9.117299354857633e-39
3.0100000000000002 6.747515094070043e-39
3.02 4.9936892683517696e-39
3.0300000000000002 3.69572089297986e-39
3.04 2.7351227088497163e-39
3.0500000000000003 2.02420487073997e-39
3.06 1.4980700300831044e-39
3.0700000000000003 1.1086890697050507e-39
3.08 8.205166838664392e-40
3.09 6.0724656434313454e-40
3.1 4.494099841686571e-40
3.11 3.3259856165501405e-40
3.12 2.4614896667152428e-40
3.13 1.8216950034891255e-40
3.14 1.348196878748509e-40
3.15 9.977712077959804e-41
3.16 7.384287849937559e-41
3.17 5.464950945135412e-41
3.18 4.044491417407161e-41
3.19 2.9932401936821226e-41
3.2 2.2152320112519372e-41
3.21 1.6394450649276944e-41
3.22 1.2133176603008273e-41
3.23 8.979500297332878e-42
3.24 6.645533006567177e-42
3.25 4.918214541904063e-42
3.2600000000000002 3.6398636883290805e-42
3.27 2.693784005706966e-42
3.2800000000000002 1.9936109950133413e-42
3.29 1.4754281675954427e-42
3.3000000000000003 1.0919323193838259e-42
3.31 8.081153771505652e-43
3.3200000000000003 5.980686267768832e-43
3.33 4.4261759205227224e-43
3.34 3.2757165987781933e-43
3.35 2.4242866592260512e-43
3.36 1.7941618662290905e-43
3.37 1.327820202276832e-43
3.38 9.826908724128533e-44
3.39 7.272681565378002e-44
3.4 5.382353559621602e-44
3.41 3.9833628875878337e-44
3.42 2.9480002973508854e-44
3.43 2.181750947236358e-44
3.44 1.614666457138505e-44
3.45 1.1949795512226864e-44
3.46 8.843783937712052e-45
3.47 6.545092278516858e-45
3.48 4.84388054208669e-45
3.49 3.5848507106644726e-45
3.5 2.6530700966080436e-45
3.5100000000000002 1.9634795157790647e-45
3.52 1.4531285147018688e-45
3.5300000000000002 1.0754288309454712e-45
3.54 7.959015040497243e-46
3.5500000000000003 5.890294047553979e-46
3.56 4.359278602956718e-46
3.5700000000000003 3.2262073480164164e-46
3.58 2.3876459387880194e-46
3.59 1.767044865394682e-46
3.6 1.30775149932935e-46
3.61 9.678384615413819e-47
3.62 7.16276210059133e-47
3.63 5.30100455275964e-47
3.64 3.9231582556760554e-47
3.65 2.903444157780801e-47
3.66 2.148775916738708e-47
3.67 1.5902623537576314e-47
3.68 1.1769186047175014e-47
3.69 8.710118798054221e-48
3.7 6.446169613779431e-48
3.71 4.770670027933088e-48
3.72 3.5306692003214056e-48
3.73 2.6129715384023274e-48
3.74 1.933803444366606e-48
3.75 1.4311658992392765e-48
3.7600000000000002 1.0591747765845006e-48
3.77 7.838722316882709e-49
3.7800000000000002 5.8012680172894176e-49
3.79 4.293392372879692e-49
3.8000000000000003 3.177446381129962e-49
3.81 2.3515590069826927e-49
3.8200000000000003 1.7403377114910855e-49
3.83 1.2879861151875912e-49
3.84 9.532105303255931e-50
3.85 7.054503960947199e-50
3.86 5.220885056528024e-50
3.87 3.863863557859197e-50
3.88 2.85956144065747e-50
3.89 2.116299271557509e-50
3.9 1.5662270945173887e-50
3.91 1.1591306317442476e-50
3.92 8.578473876177225e-51
3.93 6.348742068313321e-51
3.94 4.6985660190567617e-51
3.95 3.477306590484891e-51
3.96 2.5734790306633247e-51
3.97 1.904575897732457e-51
3.98 1.4095352272166815e-51
3.99 1.0431663863489014e-51
4.0 7.72024770006658e-52
4.01 5.713587528351256e-52
4.0200000000000005 4.2285019486937644e-52
4.03 3.1294223885403284e-52
4.04 2.316017493836761e-52
4.05 1.7140342100830432e-52
4.0600000000000005 1.268519465484655e-52
4.07 9.388036859751819e-53
4.08 6.947882037141961e-53
4.09 5.141976488076628e-53
4.1 3.8054650413738218e-53
4.11 2.8163419678596627e-53
4.12 2.0843134790864844e-53
4.13 1.542555104699566e-53
4.14 1.1416115065751062e-53
4.15 8.448818638465934e-54
4.16 6.252787044854053e-54
4.17 4.6275517917134083e-54
4.18 3.424750504275251e-54
4.19 2.5345834135312057e-54
4.2 1.8757900968634677e-54
4.21 1.3882314816338697e-54
4.22 1.0273999472658708e-54
4.23 7.603563711143913e-55
4.24 5.62723224419869e-55
4.25 4.16459227976745e-55
4.26 3.0821242316023127e-55
4.2700000000000005 2.28101315588097e-55
4.28 1.6881282603580523e-55
4.29 1.2493470351418762e-55
4.3 9.246145869785605e-56
4.3100000000000005 6.84287159937432e-56
4.32 5.064260545417079e-56
4.33 3.747949161316005e-56
4.34 2.7737757150984932e-56
4.3500000000000005 2.0528111205671823e-56
4.36 1.5192408938423399e-56
4.37 1.1243571658385973e-56
4.38 8.321123012791897e-57
4.39 6.158282287672507e-57
4.4 4.557610874921491e-57
4.41 3.372988751876986e-57
4.42 2.4962756655887114e-57
4.43 1.8474393652047448e-57
4.44 1.3672497213175762e-57
4.45 1.0118718024804392e-57
4.46 7.488643286526523e-58
4.47 5.542182135658719e-58
4.48 4.101648542944651e-58
4.49 3.03554094002017e-58
4.5 2.246537874238066e-58
4.51 1.6626138537114936e-58
4.5200000000000005 1.2304643773214448e-58
4.53 9.106399423277146e-59
4.54 6.73944829161021e-59
4.55 4.987719203177924e-59
4.5600000000000005 3.691302577500055e-59
4.57 2.731852809592272e-59
4.58 2.021784889368658e-59
4.59 1.4962790544668878e-59
4.6000000000000005 1.1073636075771571e-59
4.61 8.195357381536028e-60
4.62 6.065205877412696e-60
4.63 4.488727046642435e-60
4.64 3.322009327712115e-60
4.65 2.458546901768224e-60
4.66 1.819517127110883e-60
4.67 1.3465850797756906e-60
4.68 9.965783504075803e-61
4.69 7.375459771665553e-61
4.7 5.45841747627881e-61
4.71 4.0396561391069486e-61
4.72 2.989661709303705e-61
4.73 2.2125836527394256e-61
4.74 1.637485072352902e-61
4.75 1.2118671123953976e-61
4.76 8.96876510755177e-62
4.7700000000000005 6.637588125932321e-62
4.78 4.912334708422923e-62
4.79 3.635512151364025e-62
4.8 2.6905635277769386e-62
4.8100000000000005 1.9912275892922533e-62
4.82 1.4736642608229676e-62
4.83 1.0906268903188777e-62
4.84 8.071492574722328e-63
4.8500000000000005 5.973536226009203e-63
4.86 4.4208843300178406e-63
4.87 3.2718004076547435e-63
4.88 2.4213883712914396e-63
4.89 1.792016906321052e-63
4.9 1.3262327640681754e-63
4.91 9.815160438965438e-64
4.92 7.263986914869887e-64
4.93 5.3759188377530134e-64
4.94 3.97860068978725e-64
4.95 2.9444758982619292e-64
4.96 2.1791426160711314e-64
4.97 1.61273608793347e-64
4.98 1.1935509269293189e-64
4.99 8.833210999818861e-65
5.0 6.537267476978092e-65
5.01 4.838089576534726e-65
5.0200000000000005 3.580564942922111e-65
5.03 2.649898293050244e-65
5.04 1.9611321329030134e-65
5.05 1.4513912676541351e-65
5.0600000000000005 1.0741431321633417e-65
5.07 7.949499863248814e-66
5.08 5.883252071678573e-66
5.09 4.354066989664009e-66
5.1000000000000005 3.222350346289398e-66
5.11 2.3847914556392637e-66
5.12 1.7649323244565377e-66
5.13 1.3061880536957255e-66
5.14 9.666813894083911e-67
5.15 7.154198861216925e-67
5.16 5.2946670854150525e-67
5.17 3.918468033835035e-67
5.18 2.8999730265351256e-67
5.19 2.1462070079464907e-67
5.2 1.5883611601940415e-67
5.21 1.1755115726823043e-67
5.22 8.699705659770569e-68
5.23 6.438463076458268e-68
5.24 4.764966587158178e-68
5.25 3.526448207764451e-68
5.26 2.6098476735514387e-68
5.2700000000000005 1.9314915398855684e-68
5.28 1.4294549089805723e-68
5.29 1.0579085098812882e-68
5.3 7.829350952226912e-69
5.3100000000000005 5.794332473988064e-69
5.32 4.288259528021676e-69
5.33 3.173647674209571e-69
5.34 2.348747666553289e-69
5.3500000000000005 1.7382570995418803e-69
5.36 1.286446299504725e-69
5.37 9.520709462055774e-70
5.38 7.04607014655612e-70
5.39 5.214643373800553e-70
5.4 3.8592442241313794e-70
5.41 2.85614277216371e-70
5.42 2.1137691893077418e-70
5.43 1.564354635633997e-70
5.44 1.157744865621286e-70
5.45 8.568218122288271e-71
5.46 6.341152007762302e-71
5.47 4.692948780207889e-71
5.48 3.4731493940997556e-71
5.49 2.5704023799725944e-71
5.5 1.9022989354252386e-71
5.51 1.4078500969013962e-71
5.5200000000000005 1.0419192580277347e-71
5.53 7.711017974416483e-72
5.54 5.70675680899959e-72
5.55 4.2234466817628756e-72
5.5600000000000005 3.12568109535761e-72
5.57 2.313248644066759e-72
5.58 1.71198504454738e-72
5.59 1.2670029226090016e-72
5.6000000000000005 9.376813255539388e-73
5.61 6.93957569160204e-73
5.62 5.135829142275449e-73
5.63 3.8009155243547484e-73
5.64 2.8129749691946643e-73
5.65 2.0818216365539448e-73
5.66 1.5407109461998013e-73
5.67 1.1402466849509933e-73
5.68 8.438717890261053e-74
5.69 6.245311700640511e-74
5.7 4.62201945193262e-74
5.71 3.4206561398452763e-74
5.72 2.53155326340488e-74
5.73 1.8735475486132255e-74
5.74 1.3865718204141658e-74
5.75 1.0261716680688046e-74
5.76 7.594473483764989e-75
5.7700000000000005 5.620504764485537e-75
5.78 4.1596134182490585e-75
5.79 3.078439484404807e-75
5.8 2.2782861545657e-75
5.8100000000000005 1.6861100659541396e-75
5.82 1.2478534133276583e-75
5.83 9.23509189936712e-76
5.84 6.83469079611871e-76
5.8500000000000005 5.0582061107317965e-76
5.86 3.743468405794553e-76
5.87 2.770459605323319e-76
5.88 2.0503569397960827e-76
5.89 1.5174246079936422e-76
5.9 1.1230129721577133e-76
5.91 8.311174927511266e-77
5.92 6.1509199259713515e-77
5.93 4.552162151042519e-77
5.94 3.3689562697585626e-77
5.95 2.4932913132161926e-77
5.96 1.8452307108767647e-77
5.97 1.3656151442531156e-77
5.98 1.0106620875214525e-77
5.99 7.479690449038593e-78
6.0 5.535556335217891e-78
6.01 4.096744932045894e-78
6.0200000000000005 3.031911884170647e-78
6.03 2.2438520888788944e-78
6.04 1.6606261623409832e-78
6.05 1.22899333013932e-78
6.0600000000000005 9.095512522804337e-79
6.07 6.731391133189853e-79
6.08 4.981756275348016e-79
6.09 3.686889544213531e-79
6.1000000000000005 2.728586819571192e-79
6.11 2.0193678011381852e-79
6.12 1.4944902200013264e-79
6.13 1.1060397300683267e-79
6.140000000000001 8.18555965182918e-80
6.15 6.0579547906038186e-80
6.16 4.483360674892753e-80
6.17 3.318037792614709e-80
6.18 2.4556076549613872e-80
6.19 1.817341854431673e-80
6.2 1.3449752077439178e-80
6.21 9.95386919106367e-81
6.22 7.366642247555182e-81
6.23 5.451891818327613e-81
6.24 4.034826641488119e-81
6.25 2.9860875030819402e-81
6.26 2.2099384603977643e-81
6.2700000000000005 1.6355274229922944e-81
6.28 1.2104182986518236e-81
6.29 8.958042751925645e-82
6.3 6.62965274357691e-82
6.3100000000000005 4.90646190441182e-82
6.32 3.631165816756911e-82
6.33 2.6873468999988407e-82
6.34 1.9888470329850127e-82
6.3500000000000005 1.471902462839793e-82
6.36 1.0893230219230416e-82
6.37 8.061842928111901e-83
6.38 5.9663947322816715e-83
6.390000000000001 4.415599065725602e-83
6.4 3.2678888984237752e-83
6.41 2.4184935483236613e-83
6.42 1.7898745107596587e-83
6.43 1.3246472236767358e-83
6.44 9.803426199134813e-84
6.45 7.255302659007375e-84
6.46 5.369491808735715e-84
6.47 3.973844185298877e-84
6.48 2.9409557126694743e-84
6.49 2.1765374032230565e-84
6.5 1.610808026527185e-84
6.51 1.1921240105876983e-84
6.5200000000000005 8.822650702105088e-85
6.53 6.529452030161202e-85
6.54 4.8323055342089663e-85
6.55 3.5762842989093465e-85
6.5600000000000005 2.6467302814532826e-85
6.57 1.9587875563747352e-85
6.58 1.4496560975233738e-85
6.59 1.0728589704623688e-85
6.6000000000000005 7.939996061603723e-86
6.61 5.8762185146398714e-86
6.62 4.348861606969368e-86
6.63 3.218497955692729e-86
6.640000000000001 2.3819403850876908e-86
6.65 1.762822309107498e-86
6.66 1.3046264771956866e-86
6.67 9.655257005805428e-87
6.68 7.145645859383532e-87
6.69 5.288337194651836e-87
6.7 3.9137834192571587e-87
6.71 2.8965060451030335e-87
6.72 2.1436411703412043e-87
6.73 1.586462239549104e-87
6.74 1.1741062227847346e-87
6.75 8.68930497062239e-88
6.76 6.430765752471972e-88
6.7700000000000005 4.759269964972021e-88
6.78 3.5222322614967846e-88
6.79 2.606727543349537e-88
6.8 1.9291823993371583e-88
6.8100000000000005 1.4277459642482934e-88
6.82 1.0566437570277098e-88
6.83 7.81999079124323e-89
6.84 5.787405222280937e-89
6.8500000000000005 4.2831328195924574e-89
6.86 3.169853508726717e-89
6.87 2.3459396871431016e-89
6.88 1.7361789750100216e-89
6.890000000000001 1.2849083247053195e-89
6.9 9.509327244834006e-90
6.91 7.037646414975238e-90
6.92 5.2084091531417665e-90
6.93 3.854630412918576e-90
6.94 2.8527281907630814e-90
6.95 2.1112421318268606e-90
6.96 1.562484415316317e-90
6.97 1.1563607562122034e-90
6.98 8.557974629378414e-91
6.99 6.333571021295248e-91
7.0 4.6873382568913394e-91
7.01 3.4689971677342826e-91
7.0200000000000005 2.5673294074853236e-91
7.03 1.9000246952764302e-91
7.04 1.4061669811963255e-91
7.05 1.0406736206758462e-91
7.0600000000000005 7.70179928310618e-92
7.07 5.6999342559229815e-92
7.08 4.218397458514548e-92
7.09 3.121944274973133e-92
7.1000000000000005 2.3104831045174573e-92
7.11 1.7099383288341113e-92
7.12 1.2654881927936211e-92
7.13 9.365603069392511e-93
7.140000000000001 6.931279276480507e-93
7.15 5.1296891457609424e-93
7.16 3.7963714463832254e-93
7.17 2.809611995850464e-93
7.18 2.0793327730739583e-93
7.19 1.5388689924320182e-93
7.2 1.1388834950011015e-93
7.21 8.428629217722208e-94
7.22 6.237845293365302e-94
7.23 4.6164937261855207e-94
7.24 3.416566670317836e-94
7.25 2.5285267358895313e-94
7.26 1.8713076813787392e-94
7.2700000000000005 1.3849141433559134e-94
7.28 1.0249448573065045e-94
7.29 7.585394123952394e-95
7.3 5.613785327622265e-95
7.3100000000000005 4.154640509068941e-95
7.32 3.074759142403487e-95
7.33 2.2755624134403178e-95
7.34 1.6840942843460008e-95
7.3500000000000005 1.2463615771710816e-95
7.36 9.22405114421326e-96
7.37 6.826519773192836e-96
7.38 5.052158914256269e-96
7.390000000000001 3.738993007114718e-96
7.4 2.7671474600301977e-96
7.41 2.047905693051927e-96
7.42 1.515610493554516e-96
7.43 1.1216703854899232e-96
7.44 8.301238735385031e-97
7.45 6.143566366135102e-97
7.46 4.546719941232591e-97
7.47 3.3649286085611543e-97
7.48 2.490310528702467e-97
7.49 1.843024697043533e-97
7.5 1.3639825213613898e-97
7.51 1.0094538188032913e-97
7.5200000000000005 7.47074831486447e-98
7.53 5.528938456066984e-98
7.54 4.0918471835215256e-98
7.55 3.0282871669370813e-98
7.5600000000000005 2.2411695144351596e-98
7.57 1.6586408472991526e-98
7.58 1.227524041626368e-98
7.59 9.084638637860362e-99
7.6000000000000005 6.723343607279309e-99
7.61 4.9758004763292655e-99
7.62 3.682481786805099e-99
7.63 2.7253247341129754e-99
7.640000000000001 2.016953602589768e-99
7.65 1.4927035241266057e-99
7.66 1.1047174352841283e-99
7.67 8.17577363552357e-100
7.68 6.050712372628616e-100
7.69 4.4780007187583343e-100
7.7 3.3140710055747215e-100
7.71 2.45267192208858e-100
7.72 1.8151691823387683e-100
7.73 1.3433672603495093e-100
7.74 9.941969121874364e-101
7.75 7.357835264988085e-101
7.76 5.44537396194379e-101
7.7700000000000005 4.030002917639741e-101
7.78 2.982517569902197e-101
7.79 2.2072964304415682e-101
7.8 1.633572114044531e-101
7.8100000000000005 1.2089712169968937e-101
7.82 8.947333215111117e-102
7.83 6.621726848145164e-102
7.84 4.90059612146701e-102
7.8500000000000005 3.626824678288259e-102
7.86 2.6841341177699593e-102
7.87 1.9864693226851104e-102
7.88 1.470142771124835e-102
7.890000000000001 1.0880207123305038e-102
7.9 8.05220481786589e-103
7.91 5.959261776366537e-103
7.92 4.410320120083007e-103
7.930000000000001 3.2639820654879833e-103
7.94 2.4156021861803065e-103
7.95 1.7877346764792021e-103
7.96 1.32306357883365e-103
7.97 9.791705987846127e-104
7.98 7.24662878536344e-104
7.99 5.363072463372735e-104
8.0 3.969093367315953e-104
8.01 2.937439735536277e-104
8.02 2.1739353049642103e-104
8.03 1.608882270160694e-104
8.040000000000001 1.190698800155829e-104
8.05 8.812103029459117e-105
8.06 6.52164592688241e-105
8.07 4.8265284068329514e-105
8.08 3.572008772500394e-105
8.09 2.6435660572838255e-105
8.1 1.9564457828392354e-105
8.11 1.4479230018266462e-105
8.120000000000001 1.0715763440048465e-105
8.13 7.930503621962187e-106
8.14 5.869193366373057e-106
8.15 4.3436624474240413e-106
8.16 3.214650170713429e-106
8.17 2.3790927230537026e-106
8.18 1.7607148163281906e-106
8.19 1.3030667675946804e-106
8.2 9.643713934040929e-107
8.21 7.137103082851236e-107
8.22 5.2820148714120193e-107
8.23 3.909104405238878e-107
8.24 2.893043208523373e-107
8.25 2.141078400251056e-107
8.26 1.584565589105495e-107
8.27 1.1727025530138936e-107
8.28 8.67891671572672e-108
8.290000000000001 6.4230776308051566e-108
8.3 4.753580153222776e-108
8.31 3.518021355485457e-108
8.32 2.603611143331805e-108
8.33 1.9268760194169243e-108
8.34 1.4260390625970079e-108
8.35 1.0553805162139698e-108
8.36 7.810641820537538e-109
8.370000000000001 5.780486252255174e-109
8.38 4.278012240255741e-109
8.39 3.1660638792520117e-109
8.4 2.3431350647339575e-109
8.41 1.7341033349216239e-109
8.42 1.2833721885885948e-109
8.43 9.497958635303131e-110
8.44 7.029232754150633e-110
8.45 5.2021823856308195e-110
8.46 3.8500221176181704e-110
8.47 2.8493176915695776e-110
8.48 2.1087180954986888e-110
8.49 1.560616430888094e-110
8.5 1.154978301536279e-110
8.51 8.547743382789262e-111
8.52 6.3259990980641605e-111
8.53 4.681734441078613e-111
8.540000000000001 3.4648499054464084e-111
8.55 2.5642601088040657e-111
8.56 1.8977531740316582e-111
8.57 1.404485877693079e-111
8.58 1.0394294725107936e-111
8.59 7.6925916129439845e-112
8.6 5.693119859358713e-112
8.61 4.213354271723607e-112
8.620000000000001 3.118211922039215e-112
8.63 2.3077208712314134e-112
8.64 1.7078940600143717e-112
8.65 1.263975273870996e-112
8.66 9.3544062852688e-113
8.67 6.922992779905625e-113
8.68 5.123556489747385e-113
8.69 3.7918328009569136e-113
8.700000000000001 2.806253043014662e-113
8.71 2.0768468850848547e-113
8.72 1.537029240760411e-113
8.73 1.1375219347746962e-113
8.74 8.418552606412913e-114
8.75 6.2303878123435855e-114
8.76 4.610974606565018e-114
8.77 3.4124820898410135e-114
8.78 2.5255038266544286e-114
8.790000000000001 1.86907049195461e-114
8.8 1.3832584480870235e-114
8.81 1.0237195132234096e-114
8.82 7.57632561871361e-115
8.83 5.607073923993152e-115
8.84 4.1496735451109445e-115
8.85 3.0710832003319325e-115
8.86 2.27284192860726e-115
8.870000000000001 1.6820809126489422e-115
8.88 1.2448715245374236e-115
8.89 9.213023588524888e-116
8.9 6.818358518904293e-116
8.91 5.046118947336916e-116
8.92 3.7345229588723833e-116
8.93 2.763839274479504e-116
8.94 2.0454573768271374e-116
8.950000000000001 1.5137985479289505e-116
8.96 1.1203294039139118e-116
8.97 8.29131442219443e-117
8.98 6.136221597641459e-117
8.99 4.541284237703993e-117
9.0 3.3609057625211484e-117
9.01 2.487333307782152e-117
9.02 1.8408213205482792e-117
9.03 1.3623518503062191e-117
9.040000000000001 1.0082469945968286e-117
9.05 7.461816871208107e-118
9.06 5.522328488735763e-118
9.07 4.086955290363065e-118
9.08 3.0246667831325605e-118
9.09 2.238490147068204e-118
9.1 1.6566579057450964e-118
9.11 1.2260565096801663e-118
9.120000000000001 9.073777752884093e-119
9.13 6.715305702362512e-119
9.14 4.969851797599023e-119
9.15 3.678079298967332e-119
9.16 2.722066548549477e-119
9.17 2.014542290268727e-119
9.18 1.4909189642861635e-119
9.19 1.1033967213324115e-119
9.200000000000001 8.165999318615106e-120
9.21 6.0434786131227924e-120
9.22 4.472647170569043e-120
9.23 3.3101089609157436e-120
9.24 2.449739698948816e-120
9.25 1.812999107723008e-120
9.26 1.3417612352915184e-120
9.27 9.93008327947936e-121
9.28 7.349038811362452e-121
9.290000000000001 5.438863897800395e-121
9.3 4.025184960659146e-121
9.31 2.9789519046560454e-121
9.32 2.2046575590902e-121
9.33 1.631619142711457e-121
9.34 1.2075258653598922e-121
9.35 8.936636481783017e-122
9.36 6.613810428295636e-122
9.370000000000001 4.894737351194095e-122
9.38 3.6224887297459715e-122
9.39 2.680925176492781e-122
9.4 1.9840944549901394e-122
9.41 1.4683851831599206e-122
9.42 1.0867199596776805e-122
9.43 8.042578230192541e-123
9.44 5.9521373480568284e-123
9.450000000000001 4.405047485535595e-123
9.46 3.260079903256662e-123
9.47 2.4127142807238844e-123
9.48 1.7855974004175647e-123
9.49 1.3214818272727863e-123
9.5 9.779999788327118e-124
9.51 7.237965281526321e-124
9.52 5.356660792478246e-124
9.53 3.964348229040248e-124
9.540000000000001 2.9339279618307798e-124
9.55 2.171336317570785e-124
9.56 1.6069588160781344e-124
9.57 1.1892752935943605e-124
9.58 8.801567966787657e-125
9.59 6.513849155971868e-125
9.6 4.820758186139846e-125
9.61 3.567738357577248e-125
9.620000000000001 2.6404056160137685e-125
9.63 1.9541068089453078e-125
9.64 1.4461919780837574e-125
9.65 1.0702952509554794e-125
9.66 7.921022530740684e-126
9.67 5.862176616825423e-126
9.68 4.3384695035881157e-126
9.69 3.210806985845837e-126
9.700000000000001 2.3762484654620712e-126
9.71 1.7586098431027284e-126
9.72 1.3015089226606768e-126
9.73 9.632184662271368e-127
9.74 7.128570519396275e-127
9.75 5.275700106648466e-127
9.76 3.90443098508471e-127
9.77 2.8895845118408815e-127
9.78 2.1385186940088853e-127
9.790000000000001 1.582671206149094e-127
9.8 1.1713005613610526e-127
9.81 8.668540880217392e-128
9.82 6.415398700457162e-128
9.83 4.747897143768552e-128
9.84 3.51381548370473e-128
9.85 2.6004984690387993e-128
9.86 1.9245723968245293e-128
9.870000000000001 1.4243342015840467e-128
9.88 1.0541187856322716e-128
9.89 7.801304026731614e-129
9.9 5.773575554010335e-129
9.91 4.2728977826843035e-129
9.92 3.162278780362648e-129
9.93 2.3403337953124888e-129
9.94 1.732030176306579e-129
9.950000000000001 1.2818378889562193e-129
9.96 9.48660361719405e-130
9.97 7.020829152041695e-130
9.98 5.195963062356865e-130
9.99 3.845419331636097e-130
