0.0 4.176428601287089
0.01 3.8195841312961405
0.02 3.4975523168461167
0.03 3.2057996472923884
0.04 2.9406830443268497
0.05 2.6992190092865656
0.06 2.478920951848689
0.07 2.277682560099676
0.08 2.0936929819570707
0.09 1.92537441646101
0.1 1.7713357471742925
0.11 1.6303378075729476
0.12 1.5012671637178858
0.13 1.38311617735449
0.14 1.2749677209757428
0.15 1.1759833468360597
0.16 1.0853940221207043
0.17 1.0024927695566437
0.18 0.9266287210380357
0.19 0.857202217665562
0.2 0.7936606841881685
0.21 0.7354950771007043
0.22 0.6822367593105197
0.23 0.6334546945696785
0.24 0.5887528849640413
0.25 0.5477679970894829
0.26 0.5101671390003615
0.27 0.47564576202739445
0.28 0.44392567023758533
0.29 0.4147531264909107
0.3 0.3878970483740563
0.31 0.36314729023753534
0.32 0.3403130094839123
0.33 0.3192211164154076
0.34 0.29971480754611385
0.35000000000000003 0.28165218246709534
0.36 0.2649049442377835
0.37 0.24935718295631656
0.38 0.2349042417091771
0.39 0.22145166357722068
0.4 0.20891421782999178
0.41000000000000003 0.1972150029118222
0.42 0.1862846233409119
0.43 0.1760604372270366
0.44 0.1664858707775169
0.45 0.15750979591062597
0.46 0.1490859669310602
0.47000000000000003 0.14117251213937163
0.48 0.13373147623905413
0.49 0.12672840946190564
0.5 0.12013199944384162
0.51 0.11391374203870995
0.52 0.10804764744637729
0.53 0.1025099782437039
0.54 0.097279016134348
0.55 0.09233485446818965
0.56 0.08765921381733374
0.5700000000000001 0.08323527812816447
0.58 0.07904754919391753
0.59 0.07508171740687221
0.6 0.07132454695156708
0.61 0.06776377378917697
0.62 0.06438801495771514
0.63 0.06118668787288566
0.64 0.05814993846040869
0.65 0.05526857708295708
0.66 0.0525340213441422
0.67 0.049938244959066784
0.68 0.04747373197669371
0.6900000000000001 0.04513343572456158
0.7000000000000001 0.04291074192211971
0.71 0.04079943547603582
0.72 0.03879367053010226
0.73 0.03688794339462324
0.74 0.035077068026157565
0.75 0.03335615376890021
0.76 0.03172058510444412
0.77 0.030166003187737468
0.78 0.028688288974258517
0.79 0.027283547767231863
0.8 0.025948095034516335
0.81 0.02467844336297784
0.8200000000000001 0.023471290434041163
0.8300000000000001 0.022323507917984847
0.84 0.021232131196654513
0.85 0.020194349834846415
0.86 0.019207498729851242
0.87 0.018269049876719283
0.88 0.017376604693863273
0.89 0.016527886859784624
0.9 0.015720735617109224
0.91 0.014953099504847482
0.92 0.014223030483939691
0.93 0.013528678424786042
0.9400000000000001 0.012868285928656941
0.9500000000000001 0.012240183457691779
0.96 0.011642784750671207
0.97 0.011074582503933707
0.98 0.010534144298738824
0.99 0.010020108758089267
1.0 0.00953118191754038
1.01 0.00906613379587349
1.02 0.00862379515270915
1.03 0.008203054421207433
1.04 0.007802854804959965
1.05 0.0074221915290365965
1.06 0.007060109235921302
1.07 0.006715699517765975
1.08 0.006388098577018239
1.09 0.006076485008046612
1.1 0.005780077692901423
1.11 0.00549813380481785
1.12 0.005229946913494459
1.1300000000000001 0.004974845186570446
1.1400000000000001 0.004732189682082252
1.1500000000000001 0.004501372727008012
1.16 0.004281816377310186
1.17 0.004072970955164856
1.18 0.0038743136593235297
1.19 0.003685347244791087
1.2 0.003505598768224539
1.21 0.003334618395662482
1.22 0.0031719782693861304
1.23 0.0030172714308911042
1.24 0.002870110797115444
1.25 0.0027301281872250424
1.26 0.002596973397403351
1.27 0.0024703133212290204
1.28 0.0023498311133533308
1.29 0.0022352253943099614
1.3 0.0021262094944030883
1.31 0.002022510734726625
1.32 0.001923869743468204
1.33 0.0018300398057464237
1.34 0.0017407862453196164
1.35 0.0016558858365890612
1.36 0.00157512624539969
1.37 0.0014983054972170012
1.3800000000000001 0.0014252314713306005
1.3900000000000001 0.001355721419802569
1.4000000000000001 0.0012896015099431648
1.41 0.001226706389157184
1.42 0.0011668787710620184
1.43 0.001109969041833172
1.44 0.0010558348857848193
1.45 0.0010043409292422836
1.46 0.0009553584018099473
1.47 0.0009087648141824791
1.48 0.0008644436516893095
1.49 0.0008222840828022797
1.5 0.0007821806818742967
1.51 0.0007440331654128895
1.52 0.0007077461412267963
1.53 0.0006732288698162223
1.54 0.000640395037408339
1.55 0.0006091625400689451
1.56 0.0005794532783491279
1.57 0.0005511929619522878
1.58 0.0005243109239321153
1.59 0.0004987399439560636
1.6 0.00047441608019165965
1.61 0.00045127850939464815
1.62 0.0004292693747985716
1.6300000000000001 0.00040833364142496504
1.6400000000000001 0.00038841895845195676
1.6500000000000001 0.0003694755282967969
1.6600000000000001 0.00035145598208463874
1.67 0.00033431526119193295
1.68 0.0003180105045680126
1.69 0.0003025009415529249
1.7 0.0002877477899233269
1.71 0.00027371415891138296
1.72 0.00026036495695402494
1.73 0.0002476668039418029
1.74 0.00023558794774781783
1.75 0.00022409818482792867
1.76 0.00021316878469363284
1.77 0.00020277241806870798
1.78 0.00019288308854991222
1.79 0.0001834760676008268
1.8 0.00017452783271624687
1.81 0.00016601600860247234
1.82 0.0001579193112263937
1.83 0.00015021749459343672
1.84 0.0001428913001212714
1.85 0.00013592240848266904
1.86 0.0001292933937970777
1.87 0.0001229876800563606
1.8800000000000001 0.00011698949967572311
1.8900000000000001 0.00011128385406617797
1.9000000000000001 0.00010585647612995247
1.9100000000000001 0.0001006937945850448
1.92 9.578290002972238e-05
1.93 9.111151266209472e-05
1.94 8.666795157404394e-05
1.95 8.244110554272283e-05
1.96 7.842040524658536e-05
1.97 7.45957968364689e-05
1.98 7.095771679564093e-05
1.99 6.74970680259464e-05
2.0 6.420519710025396e-05
2.0100000000000002 6.10738726243222e-05
2.02 5.809526465397493e-05
2.0300000000000002 5.5261925116118034e-05
2.04 5.2566769184640085e-05
2.05 5.000305756462336e-05
2.06 4.7564379640568406e-05
2.07 4.52446374464926e-05
2.08 4.303803041781699e-05
2.09 4.093904088691655e-05
2.1 3.8942420286061014e-05
2.11 3.704317602324903e-05
2.12 3.5236558998115645e-05
2.13 3.351805172669842e-05
2.14 3.188335704536544e-05
2.15 3.0328387365661406e-05
2.16 2.8849254453200275e-05
2.17 2.7442259705049277e-05
2.18 2.6103884901290007e-05
2.19 2.4830783407632403e-05
2.2 2.3619771807082067e-05
2.21 2.2467821939737003e-05
2.22 2.1372053330807643e-05
2.23 2.0329725987927775e-05
2.24 1.9338233549744e-05
2.25 1.8395096768653616e-05
2.2600000000000002 1.7497957311392466e-05
2.27 1.6644571861972474e-05
2.2800000000000002 1.5832806512221882e-05
2.29 1.5060631425902665e-05
2.3000000000000003 1.4326115763061629e-05
2.31 1.3627422851924457e-05
2.32 1.2962805596258673e-05
2.33 1.2330602106722762e-05
2.34 1.1729231545276766e-05
2.35 1.1157190172263264e-05
2.36 1.061304758627481e-05
2.37 1.0095443147404942e-05
2.38 9.603082574939585e-06
2.39 9.13473471098077e-06
2.4 8.689228441910624e-06
2.41 8.265449769996949e-06
2.42 7.862339027818701e-06
2.43 7.478888228545229e-06
2.44 7.1141385454441914e-06
2.45 6.767177914315099e-06
2.46 6.437138752853776e-06
2.47 6.1231957912445255e-06
2.48 5.824564008555817e-06
2.49 5.540496669778853e-06
2.5 5.270283458601187e-06
2.5100000000000002 5.013248701245822e-06
2.52 4.768749676934883e-06
2.5300000000000002 4.5361750107527925e-06
2.54 4.314943144890577e-06
2.5500000000000003 4.104500884448345e-06
2.56 3.904322014159936e-06
2.57 3.713905982580593e-06
2.58 3.5327766504476345e-06
2.59 3.3604811000843208e-06
2.6 3.1965885028696555e-06
2.61 3.0406890419424918e-06
2.62 2.892392887445857e-06
2.63 2.751329221749296e-06
2.64 2.6171453122115972e-06
2.65 2.489505629165494e-06
2.66 2.3680910069186848e-06
2.67 2.2525978456734026e-06
2.68 2.1427373523687234e-06
2.69 2.0382348185475337e-06
2.7 1.9388289334422607e-06
2.71 1.8442711305618735e-06
2.72 1.7543249661461505e-06
2.73 1.6687655279331474e-06
2.74 1.5873788727613626e-06
2.75 1.509961491600428e-06
2.7600000000000002 1.4363198006724903e-06
2.77 1.3662696573919659e-06
2.7800000000000002 1.2996358999131368e-06
2.79 1.2362519091343168e-06
2.8000000000000003 1.1759591920632925e-06
2.81 1.1186069855023024e-06
2.82 1.0640518790615e-06
2.83 1.0121574565582833e-06
2.84 9.627939549057952e-07
2.85 9.158379396375919e-07
2.86 8.711719962572034e-07
2.87 8.28684436640719e-07
2.88 7.882690197583143e-07
2.89 7.498246860163255e-07
2.9 7.132553045556377e-07
2.91 6.784694328744524e-07
2.92 6.453800881744173e-07
2.93 6.139045298583063e-07
2.94 5.839640526354434e-07
2.95 5.554837897174694e-07
2.96 5.283925256123836e-07
2.97 5.026225180487108e-07
2.98 4.78109328584545e-07
2.99 4.5479166147787227e-07
3.0 4.326112104152987e-07
3.0100000000000002 4.1151251271588145e-07
3.02 3.914428106455545e-07
3.0300000000000002 3.723519194952981e-07
3.04 3.541921020932367e-07
3.0500000000000003 3.369179494368368e-07
3.06 3.204862671467541e-07
3.0700000000000003 3.0485596745838096e-07
3.08 2.8998796648103763e-07
3.09 2.758450864678842e-07
3.1 2.623919628521895e-07
3.11 2.4959495581749694e-07
3.12 2.3742206618055483e-07
3.13 2.2584285537669667e-07
3.14 2.1482836934757021e-07
3.15 2.0435106614091389e-07
3.16 1.943847470413267e-07
3.17 1.849044910598365e-07
3.18 1.7588659261844376e-07
3.19 1.6730850227383268e-07
3.2 1.5914877033201302e-07
3.21 1.5138699321291624e-07
3.22 1.440037624308149e-07
3.23 1.3698061606300076e-07
3.24 1.3029999258536077e-07
3.25 1.2394518695941985e-07
3.2600000000000002 1.1790030886104182e-07
3.27 1.1215024294634475e-07
3.2800000000000002 1.0668061105546637e-07
3.29 1.0147773625967579e-07
3.3000000000000003 9.652860866192598e-08
3.31 9.182085286533854e-08
3.3200000000000003 8.734269702826045e-08
3.33 8.30829434285322e-08
3.34 7.903094046334815e-08
3.35 7.517655601470068e-08
3.36 7.151015211380927e-08
3.37 6.802256084117718e-08
3.38 6.470506140201788e-08
3.39 6.15493583197245e-08
3.4 5.854756069285988e-08
3.41 5.5692162463789646e-08
3.42 5.29760236496308e-08
3.43 5.039235248857446e-08
3.44 4.7934688456943906e-08
3.45 4.559688611451971e-08
3.46 4.337309973773914e-08
3.47 4.125776870234162e-08
3.48 3.924560357891194e-08
3.49 3.733157290655153e-08
3.5 3.551089061160555e-08
3.5100000000000002 3.377900403998532e-08
3.52 3.213158257316249e-08
3.5300000000000002 3.05645067993665e-08
3.54 2.9073858212909633e-08
3.5500000000000003 2.7655909415881365e-08
3.56 2.6307114797712682e-08
3.5700000000000003 2.5024101669302428e-08
3.58 2.3803661829537886e-08
3.59 2.2642743543120997e-08
3.6 2.1538443909640226e-08
3.61 2.0488001604807963e-08
3.62 1.9488789975711167e-08
3.63 1.853831047281107e-08
3.64 1.763418640226762e-08
3.65 1.677415698296733e-08
3.66 1.5956071693392636e-08
3.67 1.5177884894198e-08
3.68 1.443765071304603e-08
3.69 1.3733518178913139e-08
3.7 1.3063726593697627e-08
3.71 1.2426601129557658e-08
3.72 1.1820548640969044e-08
3.73 1.1244053681031713e-08
3.74 1.0695674712062887e-08
3.75 1.0174040501002447e-08
3.7600000000000002 9.677846690615507e-09
3.77 9.205852537920323e-09
3.7800000000000002 8.756877811684379e-09
3.79 8.329799841231628e-09
3.8000000000000003 7.923550709180894e-09
3.81 7.53711458109636e-09
3.8200000000000003 7.169525165372225e-09
3.83 6.819863297000404e-09
3.84 6.487254639179254e-09
3.85 6.1708674970160645e-09
3.86 5.869910737856748e-09
3.87 5.5836318130420325e-09
3.88 5.311314876143865e-09
3.89 5.052278992976407e-09
3.9 4.805876438905991e-09
3.91 4.571491079202084e-09
3.92 4.348536828379543e-09
3.93 4.1364561846796295e-09
3.94 3.934718836025234e-09
3.95 3.7428203339644005e-09
3.96 3.5602808322865243e-09
3.97 3.3866438871568313e-09
3.98 3.2214753157690623e-09
3.99 3.0643621106622483e-09
4.0 2.914911406987052e-09
4.01 2.7727495001388677e-09
4.0200000000000005 2.637520911301726e-09
4.03 2.5088874985661383e-09
4.04 2.3865276113981105e-09
4.05 2.2701352863452866e-09
4.0600000000000005 2.1594194819689894e-09
4.07 2.0541033510889903e-09
4.08 1.953923548521374e-09
4.09 1.8586295725783778e-09
4.1 1.7679831386837433e-09
4.11 1.6817575835370962e-09
4.12 1.5997372983377023e-09
4.13 1.521717189650104e-09
4.14 1.4475021665637112e-09
4.15 1.3769066528639347e-09
4.16 1.3097541229949643e-09
4.17 1.2458766606539407e-09
4.18 1.1851145389127185e-09
4.19 1.1273158208173694e-09
4.2 1.0723359794666593e-09
4.21 1.0200375366194792e-09
4.22 9.702897189276759e-10
4.23 9.229681309345288e-10
4.24 8.779544440213539e-10
4.25 8.351361005242762e-10
4.26 7.9440603228148e-10
4.2700000000000005 7.556623929070046e-10
4.28 7.18808303121762e-10
4.29 6.837516085048503e-10
4.3 6.504046490595059e-10
4.3100000000000005 6.186840400174622e-10
4.32 5.885104633335868e-10
4.33 5.59808469349458e-10
4.34 5.325062881299101e-10
4.3500000000000005 5.065356500008236e-10
4.36 4.8183161483938e-10
4.37 4.5833240968991273e-10
4.38 4.359792742993624e-10
4.39 4.1471631418602115e-10
4.4 3.9449036087422594e-10
4.41 3.752508389454686e-10
4.42 3.5694963957350923e-10
4.43 3.395410002272462e-10
4.44 3.229813902405589e-10
4.45 3.072294019629682e-10
4.46 2.922456472189326e-10
4.47 2.7799265881690476e-10
4.48 2.644347968618265e-10
4.49 2.515381596368392e-10
4.5 2.3927049883131906e-10
4.51 2.2760113890331503e-10
4.5200000000000005 2.1650090037470654e-10
4.53 2.0594202686731834e-10
4.54 1.9589811569751038e-10
4.55 1.8634405185571694e-10
4.5600000000000005 1.772559452058447e-10
4.57 1.6861107074748565e-10
4.58 1.6038781179158042e-10
4.59 1.5256560590743377e-10
4.6000000000000005 1.4512489350593033e-10
4.61 1.3804706893037392e-10
4.62 1.3131443393264987e-10
4.63 1.2491015341839192e-10
4.64 1.1881821335047276e-10
4.65 1.1302338070557319e-10
4.66 1.075111653836874e-10
4.67 1.0226778397532635e-10
4.68 9.728012529581294e-11
4.69 9.253571760049311e-11
4.7 8.802269739887791e-11
4.71 8.372977978973506e-11
4.72 7.964623024296143e-11
4.73 7.576183775766324e-11
4.74 7.206688932933868e-11
4.75 6.855214566230342e-11
4.76 6.520881806664218e-11
4.7700000000000005 6.202854648190355e-11
4.78 5.900337857259686e-11
4.79 5.6125749843209233e-11
4.8 5.3388464723026917e-11
4.8100000000000005 5.0784678573461523e-11
4.82 4.830788057288752e-11
4.83 4.595187743619715e-11
4.84 4.3710777928361125e-11
4.8500000000000005 4.157897813327329e-11
4.86 3.955114744104144e-11
4.87 3.7622215218684706e-11
4.88 3.578735813091156e-11
4.89 3.4041988079267927e-11
4.9 3.2381740729502174e-11
4.91 3.080246459845566e-11
4.92 2.930021067319268e-11
4.93 2.787122253641073e-11
4.94 2.6511926973441193e-11
4.95 2.5218925037351497e-11
4.96 2.3988983549806494e-11
4.97 2.2819027016439593e-11
4.98 2.170612993651399e-11
4.99 2.0647509487647975e-11
5.0 1.9640518567308405e-11
5.01 1.8682639173676414e-11
5.0200000000000005 1.7771476109330636e-11
5.03 1.690475099200682e-11
5.04 1.6080296557454506e-11
5.05 1.5296051240148306e-11
5.0600000000000005 1.4550054018299644e-11
5.07 1.3840439510281463e-11
5.08 1.3165433310202016e-11
5.09 1.2523347550965986e-11
5.1000000000000005 1.1912576683727794e-11
5.11 1.1331593463183002e-11
5.12 1.077894512865965e-11
5.13 1.025324977145969e-11
5.14 9.753192879367705e-12
5.15 9.277524049685364e-12
5.16 8.825053862573736e-12
5.17 8.394650906883842e-12
5.18 7.985238951039509e-12
5.19 7.595794251897992e-12
5.2 7.225342994858753e-12
5.21 6.872958858819776e-12
5.22 6.537760699892216e-12
5.23 6.218910348081831e-12
5.24 5.915610511427432e-12
5.25 5.627102782355486e-12
5.26 5.352665741266391e-12
5.2700000000000005 5.091613152609496e-12
5.28 4.84329224893701e-12
5.29 4.6070820986451175e-12
5.3 4.3823920533217496e-12
5.3100000000000005 4.168660270817732e-12
5.32 3.96535231034894e-12
5.33 3.771959796115809e-12
5.34 3.587999146099069e-12
5.3500000000000005 3.4130103628528685e-12
5.36 3.2465558832715047e-12
5.37 3.0882194844537693e-12
5.38 2.9376052429288487e-12
5.39 2.7943365446414965e-12
5.4 2.6580551432206334e-12
5.41 2.5284202641769245e-12
5.42 2.405107752788966e-12
5.43 2.2878092635476522e-12
5.44 2.1762314891318334e-12
5.45 2.0700954269872045e-12
5.46 1.969135681674604e-12
5.47 1.8730998012431536e-12
5.48 1.781747645968919e-12
5.49 1.6948507878805215e-12
5.5 1.612191939570169e-12
5.51 1.5335644108620262e-12
5.5200000000000005 1.4587715919790555e-12
5.53 1.3876264619162312e-12
5.54 1.3199511207905375e-12
5.55 1.2555763449986593e-12
5.5600000000000005 1.1943411640697796e-12
5.57 1.1360924581556085e-12
5.58 1.080684575150964e-12
5.59 1.0279789664876494e-12
5.6000000000000005 9.778438406908845e-13
5.61 9.301538338319575e-13
5.62 8.847896960531083e-13
5.63 8.416379933807591e-13
5.64 8.005908240815176e-13
5.65 7.615455488516111e-13
5.66 7.244045341651979e-13
5.67 6.890749081396709e-13
5.68 6.554683283075811e-13
5.69 6.235007607144651e-13
5.7 5.930922697901775e-13
5.71 5.641668184683344e-13
5.72 5.366520780540321e-13
5.73 5.104792473644471e-13
5.74 4.855828806900419e-13
5.75 4.619007241461872e-13
5.76 4.39373560006042e-13
5.7700000000000005 4.1794505862537537e-13
5.78 3.9756163758913417e-13
5.79 3.7817232772747325e-13
5.8 3.597286456663008e-13
5.8100000000000005 3.4218447259357516e-13
5.82 3.254959389382666e-13
5.83 3.0962131467356776e-13
5.84 2.9452090497009215e-13
5.8500000000000005 2.8015695093813005e-13
5.86 2.6649353521075204e-13
5.87 2.534964921316851e-13
5.88 2.4113332232337244e-13
5.89 2.293731114216074e-13
5.9 2.181864527735128e-13
5.91 2.0754537390560068e-13
5.92 1.974232665780106e-13
5.93 1.877948202500519e-13
5.94 1.7863595879067177e-13
5.95 1.6992378027558387e-13
5.96 1.6163649972052989e-13
5.97 1.5375339460746935e-13
5.98 1.4625475306749363e-13
5.99 1.3912182459088642e-13
6.0 1.3233677314107853e-13
6.01 1.258826325552696e-13
6.0200000000000005 1.1974326412018345e-13
6.03 1.139033162168794e-13
6.04 1.0834818593370496e-13
6.05 1.0306398255141481e-13
6.0600000000000005 9.803749280913353e-14
6.07 9.325614786432524e-14
6.08 8.870799186413554e-14
6.09 8.438165204953589e-14
6.1000000000000005 8.026631031749919e-14
6.11 7.635167617011042e-14
6.12 7.262796098295923e-14
6.13 6.908585352848056e-14
6.140000000000001 6.571649669303713e-14
6.15 6.251146532952074e-14
6.16 5.946274519009653e-14
6.17 5.656271288640808e-14
6.18 5.380411682713723e-14
6.19 5.118005908524671e-14
6.2 4.8683978149571736e-14
6.21 4.6309632517622585e-14
6.22 4.405108508857765e-14
6.23 4.190268831743967e-14
6.24 3.985907009323091e-14
6.25 3.7915120305917765e-14
6.26 3.606597806847347e-14
6.2700000000000005 3.4307019562129244e-14
6.28 3.263384647441903e-14
6.29 3.104227500110625e-14
6.3 2.952832538449528e-14
6.3100000000000005 2.808821196196315e-14
6.32 2.6718333699832353e-14
6.33 2.5415265188909544e-14
6.34 2.4175748079179527e-14
6.3500000000000005 2.2996682932232087e-14
6.36 2.18751214710525e-14
6.37 2.0808259207792544e-14
6.38 1.979342843109017e-14
6.390000000000001 1.8828091535401963e-14
6.4 1.790983467566716e-14
6.41 1.7036361731437793e-14
6.42 1.6205488565381605e-14
6.43 1.5415137561800888e-14
6.44 1.4663332431511138e-14
6.45 1.3948193270089033e-14
6.46 1.3267931857131468e-14
6.47 1.262084718477389e-14
6.48 1.2005321204283872e-14
6.49 1.1419814780097199e-14
6.5 1.0862863841176637e-14
6.51 1.0333075720072097e-14
6.5200000000000005 9.829125670526442e-15
6.53 9.349753554920022e-15
6.54 8.893760693270103e-15
6.55 8.460006865906416e-15
6.5600000000000005 8.047407462328213e-15
6.57 7.65493076911324e-15
6.58 7.281595390096416e-15
6.59 6.926467792368437e-15
6.6000000000000005 6.588659971957331e-15
6.61 6.2673272333558795e-15
6.62 5.9616660773427824e-15
6.63 5.6709121918162206e-15
6.640000000000001 5.3943385406154025e-15
6.65 5.131253545551625e-15
6.66 4.880999357102301e-15
6.67 4.6429502094447904e-15
6.68 4.416510855715649e-15
6.69 4.201115079583535e-15
6.7 3.996224279413529e-15
6.71 3.801326121482295e-15
6.72 3.6159332588771454e-15
6.73 3.4395821128746835e-15
6.74 3.271831713752745e-15
6.75 3.112262598136217e-15
6.76 2.9604757601202188e-15
6.7700000000000005 2.816091653547458e-15
6.78 2.678749242945201e-15
6.79 2.548105100748494e-15
6.8 2.423832548552331e-15
6.8100000000000005 2.3056208402455227e-15
6.82 2.1931743849836076e-15
6.83 2.0862120080576703e-15
6.84 1.984466247811168e-15
6.8500000000000005 1.8876826868465008e-15
6.86 1.7956193158489637e-15
6.87 1.7080459284373803e-15
6.88 1.6247435455282816e-15
6.890000000000001 1.5455038677741103e-15
6.9 1.4701287547063987e-15
6.91 1.3984297292813132e-15
6.92 1.3302275065889567e-15
6.93 1.2653515455476364e-15
6.94 1.2036396224623623e-15
6.95 1.1449374253811327e-15
6.96 1.0890981682346194e-15
6.97 1.0359822237946017e-15
6.98 9.854567745331048e-16
6.99 9.373954805094578e-16
7.0 8.916781634545845e-16
7.01 8.481905062627602e-16
7.0200000000000005 8.068237671392913e-16
7.03 7.674745076894082e-16
7.04 7.300443342683615e-16
7.05 6.944396519461024e-16
7.0600000000000005 6.605714304711643e-16
7.07 6.283549816487009e-16
7.08 5.977097475758521e-16
7.09 5.685590992050425e-16
7.1000000000000005 5.408301447314585e-16
7.11 5.144535473255409e-16
7.12 4.893633517548264e-16
7.13 4.654968194614853e-16
7.140000000000001 4.427942716832596e-16
7.15 4.21198940225481e-16
7.16 4.0065682551099325e-16
7.17 3.811165615531062e-16
7.18 3.6252928751385316e-16
7.19 3.4484852552645495e-16
7.2 3.280300644764505e-16
7.21 3.12031849450867e-16
7.22 2.968138765790404e-16
7.23 2.8233809300210535e-16
7.24 2.685683017210225e-16
7.25 2.5547007108522305e-16
7.26 2.4301064869555396e-16
7.2700000000000005 2.3115887950621597e-16
7.28 2.1988512792092831e-16
7.29 2.0916120368848964e-16
7.3 1.989602914124792e-16
7.3100000000000005 1.8925688349878612e-16
7.32 1.800267163733495e-16
7.33 1.71246709810575e-16
7.34 1.6289490922075336e-16
7.3500000000000005 1.549504307521537e-16
7.36 1.4739340907050829e-16
7.37 1.402049476853383e-16
7.38 1.3336707169887746e-16
7.390000000000001 1.2686268285946813e-16
7.4 1.206755168070288e-16
7.41 1.1479010240367576e-16
7.42 1.0919172304782683e-16
7.43 1.0386637987502597e-16
7.44 9.880075675349307e-17
7.45 9.39821869868605e-17
7.46 8.939862164083005e-17
7.47 8.503859941456351e-17
7.48 8.089121798146164e-17
7.49 7.69461067276678e-17
7.5 7.319340082013016e-17
7.51 6.96237165393827e-17
7.5200000000000005 6.622812781535757e-17
7.53 6.29981439075625e-17
7.54 5.992568817380356e-17
7.55 5.700307787437658e-17
7.5600000000000005 5.422300496121238e-17
7.57 5.157851780395356e-17
7.58 4.906300380725472e-17
7.59 4.667017287585105e-17
7.6000000000000005 4.4394041686044743e-17
7.61 4.2228918724276874e-17
7.62 4.016939005538143e-17
7.63 3.8210305784925293e-17
7.640000000000001 3.6346767181790636e-17
7.65 3.4574114428796245e-17
7.66 3.288791497072554e-17
7.67 3.1283952430631766e-17
7.68 2.975821606669765e-17
7.69 2.8306890743292586e-17
7.7 2.6926347391146873e-17
7.71 2.5613133932787014e-17
7.72 2.4363966650544597e-17
7.73 2.3175721975552027e-17
7.74 2.2045428677192963e-17
7.75 2.0970260433477864e-17
7.76 1.9947528763767297e-17
7.7700000000000005 1.8974676306169725e-17
7.78 1.8049270422805213e-17
7.79 1.716899711694269e-17
7.8 1.6331655246803857e-17
7.8100000000000005 1.5535151021561234e-17
7.82 1.4777492765771416e-17
7.83 1.4056785939148248e-17
7.84 1.3371228399225658e-17
7.8500000000000005 1.2719105895063062e-17
7.86 1.2098787780724424e-17
7.87 1.1508722937814796e-17
7.88 1.0947435896875767e-17
7.890000000000001 1.041352314794355e-17
7.9 9.905649631043234e-18
7.91 9.422545397842928e-18
7.92 8.963002436122004e-18
7.930000000000001 8.525871649110794e-18
7.94 8.110059982150638e-18
7.95 7.714527689487443e-18
7.96 7.338285734365986e-18
7.97 6.980393315922726e-18
7.98 6.639955516693777e-18
7.99 6.31612106485498e-18
8.0 6.0080802055988565e-18
8.01 5.715062676325949e-18
8.02 5.436335780587057e-18
8.03 5.171202555960445e-18
8.040000000000001 4.9190000312828545e-18
8.05 4.679097568876197e-18
8.06 4.450895287624777e-18
8.07 4.233822562960268e-18
8.08 4.0273366000028454e-18
8.09 3.830921076291379e-18
8.1 3.644084850708289e-18
8.11 3.4663607353710258e-18
8.120000000000001 3.297304327418839e-18
8.13 3.1364928977743227e-18
8.14 2.9835243341004542e-18
8.15 2.838016135310259e-18
8.16 2.6996044551149254e-18
8.17 2.5679431922185234e-18
8.18 2.4427031248845597e-18
8.19 2.323571087710042e-18
8.2 2.2102491885489275e-18
8.21 2.1024540636265426e-18
8.22 1.9999161689826694e-18
8.23 1.902379106471063e-18
8.24 1.809598982630644e-18
8.25 1.7213437988248296e-18
8.26 1.6373928711240202e-18
8.27 1.5575362784808781e-18
8.28 1.481574337818343e-18
8.290000000000001 1.409317104717963e-18
8.3 1.3405838984598842e-18
8.31 1.2752028502269138e-18
8.32 1.213010473343021e-18
8.33 1.1538512544714238e-18
8.34 1.0975772647502824e-18
8.35 1.0440477898934746e-18
8.36 9.931289783316151e-19
8.370000000000001 9.446935065133602e-19
8.38 8.986202605302613e-19
8.39 8.547940332688845e-19
8.4 8.131052363330075e-19
8.41 7.73449626015566e-19
8.42 7.357280426350762e-19
8.43 6.998461625848023e-19
8.44 6.657142624745765e-19
8.45 6.332469947756105e-19
8.46 6.023631744072038e-19
8.47 5.729855757317893e-19
8.48 5.450407394505618e-19
8.49 5.184587889169992e-19
8.5 4.931732554088558e-19
8.51 4.691209119217109e-19
8.52 4.462416150685404e-19
8.53 4.2447815468991505e-19
8.540000000000001 4.037761107988112e-19
8.55 3.8408371750229086e-19
8.56 3.6535173355979737e-19
8.57 3.4753331925442524e-19
8.58 3.3058391926921074e-19
8.59 3.1446115127564274e-19
8.6 2.991246999557604e-19
8.61 2.8453621619286746e-19
8.620000000000001 2.706592211787509e-19
8.63 2.5745901519767363e-19
8.64 2.4490259085900435e-19
8.65 2.3295855056154516e-19
8.66 2.2159702798317975e-19
8.67 2.1078961339950777e-19
8.68 2.0050928264474234e-19
8.69 1.9073032953720982e-19
8.700000000000001 1.8142830160050955e-19
8.71 1.7257993891959516e-19
8.72 1.6416311597885536e-19
8.73 1.56156786336811e-19
8.74 1.4854092999904505e-19
8.75 1.412965033577929e-19
8.76 1.344053915729969e-19
8.77 1.278503632757753e-19
8.78 1.2161502748102246e-19
8.790000000000001 1.1568379260141103e-19
8.8 1.1004182746030049e-19
8.81 1.0467502420606804e-19
8.82 9.95699630351367e-20
8.83 9.471387863547072e-20
8.84 9.009462826664953e-20
8.85 8.570066139669043e-20
8.86 8.152099081970463e-20
8.870000000000001 7.754516518215529e-20
8.88 7.376324284903408e-20
8.89 7.016576704459328e-20
8.9 6.674374220547983e-20
8.91 6.348861148714277e-20
8.92 6.039223536726398e-20
8.93 5.744687129271435e-20
8.94 5.464515431913542e-20
8.950000000000001 5.19800786947433e-20
8.96 4.944498034230263e-20
8.97 4.703352019545778e-20
8.98 4.4739668347768144e-20
8.99 4.255768897480012e-20
9.0 4.0482125991579617e-20
9.01 3.850778940953578e-20
9.02 3.6629742358827516e-20
9.03 3.484328874359678e-20
9.040000000000001 3.314396149928363e-20
9.05 3.152751142263748e-20
9.06 2.9989896546495007e-20
9.07 2.8527272032758476e-20
9.08 2.713598055829623e-20
9.09 2.5812543169730765e-20
9.1 2.4553650584242726e-20
9.11 2.3356154914640897e-20
9.120000000000001 2.221706179800329e-20
9.13 2.1133522908211378e-20
9.14 2.010282883365062e-20
9.15 1.9122402302269897e-20
9.16 1.8189791737059375e-20
9.17 1.7302665125830757e-20
9.18 1.6458804189972613e-20
9.19 1.5656098837597632e-20
9.200000000000001 1.4892541887214122e-20
9.21 1.4166224048727507e-20
9.22 1.347532914921928e-20
9.23 1.281812959156959e-20
9.24 1.219298203456426e-20
9.25 1.159832328368614e-20
9.26 1.1032666382314028e-20
9.27 1.0494596893556978e-20
9.28 9.982769363425144e-21
9.290000000000001 9.495903956494218e-21
9.3 9.032783255650075e-21
9.31 8.592249217911668e-21
9.32 8.173200278720849e-21
9.33 7.774588597456732e-21
9.34 7.395417437288601e-21
9.35 7.034738672814552e-21
9.36 6.691650419254321e-21
9.370000000000001 6.365294777267222e-21
9.38 6.054855687757275e-21
9.39 5.759556891300243e-21
9.4 5.4786599870906675e-21
9.41 5.211462586555359e-21
9.42 4.9572965570160364e-21
9.43 4.715526351009749e-21
9.44 4.485547417088968e-21
9.450000000000001 4.2667846881281544e-21
9.46 4.058691143356615e-21
9.47 3.860746440521269e-21
9.48 3.672455614760237e-21
9.49 3.493347840932781e-21
9.5 3.3229752563113102e-21
9.51 3.1609118406911292e-21
9.52 3.006752351118124e-21
9.53 2.8601113085702496e-21
9.540000000000001 2.7206220340592507e-21
9.55 2.5879357317421506e-21
9.56 2.4617206167499097e-21
9.57 2.3416610855525662e-21
9.58 2.227456926785891e-21
9.59 2.1188225705666785e-21
9.6 2.0154863744192566e-21
9.61 1.917189944027865e-21
9.620000000000001 1.8236874871161743e-21
9.63 1.7347451988386646e-21
9.64 1.6501406771466842e-21
9.65 1.5696623666674635e-21
9.66 1.4931090297055243e-21
9.67 1.4202892430435993e-21
9.68 1.3510209192849215e-21
9.69 1.2851308515398251e-21
9.700000000000001 1.2224542803183264e-21
9.71 1.1628344815456396e-21
9.72 1.106122374670248e-21
9.73 1.0521761498849462e-21
9.74 1.00086091352843e-21
9.75 9.520483507809102e-22
9.76 9.056164048101816e-22
9.77 8.61448971565997e-22
9.78 8.19435609459452e-22
9.790000000000001 7.79471263201503e-22
9.8 7.414560011100124e-22
9.81 7.052947652284747e-22
9.82 6.708971336316502e-22
9.83 6.38177094323615e-22
9.84 6.07052830162992e-22
9.85 5.774465142774701e-22
9.86 5.492841154561028e-22
9.870000000000001 5.2249521303269005e-22
9.88 4.9701282079746165e-22
9.89 4.727732194966473e-22
9.9 4.497157975011468e-22
9.91 4.277828992458968e-22
9.92 4.0691968106091953e-22
9.93 3.870739740335937e-22
9.94 3.681961535591807e-22
9.950000000000001 3.50239015253472e-22
9.96 3.331576569172579e-22
9.97 3.1690936625741047e-22
9.98 3.0145351408392337e-22
9.99 2.8675145271576716e-22
