0.0 4.036580731420405
0.01 3.6871048376885294
0.02 3.370398097957745
0.03 3.0824311144532395
0.04 2.819931440646545
0.05 2.580194742994889
0.06 2.3609493522267333
0.07 2.1602576391368933
0.08 1.9764433313339156
0.09 1.8080374324068011
0.1 1.653737676264773
0.11 1.5123779414860172
0.12 1.382905054684655
0.13 1.2643611038219336
0.14 1.155869870133542
0.15 1.0566263386278683
0.16 0.9658885050535921
0.17 0.8829708897692538
0.18 0.8072393144989269
0.19 0.7381066089483568
0.2 0.6750289992725096
0.21 0.6175029955371496
0.22 0.5650626450811495
0.23 0.5172770564394357
0.24 0.47374812683847195
0.25 0.4341084272814237
0.26 0.39801921453490596
0.27 0.3651685502237842
0.28 0.3352695147840023
0.29 0.30805850905233984
0.3 0.28329363944839936
0.31 0.2607531845468852
0.32 0.24023414174940913
0.33 0.22155085305210429
0.34 0.20453370879977611
0.35000000000000003 0.18902792799037182
0.36 0.1748924132688139
0.37 0.1619986783129359
0.38 0.15022984492343117
0.39 0.13947970681861777
0.4 0.12965185692008419
0.41000000000000003 0.12065887480009369
0.42 0.11242157093928204
0.43 0.10486828450015968
0.44 0.09793423144061476
0.45 0.09156089995275124
0.46 0.08569549039712332
0.47000000000000003 0.08029039709392767
0.48 0.07530272951733133
0.49 0.07069387060702391
0.5 0.06642907005638041
0.51 0.06247707055707568
0.52 0.05880976507641625
0.53 0.05540188331912563
0.54 0.05223070558433591
0.55 0.04927580227621442
0.56 0.046518797368046524
0.5700000000000001 0.04394315415921596
0.58 0.04153398170599694
0.59 0.03927786035301505
0.6 0.037162684844220494
0.61 0.0351775235508952
0.62 0.03331249241944586
0.63 0.031558642312792776
0.64 0.02990785849491713
0.65 0.028352771087223186
0.66 0.026886675406366474
0.67 0.025503461174690368
0.68 0.02419754967511322
0.6900000000000001 0.02296383800109215
0.7000000000000001 0.02179764962823308
0.71 0.02069469060649158
0.72 0.0196510107401893
0.73 0.01866296918690294
0.74 0.017727203965476963
0.75 0.01684060491790559
0.76 0.016000289719673905
0.77 0.015203582578473325
0.78 0.014447995302209568
0.79 0.013731210454141423
0.8 0.01305106634609294
0.81 0.012405543650255783
0.8200000000000001 0.011792753436428676
0.8300000000000001 0.011210926464915137
0.84 0.010658403585994394
0.85 0.010133627115158536
0.86 0.00963513306941948
0.87 0.009161544164163034
0.88 0.00871156348247712
0.89 0.008283968739800565
0.9 0.007877607076305485
0.91 0.007491390317797126
0.92 0.0071242906532350695
0.93 0.006775336683374532
0.9400000000000001 0.006443609800610812
0.9500000000000001 0.006128240864984042
0.96 0.005828407145554021
0.97 0.005543329500065038
0.98 0.0052722697690569895
0.99 0.005014528363402506
1.0 0.004769442026713292
1.01 0.004536381756209216
1.02 0.0043147508675210585
1.03 0.004103983190538151
1.04 0.003903541384846052
1.05 0.0037129153645538027
1.06 0.003531620823408891
1.07 0.0033591978520607574
1.08 0.0031952096401785947
1.09 0.0030392412568713938
1.1 0.0028908985035112442
1.11 0.002749806833636149
1.12 0.002615610335116301
1.1300000000000001 0.0024879707702164613
1.1400000000000001 0.002366566669584469
1.1500000000000001 0.002251092476548366
1.16 0.0021412577384180196
1.17 0.002036786341766209
1.18 0.0019374157889134403
1.19 0.0018428965130635815
1.2 0.0017529912297374849
1.21 0.0016674743223314352
1.22 0.0015861312597892456
1.23 0.001508758044523134
1.24 0.0014351606888509587
1.25 0.0013651547183376673
1.26 0.0012985647005381775
1.27 0.0012352237977387853
1.28 0.0011749733423853709
1.29 0.0011176624339703449
1.3 0.0010631475562270852
1.31 0.0010112922135513095
1.32 0.0009619665856341065
1.33 0.0009150471993516333
1.34 0.000870416617012373
1.35 0.0008279631401146876
1.36 0.0007875805278156326
1.37 0.0007491677293568761
1.3800000000000001 0.0007126286297354699
1.3900000000000001 0.0006778718079463325
1.4000000000000001 0.0006448103071599422
1.41 0.0006133614162330129
1.42 0.0005834464619821088
1.43 0.0005549906116803798
1.44 0.000527922685265975
1.45 0.000502174976777456
1.46 0.00047768308455668545
1.47 0.00045438574978341154
1.48 0.0004322247029281568
1.49 0.0004111445177311727
1.5 0.000391092472335183
1.51 0.00037201841721853094
1.52 0.0003538746495932042
1.53 0.00033661579394910813
1.54 0.0003201986884419723
1.55 0.0003045822768374229
1.56 0.00028972750573812226
1.57 0.0002755972268344884
1.58 0.0002621561039324226
1.59 0.0002493705245237105
1.6 0.00023720851567638683
1.61 0.0002256396640333683
1.62 0.00021463503971813508
1.6300000000000001 0.00020416712395616597
1.6400000000000001 0.00019420974023026644
1.6500000000000001 0.00018473798879689511
1.6600000000000001 0.0001757281843990911
1.67 0.00016715779701969677
1.68 0.00015900539552624984
1.69 0.00015125059406621285
1.7 0.00014387400107814194
1.71 0.00013685717079099633
1.72 0.00013018255709004205
1.73 0.00012383346963376634
1.74 0.00011779403211187896
1.75 0.00011204914253985165
1.76 0.00010658443549056899
1.77 0.00010138624616852715
1.78 9.644157623663609e-05
1.79 9.173806131008702e-05
1.8 8.726394003591952e-05
1.81 8.300802468090457e-05
1.82 7.895967315414034e-05
1.83 7.510876239434861e-05
1.84 7.144566305528668e-05
1.85 6.796121542593442e-05
1.86 6.464670652521334e-05
1.87 6.149384831393592e-05
1.8800000000000001 5.8494756969477585e-05
1.8900000000000001 5.564193317132784e-05
1.9000000000000001 5.292824334820743e-05
1.9100000000000001 5.0346901839841665e-05
1.92 4.789145392877518e-05
1.93 4.555575969978438e-05
1.94 4.333397868652081e-05
1.95 4.12205552669832e-05
1.96 3.921020477129427e-05
1.97 3.729790026703657e-05
1.98 3.5478859989099195e-05
1.99 3.3748535382599496e-05
2.0 3.2102599728975274e-05
2.0100000000000002 3.053693732680522e-05
2.02 2.9047633200299758e-05
2.0300000000000002 2.7630963309725873e-05
2.04 2.6283385239285705e-05
2.05 2.5001529339160185e-05
2.06 2.3782190299568154e-05
2.07 2.2622319135769824e-05
2.08 2.1519015563970782e-05
2.09 2.046952074906322e-05
2.1 1.9471210406067115e-05
2.11 1.8521588238022224e-05
2.12 1.7618279693920137e-05
2.13 1.675902603106876e-05
2.14 1.5941678667040276e-05
2.15 1.5164193807080401e-05
2.16 1.4424627333542843e-05
2.17 1.3721129944571079e-05
2.18 1.305194252987011e-05
2.19 1.2415391772005881e-05
2.2 1.1809885962232434e-05
2.21 1.123391102038466e-05
2.22 1.0686026708883481e-05
2.23 1.0164863031387177e-05
2.24 9.669116807082526e-06
2.25 9.197548412050664e-06
2.2600000000000002 8.748978679558378e-06
2.27 8.322285951524575e-06
2.2800000000000002 7.916403273788451e-06
2.29 7.530315728166507e-06
2.3000000000000003 7.163057894626637e-06
2.31 6.813711437233906e-06
2.32 6.4814028078309605e-06
2.33 6.165301061711646e-06
2.34 5.864615779825522e-06
2.35 5.57859509231766e-06
2.36 5.306523798461769e-06
2.37 5.047721578285193e-06
2.38 4.8015412914141784e-06
2.39 4.567367358885349e-06
2.4 4.344614223877385e-06
2.41 4.132724887513526e-06
2.42 3.931169516074075e-06
2.43 3.7394441161358104e-06
2.44 3.5570692743257637e-06
2.45 3.383588958537839e-06
2.46 3.2185693776149143e-06
2.47 3.0615978966448064e-06
2.48 2.9122820051580202e-06
2.49 2.770248335646946e-06
2.5 2.635141729952596e-06
2.5100000000000002 2.5066243511840948e-06
2.52 2.384374838950457e-06
2.5300000000000002 2.268087505792131e-06
2.54 2.1574715728031154e-06
2.5500000000000003 2.0522504425321567e-06
2.56 1.9521610073450527e-06
2.57 1.8569529915184568e-06
2.58 1.7663883254201966e-06
2.59 1.6802405502111858e-06
2.6 1.5982942515803093e-06
2.61 1.520344521096463e-06
2.62 1.446196443830704e-06
2.63 1.3756646109674111e-06
2.64 1.3085726561856406e-06
2.65 1.2447528146514675e-06
2.66 1.1840455035184907e-06
2.67 1.1262989228876107e-06
2.68 1.07136867622818e-06
2.69 1.0191174093114814e-06
2.7 9.694144667535918e-07
2.71 9.221355653088765e-07
2.72 8.771624830971231e-07
2.73 8.343827639872719e-07
2.74 7.936894363984964e-07
2.75 7.549807458155477e-07
2.7600000000000002 7.18159900349443e-07
2.77 6.831348287073424e-07
2.7800000000000002 6.498179499663455e-07
2.79 6.181259545755737e-07
2.8000000000000003 5.879795960388893e-07
2.81 5.593034927573854e-07
2.82 5.320259395361159e-07
2.83 5.060787282837601e-07
2.84 4.813969774568727e-07
2.85 4.579189698222174e-07
2.86 4.3558599813154653e-07
2.87 4.1434221832289414e-07
2.88 3.9413450988133873e-07
2.89 3.7491234301004045e-07
2.9 3.5662765227943505e-07
2.91 3.392347164386172e-07
2.92 3.226900440884059e-07
2.93 3.069522649301836e-07
2.94 2.919820263186086e-07
2.95 2.7774189485949813e-07
2.96 2.6419626280684885e-07
2.97 2.5131125902492093e-07
2.98 2.390546642927593e-07
2.99 2.2739583073935513e-07
3.0 2.1630560520800998e-07
3.0100000000000002 2.057562563582511e-07
3.02 1.9572140532304439e-07
3.0300000000000002 1.86175959747879e-07
3.04 1.7709605104681624e-07
3.0500000000000003 1.6845897471858874e-07
3.06 1.6024313357352367e-07
3.0700000000000003 1.5242798372931666e-07
3.08 1.4499398324062742e-07
3.09 1.379225432340356e-07
3.1 1.3119598142617522e-07
3.11 1.247974779088177e-07
3.12 1.1871103309033703e-07
3.13 1.1292142768839963e-07
3.14 1.0741418467382927e-07
3.15 1.0217553307049495e-07
3.16 9.719237352069606e-08
3.17 9.24522455299464e-08
3.18 8.794329630924611e-08
3.19 8.36542511369372e-08
3.2 7.957438516602447e-08
3.21 7.569349660647358e-08
3.22 7.200188121542074e-08
3.23 6.849030803151184e-08
3.24 6.514999629269025e-08
3.25 6.197259347971841e-08
3.2600000000000002 5.8950154430528204e-08
3.27 5.607512147317866e-08
3.2800000000000002 5.334030552773859e-08
3.29 5.073886812984255e-08
3.3000000000000003 4.826430433096699e-08
3.31 4.591042643267272e-08
3.3200000000000003 4.3671348514133196e-08
3.33 4.1541471714268655e-08
3.34 3.951547023167628e-08
3.35 3.7588278007352234e-08
3.36 3.5755076056906263e-08
3.37 3.401128042058999e-08
3.38 3.2352530701010146e-08
3.39 3.077467915986329e-08
3.4 2.9273780346430835e-08
3.41 2.7846081231895594e-08
3.42 2.6488011824816063e-08
3.43 2.51961762442878e-08
3.44 2.3967344228472443e-08
3.45 2.2798443057260277e-08
3.46 2.1686549868869932e-08
3.47 2.0628884351171123e-08
3.48 1.962280178945624e-08
3.49 1.8665786453275995e-08
3.5 1.7755445305802974e-08
3.5100000000000002 1.688950201999283e-08
3.52 1.606579128658139e-08
3.5300000000000002 1.5282253399683377e-08
3.54 1.4536929106454926e-08
3.5500000000000003 1.3827954707940775e-08
3.56 1.3153557398856422e-08
3.5700000000000003 1.2512050834651285e-08
3.58 1.1901830914769004e-08
3.59 1.132137177156055e-08
3.6 1.0769221954820158e-08
3.61 1.024400080240402e-08
3.62 9.744394987855618e-09
3.63 9.269155236405564e-09
3.64 8.817093201133833e-09
3.65 8.387078491483687e-09
3.66 7.978035846696336e-09
3.67 7.588942447099015e-09
3.68 7.218825356523029e-09
3.69 6.866759089456581e-09
3.7 6.531863296848824e-09
3.71 6.213300564778838e-09
3.72 5.910274320484529e-09
3.73 5.622026840515863e-09
3.74 5.347837356031448e-09
3.75 5.087020250501229e-09
3.7600000000000002 4.8389233453077575e-09
3.77 4.6029262689601646e-09
3.7800000000000002 4.378438905842192e-09
3.79 4.1648999206158165e-09
3.8000000000000003 3.961775354590449e-09
3.81 3.768557290548182e-09
3.8200000000000003 3.584762582686114e-09
3.83 3.4099316485002034e-09
3.84 3.243627319589628e-09
3.85 3.0854337485080335e-09
3.86 2.934955368928375e-09
3.87 2.791815906521017e-09
3.88 2.6556574380719335e-09
3.89 2.5261394964882043e-09
3.9 2.402938219452996e-09
3.91 2.2857455396010424e-09
3.92 2.174268414189772e-09
3.93 2.068228092339815e-09
3.94 1.9673594180126175e-09
3.95 1.8714101669822007e-09
3.96 1.7801404161432626e-09
3.97 1.6933219435784159e-09
3.98 1.6107376578845314e-09
3.99 1.5321810553311241e-09
4.0 1.4574557034935263e-09
4.01 1.386374750069434e-09
4.0200000000000005 1.318760455650863e-09
4.03 1.2544437492830693e-09
4.04 1.1932638056990553e-09
4.05 1.1350676431726435e-09
4.0600000000000005 1.0797097409844947e-09
4.07 1.0270516755444952e-09
4.08 9.76961774260687e-10
4.09 9.293147862891889e-10
4.1 8.839915693418717e-10
4.11 8.408787917685481e-10
4.12 7.998686491688511e-10
4.13 7.60858594825052e-10
4.14 7.237510832818556e-10
4.15 6.884533264319674e-10
4.16 6.548770614974821e-10
4.17 6.229383303269704e-10
4.18 5.925572694563592e-10
4.19 5.636579104086847e-10
4.2 5.361679897333296e-10
4.21 5.100187683097396e-10
4.22 4.851448594638379e-10
4.23 4.614840654672644e-10
4.24 4.3897722201067697e-10
4.25 4.175680502621381e-10
4.26 3.9720301614074e-10
4.2700000000000005 3.778311964535023e-10
4.28 3.59404151560881e-10
4.29 3.4187580425242517e-10
4.3 3.2520232452975293e-10
4.3100000000000005 3.093420200087311e-10
4.32 2.942552316667934e-10
4.33 2.79904234674729e-10
4.34 2.6625314406495507e-10
4.3500000000000005 2.532678250004118e-10
4.36 2.4091580741969e-10
4.37 2.2916620484495636e-10
4.38 2.179896371496812e-10
4.39 2.0735815709301058e-10
4.4 1.9724518043711297e-10
4.41 1.876254194727343e-10
4.42 1.7847481978675462e-10
4.43 1.697705001136231e-10
4.44 1.6149069512027945e-10
4.45 1.536147009814841e-10
4.46 1.461228236094663e-10
4.47 1.3899632940845238e-10
4.48 1.3221739843091325e-10
4.49 1.257690798184196e-10
4.5 1.1963524941565953e-10
4.51 1.1380056945165752e-10
4.5200000000000005 1.0825045018735327e-10
4.53 1.0297101343365917e-10
4.54 9.794905784875519e-11
4.55 9.317202592785847e-11
4.5600000000000005 8.862797260292235e-11
4.57 8.430553537374282e-11
4.58 8.019390589579021e-11
4.59 7.628280295371688e-11
4.6000000000000005 7.256244675296516e-11
4.61 6.902353446518696e-11
4.62 6.565721696632493e-11
4.63 6.245507670919596e-11
4.64 5.940910667523638e-11
4.65 5.651169035278659e-11
4.66 5.37555826918437e-11
4.67 5.1133891987663176e-11
4.68 4.864006264790647e-11
4.69 4.6267858800246555e-11
4.7 4.4011348699438957e-11
4.71 4.186488989486753e-11
4.72 3.9823115121480714e-11
4.73 3.788091887883162e-11
4.74 3.603344466466934e-11
4.75 3.427607283115171e-11
4.76 3.260440903332109e-11
4.7700000000000005 3.1014273240951776e-11
4.78 2.950168928629843e-11
4.79 2.8062874921604617e-11
4.8 2.6694232361513458e-11
4.8100000000000005 2.5392339286730762e-11
4.82 2.415394028644376e-11
4.83 2.2975938718098575e-11
4.84 2.1855388964180562e-11
4.8500000000000005 2.0789489066636645e-11
4.86 1.977557372052072e-11
4.87 1.8811107609342353e-11
4.88 1.789367906545578e-11
4.89 1.7020994039633963e-11
4.9 1.6190870364751087e-11
4.91 1.540123229922783e-11
4.92 1.465010533659634e-11
4.93 1.3935611268205365e-11
4.94 1.3255963486720597e-11
4.95 1.2609462518675748e-11
4.96 1.1994491774903247e-11
4.97 1.1409513508219797e-11
4.98 1.0853064968256994e-11
4.99 1.0323754743823987e-11
5.0 9.820259283654203e-12
5.01 9.341319586838207e-12
5.0200000000000005 8.885738054665318e-12
5.03 8.45237549600341e-12
5.04 8.040148278727253e-12
5.05 7.648025620074153e-12
5.0600000000000005 7.275027009149822e-12
5.07 6.920219755140732e-12
5.08 6.582716655101008e-12
5.09 6.261673775482993e-12
5.1000000000000005 5.956288341863897e-12
5.11 5.665796731591501e-12
5.12 5.389472564329825e-12
5.13 5.126624885729845e-12
5.14 4.8765964396838525e-12
5.15 4.638762024842682e-12
5.16 4.412526931286868e-12
5.17 4.197325453441921e-12
5.18 3.992619475519754e-12
5.19 3.797897125948996e-12
5.2 3.6126714974293766e-12
5.21 3.436479429409888e-12
5.22 3.268880349946108e-12
5.23 3.1094551740409156e-12
5.24 2.957805255713716e-12
5.25 2.813551391177743e-12
5.26 2.6763328706331954e-12
5.2700000000000005 2.545806576304748e-12
5.28 2.421646124468505e-12
5.29 2.3035410493225588e-12
5.3 2.1911960266608748e-12
5.3100000000000005 2.084330135408866e-12
5.32 1.98267615517447e-12
5.33 1.8859798980579047e-12
5.34 1.7939995730495346e-12
5.3500000000000005 1.7065051814264342e-12
5.36 1.6232779416357524e-12
5.37 1.5441097422268847e-12
5.38 1.4688026214644243e-12
5.39 1.3971682723207483e-12
5.4 1.3290275716103167e-12
5.41 1.2642101320884623e-12
5.42 1.202553876394483e-12
5.43 1.1439046317738261e-12
5.44 1.0881157445659167e-12
5.45 1.0350477134936023e-12
5.46 9.84567840837302e-13
5.47 9.365499006215768e-13
5.48 8.908738229844595e-13
5.49 8.474253939402608e-13
5.5 8.060959697850845e-13
5.51 7.667822054310131e-13
5.5200000000000005 7.293857959895278e-13
5.53 6.938132309581156e-13
5.54 6.599755603952688e-13
5.55 6.277881724993297e-13
5.5600000000000005 5.971705820348898e-13
5.57 5.680462290778043e-13
5.58 5.40342287575482e-13
5.59 5.139894832438247e-13
5.6000000000000005 4.889219203454423e-13
5.61 4.650769169159787e-13
5.62 4.423948480265541e-13
5.63 4.2081899669037953e-13
5.64 4.002954120407588e-13
5.65 3.8077277442580553e-13
5.66 3.6220226708259893e-13
5.67 3.4453745406983545e-13
5.68 3.2773416415379056e-13
5.69 3.1175038035723253e-13
5.7 2.9654613489508877e-13
5.71 2.820834092341672e-13
5.72 2.6832603902701607e-13
5.73 2.5523962368222355e-13
5.74 2.4279144034502096e-13
5.75 2.309503620730936e-13
5.76 2.19686780003021e-13
5.7700000000000005 2.0897252931268769e-13
5.78 1.9878081879456709e-13
5.79 1.8908616386373662e-13
5.8 1.798643228331504e-13
5.8100000000000005 1.7109223629678758e-13
5.82 1.627479694691333e-13
5.83 1.5481065733678388e-13
5.84 1.4726045248504607e-13
5.8500000000000005 1.4007847546906502e-13
5.86 1.3324676760537602e-13
5.87 1.2674824606584256e-13
5.88 1.2056666116168622e-13
5.89 1.146865557108037e-13
5.9 1.090932263867564e-13
5.91 1.0377268695280034e-13
5.92 9.87116332890053e-14
5.93 9.389741012502595e-14
5.94 8.931797939533588e-14
5.95 8.496189013779194e-14
5.96 8.081824986026494e-14
5.97 7.687669730373468e-14
5.98 7.312737653374682e-14
5.99 6.956091229544321e-14
6.0 6.616838657053927e-14
6.01 6.29413162776348e-14
6.0200000000000005 5.987163206009172e-14
6.03 5.69516581084397e-14
6.04 5.417409296685248e-14
6.05 5.153199127570741e-14
6.0600000000000005 4.901874640456677e-14
6.07 4.662807393216262e-14
6.08 4.435399593206777e-14
6.09 4.2190826024767946e-14
6.1000000000000005 4.0133155158749594e-14
6.11 3.817583808505521e-14
6.12 3.631398049147961e-14
6.13 3.454292676424028e-14
6.140000000000001 3.285824834651857e-14
6.15 3.125573266476037e-14
6.16 2.9731372595048265e-14
6.17 2.828135644320404e-14
6.18 2.6902058413568615e-14
6.19 2.5590029542623356e-14
6.2 2.4341989074785868e-14
6.21 2.3154816258811292e-14
6.22 2.2025542544288825e-14
6.23 2.0951344158719836e-14
6.24 1.9929535046615456e-14
6.25 1.8957560152958883e-14
6.26 1.8032989034236735e-14
6.2700000000000005 1.7153509781064622e-14
6.28 1.6316923237209514e-14
6.29 1.5521137500553124e-14
6.3 1.476416269224764e-14
6.3100000000000005 1.4044105980981575e-14
6.32 1.3359166849916177e-14
6.33 1.2707632594454772e-14
6.34 1.2087874039589764e-14
6.3500000000000005 1.1498341466116044e-14
6.36 1.093756073552625e-14
6.37 1.0404129603896272e-14
6.38 9.896714215545085e-15
6.390000000000001 9.414045767700982e-15
6.4 8.95491733783358e-15
6.41 8.518180865718897e-15
6.42 8.102744282690803e-15
6.43 7.707568780900444e-15
6.44 7.331666215755569e-15
6.45 6.974096635044516e-15
6.46 6.633965928565734e-15
6.47 6.310423592386945e-15
6.48 6.002660602141936e-15
6.49 5.7099073900485996e-15
6.5 5.431431920588319e-15
6.51 5.166537860036049e-15
6.5200000000000005 4.914562835263221e-15
6.53 4.674876777460011e-15
6.54 4.446880346635052e-15
6.55 4.230003432953208e-15
6.5600000000000005 4.023703731164107e-15
6.57 3.82746538455662e-15
6.58 3.640797695048208e-15
6.59 3.4632338961842184e-15
6.6000000000000005 3.2943299859786656e-15
6.61 3.1336636166779397e-15
6.62 2.9808330386713912e-15
6.63 2.8354560959081103e-15
6.640000000000001 2.6971692703077012e-15
6.65 2.5656267727758126e-15
6.66 2.4404996785511506e-15
6.67 2.3214751047223952e-15
6.68 2.2082554278578247e-15
6.69 2.1005575397917676e-15
6.7 1.9981121397067647e-15
6.71 1.9006630607411477e-15
6.72 1.8079666294385727e-15
6.73 1.7197910564373417e-15
6.74 1.6359158568763724e-15
6.75 1.5561312990681084e-15
6.76 1.4802378800601094e-15
6.7700000000000005 1.408045826773729e-15
6.78 1.3393746214726004e-15
6.79 1.274052550374247e-15
6.8 1.2119162742761655e-15
6.8100000000000005 1.1528104201227614e-15
6.82 1.0965871924918038e-15
6.83 1.0431060040288351e-15
6.84 9.92233123905584e-16
6.8500000000000005 9.438413434232504e-16
6.86 8.978096579244819e-16
6.87 8.5402296421869015e-16
6.88 8.123717727641408e-16
6.890000000000001 7.727519338870551e-16
6.9 7.350643773531994e-16
6.91 6.992148646406566e-16
6.92 6.651137532944784e-16
6.93 6.326757727738182e-16
6.94 6.018198112311812e-16
6.95 5.724687126905664e-16
6.96 5.445490841173097e-16
6.97 5.179911118973009e-16
6.98 4.927283872665524e-16
6.99 4.686977402547289e-16
7.0 4.458390817272922e-16
7.01 4.240952531313801e-16
7.0200000000000005 4.0341188356964563e-16
7.03 3.837372538447041e-16
7.04 3.6502216713418076e-16
7.05 3.472198259730512e-16
7.0600000000000005 3.3028571523558214e-16
7.07 3.1417749082435044e-16
7.08 2.9885487378792604e-16
7.09 2.8427954960252123e-16
7.1000000000000005 2.7041507236572923e-16
7.11 2.5722677366277045e-16
7.12 2.446816758774132e-16
7.13 2.3274840973074267e-16
7.140000000000001 2.213971358416298e-16
7.15 2.105994701127405e-16
7.16 2.0032841275549662e-16
7.17 1.905582807765531e-16
7.18 1.8126464375692658e-16
7.19 1.7242426276322747e-16
7.2 1.6401503223822524e-16
7.21 1.560159247254335e-16
7.22 1.484069382895202e-16
7.23 1.4116904650105267e-16
7.24 1.3428415086051125e-16
7.25 1.2773503554261153e-16
7.26 1.2150532434777698e-16
7.2700000000000005 1.1557943975310798e-16
7.28 1.0994256396046416e-16
7.29 1.0458060184424482e-16
7.3 9.94801457062396e-17
7.3100000000000005 9.462844174939306e-17
7.32 9.001335818667475e-17
7.33 8.56233549052875e-17
7.34 8.144745461037668e-17
7.3500000000000005 7.747521537607685e-17
7.36 7.369670453525414e-17
7.37 7.010247384266915e-17
7.38 6.668353584943873e-17
7.390000000000001 6.343134142973406e-17
7.4 6.03377584035144e-17
7.41 5.739505120183788e-17
7.42 5.459586152391341e-17
7.43 5.1933189937512983e-17
7.44 4.9400378376746536e-17
7.45 4.699109349343025e-17
7.46 4.4699310820415026e-17
7.47 4.2519299707281755e-17
7.48 4.044560899073082e-17
7.49 3.84730533638339e-17
7.5 3.659670041006508e-17
7.51 3.481185826969135e-17
7.5200000000000005 3.3114063907678786e-17
7.53 3.149907195378125e-17
7.54 2.996284408690178e-17
7.55 2.850153893718829e-17
7.5600000000000005 2.711150248060619e-17
7.57 2.578925890197678e-17
7.58 2.453150190362736e-17
7.59 2.3335086437925524e-17
7.6000000000000005 2.2197020843022372e-17
7.61 2.1114459362138437e-17
7.62 2.0084695027690716e-17
7.63 1.9105152892462647e-17
7.640000000000001 1.8173383590895318e-17
7.65 1.7287057214398123e-17
7.66 1.644395748536277e-17
7.67 1.5641976215315883e-17
7.68 1.4879108033348826e-17
7.69 1.4153445371646293e-17
7.7 1.3463173695573436e-17
7.71 1.2806566966393507e-17
7.72 1.2181983325272298e-17
7.73 1.1587860987776014e-17
7.74 1.1022714338596482e-17
7.75 1.0485130216738932e-17
7.76 9.973764381883648e-18
7.7700000000000005 9.487338153084862e-18
7.78 9.024635211402607e-18
7.79 8.584498558471345e-18
7.8 8.165827623401929e-18
7.8100000000000005 7.767575510780617e-18
7.82 7.388746382885708e-18
7.83 7.028392969574124e-18
7.84 6.685614199612829e-18
7.8500000000000005 6.359552947531531e-18
7.86 6.049393890362212e-18
7.87 5.754361468907398e-18
7.88 5.4737179484378835e-18
7.890000000000001 5.206761573971775e-18
7.9 4.952824815521617e-18
7.91 4.711272698921464e-18
7.92 4.481501218061002e-18
7.930000000000001 4.262935824555397e-18
7.94 4.055029991075319e-18
7.95 3.8572638447437215e-18
7.96 3.669142867182993e-18
7.97 3.490196657961363e-18
7.98 3.3199777583468884e-18
7.99 3.15806053242749e-18
8.0 3.0040401027994283e-18
8.01 2.8575313381629744e-18
8.02 2.7181678902935285e-18
8.03 2.5856012779802223e-18
8.040000000000001 2.4595000156414272e-18
8.05 2.3395487844380986e-18
8.06 2.2254476438123883e-18
8.07 2.116911281480134e-18
8.08 2.0136683000014227e-18
8.09 1.9154605381456895e-18
8.1 1.8220424253541444e-18
8.11 1.7331803676855129e-18
8.120000000000001 1.6486521637094195e-18
8.13 1.5682464488871613e-18
8.14 1.4917621670502271e-18
8.15 1.4190080676551295e-18
8.16 1.3498022275574627e-18
8.17 1.2839715961092617e-18
8.18 1.2213515624422798e-18
8.19 1.161785543855021e-18
8.2 1.1051245942744637e-18
8.21 1.0512270318132713e-18
8.22 9.999580844913347e-19
8.23 9.511895532355314e-19
8.24 9.04799491315322e-19
8.25 8.606718994124148e-19
8.26 8.186964355620101e-19
8.27 7.787681392404391e-19
8.28 7.407871689091715e-19
8.290000000000001 7.046585523589815e-19
8.3 6.702919492299421e-19
8.31 6.376014251134569e-19
8.32 6.065052366715105e-19
8.33 5.769256272357119e-19
8.34 5.487886323751412e-19
8.35 5.220238949467373e-19
8.36 4.9656448916580755e-19
8.370000000000001 4.723467532566801e-19
8.38 4.493101302651306e-19
8.39 4.2739701663444226e-19
8.4 4.0655261816650376e-19
8.41 3.86724813007783e-19
8.42 3.678640213175381e-19
8.43 3.4992308129240113e-19
8.44 3.3285713123728823e-19
8.45 3.1662349738780527e-19
8.46 3.011815872036019e-19
8.47 2.8649278786589464e-19
8.48 2.725203697252809e-19
8.49 2.592293944584996e-19
8.5 2.465866277044279e-19
8.51 2.3456045596085544e-19
8.52 2.231208075342702e-19
8.53 2.1223907734495752e-19
8.540000000000001 2.018880553994056e-19
8.55 1.9204185875114543e-19
8.56 1.8267586677989869e-19
8.57 1.7376665962721262e-19
8.58 1.6529195963460537e-19
8.59 1.5723057563782137e-19
8.6 1.495623499778802e-19
8.61 1.4226810809643373e-19
8.620000000000001 1.3532961058937546e-19
8.63 1.2872950759883682e-19
8.64 1.2245129542950218e-19
8.65 1.1647927528077258e-19
8.66 1.1079851399158987e-19
8.67 1.0539480669975388e-19
8.68 1.0025464132237117e-19
8.69 9.536516476860491e-20
8.700000000000001 9.071415080025478e-20
8.71 8.628996945979758e-20
8.72 8.208155798942768e-20
8.73 7.80783931684055e-20
8.74 7.427046499952253e-20
8.75 7.064825167889645e-20
8.76 6.720269578649845e-20
8.77 6.392518163788765e-20
8.78 6.080751374051123e-20
8.790000000000001 5.784189630070551e-20
8.8 5.502091373015024e-20
8.81 5.233751210303402e-20
8.82 4.978498151756835e-20
8.83 4.735693931773536e-20
8.84 4.5047314133324765e-20
8.85 4.2850330698345214e-20
8.86 4.0760495409852315e-20
8.870000000000001 3.8772582591077643e-20
8.88 3.688162142451704e-20
8.89 3.508288352229664e-20
8.9 3.3371871102739915e-20
8.91 3.1744305743571384e-20
8.92 3.019611768363199e-20
8.93 2.872343564635718e-20
8.94 2.732257715956771e-20
8.950000000000001 2.599003934737165e-20
8.96 2.4722490171151315e-20
8.97 2.351676009772889e-20
8.98 2.2369834173884072e-20
8.99 2.127884448740006e-20
9.0 2.0241062995789808e-20
9.01 1.925389470476789e-20
9.02 1.8314871179413758e-20
9.03 1.742164437179839e-20
9.040000000000001 1.6571980749641814e-20
9.05 1.576375571131874e-20
9.06 1.4994948273247503e-20
9.07 1.4263636016379238e-20
9.08 1.3567990279148116e-20
9.09 1.2906271584865382e-20
9.1 1.2276825292121363e-20
9.11 1.1678077457320448e-20
9.120000000000001 1.1108530899001645e-20
9.13 1.0566761454105689e-20
9.14 1.005141441682531e-20
9.15 9.561201151134948e-21
9.16 9.094895868529687e-21
9.17 8.651332562915378e-21
9.18 8.229402094986306e-21
9.19 7.828049418798816e-21
9.200000000000001 7.446270943607061e-21
9.21 7.083112024363753e-21
9.22 6.73766457460964e-21
9.23 6.409064795784795e-21
9.24 6.09649101728213e-21
9.25 5.79916164184307e-21
9.26 5.516333191157014e-21
9.27 5.247298446778489e-21
9.28 4.991384681712572e-21
9.290000000000001 4.747951978247109e-21
9.3 4.516391627825037e-21
9.31 4.296124608955834e-21
9.32 4.0866001393604245e-21
9.33 3.887294298728366e-21
9.34 3.6977087186443005e-21
9.35 3.517369336407276e-21
9.36 3.3458252096271605e-21
9.370000000000001 3.182647388633611e-21
9.38 3.0274278438786375e-21
9.39 2.8797784456501217e-21
9.4 2.7393299935453337e-21
9.41 2.6057312932776797e-21
9.42 2.4786482785080182e-21
9.43 2.3577631755048744e-21
9.44 2.242773708544484e-21
9.450000000000001 2.1333923440640772e-21
9.46 2.0293455716783075e-21
9.47 1.9303732202606344e-21
9.48 1.8362278073801185e-21
9.49 1.7466739204663907e-21
9.5 1.6614876281556551e-21
9.51 1.5804559203455646e-21
9.52 1.503376175559062e-21
9.53 1.4300556542851248e-21
9.540000000000001 1.3603110170296254e-21
9.55 1.2939678658710753e-21
9.56 1.2308603083749549e-21
9.57 1.1708305427762831e-21
9.58 1.1137284633929455e-21
9.59 1.0594112852833392e-21
9.6 1.0077431872096283e-21
9.61 9.585949720139325e-22
9.620000000000001 9.118437435580872e-22
9.63 8.673725994193323e-22
9.64 8.250703385733421e-22
9.65 7.8483118333373175e-22
9.66 7.465545148527622e-22
9.67 7.101446215217996e-22
9.68 6.755104596424607e-22
9.69 6.425654257699126e-22
9.700000000000001 6.112271401591632e-22
9.71 5.814172407728198e-22
9.72 5.53061187335124e-22
9.73 5.260880749424731e-22
9.74 5.00430456764215e-22
9.75 4.760241753904551e-22
9.76 4.528082024050908e-22
9.77 4.307244857829985e-22
9.78 4.09717804729726e-22
9.790000000000001 3.897356316007515e-22
9.8 3.707280005550062e-22
9.81 3.5264738261423737e-22
9.82 3.354485668158251e-22
9.83 3.190885471618075e-22
9.84 3.03526415081496e-22
9.85 2.8872325713873504e-22
9.86 2.746420577280514e-22
9.870000000000001 2.6124760651634502e-22
9.88 2.4850641039873082e-22
9.89 2.3638660974832366e-22
9.9 2.248578987505734e-22
9.91 2.138914496229484e-22
9.92 2.0345984053045976e-22
9.93 1.9353698701679685e-22
9.94 1.8409807677959035e-22
9.950000000000001 1.75119507626736e-22
9.96 1.6657882845862894e-22
9.97 1.5845468312870523e-22
9.98 1.5072675704196169e-22
9.99 1.4337572635788358e-22
