0.0 4.22625022835235
0.01 3.86639265904182
0.02 3.5421291945120696
0.03 3.2487259631581082
0.04 2.9823942332435527
0.05 2.7400419869820314
0.06 2.519099989901751
0.07 2.3173977832719443
0.08 2.1330739325854697
0.09 1.9645102571110924
0.1 1.8102831287323538
0.11 1.6691270841614512
0.12 1.5399074122938805
0.13 1.4215993333574548
0.14 1.3132720442786137
0.15 1.2140763672262365
0.16 1.1232350695697788
0.17 1.0400351644957706
0.18 0.9638216790857813
0.19 0.8939925087107989
0.2 0.8299940754245412
0.21 0.7713175822528994
0.22 0.7174957110556893
0.23 0.6680996535027396
0.24 0.6227363960257444
0.25 0.5810462029163255
0.26 0.5427002589636614
0.27 0.507398445626638
0.28 0.4748672338314672
0.29 0.44485768292551225
0.3 0.41714353974861573
0.31 0.3915194346984775
0.32 0.3677991734459003
0.33 0.34581412389289745
0.34 0.3254116982917745
0.35000000000000003 0.3064539303382011
0.36 0.28881614666045935
0.37 0.2723857315650831
0.38 0.2570609832558442
0.39 0.24275005908728248
0.4 0.2293700067963733
0.41000000000000003 0.21684587811147657
0.42 0.20510992068820993
0.43 0.19410084397818048
0.44 0.18376315440080138
0.45 0.17404655505636601
0.46 0.1649054051812332
0.47000000000000003 0.15629823459156975
0.48 0.14818730847726924
0.49 0.14053823807874488
0.5 0.1333196329930083
0.51 0.12650279109958865
0.52 0.12006142236055391
0.53 0.11397140302286767
0.54 0.10821055702783597
0.55 0.10275846170529014
0.56 0.09759627509463867
0.5700000000000001 0.09270658248749511
0.58 0.08807326002480607
0.59 0.08368135340373686
0.6 0.07951696995521483
0.61 0.07556718254176681
0.62 0.07181994389733966
0.63 0.06826401018671467
0.64 0.06488887270270352
0.65 0.06168469674547983
0.66 0.05864226684118687
0.67 0.055752937557427565
0.68 0.0530085892624644
0.6900000000000001 0.050401588253970654
0.7000000000000001 0.04792475075298659
0.71 0.04557131032028288
0.72 0.04333488830650248
0.73 0.041209466995046046
0.74 0.03918936513843094
0.75 0.037269215625456605
0.76 0.03544394504856184
0.77 0.03370875496880055
0.78 0.03205910470038274
0.79 0.03049069545815706
0.8 0.028999455730132708
0.81 0.027581527753494345
0.8200000000000001 0.026233254986848024
0.8300000000000001 0.024951170483916253
0.84 0.023731986084804268
0.85 0.022572582350489923
0.86 0.02146999917452436
0.87 0.020421427013223165
0.88 0.019424198682013255
0.89 0.018475781671196543
0.9 0.01757377093930114
0.91 0.016715882146501018
0.92 0.015899945294375883
0.93 0.015123898741619844
0.9400000000000001 0.01438578356824966
0.9500000000000001 0.013683738263461765
0.96 0.013015993714585243
0.97 0.0123808684766146
0.98 0.011776764303614396
0.99 0.01120216192489621
1.0 0.010655617050302218
1.01 0.010135756590210994
1.02 0.009641275077027932
1.03 0.009170931275952159
1.04 0.008723544973738066
1.05 0.00829799393500431
1.06 0.007893211016398439
1.07 0.007508181429608847
1.08 0.007141940144837459
1.09 0.0067935694269120215
1.1 0.006462196496733507
1.11 0.006146991311226422
1.12 0.005847164455393254
1.1300000000000001 0.005561965140472307
1.1400000000000001 0.005290679302565326
1.1500000000000001 0.00503262779643964
1.16 0.0047871646795230195
1.17 0.004553675581399547
1.18 0.004331576154384653
1.19 0.004120310601007894
1.2 0.0039193502744659285
1.21 0.003728192348326121
1.22 0.0035463585519649094
1.23 0.003373393968415976
1.24 0.003208865891481844
1.25 0.003052362739130371
1.26 0.0029034930203550653
1.27 0.0027618843528264235
1.28 0.002627182528800861
1.29 0.002499050626885229
1.3 0.002377168167378842
1.31 0.0022612303090317715
1.32 0.002150947085168669
1.33 0.002046042677231597
1.34 0.0019462547238940698
1.35 0.0018513336639917357
1.36 0.0017610421116035183
1.37 0.0016751542617006055
1.3800000000000001 0.0015934553248599253
1.3900000000000001 0.0015157409896137746
1.4000000000000001 0.0014418169110785022
1.41 0.001371498224572561
1.42 0.0013046090829982903
1.43 0.0012409822168225515
1.44 0.0011804585155488982
1.45 0.001122886629628783
1.46 0.0010681225918111538
1.47 0.0010160294569791879
1.48 0.0009664769595697072
1.49 0.0009193411877153678
1.5 0.0008745042732919503
1.51 0.0008318540970932713
1.52 0.0007912840083943928
1.53 0.0007526925582000745
1.54 0.0007159832455099004
1.55 0.0006810642759642614
1.56 0.0006478483322665341
1.57 0.0006162523558063858
1.58 0.0005861973389373099
1.59 0.0005576081273882277
1.6 0.0005304132323144579
1.61 0.0005045446515175283
1.62 0.0004799376993863254
1.6300000000000001 0.0004565308451339389
1.6400000000000001 0.00043426555892535373
1.6500000000000001 0.0004130861655109452
1.6600000000000001 0.00039293970499950997
1.67 0.00037377580042247935
1.68 0.00035554653175796756
1.69 0.0003382063160994826
1.7 0.00032171179366951045
1.71 0.0003060217193928414
1.72 0.00029109685975839476
1.73 0.0002768998947115593
1.74 0.00026339532433165635
1.75 0.0002505493800610936
1.76 0.00023832994026418464
1.77 0.00022670644990444087
1.78 0.00021564984413943462
1.79 0.00020513247564215626
1.8 0.0001951280454670894
1.81 0.00018561153728811016
1.82 0.00017655915484375074
1.83 0.00016794826243338003
1.84 0.00015975732831550196
1.85 0.00015196587086661637
1.86 0.00014455440736600074
1.87 0.00013750440527834047
1.8800000000000001 0.00013079823591237324
1.8900000000000001 0.00012441913033966562
1.9000000000000001 0.00011835113746328986
1.9100000000000001 0.00011257908413154003
1.92 0.00010708853719695153
1.93 0.00010186576742574177
1.94 9.689771516742825e-05
1.95 9.217195769877145e-05
1.96 8.767667816038777e-05
1.97 8.340063600835153e-05
1.98 7.933313890689852e-05
1.99 7.546401599194878e-05
2.0 7.178359243858727e-05
2.0100000000000002 6.828266526891161e-05
2.02 6.495248033974878e-05
2.0300000000000002 6.178471045269884e-05
2.04 5.8771434531769274e-05
2.05 5.590511781653002e-05
2.06 5.3178593021263495e-05
2.07 5.058504241299681e-05
2.08 4.8117980763598726e-05
2.09 4.577123913331691e-05
2.1 4.3538949445201105e-05
2.11 4.141552981184339e-05
2.12 3.9395670577741594e-05
2.13 3.747432104238691e-05
2.14 3.5646676830873917e-05
2.15 3.390816788045522e-05
2.16 3.225444701299788e-05
2.17 3.068137906476969e-05
2.18 2.9185030546371543e-05
2.19 2.7761659806961828e-05
2.2 2.640770767817716e-05
2.21 2.511978857435532e-05
2.22 2.3894682026805e-05
2.23 2.2729324630955264e-05
2.24 2.16208023862462e-05
2.25 2.0566343409608773e-05
2.2600000000000002 1.9563311004311787e-05
2.27 1.86091970668459e-05
2.2800000000000002 1.7701615815357274e-05
2.29 1.68382978239497e-05
2.3000000000000003 1.6017084347936875e-05
2.31 1.5235921925855972e-05
2.32 1.4492857244743533e-05
2.33 1.3786032255835427e-05
2.34 1.3113679528476758e-05
2.35 1.247411783062417e-05
2.36 1.1865747924889914e-05
2.37 1.128704856961498e-05
2.38 1.073657271497251e-05
2.39 1.0212943884589185e-05
2.4 9.714852733637358e-06
2.41 9.241053774790615e-06
2.42 8.790362263856812e-06
2.43 8.361651237300232e-06
2.44 7.953848694245801e-06
2.45 7.56593491591831e-06
2.46 7.196939915814396e-06
2.47 6.845941014230859e-06
2.48 6.51206053108492e-06
2.49 6.194463591256626e-06
2.5 5.892356036966305e-06
2.5100000000000002 5.604982441966321e-06
2.52 5.331624222582034e-06
2.5300000000000002 5.0715978408782195e-06
2.54 4.824253095458248e-06
2.5500000000000003 4.588971495621828e-06
2.56 4.365164714816158e-06
2.57 4.152273119513024e-06
2.58 3.949764369833495e-06
2.59 3.757132088420977e-06
2.6 3.5738945942339576e-06
2.61 3.3995936980925915e-06
2.62 3.233793556967021e-06
2.63 3.0760795841428277e-06
2.64 2.9260574125382445e-06
2.65 2.7833519085810777e-06
2.66 2.6476062341793277e-06
2.67 2.5184809544401453e-06
2.68 2.3956531889057296e-06
2.69 2.2788158041840546e-06
2.7 2.1676766459553675e-06
2.71 2.061957808434249e-06
2.72 1.9613949394603577e-06
2.73 1.865736579480368e-06
2.74 1.7747435327680707e-06
2.75 1.688188269310506e-06
2.7600000000000002 1.6058543558643718e-06
2.77 1.5275359147602168e-06
2.7800000000000002 1.4530371091010014e-06
2.79 1.3821716530678718e-06
2.8000000000000003 1.3147623461085584e-06
2.81 1.2506406298437156e-06
2.82 1.1896461665831582e-06
2.83 1.131626438398125e-06
2.84 1.0764363657470266e-06
2.85 1.0239379447009977e-06
2.86 9.739999018622155e-07
2.87 9.264973661120088e-07
2.88 8.813115563680362e-07
2.89 8.383294845696933e-07
2.9 7.974436731491226e-07
2.91 7.585518862812979e-07
2.92 7.215568742412259e-07
2.93 6.86366130228959e-07
2.94 6.528916590544275e-07
2.95 6.210497571036176e-07
2.96 5.907608030359474e-07
2.97 5.619490586894327e-07
2.98 5.345424796958413e-07
2.99 5.084725353322357e-07
3.0 4.836740371584834e-07
3.0100000000000002 4.600849760121831e-07
3.02 4.3764636695347974e-07
3.0300000000000002 4.1630210177197406e-07
3.04 3.959988086869823e-07
3.0500000000000003 3.7668571889027694e-07
3.06 3.583145395976283e-07
3.0700000000000003 3.4083933329168325e-07
3.08 3.2421640285424935e-07
3.09 3.084041823007345e-07
3.1 2.9336313284353587e-07
3.11 2.7905564402447966e-07
3.12 2.6544593966907844e-07
3.13 2.5249998842746627e-07
3.14 2.401854186782931e-07
3.15 2.2847143758281397e-07
3.16 2.1732875408674902e-07
3.17 2.0672950567739417e-07
3.18 1.9664718871282295e-07
3.19 1.8705659214898095e-07
3.2 1.779337344989388e-07
3.21 1.6925580386668775e-07
3.22 1.610011009055143e-07
3.23 1.53148984558333e-07
3.24 1.456798204442912e-07
3.25 1.385749317625904e-07
3.2600000000000002 1.318165525907541e-07
3.27 1.253877834605707e-07
3.2800000000000002 1.192725491006184e-07
3.29 1.1345555823971448e-07
3.3000000000000003 1.0792226537077018e-07
3.31 1.0265883437945117e-07
3.3200000000000003 9.76521039466792e-08
3.33 9.288955463848337e-08
3.34 8.83592776008923e-08
3.35 8.404994478159544e-08
3.36 7.995078060391368e-08
3.37 7.605153502224351e-08
3.38 7.234245789160475e-08
3.39 6.881427458719795e-08
3.4 6.545816281301456e-08
3.41 6.22657305414978e-08
3.42 5.92289950291054e-08
3.43 5.6340362855291515e-08
3.44 5.359261093500048e-08
3.45 5.097886845719112e-08
3.46 4.8492599704231455e-08
3.47 4.612758770919954e-08
3.48 4.3877918710228025e-08
3.49 4.1737967363019275e-08
3.5 3.9702382674554516e-08
3.5100000000000002 3.776607462282357e-08
3.52 3.592420142911946e-08
3.5300000000000002 3.4172157451068997e-08
3.54 3.250556166612824e-08
3.5500000000000003 3.0920246716743604e-08
3.56 2.9412248489788085e-08
3.5700000000000003 2.797779620421309e-08
3.58 2.6613302982131855e-08
3.59 2.5315356879756493e-08
3.6 2.4080712355760938e-08
3.61 2.2906282155737692e-08
3.62 2.1789129592453326e-08
3.63 2.0726461202600905e-08
3.64 1.9715619761686424e-08
3.65 1.8754077639583867e-08
3.66 1.7839430480143058e-08
3.67 1.6969391189046964e-08
3.68 1.6141784214884616e-08
3.69 1.535454010913945e-08
3.7 1.4605690351489837e-08
3.71 1.3893362427483298e-08
3.72 1.3215775146274772e-08
3.73 1.2571234186721826e-08
3.74 1.1958127860699054e-08
3.75 1.1374923083038747e-08
3.7600000000000002 1.0820161538018824e-08
3.77 1.02924560328144e-08
3.7800000000000002 9.790487028792938e-09
3.79 9.312999341980437e-09
3.8000000000000003 8.858799004447574e-09
3.81 8.426750278768156e-09
3.8200000000000003 8.015772818083858e-09
3.83 7.62483896467437e-09
3.84 7.252971180277842e-09
3.85 6.899239601735951e-09
3.86 6.562759715851819e-09
3.87 6.242690147646192e-09
3.88 5.9382305564817805e-09
3.89 5.648619634794715e-09
3.9 5.373133204429207e-09
3.91 5.111082405814868e-09
3.92 4.8618119754589976e-09
3.93 4.624698607446539e-09
3.94 4.399149394850637e-09
3.95 4.1846003471564326e-09
3.96 3.980514979991099e-09
3.97 3.786382973633402e-09
3.98 3.6017188969486125e-09
3.99 3.4260609935577606e-09
4.0 3.258970027206303e-09
4.01 3.1000281834445363e-09
4.0200000000000005 2.9488380248739275e-09
4.03 2.805021497346646e-09
4.04 2.6682189846331885e-09
4.05 2.5380884091945056e-09
4.0600000000000005 2.414304376810021e-09
4.07 2.2965573629225495e-09
4.08 2.1845529386657e-09
4.09 2.0780110346383162e-09
4.1 1.976665240585144e-09
4.11 1.8802621392323643e-09
4.12 1.7885606726124822e-09
4.13 1.701331539293786e-09
4.14 1.6183566210073408e-09
4.15 1.539428437237732e-09
4.16 1.4643496264136805e-09
4.17 1.3929324524013248e-09
4.18 1.3249983350660793e-09
4.19 1.2603774037293053e-09
4.2 1.1989080724031347e-09
4.21 1.1404366357412935e-09
4.22 1.084816884695724e-09
4.23 1.0319097409177667e-09
4.24 9.815829089898906e-10
4.25 9.3371054561819e-10
4.26 8.881729449586409e-10
4.2700000000000005 8.448562392901089e-10
4.28 8.03652114285767e-10
4.29 7.644575381708344e-10
4.3 7.27174504089475e-10
4.3100000000000005 6.91709785036623e-10
4.32 6.579747007418988e-10
4.33 6.258848959227479e-10
4.34 5.953601293522843e-10
4.3500000000000005 5.663240732144417e-10
4.36 5.387041222446751e-10
4.37 5.124312121789642e-10
4.38 4.874396470572008e-10
4.39 4.636669349490519e-10
4.4 4.4105363169159633e-10
4.41 4.1954319224794673e-10
4.42 3.9908182931520795e-10
4.43 3.796183788281972e-10
4.44 3.6110417202263846e-10
4.45 3.4349291373790217e-10
4.46 3.2674056665497787e-10
4.47 3.108052411802527e-10
4.48 2.9564709069969613e-10
4.49 2.8122821194158316e-10
4.5 2.6751255019855677e-10
4.51 2.5446580917209224e-10
4.5200000000000005 2.420553652138768e-10
4.53 2.3025018574970597e-10
4.54 2.1902075168187596e-10
4.55 2.083389835760645e-10
4.5600000000000005 1.981781714481234e-10
4.57 1.8851290797520214e-10
4.58 1.7931902496420808e-10
4.59 1.7057353291873269e-10
4.6000000000000005 1.6225456355333902e-10
4.61 1.5434131511145765e-10
4.62 1.468140003501551e-10
4.63 1.3965379706172607e-10
4.64 1.328428010083651e-10
4.65 1.2636398115224991e-10
4.66 1.2020113706907365e-10
4.67 1.1433885843854672e-10
4.68 1.0876248651056731e-10
4.69 1.0345807745071318e-10
4.7 9.841236747339248e-11
4.71 9.361273967546784e-11
4.72 8.904719248743068e-11
4.73 8.470430966322264e-11
4.74 8.057323173367775e-11
4.75 7.664362885218893e-11
4.76 7.290567496471418e-11
4.7700000000000005 6.935002323952089e-11
4.78 6.596778269524054e-11
4.79 6.275049596878201e-11
4.8 5.969011816751884e-11
4.8100000000000005 5.677899675286852e-11
4.82 5.4009852404958995e-11
4.83 5.13757608205378e-11
4.84 4.887013539860646e-11
4.8500000000000005 4.6486710770488206e-11
4.86 4.421952713314276e-11
4.87 4.2062915346553066e-11
4.88 4.001148275792404e-11
4.89 3.806009971724029e-11
4.9 3.620388675047025e-11
4.91 3.443820235833882e-11
4.92 3.275863141016185e-11
4.93 3.116097410371925e-11
4.94 2.964123546356239e-11
4.95 2.819561535149469e-11
4.96 2.682049896424577e-11
4.97 2.5512447794581575e-11
4.98 2.426819103324424e-11
4.99 2.308461739022637e-11
5.0 2.1958767314924187e-11
5.01 2.088782559572048e-11
5.0200000000000005 1.9869114320488395e-11
5.03 1.8900086180417125e-11
5.04 1.797831810041207e-11
5.05 1.710150518014579e-11
5.0600000000000005 1.6267454930605987e-11
5.07 1.5474081791731625e-11
5.08 1.4719401917425893e-11
5.09 1.400152821490773e-11
5.1000000000000005 1.3318665625997181e-11
5.11 1.266910663853473e-11
5.12 1.2051227016711601e-11
5.13 1.1463481739634025e-11
5.14 1.0904401137966548e-11
5.15 1.0372587218992806e-11
5.16 9.866710170905982e-12
5.17 9.385505037586266e-12
5.18 8.92776855555173e-12
5.19 8.492356145173035e-12
5.2 8.078179048628043e-12
5.21 7.684201607440202e-12
5.22 7.3094386727928e-12
5.23 6.9529531421439284e-12
5.24 6.613853615982018e-12
5.25 6.291292168862537e-12
5.26 5.984462229152977e-12
5.2700000000000005 5.692596562183421e-12
5.28 5.414965351760495e-12
5.29 5.150874375246438e-12
5.3 4.899663267641158e-12
5.3100000000000005 4.660703870325567e-12
5.32 4.433398660338037e-12
5.33 4.217179256255598e-12
5.34 4.011504996944359e-12
5.3500000000000005 3.815861589625119e-12
5.36 3.629759823873479e-12
5.37 3.452734348338992e-12
5.38 3.2843425071243454e-12
5.39 3.124163232915132e-12
5.4 2.971795994092138e-12
5.41 2.82685979319379e-12
5.42 2.6889922142239437e-12
5.43 2.557848516423141e-12
5.44 2.433100772237188e-12
5.45 2.3144370473274213e-12
5.46 2.2015606205724008e-12
5.47 2.0941892421105185e-12
5.48 1.9920544275683662e-12
5.49 1.8949007867099617e-12
5.5 1.8024853848280658e-12
5.51 1.714577135280954e-12
5.5200000000000005 1.6309562216553778e-12
5.53 1.5514135481111084e-12
5.54 1.4757502165323393e-12
5.55 1.4037770291788652e-12
5.5600000000000005 1.3353140155931284e-12
5.57 1.270189982580388e-12
5.58 1.2082420861365179e-12
5.59 1.149315424253181e-12
5.6000000000000005 1.0932626495821468e-12
5.61 1.0399436009901505e-12
5.62 9.892249530830638e-13
5.63 9.409798828229478e-13
5.64 8.950877524044246e-13
5.65 8.514338075972947e-13
5.66 8.099088908012257e-13
5.67 7.704091680948638e-13
5.68 7.328358695969506e-13
5.69 6.970950424901872e-13
5.7 6.63097316090241e-13
5.71 6.307576783724898e-13
5.72 5.999952633976694e-13
5.73 5.707331491049171e-13
5.74 5.428981649665519e-13
5.75 5.164207090236266e-13
5.76 4.912345738447965e-13
5.7700000000000005 4.672767809732372e-13
5.78 4.4448742344771994e-13
5.79 4.2280951600397945e-13
5.8 4.0218885258189193e-13
5.8100000000000005 3.8257387078207395e-13
5.82 3.6391552293304253e-13
5.83 3.4616715344647533e-13
5.84 3.292843821539409e-13
5.8500000000000005 3.1322499333336614e-13
5.86 2.9794883014773765e-13
5.87 2.834176942320943e-13
5.88 2.695952501777142e-13
5.89 2.564469346746738e-13
5.9 2.439398700855611e-13
5.91 2.320427822342671e-13
5.92 2.20725922204247e-13
5.93 2.0996099195073506e-13
5.94 1.9972107354089664e-13
5.95 1.899805618449718e-13
5.96 1.8071510051011534e-13
5.97 1.7190152105682555e-13
5.98 1.6351778494568086e-13
5.99 1.5554292846951198e-13
6.0 1.4795701033321003e-13
6.01 1.4074106179010543e-13
6.0200000000000005 1.3387703921022087e-13
6.03 1.2734777896179827e-13
6.04 1.2113695449327541e-13
6.05 1.1522903550840789e-13
6.0600000000000005 1.0960924913243472e-13
6.07 1.0426354297220154e-13
6.08 9.917854997785268e-14
6.09 9.434155501824837e-14
6.1000000000000005 8.974046308651047e-14
6.11 8.536376905620886e-14
6.12 8.120052891254964e-14
6.13 7.724033238663813e-14
6.140000000000001 7.34732769243856e-14
6.15 6.988994292496485e-14
6.16 6.648137018690227e-14
6.17 6.323903550290591e-14
6.18 6.015483134740959e-14
6.19 5.722104560353368e-14
6.2 5.4430342278778423e-14
6.21 5.177574316121942e-14
6.22 4.9250610370343496e-14
6.23 4.68486297588907e-14
6.24 4.45637951241966e-14
6.25 4.2390393189557376e-14
6.26 4.032298931806163e-14
6.2700000000000005 3.835641392316803e-14
6.28 3.64857495420464e-14
6.29 3.4706318539357963e-14
6.3 3.301367141073204e-14
6.3100000000000005 3.140357565668618e-14
6.32 2.9872005199174304e-14
6.33 2.8415130314292894e-14
6.34 2.7029308055977697e-14
6.3500000000000005 2.571107314674007e-14
6.36 2.4457129312669302e-14
6.37 2.3264341041030026e-14
6.38 2.212972573984732e-14
6.390000000000001 2.1050446279873588e-14
6.4 2.0023803900287337e-14
6.41 1.904723146038546e-14
6.42 1.8118287020394407e-14
6.43 1.7234647735348575e-14
6.44 1.6394104046768092e-14
6.45 1.5594554157612084e-14
6.46 1.4833998776690496e-14
6.47 1.4110536119395635e-14
6.48 1.3422357152249192e-14
6.49 1.2767741069377076e-14
6.5 1.2145050989597722e-14
6.51 1.1552729863366902e-14
6.5200000000000005 1.0989296579342664e-14
6.53 1.0453342260835741e-14
6.54 9.943526742883805e-15
6.55 9.458575221140847e-15
6.5600000000000005 8.997275064202482e-15
6.57 8.558472781395978e-15
6.58 8.141071138452345e-15
6.59 7.744026413849363e-15
6.6000000000000005 7.366345788964227e-15
6.61 7.007084865509719e-15
6.62 6.6653453040464906e-15
6.63 6.340272577666699e-15
6.640000000000001 6.031053835231527e-15
6.65 5.736915868820125e-15
6.66 5.457123180306758e-15
6.67 5.190976142232718e-15
6.68 4.93780924837298e-15
6.69 4.6969894496241124e-15
6.7 4.4679145710518825e-15
6.71 4.250011806140019e-15
6.72 4.0427362844758214e-15
6.73 3.845569709290073e-15
6.74 3.658019061445386e-15
6.75 3.479615366631346e-15
6.76 3.3099125226845857e-15
6.7700000000000005 3.148486184100952e-15
6.78 2.994932700950785e-15
6.79 2.8488681095437923e-15
6.8 2.709927172319786e-15
6.8100000000000005 2.577762464564586e-15
6.82 2.4520435056673204e-15
6.83 2.3324559327466452e-15
6.84 2.218700714579858e-15
6.8500000000000005 2.110493403869112e-15
6.86 2.0075634259749745e-15
6.87 1.909653402338862e-15
6.88 1.816518506902631e-15
6.890000000000001 1.727925853915879e-15
6.9 1.6436539156003112e-15
6.91 1.5634919682148227e-15
6.92 1.4872395651364786e-15
6.93 1.4147060356394684e-15
6.94 1.3457100081190126e-15
6.95 1.2800789565679031e-15
6.96 1.2176487691715558e-15
6.97 1.1582633379430651e-15
6.98 1.1017741683718532e-15
6.99 1.0480400081101137e-15
7.0 9.969264937683097e-16
7.01 9.483058149367466e-16
7.0200000000000005 9.020563945929582e-16
7.03 8.58062585095851e-16
7.04 8.16214379006318e-16
7.05 7.764071340113897e-16
7.0600000000000005 7.385413112638999e-16
7.07 7.025222264835642e-16
7.08 6.682598131969228e-16
7.09 6.356683975242608e-16
7.1000000000000005 6.046664839502955e-16
7.11 5.751765515429073e-16
7.12 5.471248601104665e-16
7.13 5.204412658129143e-16
7.140000000000001 4.950590457656395e-16
7.15 4.709147311975231e-16
7.16 4.479479487459264e-16
7.17 4.261012694918642e-16
7.18 4.0532006535777074e-16
7.19 3.855523725088624e-16
7.2 3.667487614164912e-16
7.21 3.488622132585596e-16
7.22 3.318480023479835e-16
7.23 3.1566358429518264e-16
7.24 3.0026848962494005e-16
7.25 2.8562422258163115e-16
7.26 2.7169416486978966e-16
7.2700000000000005 2.58443484089291e-16
7.28 2.4583904663621643e-16
7.29 2.338493348515713e-16
7.3 2.224443682107356e-16
7.3100000000000005 2.1159562835652202e-16
7.32 2.0127598778844198e-16
7.33 1.9145964202981294e-16
7.34 1.8212204510313096e-16
7.3500000000000005 1.732398481523448e-16
7.36 1.6479084105854532e-16
7.37 1.5675389690310913e-16
7.38 1.4910891913938918e-16
7.390000000000001 1.4183679134088409e-16
7.4 1.349193294002174e-16
7.41 1.2833923605939052e-16
7.42 1.2208005765763568e-16
7.43 1.1612614298868708e-16
7.44 1.1046260416461598e-16
7.45 1.0507527938835811e-16
7.46 9.995069754183992e-17
7.47 9.507604450116892e-17
7.48 9.043913109465079e-17
7.49 8.602836262350956e-17
7.5 8.183270986909995e-17
7.51 7.784168151411808e-17
7.5200000000000005 7.40452979088421e-17
7.53 7.043406611681199e-17
7.54 6.699895617754001e-17
7.55 6.373137852691014e-17
7.5600000000000005 6.062316251878962e-17
7.57 5.766653599416168e-17
7.58 5.4854105846676275e-17
7.59 5.21788395360349e-17
7.6000000000000005 4.9634047502977725e-17
7.61 4.721336644189841e-17
7.62 4.491074338926847e-17
7.63 4.2720420588073217e-17
7.640000000000001 4.0636921090421166e-17
7.65 3.865503506232236e-17
7.66 3.6769806756387665e-17
7.67 3.4976522119881205e-17
7.68 3.327069700713119e-17
7.69 3.1648065966830893e-17
7.7 3.0104571576189265e-17
7.71 2.8636354295259146e-17
7.72 2.7239742816077795e-17
7.73 2.591124488248503e-17
7.74 2.4647538557663373e-17
7.75 2.344546391756536e-17
7.76 2.2302015149458013e-17
7.7700000000000005 2.1214333035825062e-17
7.78 2.0179697804834415e-17
7.79 1.9195522329490878e-17
7.8 1.825934565847227e-17
7.8100000000000005 1.736882686246811e-17
7.82 1.6521739180638132e-17
7.83 1.5715964452549352e-17
7.84 1.4949487821672136e-17
7.8500000000000005 1.4220392697189656e-17
7.86 1.3526855961521818e-17
7.87 1.2867143411582488e-17
7.88 1.2239605422367798e-17
7.890000000000001 1.1642672822034691e-17
7.9 1.1074852968154193e-17
7.91 1.0534726015327294e-17
7.92 1.0020941364832509e-17
7.930000000000001 9.532214287424987e-18
7.94 9.067322710844778e-18
7.95 8.625104163999158e-18
7.96 8.204452870179655e-18
7.97 7.804316982044192e-18
7.98 7.423695951451014e-18
7.99 7.061638027567049e-18
8.0 6.717237876994979e-18
8.01 6.389634319968351e-18
8.02 6.078008176953522e-18
8.03 5.781580220274109e-18
8.040000000000001 5.499609225636028e-18
8.05 5.231390118680591e-18
8.06 4.97625221193124e-18
8.07 4.7335575277257714e-18
8.08 4.502699202939621e-18
8.09 4.283099971512092e-18
8.1 4.074210720980454e-18
8.11 3.8755091194128875e-18
8.120000000000001 3.686498309306374e-18
8.13 3.506705665184343e-18
8.14 3.3356816117867052e-18
8.15 3.1729984998974904e-18
8.16 3.018249536999127e-18
8.17 2.8710477700792146e-18
8.18 2.7310251180465168e-18
8.19 2.59783145133639e-18
8.2 2.471133716404576e-18
8.21 2.3506151029198092e-18
8.22 2.2359742515731028e-18
8.23 2.1269245005223035e-18
8.24 2.0231931685882908e-18
8.25 1.9245208734100212e-18
8.26 1.830660882853431e-18
8.27 1.7413784980526436e-18
8.28 1.6564504665405266e-18
8.290000000000001 1.5756644240012777e-18
8.3 1.4988183632489889e-18
8.31 1.4257201291044316e-18
8.32 1.3561869379070958e-18
8.33 1.2900449204607562e-18
8.34 1.2271286872699576e-18
8.35 1.1672809149801136e-18
8.36 1.1103519529872036e-18
8.370000000000001 1.056199449233257e-18
8.38 1.0046879942521178e-18
8.39 9.556887825752212e-19
8.4 9.090792906508184e-19
8.41 8.647429704712978e-19
8.42 8.225689581424471e-19
8.43 7.82451796665994e-19
8.44 7.442911722421452e-19
8.45 7.079916634328597e-19
8.46 6.734625025585347e-19
8.47 6.406173487315673e-19
8.48 6.093740719591038e-19
8.49 5.796545477753125e-19
8.5 5.513844618895338e-19
8.51 5.244931243618186e-19
8.52 4.989132928412754e-19
8.53 4.745810044251607e-19
8.540000000000001 4.514354157183144e-19
8.55 4.2941865069297417e-19
8.56 4.0847565596854915e-19
8.57 3.885540631495157e-19
8.58 3.69604057877129e-19
8.59 3.51578255267591e-19
8.6 3.344315814251543e-19
8.61 3.1812116073391407e-19
8.620000000000001 3.0260620864641896e-19
8.63 2.878479297010749e-19
8.64 2.738094205132762e-19
8.65 2.6045557749771843e-19
8.66 2.4775300909115655e-19
8.67 2.356699522561e-19
8.68 2.241761930566814e-19
8.69 2.132429911080686e-19
8.700000000000001 2.0284300771053667e-19
8.71 1.9295023748848823e-19
8.72 1.835399433634513e-19
8.73 1.7458859469850993e-19
8.74 1.6607380845945127e-19
8.75 1.579742932455261e-19
8.76 1.5026979604984925e-19
8.77 1.4294105161633816e-19
8.78 1.3596973426653565e-19
8.790000000000001 1.2933841207587117e-19
8.8 1.2303050328476748e-19
8.81 1.1703023483560206e-19
8.82 1.113226029318535e-19
8.83 1.0589333552078879e-19
8.84 1.007288566059012e-19
8.85 9.581625229984596e-20
8.86 9.114323853299796e-20
8.870000000000001 8.669813033687456e-20
8.88 8.246981262563273e-20
8.89 7.844771240256257e-20
8.9 7.462177232208733e-20
8.91 7.098242554116265e-20
8.92 6.752057179718462e-20
8.93 6.422755465259526e-20
8.94 6.109513984927653e-20
8.950000000000001 5.811549471861728e-20
8.96 5.528116859576475e-20
8.97 5.25850741890764e-20
8.98 5.002046985820264e-20
8.99 4.7580942756473204e-20
9.0 4.5260392795441555e-20
9.01 4.3053017391484256e-20
9.02 4.095329695632092e-20
9.03 3.895598109516782e-20
9.040000000000001 3.7056075478017023e-20
9.05 3.5248829351209253e-20
9.06 3.3529723658074514e-20
9.07 3.189445973893829e-20
9.08 3.033894858223154e-20
9.09 2.8859300599832947e-20
9.1 2.745181590107209e-20
9.11 2.6112975041076425e-20
9.120000000000001 2.483943022032453e-20
9.13 2.3627996913404848e-20
9.14 2.2475645906042806e-20
9.15 2.1379495720486987e-20
9.16 2.033680541031437e-20
9.17 1.9344967706636266e-20
9.18 1.8401502498568562e-20
9.19 1.7504050631661877e-20
9.200000000000001 1.6650368008786894e-20
9.21 1.5838319978723505e-20
9.22 1.506587599841936e-20
9.23 1.4331104555575612e-20
9.24 1.363216833885969e-20
9.25 1.2967319643670396e-20
9.26 1.2334896001965428e-20
9.27 1.1733316025225767e-20
9.28 1.1161075450160463e-20
9.290000000000001 1.0616743377265139e-20
9.3 1.0098958692827714e-20
9.31 9.606426665434949e-21
9.32 9.137915708470026e-21
9.33 8.692254300504002e-21
9.34 8.2683280558823e-21
9.35 7.865076938179995e-21
9.36 7.481492609558817e-21
9.370000000000001 7.116615909396947e-21
9.38 6.7695344558882556e-21
9.39 6.439380364612357e-21
9.4 6.125328078371427e-21
9.41 5.826592302867334e-21
9.42 5.54242604305676e-21
9.43 5.272118735274666e-21
9.44 5.014994470454768e-21
9.450000000000001 4.7704103040048974e-21
9.46 4.537754648110867e-21
9.47 4.316445742447953e-21
9.48 4.105930199477335e-21
9.49 3.905681620688911e-21
9.5 3.715199280330938e-21
9.51 3.534006873334676e-21
9.52 3.361651324303721e-21
9.53 3.197701654589478e-21
9.540000000000001 3.041747904620117e-21
9.55 2.8934001087880547e-21
9.56 2.7522873203327534e-21
9.57 2.618056683780745e-21
9.58 2.4903725526230126e-21
9.59 2.368915650023969e-21
9.6 2.2533822704630254e-21
9.61 2.143483520312662e-21
9.620000000000001 2.038944595453769e-21
9.63 1.9395040941223217e-21
9.64 1.84491336326876e-21
9.65 1.7549358767958246e-21
9.66 1.6693466441201527e-21
9.67 1.5879316475786043e-21
9.68 1.5104873072726707e-21
9.69 1.4368199720126198e-21
9.700000000000001 1.366745435088681e-21
9.71 1.3000884736583875e-21
9.72 1.236682410598083e-21
9.73 1.1763686977233737e-21
9.74 1.1189965193360544e-21
9.75 1.0644224151063401e-21
9.76 1.012509921347267e-21
9.77 9.631292297844265e-22
9.78 9.161568629676523e-22
9.790000000000001 8.714753655130956e-22
9.8 8.289730104035738e-22
9.81 7.885435196128124e-22
9.82 7.500857983550653e-22
9.83 7.135036822954493e-22
9.84 6.787056970890425e-22
9.85 6.456048296473631e-22
9.86 6.141183105603444e-22
9.870000000000001 5.841674071296647e-22
9.88 5.556772264960228e-22
9.89 5.285765283679662e-22
9.9 5.027975468840472e-22
9.91 4.782758211628844e-22
9.92 4.54950034117375e-22
9.93 4.32761859130052e-22
9.94 4.116558142061397e-22
9.950000000000001 3.9157912323967465e-22
9.96 3.7248158404577095e-22
9.97 3.5431544282897405e-22
9.98 3.3703527477392153e-22
9.99 3.2059787045963606e-22
