0.0 0.10000000000000009
0.01 0.09606722687054317
0.02 0.09229178473066349
0.03 0.08866712195995005
0.04 0.08518698360697274
0.05 0.08184539578584393
0.06 0.07863665108819717
0.07 0.07555529492736543
0.08 0.07259611273987035
0.09 0.0697541179766826
0.1 0.0670245408232244
0.11 0.06440281759285202
0.12 0.06188458074368827
0.13 0.059465649473241816
0.14 0.05714202084933151
0.15 0.05490986143948445
0.16 0.05276549940424119
0.17 0.050705417022743504
0.18 0.04872624362161945
0.19 0.046824748880560985
0.2 0.044997836490139914
0.21 0.04324253813934828
0.22 0.04155600781211277
0.23 0.039935516373627925
0.24 0.038378446428802795
0.25 0.03688228743643704
0.26 0.035444631063945145
0.27 0.03406316676854444
0.28 0.032735677591825205
0.29 0.03146003615554216
0.3 0.0302342008473014
0.31 0.029056212185596647
0.32 0.027924189354347637
0.33 0.026836326897755877
0.34 0.025790891566883342
0.35000000000000003 0.024786219309919658
0.36 0.023820712398610278
0.37 0.022892836683792092
0.38 0.02200111897341861
0.39 0.0211441445268592
0.4 0.020320554659635018
0.41000000000000003 0.01952904445309772
0.42 0.018768360563883563
0.43 0.018037299128272635
0.44 0.017334703756863953
0.45 0.016659463615236403
0.46 0.016010511586509305
0.47000000000000003 0.015386822511940665
0.48 0.0147874115059142
0.49 0.014211332341863489
0.5 0.013657675905865738
0.51 0.013125568714812741
0.52 0.012614171496225096
0.53 0.012122677826932118
0.54 0.01165031282798032
0.55 0.011196331913267868
0.56 0.010760019589528227
0.5700000000000001 0.01034068830540591
0.58 0.009937677347477844
0.59 0.009550351781179425
0.6 0.009178101434693373
0.61 0.008820339923953945
0.62 0.008476503717004986
0.63 0.00814605123603699
0.64 0.007828461995505229
0.65 0.0075232357748032455
0.66 0.0072298918240439325
0.67 0.006947968101556651
0.68 0.006677020541782014
0.6900000000000001 0.006416622352300533
0.7000000000000001 0.006166363338787312
0.71 0.005925849256743748
0.72 0.005694701188903528
0.73 0.005472554947262301
0.74 0.005259060498723468
0.75 0.005053881413399325
0.76 0.004856694334648123
0.77 0.004667188469964799
0.78 0.004485065101882957
0.79 0.004310037118084621
0.8 0.004141828559941045
0.81 0.0039801741887478675
0.8200000000000001 0.0038248190689469178
0.8300000000000001 0.003675518167653366
0.84 0.003532035969840072
0.85 0.0033941461085563035
0.86 0.003261631009582003
0.87 0.0031342815499458138
0.88 0.0030118967297592114
0.89 0.002894283356837689
0.9 0.0027812557436057914
0.91 0.002672635415802406
0.92 0.002568250832520061
0.93 0.0024679371171326472
0.9400000000000001 0.0023715357986855146
0.9500000000000001 0.0022788945633356594
0.96 0.002189867015449508
0.97 0.0021043124479780025
0.98 0.002022095621749275
0.99 0.0019430865533270024
1.0 0.0018671603111028445
1.01 0.0017941968192990189
1.02 0.0017240806695745792
1.03 0.0016567009399387142
1.04 0.001591951020684726
1.05 0.0015297284470746249
1.06 0.0014699347385088712
1.07 0.0014124752439305735
1.08 0.0013572589932218833
1.09 0.0013041985543587632
1.1 0.0012532098961029366
1.11 0.0012042122560127315
1.12 0.0011571280135690976
1.1300000000000001 0.0011118825682186508
1.1400000000000001 0.0010684042221402214
1.1500000000000001 0.0010266240675548717
1.16 0.0009864758784022785
1.17 0.000947896006213575
1.18 0.0009108232800192108
1.19 0.0008751989101348605
1.2 0.0008409663956756436
1.21 0.0008080714356545858
1.22 0.0007764618435249226
1.23 0.0007460874650361271
1.24 0.0007169000992713268
1.25 0.0006888534227472119
1.26 0.0006619029164547686
1.27 0.0006360057957281451
1.28 0.0006111209428330648
1.29 0.0005872088421679279
1.3 0.0005642315179783183
1.31 0.0005421524744857326
1.32 0.0005209366383391832
1.33 0.0005005503032976862
1.34 0.0004809610770592481
1.35 0.000462137830152495
1.36 0.0004440506468107435
1.37 0.0004266707777515807
1.3800000000000001 0.00040997059479020055
1.3900000000000001 0.00039392354721306914
1.4000000000000001 0.0003785041198454478
1.41 0.00036368779274584435
1.42 0.0003494510024663871
1.43 0.0003357711048161006
1.44 0.0003226263390707085
1.45 0.000309995793572649
1.46 0.00029785937266652365
1.47 0.00028619776491888016
1.48 0.00027499241257389513
1.49 0.0002642254821940068
1.5 0.0002538798364425752
1.51 0.00024393900696291666
1.52 0.00023438716831100832
1.53 0.0002252091129025871
1.54 0.00021639022693245753
1.55 0.00020791646723218073
1.56 0.00019977433902552445
1.57 0.0001919508745511847
1.58 0.0001844336125149549
1.59 0.00017721057834262435
1.6 0.00017027026520041212
1.61 0.00016360161575408073
1.62 0.00015719400463790577
1.6300000000000001 0.0001510372216055253
1.6400000000000001 0.00014512145533761636
1.6500000000000001 0.00013943727787821443
1.6600000000000001 0.00013397562967842024
1.67 0.00012872780522213585
1.68 0.00012368543921032447
1.69 0.00011884049328492532
1.7 0.00011418524326957044
1.71 0.00010971226690537593
1.72 0.0001054144320676853
1.73 0.00010128488543866259
1.74 9.731704162404837e-05
1.75 9.350457269186041e-05
1.76 8.984139812028523e-05
1.77 8.632167513549817e-05
1.78 8.293978942917803e-05
1.79 7.969034623412849e-05
1.8 7.656816175141516e-05
1.81 7.356825490868486e-05
1.82 7.06858394419977e-05
1.83 6.791631628573925e-05
1.84 6.525526625875046e-05
1.85 6.269844303717458e-05
1.86 6.024176639939007e-05
1.87 5.788131573677361e-05
1.8800000000000001 5.5613323815610106e-05
1.8900000000000001 5.3434170783676904e-05
1.9000000000000001 5.134037841042147e-05
1.9100000000000001 4.9328604551432745e-05
1.92 4.739563782946328e-05
1.93 4.5538392523098575e-05
1.94 4.3753903654606546e-05
1.95 4.203932226950254e-05
1.96 4.039191090123278e-05
1.97 3.880903921135281e-05
1.98 3.728817980191892e-05
1.99 3.5826904189396186e-05
2.0 3.442287893763718e-05
2.0100000000000002 3.307386194038864e-05
2.02 3.1777698850134206e-05
2.0300000000000002 3.053231964537896e-05
2.04 2.9335735333084045e-05
2.05 2.8186034779159944e-05
2.06 2.7081381663058776e-05
2.07 2.6020011551232923e-05
2.08 2.5000229085552026e-05
2.09 2.4020405280421233e-05
2.1 2.3078974926234088e-05
2.11 2.217443409493992e-05
2.12 2.1305337741949967e-05
2.13 2.047029740190288e-05
2.14 1.9667978975418214e-05
2.15 1.8897100601612035e-05
2.16 1.8156430613666327e-05
2.17 1.7444785574952885e-05
2.18 1.6761028391374007e-05
2.19 1.6104066497971484e-05
2.2 1.5472850116001347e-05
2.21 1.4866370578241802e-05
2.22 1.428365872016904e-05
2.23 1.3723783333807749e-05
2.24 1.3185849681567052e-05
2.25 1.2668998069469053e-05
2.2600000000000002 1.2172402474324665e-05
2.27 1.169526922654594e-05
2.2800000000000002 1.1236835743267098e-05
2.29 1.079636931154964e-05
2.3000000000000003 1.0373165918192533e-05
2.31 9.966549127176164e-06
2.32 9.575868999342051e-06
2.33 9.200501055215988e-06
2.34 8.839845277803984e-06
2.35 8.493325155331088e-06
2.36 8.16038676013835e-06
2.37 7.840497865203985e-06
2.38 7.533147093597174e-06
2.39 7.2378431023052e-06
2.4 6.954113798004211e-06
2.41 6.6815055826522675e-06
2.42 6.419582629474526e-06
2.43 6.1679261872684375e-06
2.44 5.926133911007998e-06
2.45 5.693819219854904e-06
2.46 5.470610679283658e-06
2.47 5.256151408289042e-06
2.48 5.0500985092742385e-06
2.49 4.852122519952802e-06
2.5 4.661906887528386e-06
2.5100000000000002 4.479147462815121e-06
2.52 4.3035520145111306e-06
2.5300000000000002 4.134839762423266e-06
2.54 3.972740928286913e-06
2.5500000000000003 3.816996305943364e-06
2.56 3.667356845953344e-06
2.57 3.523583258599689e-06
2.58 3.3854456310518713e-06
2.59 3.252723060232811e-06
2.6 3.125203300030112e-06
2.61 3.002682421345557e-06
2.62 2.884964487678181e-06
2.63 2.7718612401286293e-06
2.64 2.6631917984720407e-06
2.65 2.5587823707620867e-06
2.66 2.4584659762390357e-06
2.67 2.362082177848621e-06
2.68 2.269476826985504e-06
2.69 2.1805018155748347e-06
2.7 2.0950148408903704e-06
2.71 2.0128791768196912e-06
2.72 1.933963456420191e-06
2.73 1.85814146098787e-06
2.74 1.7852919190409393e-06
2.75 1.715298312163823e-06
2.7600000000000002 1.6480486886409369e-06
2.77 1.5834354847459086e-06
2.7800000000000002 1.5213553524623955e-06
2.79 1.4617089948264087e-06
2.8000000000000003 1.4044010067700962e-06
2.81 1.349339722534165e-06
2.82 1.296437069323031e-06
2.83 1.245608426482677e-06
2.84 1.1967724903226519e-06
2.85 1.14985114397679e-06
2.86 1.1047693320881966e-06
2.87 1.0614549419633423e-06
2.88 1.0198386871204017e-06
2.89 9.798539968643464e-07
2.9 9.414369103571399e-07
2.91 9.045259735496842e-07
2.92 8.690621414086854e-07
2.93 8.349886834157485e-07
2.94 8.022510930101503e-07
2.95 7.707969998334068e-07
2.96 7.405760868060222e-07
2.97 7.115400091139501e-07
2.98 6.836423169209174e-07
2.99 6.568383814689865e-07
3.0 6.310853234430414e-07
3.0100000000000002 6.063419440676798e-07
3.02 5.825686600672252e-07
3.0300000000000002 5.597274396298198e-07
3.04 5.377817416996923e-07
3.0500000000000003 5.166964580695941e-07
3.06 4.964378563024341e-07
3.0700000000000003 4.769735269611534e-07
3.08 4.5827233048704704e-07
3.09 4.403043483764053e-07
3.1 4.23040834930102e-07
3.11 4.064541715019976e-07
3.12 3.905178220821033e-07
3.13 3.752062908106012e-07
3.14 3.604950811559519e-07
3.15 3.4636065751180323e-07
3.16 3.3278040655423556e-07
3.17 3.1973260156121066e-07
3.18 3.071963675952078e-07
3.19 2.9515164780313016e-07
3.2 2.8357917204637883e-07
3.21 2.724604254565502e-07
3.22 2.6177761908678784e-07
3.23 2.515136612357195e-07
3.24 2.4165213055268343e-07
3.25 2.321772491050084e-07
3.2600000000000002 2.2307385789396362e-07
3.27 2.1432739183099327e-07
3.2800000000000002 2.0592385732655285e-07
3.29 1.978498088850032e-07
3.3000000000000003 1.9009232861790567e-07
3.31 1.8263900471447757e-07
3.3200000000000003 1.7547791229778013e-07
3.33 1.685975936377036e-07
3.34 1.619870405119195e-07
3.35 1.556356761735385e-07
3.36 1.4953333843186443e-07
3.37 1.4367026381821796e-07
3.38 1.380370712559544e-07
3.39 1.3262474783123186e-07
3.4 1.2742463368600916e-07
3.41 1.2242840863121193e-07
3.42 1.1762807874726765e-07
3.43 1.1301596335204977e-07
3.44 1.0858468289088154e-07
3.45 1.0432714741986948e-07
3.46 1.0023654464135293e-07
3.47 9.630632965014333e-08
3.48 9.25302137739397e-08
3.49 8.890215513513182e-08
3.5 8.54163486958999e-08
3.5100000000000002 8.206721703769848e-08
3.52 7.884940134988299e-08
3.5300000000000002 7.575775312268821e-08
3.54 7.278732544379533e-08
3.5500000000000003 6.993336535102038e-08
3.56 6.719130660551038e-08
3.5700000000000003 6.455676145351451e-08
3.58 6.202551469495794e-08
3.59 5.959351591789796e-08
3.6 5.725687401790915e-08
3.61 5.501185001738525e-08
3.62 5.2854851727930554e-08
3.63 5.0782427647873794e-08
3.64 4.879126212846115e-08
3.65 4.687816878098548e-08
3.66 4.5040086578103725e-08
3.67 4.327407451235228e-08
3.68 4.157730666850233e-08
3.69 3.994706825752119e-08
3.7 3.838075047336116e-08
3.71 3.6875847274396925e-08
3.72 3.5429950507307644e-08
3.73 3.404074665411803e-08
3.74 3.2706012930534215e-08
3.75 3.142361346285716e-08
3.7600000000000002 3.019149631533068e-08
3.77 2.9007689984685437e-08
3.7800000000000002 2.787030022350788e-08
3.79 2.6777507187338424e-08
3.8000000000000003 2.572756214513428e-08
3.81 2.4718785058896542e-08
3.8200000000000003 2.374956194035817e-08
3.83 2.281834171269305e-08
3.84 2.1923634351366764e-08
3.85 2.106400812203668e-08
3.86 2.0238087823100902e-08
3.87 1.9444551541223255e-08
3.88 1.8682129713430652e-08
3.89 1.794960220745151e-08
3.9 1.7245797191163927e-08
3.91 1.656958796928678e-08
3.92 1.5919892980127107e-08
3.93 1.529567244310502e-08
3.94 1.4695927383920424e-08
3.95 1.4119698435953974e-08
3.96 1.3566063216606224e-08
3.97 1.3034136006807471e-08
3.98 1.252306571157926e-08
3.99 1.203203434291028e-08
4.0 1.1560256465932344e-08
4.01 1.1106976809596302e-08
4.0200000000000005 1.0671470390758971e-08
4.03 1.0253040043652312e-08
4.04 9.851016392873235e-09
4.05 9.464756138026693e-09
4.0600000000000005 9.093641157835865e-09
4.07 8.737077432011521e-09
4.08 8.394494757448553e-09
4.09 8.065344680571111e-09
4.1 7.749100597146969e-09
4.11 7.445256576510927e-09
4.12 7.153326285358626e-09
4.13 6.872842542857745e-09
4.14 6.603356595404834e-09
4.15 6.344437309599427e-09
4.16 6.09567017141702e-09
4.17 5.856657245029715e-09
4.18 5.6270160916059315e-09
4.19 5.4063791575561094e-09
4.2 5.194393408397633e-09
4.21 4.990719763865172e-09
4.22 4.7950321334179805e-09
4.23 4.607017449545232e-09
4.24 4.426374900503248e-09
4.25 4.252815315599972e-09
4.26 4.086061013535412e-09
4.2700000000000005 3.925845224718395e-09
4.28 3.771911642183254e-09
4.29 3.62401367824726e-09
4.3 3.481914847511822e-09
4.3100000000000005 3.3453877664623615e-09
4.32 3.2142139006188157e-09
4.33 3.0881834148479745e-09
4.34 2.9670946153991613e-09
4.3500000000000005 2.8507537826321662e-09
4.36 2.7389746833973196e-09
4.37 2.631578539485208e-09
4.38 2.5283933418688014e-09
4.39 2.4292541750764126e-09
4.4 2.334002175984919e-09
4.41 2.242485034809256e-09
4.42 2.154556218346101e-09
4.43 2.070075379544795e-09
4.44 1.9889067557273834e-09
4.45 1.910921039460778e-09
4.46 1.8359929946740075e-09
4.47 1.7640029445359644e-09
4.48 1.6948357358221005e-09
4.49 1.6283805101477693e-09
4.5 1.5645310820159707e-09
4.51 1.5031850802749202e-09
4.5200000000000005 1.4442445840161754e-09
4.53 1.3876151217137296e-09
4.54 1.3332061864301077e-09
4.55 1.280930580117997e-09
4.5600000000000005 1.2307048294219456e-09
4.57 1.182448230252302e-09
4.58 1.1360839404068958e-09
4.59 1.091537634770708e-09
4.6000000000000005 1.04873789732272e-09
4.61 1.0076165289104157e-09
4.62 9.68107394105905e-10
4.63 9.301474482774168e-10
4.64 8.936759703333035e-10
4.65 8.58634554319474e-10
4.66 8.249670604371724e-10
4.67 7.926197473867938e-10
4.68 7.61540719827964e-10
4.69 7.316804672957819e-10
4.7 7.029908742598617e-10
4.71 6.754263870511308e-10
4.72 6.489424749859239e-10
4.73 6.234971140187291e-10
4.74 5.990495421424684e-10
4.75 5.755604384715914e-10
4.76 5.52992548958866e-10
4.7700000000000005 5.313094272300803e-10
4.78 5.104764870224798e-10
4.79 4.904604359364656e-10
4.8 4.712292665197258e-10
4.8100000000000005 4.5275220500141315e-10
4.82 4.3499952884463674e-10
4.83 4.179430744986678e-10
4.84 4.0155523721396543e-10
4.8500000000000005 3.8581012634260055e-10
4.86 3.7068225777349526e-10
4.87 3.5614764600183733e-10
4.88 3.421829216579685e-10
4.89 3.287658049615325e-10
4.9 3.1587462589763933e-10
4.91 3.0348915581856616e-10
4.92 2.915890645410567e-10
4.93 2.8015577600916147e-10
4.94 2.691707280650475e-10
4.95 2.586163646057946e-10
4.96 2.4847595199578034e-10
4.97 2.387330191524909e-10
4.98 2.2937217533480867e-10
4.99 2.2037844128344568e-10
5.0 2.1173731404437485e-10
5.01 2.0343489940581952e-10
5.0200000000000005 1.9545815618933168e-10
5.03 1.8779423107990068e-10
5.04 1.8043059362775847e-10
5.05 1.7335586039110844e-10
5.0600000000000005 1.6655848823025616e-10
5.07 1.600275999461985e-10
5.08 1.5375285587042873e-10
5.09 1.4772421508296068e-10
5.1000000000000005 1.4193185273344265e-10
5.11 1.363664998860225e-10
5.12 1.310195841031e-10
5.13 1.2588226041930625e-10
5.14 1.2094630801651104e-10
5.15 1.1620391723569408e-10
5.16 1.116475215145969e-10
5.17 1.0726978522687078e-10
5.18 1.0306368084847235e-10
5.19 9.902245553628457e-11
5.2 9.513975358705804e-11
5.21 9.140925080632198e-11
5.22 8.782506647471655e-11
5.23 8.438137629374656e-11
5.24 8.107280291116877e-11
5.25 7.789380756244746e-11
5.26 7.483956978646795e-11
5.2700000000000005 7.190506890554965e-11
5.28 6.908569792782126e-11
5.29 6.637681193381715e-11
5.3 6.377412055342873e-11
5.3100000000000005 6.127343676811948e-11
5.32 5.887095890598081e-11
5.33 5.6562553701187024e-11
5.34 5.434466052114831e-11
5.3500000000000005 5.221386357336772e-11
5.36 5.0166419925130456e-11
5.37 4.8199497504836715e-11
5.38 4.6309526730993586e-11
5.39 4.449370536619573e-11
5.4 4.274903889909989e-11
5.41 4.107282438743203e-11
5.42 3.946235733122454e-11
5.43 3.791503840574383e-11
5.44 3.642836933813394e-11
5.45 3.4999993348157604e-11
5.46 3.362760253022563e-11
5.47 3.230904521651706e-11
5.48 3.1042189231980134e-11
5.49 2.98250517512594e-11
5.5 2.8655596208994056e-11
5.51 2.7531951231576815e-11
5.5200000000000005 2.645236322999038e-11
5.53 2.5415260137766186e-11
5.54 2.4418649128630767e-11
5.55 2.34611797699095e-11
5.5600000000000005 2.2541208888411966e-11
5.57 2.1657464245310068e-11
5.58 2.08081096027702e-11
5.59 1.999234117311223e-11
5.6000000000000005 1.9208409254776576e-11
5.61 1.845521485766604e-11
5.62 1.7731641563133508e-11
5.63 1.703628714752183e-11
5.64 1.6368438719103475e-11
5.65 1.5726561037014296e-11
5.66 1.510984911332847e-11
5.67 1.4517405002912904e-11
5.68 1.3948169610922213e-11
5.69 1.3401165429571533e-11
5.7 1.2875850343375061e-11
5.71 1.2371006014022783e-11
5.72 1.1885757934630286e-11
5.73 1.1419885000799214e-11
5.74 1.0971953096811408e-11
5.75 1.0541734182339225e-11
5.76 1.0128495407017799e-11
5.7700000000000005 9.731286665848657e-12
5.78 9.349694492827607e-12
5.79 8.983108294090226e-12
5.8 8.630919215154247e-12
5.8100000000000005 8.292452585383336e-12
5.82 7.967344493165331e-12
5.83 7.654874785582763e-12
5.84 7.354698982594554e-12
5.8500000000000005 7.066403388227067e-12
5.86 6.789304482255495e-12
5.87 6.523069904621444e-12
5.88 6.267318069099758e-12
5.89 6.0216174778371064e-12
5.9 5.785508273893568e-12
5.91 5.558612631446756e-12
5.92 5.340611950700264e-12
5.93 5.131224068038702e-12
5.94 4.929958452282756e-12
5.95 4.736737390700614e-12
5.96 4.550985093588138e-12
5.97 4.372604192813976e-12
5.98 4.201064886210279e-12
5.99 4.036337064932145e-12
6.0 3.87806831245154e-12
6.01 3.726094182403953e-12
6.0200000000000005 3.5799048888571103e-12
6.03 3.439533093189701e-12
6.04 3.3047097614322926e-12
6.05 3.175174668334588e-12
6.0600000000000005 3.0505872323246494e-12
6.07 2.9309480689836717e-12
6.08 2.8159991525941632e-12
6.09 2.7055787803313285e-12
6.1000000000000005 2.5995546655540805e-12
6.11 2.497690426777829e-12
6.12 2.3997119300477667e-12
6.13 2.305662301411128e-12
6.140000000000001 2.2151467205999893e-12
6.15 2.128331383525415e-12
6.16 2.044899660801392e-12
6.17 1.964740212911619e-12
6.18 1.887680322850129e-12
6.19 1.8136411230615658e-12
6.2 1.7425707841292826e-12
6.21 1.6742444848743532e-12
6.22 1.6085750931350758e-12
6.23 1.5454575594618157e-12
6.24 1.4848575672676267e-12
6.25 1.426633733942239e-12
6.26 1.3707372983399777e-12
6.2700000000000005 1.317100947811316e-12
6.28 1.2652389948289682e-12
6.29 1.2156683244142168e-12
6.3 1.168065293536487e-12
6.3100000000000005 1.1223092112239817e-12
6.32 1.078237969452519e-12
6.33 1.035936582377916e-12
6.34 9.953373947258187e-13
6.3500000000000005 9.563531986309554e-13
6.36 9.188105181458386e-13
6.37 8.828713923673438e-13
6.38 8.482339200124658e-13
6.390000000000001 8.148871182402521e-13
6.4 7.829998116226397e-13
6.41 7.522988227167768e-13
6.42 7.227350232940852e-13
6.43 6.945276648683463e-13
6.44 6.672095122073934e-13
6.45 6.410922635890581e-13
6.46 6.159342147737097e-13
6.47 5.917173473588566e-13
6.48 5.685362428433345e-13
6.49 5.462871572670382e-13
6.5 5.248011900368238e-13
6.51 5.042883141616894e-13
6.5200000000000005 4.845823716352951e-13
6.53 4.655184951177544e-13
6.54 4.4719951202658377e-13
6.55 4.297072367447629e-13
6.5600000000000005 4.1283597129151807e-13
6.57 3.966031624279803e-13
6.58 3.8116054101887587e-13
6.59 3.6619455981932845e-13
6.6000000000000005 3.51903350264794e-13
6.61 3.3806409679154676e-13
6.62 3.247213378742611e-13
6.63 3.119426823592978e-13
6.640000000000001 2.9984097928154927e-13
6.65 2.880857880122205e-13
6.66 2.7676931989314185e-13
6.67 2.658957060628157e-13
6.68 2.554031732024922e-13
6.69 2.454526732951988e-13
6.7 2.358061320080605e-13
6.71 2.2662578426138253e-13
6.72 2.1774140168493645e-13
6.73 2.092053806251087e-13
6.74 2.008708350338731e-13
6.75 1.9307991227650954e-13
6.76 1.855313451800528e-13
6.7700000000000005 1.7825742782852898e-13
6.78 1.712021115224227e-13
6.79 1.645096439609481e-13
6.8 1.580360534717527e-13
6.8100000000000005 1.5183762994698367e-13
6.82 1.4590445452494953e-13
6.83 1.4020479290452315e-13
6.84 1.3468507993973005e-13
6.8500000000000005 1.2944754064884254e-13
6.86 1.2432829178544015e-13
6.87 1.1938582568615154e-13
6.88 1.1490099801514661e-13
6.890000000000001 1.1026679190166821e-13
6.9 1.0596450295423058e-13
6.91 1.0183177981196811e-13
6.92 9.786197371623112e-14
6.93 9.395987877255314e-14
6.94 9.034140187924429e-14
6.95 8.675639718691208e-14
6.96 8.335463017914734e-14
6.97 8.004183945615934e-14
6.98 7.694602156950602e-14
6.99 7.388451595522456e-14
7.0 7.10301302518073e-14
7.01 6.820058998349669e-14
7.0200000000000005 6.550246081537305e-14
7.03 6.297586953041425e-14
7.04 6.048347524193715e-14
7.05 5.822116511866438e-14
7.0600000000000005 5.5829870194612274e-14
7.07 5.3639008332761814e-14
7.08 5.160066475864118e-14
7.09 4.9511631000717925e-14
7.1000000000000005 4.7701737532897476e-14
7.11 4.583480817513137e-14
7.12 4.3974468813104246e-14
7.13 4.227328029795152e-14
7.140000000000001 4.050644019135103e-14
7.15 3.889334349975945e-14
7.16 3.7453648904970483e-14
7.17 3.602947915355527e-14
7.18 3.4618484311420327e-14
7.19 3.324061089274275e-14
7.2 3.200471189566758e-14
7.21 3.064224939443235e-14
7.22 2.9462083391811275e-14
7.23 2.8240245154895415e-14
7.24 2.7241339584010223e-14
7.25 2.6174932607599576e-14
7.26 2.506152223769857e-14
7.2700000000000005 2.414371791422594e-14
7.28 2.3197899789202777e-14
7.29 2.2222554360336124e-14
7.3 2.137165862520499e-14
7.3100000000000005 2.048838426157167e-14
7.32 1.9793433538898037e-14
7.33 1.897465422263235e-14
7.34 1.823064734859047e-14
7.3500000000000005 1.753801786676923e-14
7.36 1.6762395117394166e-14
7.37 1.612472466690636e-14
7.38 1.5535132732946995e-14
7.390000000000001 1.4948195863465468e-14
7.4 1.4296325964408128e-14
7.41 1.3689608744790955e-14
7.42 1.33491889958512e-14
7.43 1.2630272865598436e-14
7.44 1.2220367986440536e-14
7.45 1.1630178166334417e-14
7.46 1.1258616906981722e-14
7.47 1.0816289512427059e-14
7.48 1.0346897152041465e-14
7.49 1.0005190879168838e-14
7.5 9.568472788253799e-15
7.51 9.258159621049226e-15
7.5200000000000005 8.784990327516935e-15
7.53 8.525861124618563e-15
7.54 8.14714837932709e-15
7.55 7.870361689382238e-15
7.5600000000000005 7.539555896742717e-15
7.57 7.309668368913597e-15
7.58 7.024793447382198e-15
7.59 6.6844752497518845e-15
7.6000000000000005 6.399298076424658e-15
7.61 6.168841137314191e-15
7.62 5.948291188199039e-15
7.63 5.692850866725519e-15
7.640000000000001 5.490964779059858e-15
7.65 5.231252003548052e-15
7.66 5.046594810875005e-15
7.67 4.914457704190559e-15
7.68 4.701295874226379e-15
7.69 4.51782604307437e-15
7.7 4.297141256901927e-15
7.71 4.194390634833489e-15
7.72 3.920645203450864e-15
7.73 3.8309158997665574e-15
7.74 3.702907972820857e-15
7.75 3.4697676664207132e-15
7.76 3.353308603576907e-15
7.7700000000000005 3.2866955569421096e-15
7.78 3.1142840784061955e-15
7.79 3.0135050446364996e-15
7.8 2.8287304187862496e-15
7.8100000000000005 2.781815718909892e-15
7.82 2.6283302254334197e-15
7.83 2.61234844087185e-15
7.84 2.489453615077361e-15
7.8500000000000005 2.326097990773669e-15
7.86 2.2775579802553182e-15
7.87 2.2104580881991966e-15
7.88 2.1912688016246117e-15
7.890000000000001 2.0200126694113076e-15
7.9 1.9630112695884742e-15
7.91 1.8425022113516002e-15
7.92 1.791590455641378e-15
7.930000000000001 1.7657500876939402e-15
7.94 1.6316419386499555e-15
7.95 1.5889981344036092e-15
7.96 1.5266926142650695e-15
7.97 1.4890345816038824e-15
7.98 1.320497031413293e-15
7.99 1.3096459073929774e-15
8.0 1.3009615697523547e-15
8.01 1.2721545780949995e-15
8.02 1.2231433194729547e-15
8.03 1.1538493540030933e-15
8.040000000000001 1.064197342075224e-15
8.05 1.0873416273126086e-15
8.06 9.123502320031457e-16
8.07 9.388365883043182e-16
8.08 9.002829638851975e-16
8.09 8.854455109092011e-16
8.1 9.164694194000924e-16
8.11 8.37866508900347e-16
8.120000000000001 8.494221922792108e-16
8.13 7.734482404371712e-16
8.14 7.653253466742352e-16
8.15 6.473693086061122e-16
8.16 6.415780947148978e-16
8.17 6.368846123622678e-16
8.18 6.110413459739635e-16
8.19 5.64006949754247e-16
8.2 5.179461550416727e-16
8.21 5.616386158552219e-16
8.22 5.396164375147124e-16
8.23 5.184577629418143e-16
8.24 4.759242748106806e-16
8.25 4.1198343845345813e-16
8.26 4.37626302140398e-16
8.27 4.1959606931192857e-16
8.28 3.800683520403818e-16
8.290000000000001 4.3003773396594672e-16
8.3 3.6963742915379827e-16
8.31 3.764775411489544e-16
8.32 3.617156362326637e-16
8.33 3.9194147755984136e-16
8.34 2.6729222153846183e-16
8.35 3.430174302441393e-16
8.36 3.5264262296581454e-16
8.370000000000001 2.9614768267099025e-16
8.38 2.8453555579584834e-16
8.39 2.511742913198721e-16
8.4 2.848638687440543e-16
8.41 2.301559181593916e-16
8.42 2.424651796199034e-16
8.43 2.1075351677178858e-16
8.44 2.0161909692498595e-16
8.45 3.0386514378285076e-16
8.46 2.288196343495918e-16
8.47 2.429225889919493e-16
8.48 2.3513874994465385e-16
8.49 1.610467415296521e-16
8.5 1.5386135276628774e-16
8.51 1.469577050282814e-16
8.52 1.1812029628544133e-16
8.53 8.954297132516141e-17
8.540000000000001 1.5003336768654547e-16
8.55 2.1076385156636181e-16
8.56 1.8290716470137687e-16
8.57 1.1086318599988495e-16
8.58 1.0564552260180257e-16
8.59 1.450413690857349e-16
8.6 1.402248601605999e-16
8.61 2.4574904860143074e-17
8.620000000000001 1.0894655144513732e-16
8.63 3.8061308852405616e-17
8.64 7.836587196905094e-17
8.65 9.66269105222992e-17
8.66 9.283810816099295e-17
8.67 2.2584489930658776e-17
8.68 8.570036748245349e-17
8.69 6.013554415040493e-17
8.700000000000001 3.470248241812994e-17
8.71 7.60093948769262e-17
8.72 7.302902259804762e-17
8.73 4.7961046955290266e-17
8.74 2.3005355290422693e-17
8.75 1.0917984202047627e-16
8.76 4.0026752853558164e-17
8.77 3.7586629603530836e-17
8.78 1.4626448548875072e-16
8.790000000000001 5.519412516251014e-17
8.8 -1.3583452957630325e-17
8.81 6.541671020411301e-18
8.82 9.336170852565534e-17
8.83 4.703331923055897e-17
8.84 2.298465344123233e-17
8.85 6.562168059681998e-17
8.86 4.171480349065228e-17
8.870000000000001 -4.32978179063838e-18
8.88 1.6303150846991388e-17
8.89 5.920216430054806e-17
8.9 3.554699908196086e-17
8.91 -1.0255740922095835e-17
8.92 1.0609550885503141e-17
8.93 -1.2881567874002543e-17
8.94 3.029114640935812e-17
8.950000000000001 -3.7509970640262484e-17
8.96 -1.644667330071424e-17
8.97 -1.754309210366654e-17
8.98 3.60794262909398e-18
8.99 4.70047426219371e-17
9.0 -2.058107420348698e-17
9.01 6.730246197069098e-17
9.02 -2.0858930788688444e-19
9.03 6.55423184073098e-17
9.040000000000001 2.0304743352925373e-17
9.05 1.0832642282530275e-16
9.06 4.0948096811912084e-17
9.07 -2.6400234805286796e-17
9.08 -2.710636746136004e-17
9.09 -7.219373272035943e-17
9.1 1.59722670214416e-17
9.11 1.5345983764259328e-17
9.120000000000001 3.694871701411668e-17
9.13 -8.038335638408104e-18
9.14 -8.593798586675731e-18
9.15 -9.127482283005144e-18
9.16 -5.404916037017802e-17
9.17 -5.454181218581205e-17
9.18 1.1598234376754085e-17
9.19 -5.5469921240805734e-17
9.200000000000001 1.070651713280967e-17
9.21 1.2130900971802302e-16
9.22 -1.2321102137390194e-17
9.23 9.495824569004088e-18
9.24 9.123486587056206e-18
9.25 7.53791299858654e-17
9.26 9.723987906675152e-17
9.27 7.470518499537813e-17
9.28 -3.663440285700725e-17
9.290000000000001 7.469673369105967e-18
9.3 7.176782155885894e-18
9.31 -3.751354592166509e-17
9.32 2.882946284587588e-17
9.33 2.856969173758728e-17
9.34 2.832010694495196e-17
9.35 -3.8533073530392065e-17
9.36 -8.317239144751844e-17
9.370000000000001 -3.8984832431673613e-17
9.38 2.741586597973834e-17
9.39 5.007062800536079e-18
9.4 4.9219652922102217e-17
9.41 4.903102038046894e-17
9.42 4.4408632547126664e-18
9.43 4.2667334639641286e-18
9.44 -1.8105028567408007e-17
9.450000000000001 -1.826577085353268e-17
9.46 4.8193171619555816e-17
9.47 -1.0738643524991765e-16
9.48 -1.871115839614604e-17
9.49 -1.884813350852538e-17
9.5 4.7633643492167796e-17
9.51 3.0982783965967292e-18
9.52 2.518125306456282e-17
9.53 -6.375331099683905e-17
9.540000000000001 -1.9456535809201247e-17
9.55 -1.9564284562587558e-17
9.56 4.6945573358745414e-17
9.57 -4.19717326131513e-17
9.58 2.4546084440035655e-17
9.59 2.445426739204227e-17
9.6 9.097943208381538e-17
9.61 4.6485753375599384e-17
9.620000000000001 4.640431889185961e-17
9.63 -2.0287303697275764e-17
9.64 2.4046443775406168e-17
9.65 2.397421787983564e-17
9.66 -6.491301780204809e-17
9.67 2.3838151528756767e-17
9.68 -8.724820945475622e-17
9.69 9.032592765684248e-17
9.700000000000001 -6.516442921627108e-17
9.71 1.392137422903656e-18
9.72 -6.527583110943515e-17
9.73 1.2851037671568976e-18
9.74 -6.537866775415139e-17
9.75 -8.763154252820131e-17
9.76 -1.0988251902614299e-16
9.77 -2.1109368921523187e-17
9.78 -6.556122972066672e-17
9.790000000000001 -2.1193564430750086e-17
9.8 4.538017871724189e-17
9.81 9.331736750891944e-19
9.82 -2.1307877482682465e-17
9.83 -2.1343033382499004e-17
9.84 8.276496239603452e-19
9.85 2.2999657153375545e-17
9.86 2.2968476786980512e-17
9.870000000000001 -4.367486275281226e-17
9.88 -2.1499185436609468e-17
9.89 -4.3731300562223716e-17
9.9 -6.596233135745248e-17
9.91 -4.3783399085539297e-17
9.92 -6.601238705484779e-17
9.93 -6.603595281011397e-17
9.94 4.496370806467489e-17
9.950000000000001 5.330333255727928e-19
9.96 4.492105335901525e-17
9.97 2.269651148549923e-17
9.98 4.727571913239365e-19
9.99 4.486314068657161e-17
