0.0 0.0014793490531865602
0.01 0.0029921299218137864
0.02 0.0045379027877285715
0.03 0.006116198843267012
0.04 0.007726553114348595
0.05 0.00936849956536269
0.06 0.011041573099260744
0.07 0.012745306453268893
0.08 0.014479231626521672
0.09 0.016242882265118146
0.1 0.01803579023052701
0.11 0.01985748667815779
0.12 0.02170750284629726
0.13 0.0235853695989423
0.14 0.02549061869643023
0.15 0.027422781760906085
0.16 0.02938138993212065
0.17 0.03136597423884372
0.18 0.03337606703063809
0.19 0.035411200675975224
0.2 0.037470907262606566
0.21 0.03955471901345681
0.22 0.041662169875339
0.23 0.0437927940045986
0.24 0.04594612551302192
0.25 0.04812169890397895
0.26 0.05031905059277258
0.27 0.052537717386891974
0.28 0.05477723631055634
0.29 0.05703714498603033
0.3 0.059316982827493966
0.31 0.06161629009934549
0.32 0.06393460785702172
0.33 0.06627147820997911
0.34 0.06862644437095866
0.35000000000000003 0.07099905070489741
0.36 0.07338884277179579
0.37 0.07579536724730307
0.38 0.07821817209531098
0.39 0.0806568066298974
0.4 0.08311082152434125
0.41000000000000003 0.08557976885532698
0.42 0.08806320214700289
0.43 0.09056067640627948
0.44 0.09307174780804603
0.45 0.09559597405995598
0.46 0.09813291455491964
0.47000000000000003 0.10068213027802808
0.48 0.1032431838440638
0.49 0.10581563953507996
0.5 0.10839906333518587
0.51 0.11099302265541684
0.52 0.11359708659770737
0.53 0.11621082617091638
0.54 0.11883381417733668
0.55 0.12146562524622607
0.56 0.1241058358676336
0.5700000000000001 0.12675402442616598
0.58 0.12940977088558545
0.59 0.13207265698743065
0.6 0.1347422666137673
0.61 0.13741818560237115
0.62 0.14010000177652332
0.63 0.1427873049753138
0.64 0.14547968708449116
0.65 0.14817674173614662
0.66 0.1508780643782749
0.67 0.15358325279229884
0.68 0.15629190684784677
0.6900000000000001 0.15900362852906347
0.7000000000000001 0.1617180219620854
0.71 0.1644346934432532
0.72 0.16715325123755562
0.73 0.16987330553225408
0.74 0.17259446895212893
0.75 0.1753163563432354
0.76 0.17803858479587828
0.77 0.18076077367177054
0.78 0.18348254463210537
0.79 0.18620352142302396
0.8 0.18892332969072215
0.81 0.19164159771165457
0.8200000000000001 0.1943579561020753
0.8300000000000001 0.1970720378317126
0.84 0.19978347825000295
0.85 0.20249191511336906
0.86 0.2051969884613915
0.87 0.2078983404050115
0.88 0.21059561573699917
0.89 0.2132884617227776
0.9 0.21597652811002196
0.91 0.2186594671565715
0.92 0.22133693365949383
0.93 0.22400858483824868
0.9400000000000001 0.22667407999753875
0.9500000000000001 0.2293330812931574
0.96 0.23198525349557905
0.97 0.2346302639834702
0.98 0.23726778277254343
0.99 0.23989748254561508
1.0 0.24251903858373652
1.01 0.24513212842263118
1.02 0.24773643253693073
1.03 0.25033163416904197
1.04 0.2529174193143976
1.05 0.25549347675234724
1.06 0.25805949807826706
1.07 0.2606151776651211
1.08 0.2631602123013234
1.09 0.26569430183709886
1.1 0.2682171490653022
1.11 0.2707284596944096
1.12 0.2732279423816212
1.1300000000000001 0.2757153087671435
1.1400000000000001 0.2781902734537972
1.1500000000000001 0.2806525535859781
1.16 0.28310186951962424
1.17 0.28553794474780475
1.18 0.28796050584912847
1.19 0.2903692825220258
1.2 0.29276400762011884
1.21 0.2951444171599123
1.22 0.29751024999749603
1.23 0.29986124831317496
1.24 0.3021971576165101
1.25 0.30451772669848665
1.26 0.3068227076677345
1.27 0.3091118559876966
1.28 0.31138493049346905
1.29 0.31364169299361194
1.3 0.3158819087868174
1.31 0.31810534673538454
1.32 0.32031177917488995
1.33 0.32250098195002586
1.34 0.32467273445119127
1.35 0.3268268196438187
1.36 0.32896302379889747
1.37 0.3310811368178662
1.3800000000000001 0.3331809523577926
1.3900000000000001 0.335262267755902
1.4000000000000001 0.3373248840652981
1.41 0.33936860609120806
1.42 0.34139324242395125
1.43 0.3433986051128533
1.44 0.34538450997292686
1.45 0.34735077681894694
1.46 0.3492972293315099
1.47 0.3512236950896384
1.48 0.3531300056036412
1.49 0.35501599634789105
1.5 0.35688150660286044
1.51 0.3587263795830013
1.52 0.36055046264140544
1.53 0.3623536071859305
1.54 0.36413566870924124
1.55 0.36589650681882613
1.56 0.3676359852669493
1.57 0.36935397174943746
1.58 0.37105033796992454
1.59 0.37272495999442173
1.6 0.37437771809155046
1.61 0.37600849675637743
1.62 0.3776171847341425
1.6300000000000001 0.379203675043633
1.6400000000000001 0.38076786482329944
1.6500000000000001 0.38230965530343725
1.6600000000000001 0.38382895218859087
1.67 0.38532566549316666
1.68 0.38679970955573695
1.69 0.38825100305494614
1.7 0.38967946902479056
1.71 0.3910850347929412
1.72 0.3924676319317817
1.73 0.3938271964847191
1.74 0.3951636688794601
1.75 0.3964769939340203
1.76 0.3977671208651991
1.77 0.3990340032962025
1.78 0.40027759926338363
1.79 0.40149787122207636
1.8 0.4026947860514939
1.81 0.40386831505826953
1.82 0.40501843341250704
1.83 0.40614512049692975
1.84 0.4072483604520079
1.85 0.4083281417775108
1.86 0.4093844573263876
1.87 0.4104173042975572
1.8800000000000001 0.4114266842275919
1.8900000000000001 0.412412602981283
1.9000000000000001 0.41337507074107266
1.9100000000000001 0.4143141019953406
1.92 0.41522971550615767
1.93 0.41612193382169416
1.94 0.4169907838460939
1.95 0.4178362968606818
1.96 0.41865850833564944
1.97 0.4194574579089311
1.98 0.4202331893638953
1.99 0.42098575060585297
2.0 0.4217151936373814
2.0100000000000002 0.4224215745324704
2.02 0.42310495340949117
2.0300000000000002 0.4237653943060421
2.04 0.42440296453034043
2.05 0.4250177356882935
2.06 0.4256097833834506
2.07 0.4261791870579619
2.08 0.4267260299557927
2.09 0.42725039908483303
2.1 0.4277523851779219
2.11 0.428232082652801
2.12 0.4286895895710159
2.13 0.42912500759578387
2.14 0.4295384418136886
2.15 0.42993000042867013
2.16 0.4302997953903624
2.17 0.43064794206908824
2.18 0.43097455917757105
2.19 0.43127976872126694
2.2 0.4315636959478253
2.21 0.4318264692957068
2.22 0.43206822034198505
2.23 0.4322890837493597
2.24 0.43248919721241075
2.25 0.432668701266556
2.2600000000000002 0.43282773922356227
2.27 0.43296645740991074
2.2800000000000002 0.4330850049458106
2.29 0.43318353368493073
2.3000000000000003 0.43326219815571565
2.31 0.4333211555021569
2.32 0.43336056542404877
2.33 0.43338059011676294
2.34 0.4333813942105709
2.35 0.4333996437118095
2.36 0.43343677752249754
2.37 0.4334926241100562
2.38 0.43356700973906687
2.39 0.4336597585509442
2.4 0.4337706926268009
2.41 0.43389963205054116
2.42 0.43404639497215614
2.43 0.43421079767118714
2.44 0.43439265462032906
2.45 0.4345917785491443
2.46 0.43480798049883873
2.47 0.4350410697508818
2.48 0.4352908540786551
2.49 0.43555713979781224
2.5 0.4358397317894411
2.5100000000000002 0.43613843356328147
2.52 0.43645304732086
2.5300000000000002 0.4367833740185198
2.54 0.43712921343031874
2.5500000000000003 0.4374903642107735
2.56 0.43786662395742454
2.57 0.43825778921579933
2.58 0.43866365528543905
2.59 0.4390840167675611
2.6 0.4395186674750491
2.61 0.4399674004498519
2.62 0.4404300080228214
2.63 0.4409062818732374
2.64 0.44139601308799853
2.65 0.44189899222046586
2.66 0.442415009348941
2.67 0.44294385413476606
2.68 0.44348531570978533
2.69 0.444039182529975
2.7 0.4446052430965526
2.71 0.44518328570903587
2.72 0.4457730984999311
2.73 0.4463744694885318
2.74 0.44698718663426534
2.75 0.44761103788957357
2.7600000000000002 0.4482458112523262
2.77 0.4488912948177536
2.7800000000000002 0.44954727682989676
2.79 0.45021354536475294
2.8000000000000003 0.4508898884941172
2.81 0.45157609490569817
2.82 0.4522719535959962
2.83 0.4529772539160995
2.84 0.45369178561790846
2.85 0.45441533889985813
2.86 0.4551477044521363
2.87 0.4558886735013967
2.88 0.4566380378549676
2.89 0.457395589932925
2.9 0.4581611222079488
2.91 0.45893442789457695
2.92 0.45971530118681386
2.93 0.46050353702337815
2.94 0.461298931126304
2.95 0.46210128003905837
2.96 0.4629103811641796
2.97 0.4637260328004399
2.98 0.4645480341795372
2.99 0.46537618550231974
3.0 0.4662102879037896
3.0100000000000002 0.46705014278651324
3.02 0.46789555292962043
3.0300000000000002 0.46874632234251723
3.04 0.46960225612242873
3.0500000000000003 0.47046316048504827
3.06 0.4713288427947694
3.0700000000000003 0.4721991115945106
3.08 0.47307377663513706
3.09 0.47395264890448885
3.1 0.474835540656021
3.11 0.4757222652461337
3.12 0.4766126365704674
3.13 0.4775064703577411
3.14 0.4784035837384775
3.15 0.47930379518611793
3.16 0.480206924540397
3.17 0.48111279303039606
3.18 0.48202122329728136
3.19 0.48293203941673585
3.2 0.48384506692109375
3.21 0.48476013282118446
3.22 0.4856770652498494
3.23 0.48659569325156127
3.24 0.48751584794364305
3.25 0.4884373619664858
3.2600000000000002 0.4893600694804958
3.27 0.49028380618313305
3.2800000000000002 0.4912084093257267
3.29 0.49213371773007636
3.3000000000000003 0.49305957180484455
3.31 0.4939858135617519
3.3200000000000003 0.4949122866314301
3.33 0.49583883564859305
3.34 0.49676530665867996
3.35 0.4976915477859091
3.36 0.49861740877356064
3.37 0.49954274099582086
3.38 0.5004673974694894
3.39 0.5013912328655556
3.4 0.5023141035206516
3.41 0.5032358674483879
3.42 0.5041563843505783
3.43 0.5050755155988045
3.44 0.5059931234491511
3.45 0.5069090720278675
3.46 0.5078232274297022
3.47 0.5087354574294283
3.48 0.5096456314892265
3.49 0.5105536207660095
3.5 0.5114592981186928
3.5100000000000002 0.512362538115418
3.52 0.5132632170407342
3.5300000000000002 0.514161212902741
3.54 0.5150564053299125
3.5500000000000003 0.5159486748259555
3.56 0.5168379040421714
3.5700000000000003 0.517723977477935
3.58 0.5186067813291277
3.59 0.5194862034919036
3.6 0.5203621335664529
3.61 0.5212344628607777
3.62 0.5221030843944735
3.63 0.5229678929025273
3.64 0.5238287848391334
3.65 0.5246856581427867
3.66 0.5255384117408664
3.67 0.5263869467984292
3.68 0.5272311662158835
3.69 0.5280709745714647
3.7 0.5289062781220787
3.71 0.5297369848041888
3.72 0.5305630042347504
3.73 0.5313842477121985
3.74 0.5322006282174854
3.75 0.5330120604151769
3.7600000000000002 0.5338184602480165
3.77 0.534619744879974
3.7800000000000002 0.5354158336238939
3.79 0.5362066474339432
3.8000000000000003 0.5369921088959028
3.81 0.5377721422256397
3.8200000000000003 0.5385466732676509
3.83 0.5393156294936815
3.84 0.5400789400014189
3.85 0.5408365355132633
3.86 0.5415883483719787
3.87 0.5423343119541147
3.88 0.5430743611701985
3.89 0.5438084328454575
3.9 0.5445364653725921
3.91 0.5452583987082174
3.92 0.5459741743693927
3.93 0.5466837354302371
3.94 0.5473870265186321
3.95 0.5480839938130123
3.96 0.5487745850392435
3.97 0.5494587494296453
3.98 0.5501364371017937
3.99 0.5508075998988098
4.0 0.5514721913436276
4.01 0.5521301664438127
4.0200000000000005 0.5527814816863865
4.03 0.5534260950327421
4.04 0.5540639659136504
4.05 0.5546950552243567
4.0600000000000005 0.5553193253197668
4.07 0.5559367400097233
4.08 0.5565472644511451
4.09 0.5571508646513553
4.1 0.5577475083785616
4.11 0.5583371648809634
4.12 0.5589198047952183
4.13 0.5594954001399145
4.14 0.5600639243091303
4.15 0.5606253520660813
4.16 0.5611796595368537
4.17 0.5617268242042229
4.18 0.5622668249015582
4.19 0.562799641619603
4.2 0.5633252552533051
4.21 0.5638436483608634
4.22 0.5643548048145685
4.23 0.5648587097686568
4.24 0.5653553496516439
4.25 0.5658447121587383
4.26 0.5663267862443334
4.2700000000000005 0.5668015621145781
4.28 0.567269031220024
4.29 0.5677291862483481
4.3 0.5681820208410234
4.3100000000000005 0.5686275296532455
4.32 0.5690657088039385
4.33 0.5694965555893822
4.34 0.5699200684734045
4.3500000000000005 0.5703362470787594
4.36 0.5707450921785745
4.37 0.5711466056878652
4.38 0.5715407906551164
4.39 0.5719276512539303
4.4 0.5723071927692978
4.41 0.5726794212614397
4.42 0.573044343898607
4.43 0.5734019690700334
4.44 0.5737523062217936
4.45 0.5740953658473315
4.46 0.5744311594780481
4.47 0.574759699673945
4.48 0.5750810000143237
4.49 0.57539507508854
4.5 0.5757019404868107
4.51 0.5760016127649783
4.5200000000000005 0.5762941091568063
4.53 0.5765794479834176
4.54 0.5768576485806368
4.55 0.5771287312176702
4.5600000000000005 0.577392717087013
4.57 0.5776496282944016
4.58 0.5778994878488098
4.59 0.5781423196524889
4.6000000000000005 0.5783781484910475
4.61 0.5786070000235756
4.62 0.5788289007219413
4.63 0.5790438776919298
4.64 0.5792519590161475
4.65 0.5794531736197694
4.66 0.5796475512355748
4.67 0.5798351223933843
4.68 0.5800159184095292
4.69 0.5801899713763523
4.7 0.5803573141517406
4.71 0.5805179803486873
4.72 0.580672004324882
4.73 0.5808194211050123
4.74 0.5809602663223253
4.75 0.5810945764215113
4.76 0.5812223885435307
4.7700000000000005 0.5813437405104886
4.78 0.58145867081475
4.79 0.5815672186080747
4.8 0.5816694236907756
4.8100000000000005 0.5817653265008942
4.82 0.5818549681033962
4.83 0.5819383901793832
4.84 0.5820156349518343
4.8500000000000005 0.5820867452107276
4.86 0.5821517643735512
4.87 0.5822107364244139
4.88 0.5822637059029733
4.89 0.5823107178933754
4.9 0.5823518180132059
4.91 0.5823870524024514
4.92 0.5824164677124699
4.93 0.5824401110949703
4.94 0.5824580301901835
4.95 0.5824702730914052
4.96 0.5824768883632127
4.97 0.5824779250340659
4.98 0.5824824174923342
4.99 0.5824923891756137
5.0 0.5825077897586087
5.01 0.5825285685059275
5.0200000000000005 0.5825546742831708
5.03 0.5825860555680208
5.04 0.5826226604613289
5.05 0.5826644366944049
5.0600000000000005 0.5827113316123425
5.07 0.5827632922309186
5.08 0.5828202652371791
5.09 0.5828821969944944
5.1000000000000005 0.5829490335535392
5.11 0.583020720663278
5.12 0.5830972037819562
5.13 0.5831784280880976
5.14 0.5832643384915089
5.15 0.5833548796442918
5.16 0.5834499959285322
5.17 0.583549631414559
5.18 0.5836537299991509
5.19 0.583762235365923
5.2 0.5838750909896946
5.21 0.5839922401472245
5.22 0.5841136259279576
5.23 0.5842391912447836
5.24 0.5843688788448081
5.25 0.5845026313201378
5.26 0.5846403911186772
5.2700000000000005 0.5847821004891298
5.28 0.584927701476948
5.29 0.5850771360934813
5.3 0.5852303462414674
5.3100000000000005 0.5853872737237592
5.32 0.5855478602536931
5.33 0.5857120474654719
5.34 0.5858797769245657
5.3500000000000005 0.5860509901381284
5.36 0.586225628565434
5.37 0.5864036336277879
5.38 0.5865849465842727
5.39 0.5867695086520262
5.4 0.5869572611129575
5.41 0.5871481452411389
5.42 0.5873421023126698
5.43 0.5875390736155608
5.44 0.5877390004596379
5.45 0.5879418241864653
5.46 0.588147486179292
5.47 0.5883559278730153
5.48 0.5885670907535286
5.49 0.5887809161786991
5.5 0.58899734564097
5.51 0.5892163207703445
5.5200000000000005 0.5894377832835774
5.53 0.5896616749934487
5.54 0.5898879378180582
5.55 0.5901165137901438
5.5600000000000005 0.5903473450664203
5.57 0.5905803739369401
5.58 0.5908155428344778
5.59 0.5910527943061213
5.6000000000000005 0.5912920708299076
5.61 0.5915333151752956
5.62 0.591776470310259
5.63 0.5920214793755011
5.64 0.5922682856930442
5.65 0.5925168327748406
5.66 0.5927670643314042
5.67 0.5930189242804675
5.68 0.5932723567556584
5.69 0.5935273061152005
5.7 0.5937837168645386
5.71 0.5940415335400205
5.72 0.5943007010858548
5.73 0.5945611647005541
5.74 0.594822869832051
5.75 0.5950857621855167
5.76 0.5953497877312013
5.7700000000000005 0.5956148927122962
5.78 0.5958810236528168
5.79 0.5961481273655076
5.8 0.5964161509597666
5.8100000000000005 0.5966850416920916
5.82 0.5969547470015398
5.83 0.597225214795472
5.84 0.5974963932914904
5.8500000000000005 0.5977682310234598
5.86 0.5980406768484828
5.87 0.5983136799538967
5.88 0.5985871898642887
5.89 0.598861156448529
5.9 0.5991355299268243
5.91 0.5994102608744737
5.92 0.5996852999935893
5.93 0.5999605983571845
5.94 0.6002361075143385
5.95 0.6005117793809029
5.96 0.6007875662455574
5.97 0.6010634207758812
5.98 0.6013392960244432
5.99 0.6016151454349068
6.0 0.6018909228481507
6.01 0.6021665825084065
6.0200000000000005 0.602442079047159
6.03 0.6027173672332417
6.04 0.6029924023565999
6.05 0.603267140183426
6.0600000000000005 0.6035415368936246
6.07 0.6038155490859213
6.08 0.6040891337829835
6.09 0.6043622484365545
6.1000000000000005 0.6046348509325988
6.11 0.6049068995964616
6.12 0.6051783531980384
6.13 0.6054491708986008
6.140000000000001 0.6057193120482021
6.15 0.6059887366140382
6.16 0.6062574050400885
6.17 0.6065252782202961
6.18 0.6067923175026949
6.19 0.607058484693546
6.2 0.6073237420614837
6.21 0.6075880523416696
6.22 0.6078513787399535
6.23 0.6081136849370443
6.24 0.6083749349821932
6.25 0.6086350932069601
6.26 0.6088941245967295
6.2700000000000005 0.609151994617295
6.28 0.6094086692099634
6.29 0.6096641147946857
6.3 0.6099182982731935
6.3100000000000005 0.61017118703214
6.32 0.6104227489462446
6.33 0.6106729523814426
6.34 0.610921766198038
6.3500000000000005 0.6111691595779671
6.36 0.6114151021173995
6.37 0.611659564043669
6.38 0.6119025160725053
6.390000000000001 0.6121439294101583
6.4 0.6123837757555324
6.41 0.6126220273023258
6.42 0.6128586567411677
6.43 0.6130936372617567
6.44 0.6133269425549996
6.45 0.6135585468086625
6.46 0.6137884244915965
6.47 0.6140165506101479
6.48 0.6142429007506474
6.49 0.6144674509935777
6.5 0.6146901779147362
6.51 0.6149110585863968
6.5200000000000005 0.6151300705784667
6.53 0.6153471919596439
6.54 0.6155624012985691
6.55 0.6157756776649763
6.5600000000000005 0.615987000605225
6.57 0.6161963499430281
6.58 0.6164037061053526
6.59 0.6166090500532865
6.6000000000000005 0.6168123632380997
6.61 0.6170136276014733
6.62 0.6172128255757217
6.63 0.6174099400840131
6.640000000000001 0.6176049545405815
6.65 0.6177978528509346
6.66 0.6179886194120556
6.67 0.618177239058278
6.68 0.6183636969290557
6.69 0.6185479787787392
6.7 0.6187300708559481
6.71 0.6189099598864451
6.72 0.6190876330724863
6.73 0.6192630780921633
6.74 0.6194362830987399
6.75 0.6196072367199793
6.76 0.619775928057466
6.7700000000000005 0.6199423466859182
6.78 0.620106482563942
6.79 0.6202683260059094
6.8 0.6204278679059144
6.8100000000000005 0.6205850996180263
6.82 0.6207400129521827
6.83 0.6208926001727343
6.84 0.6210428539969788
6.8500000000000005 0.6211907675936871
6.86 0.6213363345816222
6.87 0.6214795490280486
6.88 0.6216204054468952
6.890000000000001 0.6217588986754133
6.9 0.6218950239669444
6.91 0.6220287770844042
6.92 0.6221601542202155
6.93 0.6222891519941401
6.94 0.622415767451101
6.95 0.6225399980589971
6.96 0.6226618417065073
6.97 0.6227812967008898
6.98 0.6228983617657687
6.99 0.6230130360326069
7.0 0.6231253189159808
7.01 0.6232352102718801
7.0200000000000005 0.6233427103948282
7.03 0.623447819974788
7.04 0.6235505400943702
7.05 0.6236508722260341
7.0600000000000005 0.6237488182292802
7.07 0.6238443803478348
7.08 0.6239375612068256
7.09 0.6240283638099513
7.1000000000000005 0.6241167915199134
7.11 0.6242028479644558
7.12 0.6242865371963008
7.13 0.6243678636445446
7.140000000000001 0.6244468320945682
7.15 0.6245234476847319
7.16 0.6245977159030591
7.17 0.6246696425839148
7.18 0.624739233904677
7.19 0.6248064963824003
7.2 0.6248714368704732
7.21 0.6249340625278654
7.22 0.6249943807722701
7.23 0.6250523993994052
7.24 0.625108126526515
7.25 0.6251615705841145
7.26 0.6252127403122753
7.2700000000000005 0.6252616447569073
7.28 0.6253082932660345
7.29 0.6253526954860646
7.3 0.6253948613580534
7.3100000000000005 0.6254348011139641
7.32 0.625472525238865
7.33 0.6255080444707932
7.34 0.6255413698608596
7.3500000000000005 0.6255725127320831
7.36 0.6256014846751081
7.37 0.625628297544197
7.38 0.6256529634532214
7.390000000000001 0.6256754947716469
7.4 0.6256959041205147
7.41 0.6257142043684198
7.42 0.625730408627122
7.43 0.625744530216766
7.44 0.6257565826918196
7.45 0.625766579851361
7.46 0.6257745357192112
7.47 0.6257804645397476
7.48 0.6257843807737145
7.49 0.625786299094031
7.5 0.6257863638064644
7.51 0.6257883964669639
7.5200000000000005 0.6257923817912598
7.53 0.6257983043008015
7.54 0.6258061483406581
7.55 0.6258158980638717
7.5600000000000005 0.625827537438
7.57 0.6258410502531263
7.58 0.6258564201261273
7.59 0.6258736305049406
7.6000000000000005 0.6258926646728348
7.61 0.6259135057526792
7.62 0.625936136711214
7.63 0.6259605403633218
7.640000000000001 0.6259866993752679
7.65 0.6260145962650387
7.66 0.6260442134144497
7.67 0.626075533070791
7.68 0.6261085373504757
7.69 0.6261432082432903
7.7 0.6261795276166453
7.71 0.6262174772198266
7.72 0.6262570386882441
7.73 0.6262981935476818
7.74 0.6263409232185453
7.75 0.6263852090108811
7.76 0.6264310321200902
7.7700000000000005 0.6264783736633602
7.78 0.6265272146686027
7.79 0.6265775360778322
7.8 0.6266293187513149
7.8100000000000005 0.6266825434717156
7.82 0.6267371909482442
7.83 0.6267932418207987
7.84 0.6268506766641073
7.8500000000000005 0.626909475991869
7.86 0.626969620234747
7.87 0.6270310897563075
7.88 0.6270938648914306
7.890000000000001 0.6271579259276893
7.9 0.6272232531093117
7.91 0.6272898266411532
7.92 0.627357626692664
7.930000000000001 0.6274266334018579
7.94 0.6274968268792727
7.95 0.6275681872119341
7.96 0.6276406944660579
7.97 0.6277143286435068
7.98 0.6277890697398624
7.99 0.627864897759031
8.0 0.6279417926972944
8.01 0.6280197345470445
8.02 0.6280987033005127
8.03 0.6281786789534985
8.040000000000001 0.6282596415090944
8.05 0.6283415709814066
8.06 0.6284244473992749
8.07 0.6285082508030124
8.08 0.6285929611896431
8.09 0.6286785586097611
8.1 0.6287650231523407
8.11 0.6288523349348514
8.120000000000001 0.6289404741066994
8.13 0.629029420852669
8.14 0.6291191553963572
8.15 0.6292096580036075
8.16 0.62930090898594
8.17 0.6293928887039772
8.18 0.6294855775518093
8.19 0.629578955910451
8.2 0.6296730042648572
8.21 0.6297677031639399
8.22 0.6298630332172522
8.23 0.629958975098101
8.24 0.630055509546657
8.25 0.6301526173730613
8.26 0.6302502794605285
8.27 0.6303484767684475
8.28 0.6304471903354785
8.290000000000001 0.630546401243903
8.3 0.6306460906073892
8.31 0.630746239677647
8.32 0.630846829793577
8.33 0.6309478423826308
8.34 0.6310492589635667
8.35 0.6311510611492028
8.36 0.6312532306491668
8.370000000000001 0.6313557492726433
8.38 0.6314585989311179
8.39 0.6315617616410029
8.4 0.6316652194603952
8.41 0.6317689545400519
8.42 0.631872949182178
8.43 0.63197718579868
8.44 0.6320816469135497
8.45 0.632186315165246
8.46 0.6322911733090744
8.47 0.6323962042195637
8.48 0.6325013908928406
8.49 0.6326067164490025
8.5 0.6327121641305944
8.51 0.6328177172221078
8.52 0.6329233591588359
8.53 0.6330290735315367
8.540000000000001 0.6331348440601813
8.55 0.6332406545959552
8.56 0.6333464891232604
8.57 0.6334523317617131
8.58 0.6335581667681409
8.59 0.6336639785385773
8.6 0.6337697516102548
8.61 0.633875470650181
8.620000000000001 0.6339811203790373
8.63 0.6340866857101434
8.64 0.6341921517144602
8.65 0.6342975036073354
8.66 0.6344027267501248
8.67 0.6345078066518128
8.68 0.6346127289706325
8.69 0.6347174795156822
8.700000000000001 0.6348220442485426
8.71 0.6349264092848916
8.72 0.6350305608673498
8.73 0.6351344853173627
8.74 0.6352381691715614
8.75 0.635341599126062
8.76 0.635444762032346
8.77 0.6355476448985086
8.78 0.6356502348905094
8.790000000000001 0.6357525193334176
8.8 0.6358544857126612
8.81 0.635956121675272
8.82 0.6360574150311316
8.83 0.6361583537047762
8.84 0.636258925738379
8.85 0.6363591193913875
8.86 0.6364589230852656
8.870000000000001 0.6365583254038376
8.88 0.6366573150941778
8.89 0.6367558810675026
8.9 0.6368540124000602
8.91 0.6369516983340224
8.92 0.6370489282783731
8.93 0.6371456918091112
8.94 0.6372419785991962
8.950000000000001 0.6373377784861924
8.96 0.6374330815098779
8.97 0.6375278778751132
8.98 0.637622157952394
8.99 0.6377159122784039
9.0 0.6378091315565666
9.01 0.6379018066575989
9.02 0.6379939286200625
9.03 0.6380854886509182
9.040000000000001 0.6381764781205367
9.05 0.6382668884888699
9.06 0.6383567114118894
9.07 0.6384459387316334
9.08 0.638534562455404
9.09 0.6386225747560037
9.1 0.6387099679719729
9.11 0.6387967346078253
9.120000000000001 0.6388828673342871
9.13 0.6389683589885341
9.14 0.6390532025744312
9.15 0.6391373912483661
9.16 0.6392209182608354
9.17 0.6393037770710739
9.18 0.6393859613100594
9.19 0.6394674647711167
9.200000000000001 0.6395482814098639
9.21 0.6396284053441597
9.22 0.6397078308540515
9.23 0.6397865523817232
9.24 0.6398645645314457
9.25 0.639941862069526
9.26 0.6400184398980863
9.27 0.6400942930278931
9.28 0.6401694166740244
9.290000000000001 0.6402438062110701
9.3 0.6403174571703076
9.31 0.6403903652393867
9.32 0.640462526262017
9.33 0.6405339362376531
9.34 0.6406045913211831
9.35 0.6406744878226185
9.36 0.6407436222067827
9.370000000000001 0.6408119910535721
9.38 0.6408795910730961
9.39 0.6409464191609506
9.4 0.6410124723619747
9.41 0.6410777478696614
9.42 0.6411422430256134
9.43 0.6412059553189957
9.44 0.6412688823859938
9.450000000000001 0.6413310220092697
9.46 0.6413923721174198
9.47 0.6414529307833388
9.48 0.6415126961766195
9.49 0.6415716666152783
9.5 0.6416298405776957
9.51 0.64168721668162
9.52 0.6417437936834202
9.53 0.6417995704773403
9.540000000000001 0.6418545460947535
9.55 0.6419087197034188
9.56 0.6419620906067366
9.57 0.6420146582430075
9.58 0.6420664221801368
9.59 0.6421173820739354
9.6 0.6421675377314914
9.61 0.6422168890983386
9.620000000000001 0.6422654362478838
9.63 0.6423131793804905
9.64 0.6423601188225639
9.65 0.6424062550256372
9.66 0.6424515885654571
9.67 0.6424961201410727
9.68 0.642539850573923
9.69 0.6425827807978162
9.700000000000001 0.6426249118323627
9.71 0.6426662448388417
9.72 0.6427067810980809
9.73 0.6427465220059866
9.74 0.6427854690724898
9.75 0.6428236239204934
9.76 0.6428609882848194
9.77 0.6428975640111582
9.78 0.6429333530550165
9.790000000000001 0.6429683574806692
9.8 0.6430025794467537
9.81 0.6430360211987366
9.82 0.6430686851054356
9.83 0.6431005736387386
9.84 0.6431316893718686
9.85 0.6431620349782216
9.86 0.6431916132302068
9.870000000000001 0.6432204269980865
9.88 0.6432484792488161
9.89 0.6432757730448857
9.9 0.643302311543147
9.91 0.6433280979778759
9.92 0.6433531356704281
9.93 0.6433774280426618
9.94 0.6434009786046503
9.950000000000001 0.6434237909534396
9.96 0.6434458687718113
9.97 0.6434672158270429
9.98 0.6434878359696693
9.99 0.6435077331322451
10.0 0.6435269113281072
10.01 0.6435453746496017
10.02 0.6435631272542814
10.03 0.6435801733794848
10.040000000000001 0.6435965173418788
10.05 0.6436121635317278
10.06 0.6436271164116054
10.07 0.6436413805151047
10.08 0.6436549604455489
10.09 0.6436678608747032
10.1 0.6436800865414868
10.11 0.6436916422506841
10.120000000000001 0.6437025328707396
10.13 0.6437127633267592
10.14 0.6437223386090567
10.15 0.6437312637693241
10.16 0.6437395439181945
10.17 0.6437471842239283
10.18 0.643754189911101
10.19 0.6437605662592906
10.200000000000001 0.643766318601765
10.21 0.6437714523241701
10.22 0.6437759728632171
10.23 0.6437798857053711
10.24 0.643783196385542
10.25 0.6437859104857673
10.26 0.643788033633902
10.27 0.6437895715023084
10.28 0.6437905298065428
10.290000000000001 0.6437909143040446
10.3 0.6437910978152644
10.31 0.6437918434979351
10.32 0.6437931454768377
10.33 0.6437949978401172
10.34 0.643797394637333
10.35 0.6438003298806446
10.36 0.6438037975529969
10.370000000000001 0.6438077916055602
10.38 0.6438123059589712
10.39 0.6438173345046205
10.4 0.6438228711059414
10.41 0.6438289095996974
10.42 0.6438354437972713
10.43 0.6438424674859523
10.44 0.6438499744301538
10.450000000000001 0.6438579583633398
10.46 0.643866412997791
10.47 0.6438753320312468
10.48 0.64388470914297
10.49 0.6438945379949914
10.5 0.6439048122333525
10.51 0.6439155254893513
10.52 0.643926671380786
10.53 0.6439382435131995
10.540000000000001 0.6439502354811254
10.55 0.6439626408683065
10.56 0.643975453234033
10.57 0.643988666135224
10.58 0.6440022731260133
10.59 0.6440162677545702
10.6 0.6440306435642802
10.61 0.6440453940949284
10.620000000000001 0.6440605128838819
10.63 0.6440759934672724
10.64 0.6440918293811799
10.65 0.644108014162816
10.66 0.6441245413480108
10.67 0.6441414044563049
10.68 0.6441585970228634
10.69 0.6441761125899551
10.700000000000001 0.6441939447054074
10.71 0.644212086923712
10.72 0.6442305328071296
10.73 0.6442492759267964
10.74 0.6442683098638294
10.75 0.644287628210433
10.76 0.6443072245710052
10.77 0.6443270925545579
10.78 0.6443472257658047
10.790000000000001 0.6443676178395623
10.8 0.6443882624265557
10.81 0.6444091531934822
10.82 0.6444302838240283
10.83 0.6444516480198834
10.84 0.6444732395017576
10.85 0.6444950520103965
10.86 0.6445170793075978
10.870000000000001 0.644539315177229
10.88 0.6445617534098632
10.89 0.6445843878092028
10.9 0.6446072122178448
10.91 0.6446302205026889
10.92 0.644653406555818
10.93 0.644676764295414
10.94 0.6447002876666729
10.950000000000001 0.644723970642721
10.96 0.6447478072255308
10.97 0.6447717914468372
10.98 0.6447959173685572
10.99 0.6448201790592691
11.0 0.6448445706215451
11.01 0.6448690862003909
11.02 0.6448937199731306
11.03 0.6449184661502143
11.040000000000001 0.6449433189760256
11.05 0.6449682727296887
11.06 0.6449933217258773
11.07 0.6450184603156222
11.08 0.6450436828871199
11.09 0.6450689838637979
11.1 0.6450943576786167
11.11 0.6451197988156449
11.120000000000001 0.6451453018037882
11.13 0.645170861211021
11.14 0.6451964716450802
11.15 0.6452221277541605
11.16 0.6452478242276092
11.17 0.6452735557966202
11.18 0.6452993172349301
11.19 0.6453251033595134
11.200000000000001 0.6453509090243011
11.21 0.6453767290997918
11.22 0.645402558519215
11.23 0.645428392262629
11.24 0.645454225354598
11.25 0.6454800528647701
11.26 0.6455058699084575
11.27 0.645531671647214
11.28 0.6455574532894148
11.290000000000001 0.6455832100908354
11.3 0.6456089373552315
11.31 0.6456346304217249
11.32 0.6456602846577377
11.33 0.6456858954986061
11.34 0.6457114584285144
11.35 0.6457369689802884
11.36 0.6457624227358588
11.370000000000001 0.6457878153267226
11.38 0.645813142434406
11.39 0.645838399790928
11.4 0.6458635831792617
11.41 0.6458886884337898
11.42 0.6459137114196131
11.43 0.6459386480464819
11.44 0.6459634942904872
11.450000000000001 0.6459882461788838
11.46 0.6460128997904387
11.47 0.6460374512557777
11.48 0.6460618967577341
11.49 0.6460862325316954
11.5 0.6461104548659521
11.51 0.6461345601020443
11.52 0.6461585446341213
11.53 0.6461824048836301
11.540000000000001 0.6462061373312754
11.55 0.6462297385198542
11.56 0.646253205045097
11.57 0.6462765335559045
11.58 0.6462997207545834
11.59 0.6463227633970832
11.6 0.6463456582932317
11.61 0.6463684023069728
11.620000000000001 0.6463909923566016
11.63 0.6464134254114927
11.64 0.6464356984689853
11.65 0.646457808594103
11.66 0.6464797529100532
11.67 0.6465015285936027
11.68 0.6465231328752067
11.69 0.646544563039141
11.700000000000001 0.6465658164236304
11.71 0.64658689042098
11.72 0.6466077824777053
11.73 0.6466284900946623
11.74 0.646649010819869
11.75 0.6466693422337738
11.76 0.6466894819868371
11.77 0.6467094277843264
11.78 0.6467291773846363
11.790000000000001 0.6467487285993195
11.8 0.6467680792931172
11.81 0.6467872273839903
11.82 0.6468061708431508
11.83 0.6468249076950913
11.84 0.6468434360176167
11.85 0.6468617539298757
11.86 0.6468798595910038
11.870000000000001 0.6468977512269218
11.88 0.6469154271155674
11.89 0.6469328855866147
11.9 0.6469501250214139
11.91 0.6469671438529316
11.92 0.6469839405656889
11.93 0.6470005136957017
11.94 0.6470168618304198
11.950000000000001 0.647032983608566
11.96 0.6470488777034882
11.97 0.6470645428375076
11.98 0.6470799777922984
11.99 0.6470951813991747
12.0 0.6471101525389472
12.01 0.6471248901417811
12.02 0.6471393931870526
12.030000000000001 0.6471536607032061
12.040000000000001 0.6471676917676118
12.05 0.647181485506421
12.06 0.6471950410933152
12.07 0.6472083577318403
12.08 0.6472214346793025
12.09 0.6472342712452095
12.1 0.6472468667857448
12.11 0.6472592207035482
12.120000000000001 0.6472713324474979
12.13 0.6472832015124901
12.14 0.647294827439221
12.15 0.6473062098139666
12.16 0.6473173482683642
12.17 0.6473282424772369
12.18 0.6473388921492742
12.19 0.647349297043841
12.200000000000001 0.6473594569655484
12.21 0.6473693717624408
12.22 0.647379041325732
12.23 0.6473884655895402
12.24 0.6473976445306245
12.25 0.6474065781681191
12.26 0.64741526656327
12.27 0.6474237098191696
12.280000000000001 0.6474319080725718
12.290000000000001 0.6474398614835281
12.3 0.6474475702669203
12.31 0.6474550346778305
12.32 0.6474622550102039
12.33 0.6474692315964958
12.34 0.6474759648073191
12.35 0.6474824550510901
12.36 0.6474887027736769
12.370000000000001 0.6474947084580452
12.38 0.6475004726239054
12.39 0.6475059958284116
12.4 0.6475112786655284
12.41 0.6475163217639767
12.42 0.6475211257879276
12.43 0.6475256914366604
12.44 0.6475300194442143
12.450000000000001 0.6475341105790422
12.46 0.6475379656436637
12.47 0.6475415854743182
12.48 0.6475449709406166
12.49 0.647548122944904
12.5 0.6475510424052883
12.51 0.647553730272758
12.52 0.6475561875366881
12.530000000000001 0.6475584152166961
12.540000000000001 0.6475604143622183
12.55 0.6475621860520873
12.56 0.6475637313941068
12.57 0.6475650515246298
12.58 0.6475661476081335
12.59 0.647567020836797
12.6 0.6475676724304796
12.61 0.6475681036404941
12.620000000000001 0.6475683157428413
12.63 0.6475683214468932
12.64 0.6475685436301564
12.65 0.6475689809399293
12.66 0.647569631998403
12.67 0.6475704954030661
12.68 0.6475715697271112
12.69 0.6475728535198398
12.700000000000001 0.6475743453070697
12.71 0.6475760435938976
12.72 0.6475779468727428
12.73 0.6475800536076826
12.74 0.6475823622405852
12.75 0.6475848711926437
12.76 0.6475875788648245
12.77 0.6475904836383137
12.780000000000001 0.6475935838749657
12.790000000000001 0.6475968779177497
12.8 0.6476003640911989
12.81 0.6476040407018568
12.82 0.6476079060364353
12.83 0.6476119583607128
12.84 0.6476161959271006
12.85 0.6476206169715677
12.86 0.6476252197139313
12.870000000000001 0.6476300023582832
12.88 0.6476349630934172
12.89 0.6476401000932546
12.9 0.6476454115172717
12.91 0.6476508955109255
12.92 0.6476565502060805
12.93 0.6476623737235557
12.94 0.6476683641723093
12.950000000000001 0.6476745196475591
12.96 0.6476808382328517
12.97 0.6476873180005022
12.98 0.6476939570120319
12.99 0.647700753318607
13.0 0.6477077049614758
13.01 0.6477148099724085
13.02 0.6477220663741343
13.030000000000001 0.6477294721806134
13.040000000000001 0.6477370253926519
13.05 0.6477447240041526
13.06 0.6477525660031944
13.07 0.6477605493706183
13.08 0.6477686720804452
13.09 0.6477769321002927
13.1 0.6477853273917922
13.11 0.6477938559110052
13.120000000000001 0.6478025156088415
13.13 0.6478113044314755
13.14 0.6478202203197938
13.15 0.6478292612029165
13.16 0.6478384250100685
13.17 0.6478477096683135
13.18 0.6478571131014872
13.19 0.647866633230583
13.200000000000001 0.6478762679741389
13.21 0.6478860152486212
13.22 0.6478958729688119
13.23 0.6479058390481938
13.24 0.6479159113993359
13.25 0.6479260879349455
13.26 0.6479363665697159
13.27 0.6479467452171442
13.280000000000001 0.6479572217913495
13.290000000000001 0.6479677942076414
13.3 0.6479784603829148
13.31 0.6479892182360453
13.32 0.6480000656882831
13.33 0.6480110006636483
13.34 0.6480220210893255
13.35 0.6480331248960581
13.36 0.6480443100091678
13.370000000000001 0.6480555743471212
13.38 0.6480669158440224
13.39 0.6480783324380087
13.4 0.6480898220713599
13.41 0.6481013826908187
13.42 0.6481130122479134
13.43 0.6481247086992779
13.44 0.6481364700069735
13.450000000000001 0.6481482941388113
13.46 0.6481601790686774
13.47 0.6481721227781045
13.48 0.6481841232555555
13.49 0.6481961784958827
13.5 0.6482082865014074
13.51 0.6482204452822474
13.52 0.6482326528566438
13.530000000000001 0.6482449072512892
13.540000000000001 0.6482572065016545
13.55 0.6482695486523153
13.56 0.6482819317572804
13.57 0.6482943538795045
13.58 0.6483068130772206
13.59 0.6483193074231085
13.6 0.6483318350039288
13.61 0.6483443939164012
13.620000000000001 0.648356982267471
13.63 0.6483695981745762
13.64 0.6483822397659139
13.65 0.6483949051807081
13.66 0.6484075925694758
13.67 0.6484203000942939
13.68 0.648433025927404
13.69 0.6484457682432186
13.700000000000001 0.6484585252337451
13.71 0.6484712951043712
13.72 0.6484840760726368
13.73 0.6484968663684628
13.74 0.6485096642343768
13.75 0.6485224679257404
13.76 0.648535275710976
13.77 0.6485480858717945
13.780000000000001 0.6485608967034205
13.790000000000001 0.6485737065145009
13.8 0.6485865136268808
13.81 0.6485993163771778
13.82 0.6486121131164108
13.83 0.6486249022101783
13.84 0.6486376820388813
13.85 0.648650450997946
13.86 0.6486632074980471
13.870000000000001 0.6486759499653311
13.88 0.6486886768416389
13.89 0.6487013865847291
13.9 0.648714077654724
13.91 0.6487267485170957
13.92 0.6487393976666185
13.93 0.6487520236132869
13.94 0.6487646248823761
13.950000000000001 0.6487772000145726
13.96 0.6487897475661065
13.97 0.6488022661088815
13.98 0.6488147542306067
13.99 0.6488272105349286
14.0 0.6488396336415982
14.01 0.6488520221891446
14.02 0.6488643748324145
14.030000000000001 0.6488766902416935
14.040000000000001 0.6488889671040743
14.05 0.6489012041236002
14.06 0.6489134000214075
14.07 0.6489255535358689
14.08 0.6489376634227355
14.09 0.6489497284552803
14.1 0.6489617474244412
14.11 0.6489737191374604
14.120000000000001 0.6489856424012233
14.13 0.6489975160473559
14.14 0.6490093389288316
14.15 0.6490211099156573
14.16 0.649032827894945
14.17 0.64904449177098
14.18 0.6490561004652935
14.19 0.6490676529167309
14.200000000000001 0.6490791480815237
14.21 0.6490905849333585
14.22 0.6491019624623096
14.23 0.6491132796709599
14.24 0.6491245355825875
14.25 0.6491357292384157
14.26 0.6491468596970813
14.27 0.6491579260346838
14.280000000000001 0.6491689273448347
14.290000000000001 0.6491798627387074
14.3 0.6491907313450855
14.31 0.6492015323104129
14.32 0.6492122647988426
14.33 0.6492229279908672
14.34 0.649233521082262
14.35 0.6492440432887707
14.36 0.6492544938438976
14.370000000000001 0.6492648719988462
14.38 0.6492751770225564
14.39 0.6492854082017382
14.4 0.6492955648409087
14.41 0.6493056462624281
14.42 0.6493156518065353
14.43 0.6493255808313829
14.44 0.6493354326990881
14.450000000000001 0.6493452067831865
14.46 0.6493549024851686
14.47 0.6493645192231229
14.48 0.64937405643169
14.49 0.649383513562018
14.5 0.649392890081719
14.51 0.6494021854748239
14.52 0.6494113992417381
14.530000000000001 0.6494205308991973
14.540000000000001 0.6494295799804652
14.55 0.6494385460431041
14.56 0.6494474286597265
14.57 0.6494562274166179
14.58 0.6494649419168046
14.59 0.6494735717800435
14.6 0.6494821166428119
14.61 0.6494905761582976
14.620000000000001 0.649498949996389
14.63 0.6495072378436654
14.64 0.6495154394033864
14.65 0.649523554393039
14.66 0.6495315825256995
14.67 0.6495395235404209
14.68 0.6495473771954918
14.69 0.6495551432642891
14.700000000000001 0.6495628215351841
14.71 0.6495704118114505
14.72 0.6495779139111711
14.73 0.6495853276671458
14.74 0.6495926529267979
14.75 0.6495998895520815
14.76 0.6496070374208809
14.77 0.6496140964304506
14.780000000000001 0.6496210664889656
14.790000000000001 0.6496279475187151
14.8 0.6496347394564673
14.81 0.6496414422533971
14.82 0.6496480558750172
14.83 0.6496545803011056
14.84 0.6496610155256357
14.85 0.6496673615567052
14.86 0.6496736184164651
14.870000000000001 0.6496797861374829
14.88 0.6496858647616826
14.89 0.6496918543491433
14.9 0.6496977549732987
14.91 0.649703566720737
14.92 0.6497092896911018
14.93 0.649714923996993
14.94 0.649720469763868
14.950000000000001 0.649725927129941
14.96 0.649731296246085
14.97 0.6497365772757067
14.98 0.649741770386851
14.99 0.6497468757582608
15.0 0.6497518935851591
15.01 0.6497568240742067
15.02 0.6497616674433633
15.030000000000001 0.6497664239217487
15.040000000000001 0.649771093749504
15.05 0.649775677177652
15.06 0.649780174467959
15.07 0.6497845858927958
15.08 0.6497889117355174
15.09 0.6497931523000758
15.1 0.6497973078980043
15.11 0.6498013788484497
15.120000000000001 0.6498053654812432
15.13 0.6498092681368024
15.14 0.6498130871660351
15.15 0.6498168229302418
15.16 0.6498204758010191
15.17 0.6498240461601629
15.18 0.6498275343995712
15.19 0.6498309409182109
15.200000000000001 0.649834266106418
15.21 0.6498375103738812
15.22 0.6498406741415399
15.23 0.6498437578385733
15.24 0.6498467619022309
15.25 0.6498496867776615
15.26 0.6498525329177426
15.27 0.6498553007829093
15.280000000000001 0.6498579908409847
15.290000000000001 0.6498606035670086
15.3 0.6498631394480475
15.31 0.6498655989906713
15.32 0.6498679826988676
15.33 0.6498702910834276
15.34 0.6498725246626268
15.35 0.6498746839621122
15.36 0.6498767695147929
15.370000000000001 0.6498787818607269
15.38 0.6498807215470115
15.39 0.6498825891276708
15.4 0.6498843851635454
15.41 0.6498861102154163
15.42 0.6498877648447914
15.43 0.6498893496261886
15.44 0.6498908651397092
15.450000000000001 0.6498923119708298
15.46 0.6498936907102446
15.47 0.6498950019537084
15.48 0.6498962463018788
15.49 0.6498974243601582
15.5 0.6498985367385371
15.51 0.6498995840514895
15.52 0.6499005669220453
15.530000000000001 0.649901485977457
15.540000000000001 0.6499023418471522
15.55 0.6499031351647209
15.56 0.6499038665677778
15.57 0.649904536697824
15.58 0.6499051462001101
15.59 0.6499056957234983
15.6 0.6499061859203238
15.610000000000001 0.6499066174462579
15.620000000000001 0.6499069909602396
15.63 0.6499073071251792
15.64 0.6499075666065929
15.65 0.6499077700726185
15.66 0.6499079181941078
15.67 0.6499080116444925
15.68 0.6499080510996508
15.69 0.6499080649615298
15.700000000000001 0.649908131460079
15.71 0.6499082499128881
15.72 0.6499084196356375
15.73 0.6499086399422177
15.74 0.6499089101448093
15.75 0.6499092295541263
15.76 0.6499095974795133
15.77 0.6499100132290708
15.780000000000001 0.6499104761097898
15.790000000000001 0.649910985427685
15.8 0.6499115404879285
15.81 0.6499121405949849
15.82 0.6499127850527436
15.83 0.6499134731646541
15.84 0.6499142042320856
15.85 0.6499149775528936
15.860000000000001 0.6499157924276294
15.870000000000001 0.6499166481567663
15.88 0.6499175440406749
15.89 0.6499184793797407
15.9 0.6499194534744794
15.91 0.6499204656256538
15.92 0.6499215151343901
15.93 0.6499226013022948
15.94 0.6499237234315706
15.950000000000001 0.6499248808268412
15.96 0.64992607279446
15.97 0.6499272986404481
15.98 0.649928557672071
15.99 0.6499298491979668
16.0 0.6499311725282715
16.01 0.6499325269747463
16.02 0.6499339118509038
16.03 0.6499353264721348
16.04 0.6499367701558347
16.05 0.6499382422213189
16.06 0.6499397419823134
16.07 0.6499412687558619
16.080000000000002 0.6499428218640511
16.09 0.649944400630983
16.1 0.6499460043828676
16.11 0.6499476324481159
16.12 0.6499492841574325
16.13 0.649950958843908
16.14 0.6499526558431122
16.15 0.6499543744931867
16.16 0.6499561141351025
16.17 0.6499578741141003
16.18 0.6499596537776227
16.19 0.6499614524758565
16.2 0.6499632695621349
16.21 0.6499651043930361
16.22 0.6499669563284812
16.23 0.6499688247318345
16.240000000000002 0.649970708970001
16.25 0.6499726084135253
16.26 0.6499745224366911
16.27 0.6499764504163877
16.28 0.6499783917290722
16.29 0.6499803457580768
16.3 0.6499823118909329
16.31 0.6499842895190504
16.32 0.6499862780377982
16.330000000000002 0.6499882768465841
16.34 0.6499902853489349
16.35 0.6499923029525759
16.36 0.6499943290695116
16.37 0.6499963631161046
16.38 0.6499984045114192
16.39 0.6500004526766697
16.4 0.6500025070398564
16.41 0.6500045670334573
16.42 0.6500066320944358
16.43 0.6500087016643051
16.44 0.650010775189196
16.45 0.65001285211992
16.46 0.6500149319120362
16.47 0.6500170140259174
16.48 0.650019097926811
16.490000000000002 0.6500211830833017
16.5 0.6500232689685757
16.51 0.6500253550618058
16.52 0.6500274408471544
16.53 0.6500295258138297
16.54 0.6500316094561447
16.55 0.6500336912735731
16.56 0.6500357707708073
16.57 0.6500378474578156
16.580000000000002 0.6500399208498988
16.59 0.6500419904675822
16.6 0.6500440558332512
16.61 0.6500461164756373
16.62 0.6500481719299281
16.63 0.6500502217366595
16.64 0.6500522654417565
16.65 0.6500543025965776
16.66 0.650056332757956
16.67 0.650058355488243
16.68 0.6500603703553501
16.69 0.650062376932792
16.7 0.6500643747993243
16.71 0.6500663635366933
16.72 0.6500683427337289
16.73 0.6500703119852768
16.740000000000002 0.6500722708917988
16.75 0.6500742190594048
16.76 0.6500761560998841
16.77 0.6500780816307381
16.78 0.6500799952752113
16.79 0.6500818966623241
16.8 0.6500837854269038
16.81 0.6500856612085223
16.82 0.6500875236496948
16.830000000000002 0.6500893724009517
16.84 0.6500912071187118
16.85 0.6500930274651054
16.86 0.6500948331079924
16.87 0.6500966237209806
16.88 0.6500983989834447
16.89 0.6501001585805435
16.9 0.650101902203239
16.91 0.6501036295483151
16.92 0.6501053403169434
16.93 0.6501070342147941
16.94 0.6501087109548758
16.95 0.6501103702559222
16.96 0.6501120118423847
16.97 0.6501136354444408
16.98 0.6501152407980025
16.990000000000002 0.650116827644724
17.0 0.6501183957320097
17.01 0.6501199448130225
17.02 0.6501214746466751
17.03 0.650122984995973
17.04 0.6501244756296103
17.05 0.6501259463228061
17.06 0.650127396856434
17.07 0.6501288270170227
17.080000000000002 0.6501302365967558
17.09 0.6501316253934728
17.1 0.6501329932106683
17.11 0.6501343398574929
17.12 0.650135665148753
17.13 0.6501369689046653
17.14 0.650138250947647
17.150000000000002 0.6501395111069153
17.16 0.6501407492179988
17.17 0.6501419651218283
17.18 0.6501431586647229
17.19 0.650144329698376
17.2 0.6501454780798425
17.21 0.6501466036715245
17.22 0.6501477063411586
17.23 0.6501487859618011
17.240000000000002 0.6501498424116092
17.25 0.6501508755730077
17.26 0.6501518853342856
17.27 0.6501528715890532
17.28 0.6501538342360952
17.29 0.6501547731793523
17.3 0.6501556883279046
17.31 0.6501565795959531
17.32 0.6501574469028017
17.330000000000002 0.6501582901728407
17.34 0.6501591093355272
17.35 0.650159904324493
17.36 0.6501606750766551
17.37 0.6501614215353457
17.38 0.6501621436488132
17.39 0.6501628413701159
17.400000000000002 0.6501635146570953
17.41 0.6501641634723491
17.42 0.650164787783205
17.43 0.6501653875616933
17.44 0.6501659627845213
17.45 0.6501665134330454
17.46 0.6501670394922665
17.47 0.6501675409512087
17.48 0.6501680178042348
17.490000000000002 0.6501684700501441
17.5 0.6501688976921381
17.51 0.6501693007377882
17.52 0.6501696791990028
17.53 0.650170033091995
17.54 0.6501703624372495
17.55 0.6501706672594907
17.56 0.6501709475876271
17.57 0.6501712034538208
17.580000000000002 0.6501714348944617
17.59 0.6501716419503601
17.6 0.6501718246663287
17.61 0.6501719830911461
17.62 0.6501721172775189
17.63 0.6501722272820465
17.64 0.6501723131651836
17.650000000000002 0.6501723749912042
17.66 0.6501724128281638
17.67 0.6501724267477414
17.68 0.6501724366713586
17.69 0.650172470359814
17.7 0.650172527730948
17.71 0.6501726086990898
17.72 0.6501727131750994
17.73 0.650172841066408
17.740000000000002 0.6501729922770606
17.75 0.6501731667077562
17.76 0.6501733642558902
17.77 0.6501735848155953
17.78 0.6501738282779964
17.79 0.6501740945318376
17.8 0.6501743834622152
17.81 0.6501746949511121
17.82 0.6501750288775193
17.830000000000002 0.650175385117481
17.84 0.6501757635441391
17.85 0.6501761640277783
17.86 0.6501765864358708
17.87 0.6501770306331214
17.88 0.6501774964815114
17.89 0.6501779838402303
17.900000000000002 0.6501784925656677
17.91 0.6501790225117755
17.92 0.6501795735299475
17.93 0.6501801454690613
17.94 0.6501807381755199
17.95 0.6501813514932977
17.96 0.6501819852639822
17.97 0.6501826393268192
17.98 0.6501833135187564
17.990000000000002 0.6501840076744878
18.0 0.6501847216274207
18.01 0.6501854552090706
18.02 0.6501862082482792
18.03 0.6501869805718989
18.04 0.6501877720048406
18.05 0.6501885823701221
18.06 0.6501894114889182
18.07 0.6501902591806077
18.080000000000002 0.6501911252628233
18.09 0.6501920095515
18.1 0.6501929118621278
18.11 0.6501938320353297
18.12 0.650194769898239
18.13 0.6501957252645929
18.14 0.6501966979446382
18.150000000000002 0.6501976877451334
18.16 0.6501986944693467
18.17 0.6501997179170573
18.18 0.6502007578845546
18.19 0.650201814164639
18.2 0.6502028865466215
18.21 0.6502039748163237
18.22 0.6502050787560785
18.23 0.6502061981447286
18.240000000000002 0.650207332757628
18.25 0.6502084823666416
18.26 0.6502096467401453
18.27 0.6502108256430249
18.28 0.6502120188551954
18.29 0.6502132262871015
18.3 0.6502144477560233
18.31 0.6502156830504883
18.32 0.6502169319576944
18.330000000000002 0.6502181942635095
18.34 0.6502194697524722
18.35 0.6502207582077913
18.36 0.650222059411346
18.37 0.6502233731436857
18.38 0.6502246991840305
18.39 0.6502260373102703
18.400000000000002 0.6502273872989666
18.41 0.6502287489253503
18.42 0.6502301219633231
18.43 0.6502315061854573
18.44 0.6502329013629954
18.45 0.6502343072658507
18.46 0.650235723680938
18.47 0.6502371504487579
18.48 0.6502385873566559
18.490000000000002 0.6502400341857668
18.5 0.6502414907167254
18.51 0.6502429567296664
18.52 0.650244432004224
18.53 0.6502459163195328
18.54 0.650247409454227
18.55 0.6502489111864409
18.56 0.6502504212938088
18.57 0.6502519395534647
18.580000000000002 0.6502534657420429
18.59 0.6502549996356776
18.6 0.6502565410100026
18.61 0.650258089640152
18.62 0.6502596453007603
18.63 0.6502612077659612
18.64 0.6502627768361172
18.650000000000002 0.6502643523418596
18.66 0.6502659340704363
18.67 0.6502675218081965
18.68 0.6502691153416956
18.69 0.6502707144576951
18.7 0.6502723189431622
18.71 0.6502739285852703
18.72 0.6502755431713991
18.73 0.6502771624891339
18.740000000000002 0.6502787863262662
18.75 0.6502804144707934
18.76 0.6502820467109193
18.77 0.6502836828350534
18.78 0.6502853226318115
18.79 0.6502869658900153
18.8 0.6502886123986926
18.81 0.6502902619470871
18.82 0.6502919143551843
18.830000000000002 0.6502935694476191
18.84 0.6502952270244216
18.85 0.6502968868863546
18.86 0.650298548834914
18.87 0.6503002126723278
18.88 0.6503018782015574
18.89 0.650303545226296
18.900000000000002 0.6503052135509698
18.91 0.6503068829807381
18.92 0.6503085533214923
18.93 0.6503102243798565
18.94 0.650311895963188
18.95 0.6503135678795761
18.96 0.6503152399378429
18.97 0.6503169119475435
18.98 0.6503185837189654
18.990000000000002 0.6503202550642059
19.0 0.6503219258293588
19.01 0.6503235958495919
19.02 0.6503252649469765
19.03 0.650326932944771
19.04 0.6503285996674191
19.05 0.6503302649405514
19.06 0.6503319285909841
19.07 0.65033359044672
19.080000000000002 0.6503352503369478
19.09 0.6503369080920427
19.1 0.6503385635435659
19.11 0.6503402165242642
19.12 0.6503418668680715
19.13 0.6503435144101072
19.14 0.6503451589866769
19.150000000000002 0.6503468004352726
19.16 0.6503484385945721
19.17 0.6503500733072682
19.18 0.6503517044422051
19.19 0.6503533318535563
19.2 0.6503549553911105
19.21 0.6503565749061665
19.22 0.6503581902515315
19.23 0.6503598012815224
19.240000000000002 0.6503614078519645
19.25 0.6503630098201925
19.26 0.6503646070450497
19.27 0.6503661993868894
19.28 0.650367786707573
19.29 0.6503693688704713
19.3 0.6503709457404638
19.31 0.6503725171839393
19.32 0.6503740830687958
19.330000000000002 0.6503756432644395
19.34 0.6503771976417866
19.35 0.6503787460772806
19.36 0.6503802884633447
19.37 0.6503818246811307
19.38 0.650383354611736
19.39 0.6503848781379752
19.400000000000002 0.65038639514438
19.41 0.6503879055171998
19.42 0.6503894091444006
19.43 0.650390905915666
19.44 0.6503923957223963
19.45 0.6503938784577095
19.46 0.6503953540164406
19.47 0.6503968222951416
19.48 0.6503982831920817
19.490000000000002 0.6503997366072471
19.5 0.6504011824423414
19.51 0.6504026206007852
19.52 0.650404050987716
19.53 0.6504054735132226
19.54 0.6504068880938015
19.55 0.6504082946417783
19.56 0.6504096930710641
19.57 0.650411083297381
19.580000000000002 0.6504124652382636
19.59 0.6504138388130583
19.6 0.6504152039429231
19.61 0.650416560550828
19.62 0.6504179085615546
19.63 0.6504192479016965
19.64 0.6504205784996587
19.650000000000002 0.6504219002856586
19.66 0.6504232131917245
19.67 0.6504245171516972
19.68 0.650425812101229
19.69 0.6504270979777834
19.7 0.6504283747206366
19.71 0.6504296422706317
19.72 0.6504309005703458
19.73 0.6504321495644012
19.740000000000002 0.6504333891992278
19.75 0.6504346194230622
19.76 0.6504358401859482
19.77 0.6504370514397368
19.78 0.650438253138086
19.79 0.6504394452364608
19.8 0.6504406276921333
19.81 0.6504418004641827
19.82 0.6504429635134952
19.830000000000002 0.650444116802764
19.84 0.6504452602964895
19.85 0.650446393960979
19.86 0.6504475177643471
19.87 0.6504486316765149
19.88 0.6504497356690717
19.89 0.6504508297089855
19.900000000000002 0.6504519137667777
19.91 0.6504529878178338
19.92 0.6504540518392559
19.93 0.6504551058098624
19.94 0.6504561497101888
19.95 0.650457183522486
19.96 0.650458207230722
19.97 0.6504592208205808
19.98 0.6504602242794633
19.990000000000002 0.6504612175964863
20.0 0.6504622007624833
20.01 0.6504631737700041
20.02 0.6504641366133147
20.03 0.650465089288398
20.04 0.6504660317929526
20.05 0.650466964126394
20.06 0.6504678862887288
20.07 0.6504687982693111
20.080000000000002 0.6504697000664027
20.09 0.6504705916831414
20.1 0.6504714731242227
20.11 0.6504723443958983
20.12 0.6504732055059766
20.13 0.6504740564638223
20.14 0.6504748972803571
20.150000000000002 0.6504757279680592
20.16 0.650476548540963
20.17 0.6504773590146601
20.18 0.6504781594062982
20.19 0.6504789497345818
20.2 0.6504797300197719
20.21 0.6504805002836861
20.22 0.6504812605496986
20.23 0.6504820108427403
20.240000000000002 0.6504827511857673
20.25 0.650483481588021
20.26 0.6504842020729318
20.27 0.6504849126674525
20.28 0.6504856133998811
20.29 0.6504863042998602
20.3 0.6504869853983778
20.31 0.6504876567277661
20.32 0.6504883183217026
20.330000000000002 0.65048897021521
20.34 0.6504896124446552
20.35 0.6504902450477503
20.36 0.6504908680635525
20.37 0.6504914815324636
20.38 0.6504920854962305
20.39 0.6504926799979448
20.400000000000002 0.6504932650820432
20.41 0.6504938407943073
20.42 0.6504944071743378
20.43 0.6504949642495924
20.44 0.6504955120643637
20.45 0.6504960506648773
20.46 0.6504965800984571
20.47 0.6504971004135262
20.48 0.6504976116596057
20.490000000000002 0.6504981138873168
20.5 0.6504986071483783
20.51 0.6504990914956079
20.52 0.6504995669829228
20.53 0.6505000336653385
20.54 0.6505004915989688
20.55 0.6505009408410273
20.56 0.6505013814498256
20.57 0.6505018134847744
20.580000000000002 0.650502237006383
20.59 0.6505026520762596
20.6 0.6505030587442129
20.61 0.6505034570545511
20.62 0.6505038470670426
20.63 0.650504228842345
20.64 0.6505046024419524
20.650000000000002 0.650504967928192
20.66 0.6505053253642269
20.67 0.6505056748140544
20.68 0.6505060163425068
20.69 0.6505063500152513
20.7 0.6505066758987894
20.71 0.6505069940604581
20.72 0.6505073045684288
20.73 0.6505076074917073
20.740000000000002 0.6505079029001353
20.75 0.650508190864388
20.76 0.6505084714559765
20.77 0.650508744747011
20.78 0.6505090107922596
20.79 0.650509269650627
20.8 0.6505095213917774
20.81 0.6505097660859428
20.82 0.6505100038039237
20.830000000000002 0.6505102346170881
20.84 0.6505104585973723
20.85 0.6505106758172805
20.86 0.6505108863498851
20.87 0.6505110902688263
20.88 0.6505112876483128
20.89 0.6505114785631204
20.900000000000002 0.650511663088594
20.91 0.6505118413006455
20.92 0.650512013275756
20.93 0.6505121790909738
20.94 0.6505123388239151
20.95 0.6505124925513487
20.96 0.6505126403308579
20.97 0.6505127822309598
20.98 0.6505129183265088
20.990000000000002 0.6505130486926707
21.0 0.6505131734049229
21.01 0.6505132925390547
21.02 0.650513406171166
21.03 0.6505135143776698
21.04 0.6505136172352893
21.05 0.6505137148210602
21.06 0.6505138072123289
21.07 0.6505138944867543
21.080000000000002 0.6505139767223064
21.09 0.6505140539972666
21.1 0.6505141263902284
21.11 0.6505141939800966
21.12 0.6505142568460874
21.13 0.6505143150643712
21.14 0.6505143686939421
21.150000000000002 0.6505144178076399
21.16 0.6505144624812607
21.17 0.6505145027906779
21.18 0.6505145388118403
21.19 0.650514570620773
21.2 0.6505145982935777
21.21 0.650514621906432
21.22 0.6505146415355891
21.23 0.6505146572573794
21.240000000000002 0.6505146691482091
21.25 0.6505146772845604
21.26 0.6505146817429917
21.27 0.6505146826001378
21.28 0.6505146852675658
21.29 0.650514691382781
21.3 0.6505147008689199
21.31 0.6505147136546571
21.32 0.6505147296808654
21.330000000000002 0.650514748875311
21.34 0.6505147711649513
21.35 0.6505147964768725
21.36 0.6505148247382916
21.37 0.6505148558765553
21.38 0.6505148898191401
21.39 0.6505149264936526
21.400000000000002 0.6505149658278292
21.41 0.6505150077495363
21.42 0.6505150521867701
21.43 0.6505150990676566
21.44 0.6505151483204522
21.45 0.6505151998735424
21.46 0.6505152536554435
21.47 0.6505153095948012
21.48 0.6505153676203911
21.490000000000002 0.6505154276687466
21.5 0.6505154896820834
21.51 0.650515553592952
21.52 0.6505156193341054
21.53 0.6505156868385983
21.54 0.6505157560397861
21.55 0.6505158268713253
21.56 0.6505158992671735
21.57 0.6505159731615894
21.580000000000002 0.6505160484891326
21.59 0.650516125184664
21.6 0.6505162031833455
21.61 0.6505162824206395
21.62 0.6505163628323106
21.63 0.6505164443544236
21.64 0.6505165269233443
21.650000000000002 0.65051661047574
21.66 0.650516694948633
21.67 0.6505167802879572
21.68 0.6505168664392857
21.69 0.650516953343069
21.7 0.6505170409401915
21.71 0.6505171291719715
21.72 0.6505172179801616
21.73 0.6505173073069485
21.740000000000002 0.6505173970949525
21.75 0.6505174872872287
21.76 0.6505175778272653
21.77 0.6505176686589852
21.78 0.650517759726745
21.79 0.6505178509753354
21.8 0.6505179423499814
21.81 0.6505180337963415
21.82 0.6505181252605087
21.830000000000002 0.6505182166890099
21.84 0.6505183080291985
21.85 0.6505183992360024
21.86 0.6505184902614687
21.87 0.6505185810556983
21.88 0.6505186715693205
21.89 0.650518761753492
21.900000000000002 0.6505188515598981
21.91 0.6505189409407512
21.92 0.6505190298487922
21.93 0.6505191182372896
21.94 0.6505192060600394
21.95 0.6505192932713665
21.96 0.6505193798261226
21.97 0.6505194656796879
21.98 0.6505195507879704
21.990000000000002 0.6505196351074057
22.0 0.6505197185949578
22.01 0.650519801208118
22.02 0.6505198829055775
22.03 0.6505199636507863
22.04 0.6505200434046683
22.05 0.6505201221279293
22.06 0.6505201997818596
22.07 0.6505202763283329
22.080000000000002 0.6505203517298064
22.09 0.6505204259493212
22.1 0.650520498950502
22.11 0.6505205706975572
22.12 0.6505206411552787
22.13 0.6505207102890422
22.14 0.6505207780648072
22.150000000000002 0.6505208444491164
22.16 0.6505209094090968
22.17 0.6505209729124585
22.18 0.6505210349274956
22.19 0.6505210954230857
22.2 0.6505211543691825
22.21 0.6505212117376241
22.22 0.6505212674995474
22.23 0.6505213216265723
22.240000000000002 0.6505213740909233
22.25 0.6505214248654285
22.26 0.6505214739235206
22.27 0.6505215212392359
22.28 0.6505215667872155
22.29 0.6505216105427034
22.3 0.6505216524815493
22.31 0.6505216925802053
22.32 0.650521730815729
22.330000000000002 0.650521767165781
22.34 0.6505218016086269
22.35 0.6505218341231358
22.36 0.6505218646887813
22.37 0.6505218932856406
22.38 0.6505219198939528
22.39 0.6505219444941327
22.400000000000002 0.650521967067848
22.41 0.6505219875973726
22.42 0.650522006065573
22.43 0.6505220224559094
22.44 0.6505220367524346
22.45 0.6505220489397953
22.46 0.6505220590032306
22.47 0.6505220669285733
22.48 0.650522072702249
22.490000000000002 0.6505220763112769
22.5 0.6505220777432691
22.51 0.6505220785001073
22.52 0.6505220814569778
22.53 0.6505220866244885
22.54 0.6505220940126547
22.55 0.6505221036309027
22.56 0.650522115490338
22.57 0.6505221296015811
22.580000000000002 0.650522145972997
22.59 0.650522164612395
22.6 0.6505221855270286
22.61 0.6505222087235951
22.62 0.6505222342082364
22.63 0.6505222619865383
22.64 0.6505222920635306
22.650000000000002 0.6505223244436878
22.66 0.6505223591309283
22.67 0.6505223961286142
22.68 0.6505224354395525
22.69 0.6505224770659938
22.7 0.6505225210096331
22.71 0.65052256727161
22.72 0.6505226158525071
22.73 0.6505226667525293
22.740000000000002 0.6505227199756713
22.75 0.6505227755236402
22.76 0.6505228333959343
22.77 0.6505228935915548
22.78 0.650522956109005
22.79 0.6505230209462906
22.8 0.6505230881009196
22.81 0.6505231575699026
22.82 0.6505232293497529
22.830000000000002 0.6505233034364855
22.84 0.6505233798256186
22.85 0.650523458512172
22.86 0.6505235394906683
22.87 0.6505236227551328
22.88 0.6505237082990927
22.89 0.650523796115578
22.900000000000002 0.6505238861971206
22.91 0.650523978536491
22.92 0.6505240731316094
22.93 0.6505241699761131
22.94 0.6505242690619935
22.95 0.6505243703808185
22.96 0.6505244739237316
22.97 0.6505245796814519
22.98 0.6505246876442746
22.990000000000002 0.6505247978020708
23.0 0.6505249101442876
23.01 0.6505250246599473
23.02 0.650525141337649
23.03 0.650525260165567
23.04 0.6505253811314516
23.05 0.6505255042226292
23.06 0.6505256294260018
23.07 0.6505257567280474
23.080000000000002 0.6505258861148197
23.09 0.6505260175737049
23.1 0.6505261510972566
23.11 0.6505262866724428
23.12 0.6505264242852754
23.13 0.6505265639214252
23.14 0.6505267055662217
23.150000000000002 0.6505268492046542
23.16 0.6505269948213702
23.17 0.6505271424006759
23.18 0.6505272919265367
23.19 0.6505274433825771
23.2 0.6505275967520803
23.21 0.6505277520179881
23.22 0.6505279091629016
23.23 0.6505280681690809
23.240000000000002 0.6505282290184445
23.25 0.6505283916925703
23.26 0.6505285561726949
23.27 0.6505287224428585
23.28 0.6505288904906793
23.29 0.6505290602981697
23.3 0.650529231846931
23.31 0.6505294051183096
23.32 0.6505295800933962
23.330000000000002 0.6505297567530268
23.34 0.650529935077782
23.35 0.6505301150479871
23.36 0.6505302966437124
23.37 0.6505304798447733
23.38 0.6505306646307297
23.39 0.6505308509808861
23.400000000000002 0.6505310388742924
23.41 0.6505312282897433
23.42 0.6505314192057777
23.43 0.6505316116006798
23.44 0.6505318054524791
23.45 0.6505320007442761
23.46 0.6505321974599775
23.47 0.6505323955786686
23.48 0.6505325950792736
23.490000000000002 0.6505327959405564
23.5 0.6505329981411192
23.51 0.6505332016594041
23.52 0.6505334064736922
23.53 0.6505336125621034
23.54 0.6505338199025971
23.55 0.650534028472972
23.56 0.6505342382508655
23.57 0.6505344492137546
23.580000000000002 0.6505346613389551
23.59 0.6505348746036222
23.6 0.6505350889847503
23.61 0.6505353044591726
23.62 0.6505355210036966
23.63 0.6505357385996768
23.64 0.6505359572267752
23.650000000000002 0.6505361768624458
23.66 0.6505363974840478
23.67 0.6505366190688436
23.68 0.6505368415940005
23.69 0.6505370650365887
23.7 0.6505372893735835
23.71 0.6505375145818633
23.72 0.6505377406382108
23.73 0.6505379675193131
23.740000000000002 0.650538195201761
23.75 0.6505384236620491
23.76 0.6505386528765759
23.77 0.6505388828216446
23.78 0.6505391134734617
23.79 0.6505393448081381
23.8 0.6505395768025083
23.81 0.6505398094410754
23.82 0.6505400427034513
23.830000000000002 0.6505402765673388
23.84 0.6505405110104452
23.85 0.6505407460104826
23.86 0.6505409815451664
23.87 0.6505412175922176
23.88 0.6505414541293607
23.89 0.6505416911343248
23.900000000000002 0.650541928584843
23.91 0.6505421664586533
23.92 0.6505424047334977
23.93 0.6505426433871224
23.94 0.6505428823972784
23.95 0.6505431217417206
23.96 0.6505433613982083
23.97 0.6505436013445054
23.98 0.6505438415590402
23.990000000000002 0.6505440820227707
24.0 0.6505443227144772
24.01 0.6505445636126533
24.02 0.6505448046958344
24.03 0.650545045942595
24.04 0.6505452873315501
24.05 0.6505455288413551
24.060000000000002 0.6505457704507055
24.07 0.6505460121383366
24.080000000000002 0.6505462538830247
24.09 0.6505464956635857
24.1 0.6505467374588756
24.11 0.6505469792477913
24.12 0.6505472210092691
24.13 0.650547462722286
24.14 0.6505477043658592
24.150000000000002 0.6505479459190456
24.16 0.6505481873634749
24.17 0.6505484286847606
24.18 0.6505486698637555
24.19 0.6505489108812218
24.2 0.6505491517180387
24.21 0.6505493923552027
24.22 0.6505496327738269
24.23 0.6505498729551422
24.240000000000002 0.6505501128804961
24.25 0.6505503525313532
24.26 0.6505505918892953
24.27 0.6505508309360214
24.28 0.6505510696533474
24.29 0.6505513080232066
24.3 0.650551546027649
24.310000000000002 0.6505517836488418
24.32 0.6505520208690696
24.330000000000002 0.6505522576707337
24.34 0.6505524940376212
24.35 0.6505527299541174
24.36 0.6505529654034483
24.37 0.6505532003689797
24.38 0.6505534348342191
24.39 0.6505536687828152
24.400000000000002 0.6505539021985588
24.41 0.6505541350653817
24.42 0.6505543673673578
24.43 0.6505545990887021
24.44 0.6505548302137713
24.45 0.6505550607270638
24.46 0.6505552906132194
24.47 0.6505555198570193
24.48 0.6505557484433868
24.490000000000002 0.6505559763573863
24.5 0.650556203584224
24.51 0.6505564301092969
24.52 0.6505566559208255
24.53 0.6505568810065196
24.54 0.6505571053528959
24.55 0.6505573289466507
24.560000000000002 0.6505575517746607
24.57 0.650557773823982
24.580000000000002 0.6505579950818507
24.59 0.6505582155356829
24.6 0.650558435173074
24.61 0.6505586539817994
24.62 0.6505588719498144
24.63 0.6505590890652541
24.64 0.6505593053164332
24.650000000000002 0.6505595206918467
24.66 0.6505597351801689
24.67 0.650559948770254
24.68 0.6505601614511362
24.69 0.6505603732119833
24.7 0.6505605840415979
24.71 0.650560793929269
24.72 0.6505610028646117
24.73 0.6505612108374134
24.740000000000002 0.650561417837634
24.75 0.6505616238554067
24.76 0.6505618288810372
24.77 0.650562032905004
24.78 0.6505622359179585
24.79 0.6505624379107243
24.8 0.6505626388742985
24.810000000000002 0.6505628387998507
24.82 0.6505630376787228
24.830000000000002 0.6505632355024299
24.84 0.65056343226266
24.85 0.6505636279512733
24.86 0.6505638225603032
24.87 0.6505640160824732
24.88 0.6505642085130577
24.89 0.6505643998455797
24.900000000000002 0.6505645900734105
24.91 0.6505647791901273
24.92 0.6505649671895128
24.93 0.6505651540655545
24.94 0.6505653398124459
24.95 0.6505655244245856
24.96 0.6505657078965773
24.97 0.6505658902232305
24.98 0.6505660713995601
24.990000000000002 0.6505662514207861
25.0 0.6505664302823339
25.01 0.6505666079798342
25.02 0.6505667845091234
25.03 0.6505669598662432
25.04 0.6505671340474403
25.05 0.6505673070487719
25.060000000000002 0.6505674788657428
25.07 0.6505676494949105
25.080000000000002 0.6505678189330741
25.09 0.6505679871772254
25.1 0.6505681542245475
25.11 0.6505683200724157
25.12 0.6505684847183973
25.13 0.6505686481602515
25.14 0.6505688103959296
25.150000000000002 0.6505689714235748
25.16 0.6505691312415219
25.17 0.650569289848298
25.18 0.650569447242622
25.19 0.6505696034234049
25.2 0.6505697583897495
25.21 0.6505699121409506
25.22 0.6505700646764951
25.23 0.6505702159943594
25.240000000000002 0.6505703660917237
25.25 0.6505705149679494
25.26 0.6505706626225646
25.27 0.6505708090552534
25.28 0.6505709542658563
25.29 0.6505710982543697
25.3 0.6505712410209458
25.310000000000002 0.6505713825658933
25.32 0.6505715228896766
25.330000000000002 0.6505716619929163
25.34 0.6505717998763889
25.35 0.6505719365410272
25.36 0.6505720719879199
25.37 0.6505722062183115
25.38 0.650572339233603
25.39 0.6505724710353513
25.400000000000002 0.6505726016252703
25.41 0.6505727310053163
25.42 0.6505728591775898
25.43 0.6505729861442967
25.44 0.6505731119078008
25.45 0.6505732364706226
25.46 0.6505733598354408
25.47 0.6505734820050908
25.48 0.6505736029825656
25.490000000000002 0.6505737227710152
25.5 0.6505738413737475
25.51 0.6505739587942275
25.52 0.6505740750360773
25.53 0.6505741901030768
25.54 0.6505743039991628
25.55 0.6505744167284297
25.560000000000002 0.6505745282951291
25.57 0.6505746387036703
25.580000000000002 0.6505747479586194
25.59 0.6505748560647001
25.6 0.6505749630267935
25.61 0.6505750688499383
25.62 0.6505751735393298
25.63 0.6505752771003211
25.64 0.6505753795384231
25.650000000000002 0.6505754808593033
25.66 0.6505755810687864
25.67 0.6505756801728555
25.68 0.6505757781776474
25.69 0.6505758750843257
25.7 0.6505759708939153
25.71 0.6505760656118789
25.72 0.6505761592437925
25.73 0.6505762517953454
25.740000000000002 0.6505763432723408
25.75 0.6505764336806951
25.76 0.6505765230264379
25.77 0.6505766113157128
25.78 0.6505766985547766
25.79 0.650576784749999
25.8 0.6505768699078643
25.810000000000002 0.6505769540349695
25.82 0.6505770371380252
25.830000000000002 0.6505771192238552
25.84 0.6505772002993975
25.85 0.6505772803717025
25.86 0.6505773594479354
25.87 0.6505774375353732
25.88 0.6505775146414081
25.89 0.6505775907735444
25.900000000000002 0.6505776659394005
25.91 0.650577740146708
25.92 0.6505778134033122
25.93 0.650577885717172
25.94 0.6505779570963591
25.95 0.6505780275490592
25.96 0.6505780970835713
25.97 0.6505781657038189
25.98 0.6505782334118528
25.990000000000002 0.6505783002151709
26.0 0.6505783661213689
26.01 0.6505784311381178
26.02 0.650578495273164
26.03 0.6505785585343301
26.04 0.6505786209295137
26.05 0.650578682466688
26.060000000000002 0.650578743153902
26.07 0.6505788029992797
26.080000000000002 0.6505788620110217
26.09 0.6505789201974027
26.1 0.6505789775667741
26.11 0.6505790341275625
26.12 0.6505790898882696
26.13 0.6505791448574736
26.14 0.6505791990438273
26.150000000000002 0.6505792524560594
26.16 0.6505793051029743
26.17 0.650579356993452
26.18 0.6505794081364478
26.19 0.6505794585409922
26.2 0.6505795082161919
26.21 0.6505795571712291
26.22 0.6505796054153611
26.23 0.6505796529579208
26.240000000000002 0.6505796998083173
26.25 0.6505797459717002
26.26 0.6505797914491683
26.27 0.650579836248884
26.28 0.6505798803791869
26.29 0.6505799238484462
26.3 0.6505799666650622
26.310000000000002 0.6505800088374656
26.32 0.650580050374117
26.330000000000002 0.6505800912835085
26.34 0.6505801315741617
26.35 0.6505801712546293
26.36 0.6505802103334942
26.37 0.6505802488193699
26.38 0.6505802867209002
26.39 0.6505803240467595
26.400000000000002 0.6505803608056525
26.41 0.6505803970063146
26.42 0.650580432657512
26.43 0.6505804677680407
26.44 0.6505805023467273
26.45 0.6505805364024292
26.46 0.650580569944034
26.47 0.65058060298046
26.48 0.6505806355206558
26.490000000000002 0.6505806675736004
26.5 0.6505806991483035
26.51 0.6505807302538055
26.52 0.6505807608991765
26.53 0.6505807910907403
26.54 0.6505808208303426
26.55 0.650580850125785
26.560000000000002 0.6505808789851553
26.57 0.6505809074165357
26.580000000000002 0.6505809354280023
26.59 0.6505809630276257
26.6 0.6505809902234699
26.61 0.6505810170235935
26.62 0.650581043436049
26.63 0.6505810694688828
26.64 0.6505810951301356
26.650000000000002 0.6505811204278424
26.66 0.6505811453700318
26.67 0.6505811699647268
26.68 0.6505811942199442
26.69 0.6505812181436952
26.7 0.6505812417439847
26.71 0.6505812650288121
26.72 0.6505812880061705
26.73 0.6505813106840477
26.740000000000002 0.6505813330704246
26.75 0.650581355173277
26.76 0.6505813770005743
26.77 0.6505813985602802
26.78 0.6505814198603527
26.79 0.6505814409087433
26.8 0.6505814617133977
26.810000000000002 0.6505814822804975
26.82 0.6505815026117475
26.830000000000002 0.6505815227137534
26.84 0.6505815425935322
26.85 0.6505815622580652
26.86 0.6505815817142976
26.87 0.6505816009691389
26.88 0.6505816200294626
26.89 0.6505816389021066
26.900000000000002 0.650581657593873
26.91 0.6505816761115274
26.92 0.6505816944618005
26.93 0.6505817126513865
26.94 0.6505817306869439
26.95 0.6505817485750954
26.96 0.650581766322428
26.97 0.6505817839354928
26.98 0.6505818014208046
26.990000000000002 0.6505818187848431
27.0 0.6505818360340515
27.01 0.6505818531748375
27.02 0.6505818702135732
27.03 0.650581887156594
27.04 0.6505819040102003
27.05 0.6505819207806565
27.060000000000002 0.6505819374741907
27.07 0.6505819540969957
27.080000000000002 0.650581970655228
27.09 0.6505819871542026
27.1 0.6505820035960883
27.11 0.6505820199859526
27.12 0.6505820363292505
27.13 0.6505820526313836
27.14 0.6505820688976988
27.150000000000002 0.6505820851334886
27.16 0.6505821013439912
27.17 0.6505821175343905
27.18 0.6505821337098162
27.19 0.6505821498753432
27.2 0.6505821660359928
27.21 0.6505821821967311
27.22 0.6505821983624704
27.23 0.6505822145380689
27.240000000000002 0.6505822307283297
27.25 0.650582246938002
27.26 0.6505822631717808
27.27 0.6505822794343067
27.28 0.6505822957301656
27.29 0.6505823120638895
27.3 0.650582328439956
27.310000000000002 0.650582344862788
27.32 0.6505823613367544
27.330000000000002 0.6505823778661697
27.34 0.6505823944552941
27.35 0.6505824111083333
27.36 0.650582427829439
27.37 0.6505824446224248
27.38 0.6505824614893899
27.39 0.6505824784337323
27.400000000000002 0.6505824954591085
27.41 0.6505825125691125
27.42 0.6505825297672737
27.43 0.650582547057059
27.44 0.6505825644418708
27.45 0.6505825819250485
27.46 0.6505825995098676
27.47 0.6505826171995406
27.48 0.6505826349972158
27.490000000000002 0.6505826529059783
27.5 0.6505826709288496
27.51 0.6505826890687877
27.52 0.650582707328687
27.53 0.6505827257113781
27.54 0.6505827442196285
27.55 0.6505827628561418
27.560000000000002 0.6505827816235583
27.57 0.6505828005244546
27.580000000000002 0.6505828195613433
27.59 0.6505828387366747
27.6 0.6505828580528342
27.61 0.6505828775121444
27.62 0.650582897116864
27.63 0.6505829168691885
27.64 0.6505829367712496
27.650000000000002 0.6505829568251178
27.66 0.6505829770328276
27.67 0.6505829973963307
27.68 0.6505830179175089
27.69 0.6505830385981805
27.7 0.6505830594401
27.71 0.6505830804449596
27.72 0.6505831016143871
27.73 0.6505831229499474
27.740000000000002 0.6505831444531416
27.75 0.6505831661254076
27.76 0.6505831879681198
27.77 0.6505832099825893
27.78 0.6505832321700639
27.79 0.6505832545317277
27.8 0.6505832770687018
27.810000000000002 0.6505832997820431
27.82 0.6505833226727461
27.830000000000002 0.650583345741741
27.84 0.6505833689898952
27.85 0.6505833924180123
27.86 0.650583416026833
27.87 0.6505834398170337
27.88 0.6505834637892285
27.89 0.650583487943967
27.900000000000002 0.6505835122817362
27.91 0.6505835368029596
27.92 0.6505835615079966
27.93 0.6505835863972251
27.94 0.6505836114722368
27.95 0.6505836367338386
27.96 0.6505836621823433
27.97 0.6505836878180072
27.98 0.6505837136410305
27.990000000000002 0.6505837396515564
28.0 0.6505837658496718
28.01 0.650583792235407
28.02 0.6505838188087362
28.03 0.6505838455695766
28.04 0.6505838725177893
28.05 0.6505838996531783
28.060000000000002 0.6505839269754918
28.07 0.6505839544844214
28.080000000000002 0.6505839821796017
28.09 0.6505840100606111
28.1 0.6505840381269716
28.11 0.6505840663781488
28.12 0.6505840948135516
28.13 0.6505841234325322
28.14 0.6505841522343869
28.150000000000002 0.6505841812183547
28.16 0.6505842103836187
28.17 0.6505842397293057
28.18 0.6505842692544852
28.19 0.6505842989581707
28.2 0.6505843288393193
28.21 0.650584358896898
28.22 0.650584389131909
28.23 0.6505844195444291
28.240000000000002 0.6505844501335412
28.25 0.6505844808982829
28.26 0.6505845118376478
28.27 0.6505845429505842
28.28 0.6505845742359962
28.29 0.6505846056927429
28.3 0.6505846373196389
28.310000000000002 0.6505846691154539
28.32 0.650584701078913
28.330000000000002 0.6505847332086967
28.34 0.6505847655034407
28.35 0.6505847979617359
28.36 0.6505848305821287
28.37 0.6505848633631208
28.38 0.6505848963031693
28.39 0.650584929400686
28.400000000000002 0.6505849626540389
28.41 0.6505849960615507
28.42 0.6505850296214996
28.43 0.6505850633321189
28.44 0.6505850971915974
28.45 0.6505851311980794
28.46 0.6505851653496642
28.47 0.6505851996444065
28.48 0.6505852340803162
28.490000000000002 0.6505852686553838
28.5 0.6505853033698632
28.51 0.650585338223445
28.52 0.6505853732143803
28.53 0.6505854083408901
28.54 0.6505854436011644
28.55 0.650585478993363
28.560000000000002 0.650585514515615
28.57 0.6505855501660192
28.580000000000002 0.6505855859426432
28.59 0.6505856218435245
28.6 0.6505856578666704
28.61 0.650585694010057
28.62 0.6505857302716302
28.63 0.6505857666493051
28.64 0.6505858031409665
28.650000000000002 0.6505858397444685
28.66 0.6505858764576348
28.67 0.6505859132782582
28.68 0.6505859502041015
28.69 0.6505859872328966
28.7 0.6505860243623447
28.71 0.6505860615901166
28.72 0.6505860989138528
28.73 0.6505861363311628
28.740000000000002 0.650586173839626
28.75 0.650586211436791
28.76 0.6505862491201756
28.77 0.6505862868872688
28.78 0.6505863247376003
28.79 0.650586362670761
28.8 0.6505864006845757
28.810000000000002 0.6505864387768538
28.82 0.6505864769453882
28.830000000000002 0.6505865151879556
28.84 0.6505865535023172
28.85 0.6505865918862175
28.86 0.6505866303373855
28.87 0.6505866688535339
28.88 0.6505867074323591
28.89 0.6505867460715419
28.900000000000002 0.6505867847687467
28.91 0.650586823521622
28.92 0.6505868623278
28.93 0.6505869011848975
28.94 0.6505869400905143
28.95 0.6505869790422348
28.96 0.6505870180376273
28.97 0.6505870570742438
28.98 0.6505870961496204
28.990000000000002 0.6505871352612769
29.0 0.6505871744067174
29.01 0.6505872135834297
29.02 0.6505872527888859
29.03 0.6505872920205411
29.04 0.6505873312758356
29.05 0.6505873705521927
29.060000000000002 0.6505874098485731
29.07 0.650587449164602
29.080000000000002 0.6505874884980488
29.09 0.6505875278466726
29.1 0.6505875672082294
29.11 0.6505876065804723
29.12 0.6505876459611517
29.13 0.6505876853480145
29.14 0.650587724738805
29.150000000000002 0.6505877641312644
29.16 0.6505878035231311
29.17 0.6505878429121402
29.18 0.6505878822960246
29.19 0.6505879216725131
29.2 0.6505879610393324
29.21 0.6505880003942056
29.22 0.6505880397348537
29.23 0.6505880790589937
29.240000000000002 0.6505881183643406
29.25 0.6505881576486059
29.26 0.6505881969094979
29.27 0.6505882361447226
29.28 0.6505882753519826
29.29 0.6505883145289777
29.3 0.6505883536734045
29.310000000000002 0.6505883927829568
29.32 0.6505884318553254
29.330000000000002 0.6505884708881985
29.34 0.6505885098803728
29.35 0.6505885488316955
29.36 0.6505885877402223
29.37 0.6505886266039805
29.38 0.650588665421006
29.39 0.6505887041893432
29.400000000000002 0.6505887429070449
29.41 0.6505887815721733
29.42 0.6505888201827976
29.43 0.6505888587369971
29.44 0.6505888972328591
29.45 0.6505889356684792
29.46 0.650588974041962
29.47 0.6505890123514206
29.48 0.6505890505949765
29.490000000000002 0.6505890887707598
29.5 0.6505891268769094
29.51 0.6505891649115726
29.52 0.6505892028729053
29.53 0.6505892407590719
29.54 0.6505892785682456
29.55 0.6505893162986078
29.560000000000002 0.6505893539483489
29.57 0.6505893915156676
29.580000000000002 0.6505894289987713
29.59 0.6505894663958759
29.6 0.6505895037052057
29.61 0.6505895409249942
29.62 0.6505895780537546
29.63 0.6505896150904481
29.64 0.6505896520334659
29.650000000000002 0.6505896888811834
29.66 0.6505897256319879
29.67 0.6505897622842791
29.68 0.6505897988364683
29.69 0.6505898352869792
29.7 0.6505898716342479
29.71 0.6505899078767222
29.72 0.650589944012862
29.73 0.65058998004114
29.740000000000002 0.6505900159600403
29.75 0.6505900517680594
29.76 0.650590087463706
29.77 0.6505901230455006
29.78 0.6505901585119764
29.79 0.6505901938616785
29.8 0.6505902290931636
29.810000000000002 0.6505902642050012
29.82 0.6505902991957727
29.830000000000002 0.6505903340640716
29.84 0.6505903688085038
29.85 0.6505904034276868
29.86 0.6505904379202505
29.87 0.6505904722848371
29.88 0.6505905065201006
29.89 0.6505905406247076
29.900000000000002 0.6505905745978992
29.91 0.6505906084403549
29.92 0.6505906421511989
29.93 0.6505906757294351
29.94 0.650590709174089
29.95 0.650590742484208
29.96 0.6505907756588608
29.97 0.6505908086971384
29.98 0.6505908415981527
