0.0 0.07470061252008162
0.01 0.11700792522189053
0.02 0.15894063341068276
0.03 0.20039388825254872
0.04 0.24130856892688543
0.05 0.2816349954966091
0.06 0.32130008767979623
0.07 0.36024732423196026
0.08 0.3984271807084383
0.09 0.43578554859750634
0.1 0.47227396648541203
0.11 0.5078437223323127
0.12 0.5424488808176258
0.13 0.5760467632672464
0.14 0.6085942029912124
0.15 0.6400555813132579
0.16 0.6703900203613244
0.17 0.6995670592322791
0.18 0.7275532401974263
0.19 0.7543179446333439
0.2 0.7798330490938292
0.21 0.8040730953756001
0.22 0.8270130188819572
0.23 0.848629730172359
0.24 0.8689028671161143
0.25 0.8878146386331963
0.26 0.9053461345956784
0.27 0.9214806622237051
0.28 0.9362031435101941
0.29 0.9494996927899289
0.3 0.9613568497537304
0.31 0.9717623413890957
0.32 0.9807064055263186
0.33 0.9881799003862449
0.34 0.994173348867446
0.35000000000000003 0.9986788098643207
0.36 1.001688517986543
0.37 1.0031959352108875
0.38 1.0031957585785236
0.39 1.0016833993984364
0.4 0.99865418089024
0.41000000000000003 0.9941052697565156
0.42 0.9880352581820271
0.43 0.9804437972520983
0.44 0.9713315833436503
0.45 0.9607013408165976
0.46 0.9485576651794511
0.47000000000000003 0.9349064836001936
0.48 0.9197507586259761
0.49 0.9031009000346333
0.5 0.8849692268519092
0.51 0.8653699774196065
0.52 0.8443191798125456
0.53 0.8218375904040889
0.54 0.7979492556618872
0.55 0.7726805027947674
0.56 0.7460570333670372
0.5700000000000001 0.7181149321376767
0.58 0.6888929306546634
0.59 0.6584317821888591
0.6 0.6267724660760042
0.61 0.5939677227113522
0.62 0.5600727433806176
0.63 0.5251466024653539
0.64 0.4892524174028278
0.65 0.45246021091358657
0.66 0.41484421683457595
0.67 0.37647659809989903
0.68 0.3374312933148986
0.6900000000000001 0.29779573532236847
0.7000000000000001 0.25765681245350697
0.71 0.2171032274645805
0.72 0.17622676816915656
0.73 0.1351230039601068
0.74 0.09388888907693844
0.75 0.05261676293600677
0.76 0.011402499193951527
0.77 0.029654635016114015
0.78 0.07045778562485928
0.79 0.11092020105148898
0.8 0.1509505944608247
0.81 0.1904574513236954
0.8200000000000001 0.22935379088893834
0.8300000000000001 0.26755479619981365
0.84 0.30497930907558296
0.85 0.3415495719868234
0.86 0.3771927357911633
0.87 0.4118518193962262
0.88 0.4454625002491681
0.89 0.4779661496173911
0.9 0.5093101987529285
0.91 0.5394465211798343
0.92 0.5683316044637581
0.93 0.595926248556152
0.9400000000000001 0.6221973184789329
0.9500000000000001 0.6471221271768586
0.96 0.6706738182172612
0.97 0.6928317601991325
0.98 0.7135794240293657
0.99 0.7329037366407983
1.0 0.7507971289709984
1.01 0.7672586558975977
1.02 0.7822824629602521
1.03 0.7958682420263442
1.04 0.808018210805091
1.05 0.8187366953183769
1.06 0.8280337986022364
1.07 0.8359237459999675
1.08 0.8424135248099316
1.09 0.8475156228517547
1.1 0.8512439467989669
1.11 0.8536136099442547
1.12 0.8546436303321303
1.1300000000000001 0.8543539295957879
1.1400000000000001 0.8527614105412336
1.1500000000000001 0.8498860084185347
1.16 0.8457485431468982
1.17 0.8403706824129996
1.18 0.8337746278459476
1.19 0.8259835486899401
1.2 0.8170216702515029
1.21 0.8069139106256668
1.22 0.7956860589257158
1.23 0.7833647035567072
1.24 0.769972085184233
1.25 0.7555355689815806
1.26 0.7400855158698959
1.27 0.7236513996611789
1.28 0.7062637739754297
1.29 0.6879538442322223
1.3 0.668744009981976
1.31 0.6486679447728869
1.32 0.6277615843888478
1.33 0.6060594754731731
1.34 0.5835974666722838
1.35 0.5604114566022642
1.36 0.5365247453075874
1.37 0.5119787390272711
1.3800000000000001 0.4868146511386613
1.3900000000000001 0.46107230569003843
1.4000000000000001 0.43479288716940157
1.41 0.40801635739153636
1.42 0.3807678727675809
1.43 0.3530963573580151
1.44 0.32504717886870743
1.45 0.29666456261265806
1.46 0.2679938996833793
1.47 0.23907735412635409
1.48 0.20994198029608926
1.49 0.18064204602618555
1.5 0.15122485138196123
1.51 0.12173679065530127
1.52 0.09222499357132208
1.53 0.06273082146488711
1.54 0.033282442087624375
1.55 0.003935589624809457
1.56 0.02526357174680511
1.57 0.05426964232998855
1.58 0.08303703261791134
1.59 0.11152863459474435
1.6 0.13971658198617679
1.61 0.16754821596318595
1.62 0.194981644561828
1.6300000000000001 0.22197570502102748
1.6400000000000001 0.24848954790195804
1.6500000000000001 0.2744931809540347
1.6600000000000001 0.29996040087928144
1.67 0.32484568370028444
1.68 0.3491137757684658
1.69 0.3727301930257261
1.7 0.39566111279511257
1.71 0.4178851010377532
1.72 0.4393785877550451
1.73 0.46010582988544496
1.74 0.48003935217064464
1.75 0.4991525510980077
1.76 0.517419762359799
1.77 0.5348274383817359
1.78 0.5513559069561093
1.79 0.5669797533456298
1.8 0.581679427807332
1.81 0.5954363177274111
1.82 0.6082329922341624
1.83 0.6200619023789561
1.84 0.6309085618179399
1.85 0.6407571567365878
1.86 0.6495956815874976
1.87 0.6574131206881675
1.8800000000000001 0.6641997870882539
1.8900000000000001 0.6699522844164802
1.9000000000000001 0.6746625274517424
1.9100000000000001 0.6783234395064512
1.92 0.6809302731202879
1.93 0.6824794180817807
1.94 0.6829685444536844
1.95 0.6823974958008346
1.96 0.6807661425430384
1.97 0.6780758454245184
1.98 0.6743295016642076
1.99 0.669531446024653
2.0 0.6636868947624378
2.0100000000000002 0.6567995125307207
2.02 0.6488791667397715
2.0300000000000002 0.6399362713205673
2.04 0.6299826241129443
2.05 0.6190318871553956
2.06 0.6070976455591717
2.07 0.5941894691881873
2.08 0.5803294385091377
2.09 0.5655383463567318
2.1 0.5498386444221338
2.11 0.5332550668353541
2.12 0.5158105088025071
2.13 0.497523320532658
2.14 0.4784293058627662
2.15 0.4585608084777015
2.16 0.437952176447107
2.17 0.416640221658145
2.18 0.3946571392347012
2.19 0.37203234149685876
2.2 0.3488148518253877
2.21 0.32504824515195985
2.22 0.3007781156410981
2.23 0.2760522361309215
2.24 0.2509099280738511
2.25 0.2253917858531789
2.2600000000000002 0.19955640360465632
2.27 0.1734556296922903
2.2800000000000002 0.14714275205390598
2.29 0.12067238140540311
2.3000000000000003 0.09408626398122873
2.31 0.06743310148623584
2.32 0.04077439045483638
2.33 0.014164602836620693
2.34 0.012341453113926757
2.35 0.038689048433886035
2.36 0.06483969824744985
2.37 0.09074306744997579
2.38 0.1163422222625452
2.39 0.1415870321467577
2.4 0.16642815737775132
2.41 0.19081788708478184
2.42 0.21472615436569237
2.43 0.2381079156985663
2.44 0.26091711729652706
2.45 0.2831137806672273
2.46 0.3046594806632281
2.47 0.3255186721852235
2.48 0.3456725285161906
2.49 0.3650862961487484
2.5 0.3837282064737038
2.5100000000000002 0.40157139691986377
2.52 0.4185908199604635
2.5300000000000002 0.4347650009676852
2.54 0.4500862407643214
2.5500000000000003 0.46453223256052945
2.56 0.4780856753275104
2.57 0.4907328289156554
2.58 0.5024616457146356
2.59 0.5132637245044147
2.6 0.523140311226963
2.61 0.5320813720542039
2.62 0.5400820717951879
2.63 0.5471399344151436
2.64 0.5532538949405383
2.65 0.5584260019456281
2.66 0.5626637070507076
2.67 0.5659678685710763
2.68 0.5683433759523019
2.69 0.5697966337119929
2.7 0.5703352012010106
2.71 0.5699685914669633
2.72 0.5687084122659515
2.73 0.5665647460412114
2.74 0.5635497877700926
2.75 0.5596768061729367
2.7600000000000002 0.5549600752949231
2.77 0.5494139624826118
2.7800000000000002 0.5430534379513392
2.79 0.5358962485102673
2.8000000000000003 0.5279602250719677
2.81 0.5192641349579209
2.82 0.5098276997344673
2.83 0.4996680917948465
2.84 0.48880404137238287
2.85 0.4772594668367752
2.86 0.4650568383167428
2.87 0.4522195489425576
2.88 0.43877188734350125
2.89 0.4247323845124582
2.9 0.41012437322579826
2.91 0.39497646798618324
2.92 0.3793150707447329
2.93 0.3631674678908493
2.94 0.34656158689013045
2.95 0.32951650562977164
2.96 0.31206041656411365
2.97 0.2942252316741506
2.98 0.27604042140795304
2.99 0.2575362343995565
3.0 0.23874299093613127
3.0100000000000002 0.21967976102259235
3.02 0.20037901325577945
3.0300000000000002 0.18087437938755235
3.04 0.16119717314396845
3.0500000000000003 0.14137929282642825
3.06 0.12145179483454453
3.0700000000000003 0.1014332290340084
3.08 0.08135885951458441
3.09 0.061262252947166085
3.1 0.04117497613002593
3.11 0.021128917507081856
3.12 0.001153938236544801
3.13 0.01873245362194718
3.14 0.038494359323449225
3.15 0.05810011033357465
3.16 0.07751964734586801
3.17 0.09672287751733318
3.18 0.1156830307083898
3.19 0.13438410765145148
3.2 0.15279201164028292
3.21 0.17087859598465152
3.22 0.18861694993512504
3.23 0.20598039496034468
3.24 0.2229467591508616
3.25 0.23950189240289405
3.2600000000000002 0.25561577248884854
3.27 0.2712649688993207
3.2800000000000002 0.2864269971317347
3.29 0.3010798195355802
3.3000000000000003 0.3152067312519171
3.31 0.328795672797646
3.3200000000000003 0.34182247512706154
3.33 0.3542691182400774
3.34 0.36611836696867894
3.35 0.3773535967420658
3.36 0.3879637417300336
3.37 0.3979391458129028
3.38 0.40726263367566123
3.39 0.4159218991748695
3.4 0.42390540732843246
3.41 0.4312023758287082
3.42 0.43780695919728957
3.43 0.44371258891467813
3.44 0.448909586421065
3.45 0.45339150711112286
3.46 0.45715278631332257
3.47 0.4601887796128516
3.48 0.4624980421133621
3.49 0.4640784698354867
3.5 0.4649278089925204
3.5100000000000002 0.4650457178678435
3.52 0.4644328814739233
3.5300000000000002 0.4630910197823154
3.54 0.4610225458638689
3.5500000000000003 0.45823132775065833
3.56 0.4547224300285266
3.5700000000000003 0.4505019639962654
3.58 0.4455772303917078
3.59 0.4399564956950089
3.6 0.4336459812831304
3.61 0.42665688917191225
3.62 0.41900155017030183
3.63 0.4106928936903349
3.64 0.40174517899180756
3.65 0.392173228007809
3.66 0.38198740501783374
3.67 0.3712071318935277
3.68 0.35985181415580936
3.69 0.347941305934292
3.7 0.3354968424725658
3.71 0.32253934810931206
3.72 0.3090837031899227
3.73 0.2951575191751343
3.74 0.28078659948459816
3.75 0.2659971785569407
3.7600000000000002 0.2508167632907934
3.77 0.2352711319495145
3.7800000000000002 0.21937963617049536
3.79 0.20317674521672774
3.8000000000000003 0.1866931668634313
3.81 0.16995999553205823
3.8200000000000003 0.15300929388628967
3.83 0.1358694795189187
3.84 0.11856356644753363
3.85 0.10113015266084868
3.86 0.08360245082020723
3.87 0.0660138908678668
3.88 0.04839840371644095
3.89 0.0307840593696713
3.9 0.013195934459047296
3.91 0.004327002082637175
3.92 0.021752034446257115
3.93 0.0390465350859603
3.94 0.056177905844941686
3.95 0.07312158798618396
3.96 0.08985250031519913
3.97 0.10633530085100087
3.98 0.12254074903930215
3.99 0.1384400776974601
4.0 0.15400506530260694
4.01 0.1692170322435587
4.0200000000000005 0.18405319558871763
4.03 0.19848497649027816
4.04 0.21248895489075972
4.05 0.22604252450785872
4.0600000000000005 0.23912410303412085
4.07 0.25172176940010094
4.08 0.2638173413859054
4.09 0.275390538475607
4.1 0.28642512171474616
4.11 0.2969058348673268
4.12 0.30681879330171397
4.13 0.31615857807264125
4.14 0.3249130531457879
4.15 0.3330705116948897
4.16 0.34062217758927954
4.17 0.34756028437908276
4.18 0.35387858588757004
4.19 0.3595771401874857
4.2 0.3646504813778115
4.21 0.3690948267498009
4.22 0.3729083720958365
4.23 0.3760902698490896
4.24 0.3786410823861197
4.25 0.38056507069372575
4.26 0.3818634676684078
4.2700000000000005 0.3825392930276
4.28 0.382596846520497
4.29 0.3820413073386725
4.3 0.3808788286955285
4.3100000000000005 0.3791168007858408
4.32 0.37676280386856537
4.33 0.37382544184820626
4.34 0.37031417417996587
4.3500000000000005 0.3662392685480776
4.36 0.36161113510338644
4.37 0.35643966598353494
4.38 0.3507381655763776
4.39 0.3445197109118465
4.4 0.3377980370201371
4.41 0.33058762531483743
4.42 0.32290181804116763
4.43 0.3147528550136322
4.44 0.30615887442122125
4.45 0.29713646337740296
4.46 0.28770280513910734
4.47 0.2778757633934252
4.48 0.2676703177485599
4.49 0.25710123917396127
4.5 0.246190302888742
4.51 0.23495673291055313
4.5200000000000005 0.22342031621488428
4.53 0.2116014298288104
4.54 0.19951542381169868
4.55 0.1871798898433831
4.5600000000000005 0.17461873530397157
4.57 0.16185295161428073
4.58 0.14890399502201712
4.59 0.1357937083143892
4.6000000000000005 0.12253688465284897
4.61 0.10915366279686814
4.62 0.09566863351071048
4.63 0.08210356210373518
4.64 0.0684805274564502
4.65 0.05482162369640127
4.66 0.0411404800201198
4.67 0.027458901877520276
4.68 0.013800840444325568
4.69 0.00018774128936031983
4.7 0.013358809330148833
4.71 0.02681773270414481
4.72 0.040176966837649646
4.73 0.053414285633631396
4.74 0.06650758350398613
4.75 0.07943682207711393
4.76 0.0921820006163654
4.7700000000000005 0.104724237216245
4.78 0.11705326018349647
4.79 0.12914785668661666
4.8 0.1409887696638676
4.8100000000000005 0.15255834952181432
4.82 0.16383915277239955
4.83 0.1748154541857638
4.84 0.18547886085932705
4.8500000000000005 0.19581060359156716
4.86 0.2057950187568774
4.87 0.21541764770199884
4.88 0.22466438781282247
4.89 0.23352331720194971
4.9 0.24198796227812575
4.91 0.2500432641374294
4.92 0.25767764050191116
4.93 0.26488042349553925
4.94 0.2716414321509596
4.95 0.2779528547956085
4.96 0.2838102529194497
4.97 0.28920327278623964
4.98 0.29412469894460014
4.99 0.29856807651305634
5.0 0.30252755386782576
5.01 0.30599942700389243
5.0200000000000005 0.3089816125795211
5.03 0.31146912272442157
5.04 0.313459271479639
5.05 0.31495010646191657
5.0600000000000005 0.315940383991708
5.07 0.3164302532862593
5.08 0.3164205986083036
5.09 0.3159120840391663
5.1000000000000005 0.3149066558474261
5.11 0.3134070478505504
5.12 0.3114167909482236
5.13 0.3089394408424187
5.14 0.30597973832513603
5.15 0.3025438783106871
5.16 0.2986384879047276
5.17 0.2942710424041433
5.18 0.2894498275905269
5.19 0.2841813465755913
5.2 0.27847499899806083
5.21 0.27234209112052965
5.22 0.26579382156614517
5.23 0.2588422529393761
5.24 0.2515001044795595
5.25 0.24377643772627475
5.26 0.2356856477820534
5.2700000000000005 0.2272434844266873
5.28 0.21846530763046634
5.29 0.2093672883414188
5.3 0.19996585781301487
5.3100000000000005 0.1902722193402361
5.32 0.18030545489309585
5.33 0.17008476545809592
5.34 0.15962885781109865
5.3500000000000005 0.14895711324118072
5.36 0.13808850177982074
5.37 0.12703581870695865
5.38 0.11582179899718799
5.39 0.10446775387594064
5.4 0.09299449212538648
5.41 0.08142328172071157
5.42 0.06977406219542973
5.43 0.058060491616473565
5.44 0.04630727622232465
5.45 0.034536230787245575
5.46 0.022768690390162515
5.47 0.011026182762169176
5.48 0.0006721572225359156
5.49 0.01231267142954347
5.5 0.023870764106610255
5.51 0.035325794808440766
5.5200000000000005 0.04665758981980888
5.53 0.057846057115514854
5.54 0.06887455363191795
5.55 0.07973030186215475
5.5600000000000005 0.09039093747904944
5.57 0.10083849464428409
5.58 0.11105548990591094
5.59 0.12102476000433124
5.6000000000000005 0.13073345165052122
5.61 0.14017044951648377
5.62 0.14931741489244862
5.63 0.15816016882845868
5.64 0.1666850629827617
5.65 0.17487894357566874
5.66 0.1827334431592587
5.67 0.19023974350583442
5.68 0.1973847311093559
5.69 0.2041586415428025
5.7 0.21055231474577826
5.71 0.21655722297991759
5.72 0.22216937960123592
5.73 0.22738300027519864
5.74 0.2321905493214155
5.75 0.2365868876016269
5.76 0.24056752657831182
5.7700000000000005 0.24412870543526605
5.78 0.2472701942017857
5.79 0.24998988100861347
5.8 0.25228553912307633
5.8100000000000005 0.25415652099341013
5.82 0.2556028308464002
5.83 0.2566252039183714
5.84 0.25722639350472487
5.8500000000000005 0.25740829560655626
5.86 0.2571734154135396
5.87 0.25652521385204297
5.88 0.2554677778446043
5.89 0.2540057809970302
5.9 0.2521442358977605
5.91 0.2498891021431689
5.92 0.24724688525905258
5.93 0.24422463304436282
5.94 0.24082997797503852
5.95 0.2370707933019033
5.96 0.23295380198759968
5.97 0.22848881352791317
5.98 0.22368555219662936
5.99 0.21855405856205973
6.0 0.2131049047342397
6.01 0.2073483153948296
6.0200000000000005 0.2012923905423656
6.03 0.19495030426629456
6.04 0.18833422000701638
6.05 0.1814565288065832
6.0600000000000005 0.17433008690599072
6.07 0.16696655842182084
6.08 0.15937527228874154
6.09 0.15157201306318357
6.1000000000000005 0.1435706212850917
6.11 0.13538514979849173
6.12 0.1270300344852202
6.13 0.11851744168164753
6.140000000000001 0.10985789160510356
6.15 0.10106878504780321
6.16 0.09216489594287161
6.17 0.08316120500861213
6.18 0.07407297742403984
6.19 0.06491196729265025
6.2 0.0556898660593064
6.21 0.04642452459418529
6.22 0.03713092799730636
6.23 0.027824220723225244
6.24 0.018519709141862645
6.25 0.009227949078284808
6.26 3.835365425240795e-05
6.2700000000000005 0.009262086714872256
6.28 0.018428752941165374
6.29 0.02752380638512215
6.3 0.03653274058720131
6.3100000000000005 0.045446580022869595
6.32 0.054252281281958914
6.33 0.06293434642198875
6.34 0.07147947488864914
6.3500000000000005 0.07987443760553462
6.36 0.0881063154602071
6.37 0.0961678748649975
6.38 0.10404661830671134
6.390000000000001 0.11172934146195163
6.4 0.11920458075476549
6.41 0.1264610587617309
6.42 0.13348810384985887
6.43 0.14028025484471168
6.44 0.14682649500936795
6.45 0.15311641658626457
6.46 0.15914092684002784
6.47 0.16489122401811288
6.48 0.17035936956707495
6.49 0.17554164458360802
6.5 0.1804294010299728
6.51 0.18501536023792942
6.5200000000000005 0.18929321422223913
6.53 0.19325703865036994
6.54 0.1969019142434582
6.55 0.2002258513856354
6.5600000000000005 0.2032233244216478
6.57 0.2058903680077399
6.58 0.20822375120101919
6.59 0.21022070553178515
6.6000000000000005 0.21187941163822646
6.61 0.2131996809216819
6.62 0.21417965443379072
6.63 0.2148187421713715
6.640000000000001 0.21511696096600386
6.65 0.21507485219151173
6.66 0.21469357515766144
6.67 0.21397493627819267
6.68 0.21292101302858676
6.69 0.211534546524475
6.7 0.209818841563294
6.71 0.2077777673760723
6.72 0.20541514380132958
6.73 0.20273508076410907
6.74 0.1997435317533208
6.75 0.19644641523332967
6.76 0.19285021035802993
6.7700000000000005 0.18896197063629375
6.78 0.184787665287225
6.79 0.18033407320413927
6.8 0.17561059426709863
6.8100000000000005 0.17062603914840477
6.82 0.16538976118319335
6.83 0.1599116424510935
6.84 0.15419949603514832
6.8500000000000005 0.1482631197283213
6.86 0.14211457164331856
6.87 0.13576518233888957
6.88 0.1292267657952049
6.890000000000001 0.12251146429758024
6.9 0.11562597056158135
6.91 0.10858232750876473
6.92 0.10139479725477905
6.93 0.09407601167701865
6.94 0.08663893242525623
6.95 0.07909682394022759
6.96 0.07146287053305503
6.97 0.06375098922743237
6.98 0.05597542440350977
6.99 0.04815062073663211
7.0 0.04029131483263597
7.01 0.03241126492407154
7.0200000000000005 0.0245126933494045
7.03 0.016612509576992587
7.04 0.008725905970702285
7.05 0.0008659524956112433
7.0600000000000005 0.006954296047430849
7.07 0.014721502207324993
7.08 0.022420682462668283
7.09 0.03003925696587825
7.1000000000000005 0.037564096331620125
7.11 0.044981857656238924
7.12 0.0522792093109053
7.13 0.05944561278451294
7.140000000000001 0.0664796708152715
7.15 0.07336486875060358
7.16 0.08008970723895435
7.17 0.08664381742613474
7.18 0.09301710993894653
7.19 0.09920010972863397
7.2 0.10518424538494671
7.21 0.11095995842178152
7.22 0.11651847581296204
7.23 0.12185136866985109
7.24 0.12695051211348227
7.25 0.13181000595725526
7.26 0.13642596066290547
7.2700000000000005 0.14078978455262656
7.28 0.14489546465169617
7.29 0.1487374400044997
7.3 0.15231053101604752
7.3100000000000005 0.15561277444330388
7.32 0.15864310184517888
7.33 0.16139607594381383
7.34 0.1638691195140215
7.3500000000000005 0.16606013174740672
7.36 0.16796747137916554
7.37 0.1695897670984178
7.38 0.17092616099862404
7.390000000000001 0.17197641597320673
7.4 0.17274062480349167
7.41 0.17321931189683704
7.42 0.17341343793578556
7.43 0.1733250524395028
7.44 0.17295617234329166
7.45 0.17230890805219015
7.46 0.17138606482598476
7.47 0.17019087270129932
7.48 0.1687270108356
7.49 0.1669993001073532
7.5 0.16501231305612046
7.51 0.16277090850968956
7.5200000000000005 0.160280582941811
7.53 0.15754725871132574
7.54 0.15457697879466006
7.55 0.1513722426469601
7.5600000000000005 0.1479403952490035
7.57 0.14428898642825622
7.58 0.14042505098026814
7.59 0.13635595544029672
7.6000000000000005 0.13208947612561206
7.61 0.1276343013783494
7.62 0.12299869625757924
7.63 0.11819140197151182
7.640000000000001 0.11322159770038642
7.65 0.10809881029464424
7.66 0.10283151781555783
7.67 0.09742235640074765
7.68 0.09188366844167802
7.69 0.08622547779294033
7.7 0.08045730177517253
7.71 0.07458885964974017
7.72 0.06862997375866833
7.73 0.06259040892403088
7.74 0.05648061019869062
7.75 0.05031106291212906
7.76 0.04409243535913964
7.7700000000000005 0.03783560207566203
7.78 0.031548707903877544
7.79 0.025235957117995263
7.8 0.018911341406251694
7.8100000000000005 0.012585035549449845
7.82 0.006267046297801666
7.83 3.256673009622933e-05
7.84 0.006303688895240786
7.8500000000000005 0.01253614838136118
7.86 0.018719714033567834
7.87 0.024847372138585816
7.88 0.030914807868508597
7.890000000000001 0.03690781264729051
7.9 0.04281674522023782
7.91 0.04863215158703665
7.92 0.054344586112786496
7.930000000000001 0.059944609680298876
7.94 0.06542278787360052
7.95 0.07076968919645703
7.96 0.07598430800583456
7.97 0.08107014710242615
7.98 0.08600827805846162
7.99 0.09079095382630241
8.0 0.0954108636685252
8.01 0.09986083095794429
8.02 0.10413381237586877
8.03 0.1082228972124674
8.040000000000001 0.11212130677419674
8.05 0.1158294074846768
8.06 0.119349789734389
8.07 0.1226687916751545
8.08 0.12578144481993628
8.09 0.1286831617967764
8.1 0.1313695831707792
8.11 0.13383657812135477
8.120000000000001 0.13608024526683316
8.13 0.13809691363931859
8.14 0.13989005878415225
8.15 0.14146406668877567
8.16 0.14280952384480056
8.17 0.14392493019120758
8.18 0.14480919449118057
8.19 0.1454615533503662
8.2 0.14588157342013316
8.21 0.14606915370776502
8.22 0.1460245279837669
8.23 0.14575038662530343
8.24 0.14524957876123704
8.25 0.14452159624349026
8.26 0.1435684023676516
8.27 0.14239234478527096
8.28 0.1409961466964058
8.290000000000001 0.13938290956959615
8.3 0.1375561158276273
8.31 0.1355196314789561
8.32 0.13327651875709215
8.33 0.13083053070433778
8.34 0.12818757492391078
8.35 0.12535288139245523
8.36 0.122332060433754
8.370000000000001 0.11913110655219926
8.38 0.11575640014042768
8.39 0.11221470898183146
8.4 0.10851318953105349
8.41 0.10465295235906585
8.42 0.10063813279747857
8.43 0.09648121575067506
8.44 0.09218992851105402
8.45 0.08777232462627715
8.46 0.0832367842540234
8.47 0.07859201372024535
8.48 0.07384704480725456
8.49 0.0690112296460067
8.5 0.0640842427175299
8.51 0.05907158016420047
8.52 0.05398919488644084
8.53 0.04884628447994505
8.540000000000001 0.04365226965091506
8.55 0.038416792028117604
8.56 0.033149711789394645
8.57 0.027861105116587574
8.58 0.022561230503231416
8.59 0.017247195405073343
8.6 0.011925276682527025
8.61 0.006612981040855381
8.620000000000001 0.0013196052886093382
8.63 0.00394547097966327
8.64 0.009172788170002794
8.65 0.014352809471630184
8.66 0.01947592361772224
8.67 0.024532528508475714
8.68 0.029527372722527177
8.69 0.03445394843629677
8.700000000000001 0.039296107598107734
8.71 0.04404577144090682
8.72 0.04869491932294182
8.73 0.05323559039818956
8.74 0.05765988513295249
8.75 0.06195996666051707
8.76 0.06612820336988437
8.77 0.07017092653294087
8.78 0.07408245016287737
8.790000000000001 0.07784986763172946
8.8 0.08146739540482445
8.81 0.08492942527199902
8.82 0.08823052410768661
8.83 0.09136543346304075
8.84 0.09432906899588689
8.85 0.0971166993130254
8.86 0.09973501811574066
8.870000000000001 0.10218016039331
8.88 0.10444391553184416
8.89 0.10652340839781402
8.9 0.1084160163433081
8.91 0.11011936755930704
8.92 0.1116313393597737
8.93 0.11295005640868401
8.94 0.11407405336180793
8.950000000000001 0.11500927318655746
8.96 0.11575451652608518
8.97 0.11630673364453266
8.98 0.11666609816407372
8.99 0.11683307266136406
9.0 0.11680840678031992
9.01 0.11659313539367784
9.02 0.11618857682232611
9.03 0.11559639752079447
9.040000000000001 0.11482067248936713
9.05 0.11386340910456608
9.06 0.11272648105276495
9.07 0.1114128449603005
9.08 0.10992574734055044
9.09 0.10826872342983601
9.1 0.1064455961360384
9.11 0.10446047510386773
9.120000000000001 0.10231762751545523
9.13 0.10001845548904185
9.14 0.09756833150690325
9.15 0.0949732365302299
9.16 0.09223834520097511
9.17 0.08936909309218558
9.18 0.08637117659796349
9.19 0.0832505529372211
9.200000000000001 0.08001344027045777
9.21 0.07666591328969306
9.22 0.07320648639189425
9.23 0.06964359511518182
9.24 0.06598609310976968
9.25 0.062240622277927184
9.26 0.0584140320032317
9.27 0.05451337989222411
9.28 0.05054593259584817
9.290000000000001 0.046519166708378794
9.3 0.0424400367272644
9.31 0.03830430623556145
9.32 0.03412275567204782
9.33 0.02990572317767679
9.34 0.02566045797995174
9.35 0.021394343475668907
9.36 0.017114898392402392
9.370000000000001 0.01282977798729735
9.38 0.008546775281331919
9.39 0.004272778575698684
9.4 1.5379720909254124e-06
9.41 0.00425498205965265
9.42 0.00848640997724464
9.43 0.012685758905044841
9.44 0.016845993322450042
9.450000000000001 0.0209600279315671
9.46 0.025020726527881784
9.47 0.029020900876954622
9.48 0.03295458481752024
9.49 0.0368291879239541
9.5 0.04063293543846724
9.51 0.04435669148803357
9.52 0.0479945398106069
9.53 0.05154060516535093
9.540000000000001 0.054989052625502945
9.55 0.058334086912092735
9.56 0.061569951772321566
9.57 0.06469226745661126
9.58 0.06770846433037148
9.59 0.07060847845668586
9.6 0.0733854439696755
9.61 0.07603517131087076
9.620000000000001 0.0785535959424281
9.63 0.0809367783507682
9.64 0.08318090411677787
9.65 0.08528228405399196
9.66 0.08723854058741964
9.67 0.08905619771500337
9.68 0.09072824175128046
9.69 0.09225072765094398
9.700000000000001 0.09362164672378458
9.71 0.09483918513921176
9.72 0.09590172468983893
9.73 0.09680784361478115
9.74 0.09755631748108815
9.75 0.09814689264422123
9.76 0.09858434239884535
9.77 0.09886577642226592
9.78 0.09899044652722701
9.790000000000001 0.09895872267896481
9.8 0.09877121630155686
9.81 0.09842878148899396
9.82 0.09793251622810906
9.83 0.09728376362664785
9.84 0.096484236390221
9.85 0.09553654698813674
9.86 0.09444244347775867
9.870000000000001 0.09320423038488099
9.88 0.09182457715300177
9.89 0.09030641063796278
9.9 0.08865291615614446
9.91 0.08686753847358268
9.92 0.08495398272840839
9.93 0.08291549773398539
9.94 0.08075237715560589
9.950000000000001 0.07847094480144144
9.96 0.07607604834897341
9.97 0.073572282216922
9.98 0.07096447829086869
9.99 0.0682577062155385
10.0 0.06545727357841147
10.01 0.06256872598126613
10.02 0.05959621719051384
10.03 0.05653795527884726
10.040000000000001 0.05340406976403659
10.05 0.0502011197701145
10.06 0.04693498584598226
10.07 0.04361173142574737
10.08 0.040237602187108625
10.09 0.03681902530962942
10.1 0.03336260863686199
10.11 0.0298726536240915
10.120000000000001 0.02634568497116179
10.13 0.022794323289589188
10.14 0.019225816022162192
10.15 0.015646500564865128
10.16 0.012062816633238278
10.17 0.00848130507820013
10.18 0.004908606666018454
10.19 0.0013514608295462395
10.200000000000001 0.002186415236999316
10.21 0.005709580602977159
10.22 0.00920464760625138
10.23 0.012664743304453668
10.24 0.016083956478287264
10.25 0.01945636482253738
10.26 0.02277603596729577
10.27 0.026037028461491953
10.28 0.029233392712626458
10.290000000000001 0.03236257056985734
10.3 0.03542958287642182
10.31 0.03842206394573237
10.32 0.041334435550544474
10.33 0.04416199839550288
10.34 0.04690012759581964
10.35 0.04954427299527189
10.36 0.05208995941112245
10.370000000000001 0.05453278680500716
10.38 0.05687164163433765
10.39 0.059111373614786265
10.4 0.06124224285793406
10.41 0.06326060865911803
10.42 0.06516354181090385
10.43 0.06694825449578005
10.44 0.06861209984207964
10.450000000000001 0.07015257142455313
10.46 0.0715673027130751
10.47 0.07285659166706109
10.48 0.07402461298819249
10.49 0.07506539727278691
10.5 0.07597753794849585
10.51 0.07676014285614222
10.52 0.07741250340799562
10.53 0.07793409374866148
10.540000000000001 0.07832456990831284
10.55 0.07858376895315362
10.56 0.07871307710274299
10.57 0.07871565516381104
10.58 0.07858988381540333
10.59 0.07833655274199634
10.6 0.0779567812210791
10.61 0.07745188845881136
10.620000000000001 0.07682339284391898
10.63 0.07607301123795132
10.64 0.07520265830475727
10.65 0.07421430681536634
10.66 0.07311000335672085
10.67 0.07189243725458412
10.68 0.07056428355042631
10.69 0.06912840104031102
10.700000000000001 0.06758784104902482
10.71 0.06594584710365806
10.72 0.06420585466274871
10.73 0.062371490901994835
10.74 0.060444750281773006
10.75 0.05842667237649407
10.76 0.05632366241831679
10.77 0.05413978024267486
10.78 0.05187916952889481
10.790000000000001 0.049546138526816656
10.8 0.04714516021306463
10.81 0.04468087249818662
10.82 0.04215807848413445
10.83 0.03957828917953601
10.84 0.03694180508320978
10.85 0.03425770600407124
10.86 0.031530829540819524
10.870000000000001 0.028766036070624508
10.88 0.025968306028289846
10.89 0.02314274040413774
10.9 0.020294561273067276
10.91 0.017429112354687196
10.92 0.014547059339674585
10.93 0.011648284852786695
10.94 0.00874322447243182
10.950000000000001 0.005836855425389663
10.96 0.0029341401711296296
10.97 4.010507477244623e-05
10.98 0.002840158990540878
10.99 0.005701496032877116
11.0 0.008538684325038728
11.01 0.011352060920073438
11.02 0.014141882807427321
11.03 0.016897774131729146
11.040000000000001 0.019615221018844227
11.05 0.022289754077300477
11.06 0.02491690183808748
11.07 0.02749219028860603
11.08 0.030011142421658248
11.09 0.03246927780122367
11.1 0.03486787300759941
11.11 0.0372071788502687
11.120000000000001 0.03947819487839366
11.13 0.041677383011368196
11.14 0.04380128221801528
11.15 0.045846490291754666
11.16 0.04780966370380174
11.17 0.04968751748665123
11.18 0.051476825149118874
11.19 0.05317953303876208
11.200000000000001 0.05479591634431369
11.21 0.056319398891884864
11.22 0.05774779702783934
11.23 0.05907904181964322
11.24 0.060311176389047656
11.25 0.06144235614600835
11.26 0.06247084905372165
11.27 0.06339503608461335
11.28 0.06421710904030552
11.290000000000001 0.06493757553224258
11.3 0.0655529348096266
11.31 0.0660625725423794
11.32 0.06646602514966436
11.33 0.06676298029352531
11.34 0.06695327738952475
11.35 0.06703690813113222
11.36 0.0670140190280576
11.370000000000001 0.0668865357721545
11.38 0.06665553770744599
11.39 0.06632077822262068
11.4 0.0658832466548855
11.41 0.06534410277246631
11.42 0.06470467732434321
11.43 0.06396647257781456
11.44 0.063131162840211
11.450000000000001 0.06220059174723924
11.46 0.06117594811476603
11.47 0.060059195841447754
11.48 0.05885308323231338
11.49 0.057560041376127
11.5 0.05618266885821412
11.51 0.05472373208306032
11.52 0.05318616555710211
11.53 0.05157307212956525
11.540000000000001 0.04988769727892848
11.55 0.04813015464391941
11.56 0.0463034492970323
11.57 0.04441269701247145
11.58 0.042461422394459
11.59 0.040453291675999786
11.6 0.03839211264280537
11.61 0.03628183450913192
11.620000000000001 0.03412654774576665
11.63 0.03193041317169158
11.64 0.029692317870640868
11.65 0.027416232555701976
11.66 0.025108747898855824
11.67 0.02277398873168626
11.68 0.02041617642522905
11.69 0.018039628468057293
11.700000000000001 0.015648758012849005
11.71 0.013248073393704393
11.72 0.010842044375224642
11.73 0.008428391852763463
11.74 0.006011726730804569
11.75 0.0035990969462442973
11.76 0.001194659508939105
11.77 0.0011973888417804157
11.78 0.0035728121562171758
11.790000000000001 0.005927335794946563
11.8 0.008256646946697322
11.81 0.01055659486044974
11.82 0.012830357751160579
11.83 0.015073214022168763
11.84 0.017278645448587104
11.85 0.019443017151741168
11.86 0.021562713499947327
11.870000000000001 0.02363413844023889
11.88 0.02565371580545631
11.89 0.02761788959510541
11.9 0.029523373141691275
11.91 0.03137380804995937
11.92 0.03316500082614295
11.93 0.0348917771768719
11.94 0.03655147893065095
11.950000000000001 0.038141519228524795
11.96 0.03965938251823615
11.97 0.04110262451738031
11.98 0.042468872146781037
11.99 0.04375608032927344
12.0 0.04496782040960248
12.01 0.04610105855911249
12.02 0.047152505624719725
12.030000000000001 0.04812077266472543
12.040000000000001 0.04900458064296972
12.05 0.04980276013736349
12.06 0.05051425103097828
12.07 0.05113810218803574
12.08 0.05167367419221324
12.09 0.0521239302813596
12.1 0.05248750955475131
12.11 0.05276323305614992
12.120000000000001 0.05295108428103576
12.13 0.05305117842031304
12.14 0.05306376197306724
12.15 0.05298921236308126
12.16 0.052828037561424346
12.17 0.05258095206560611
12.18 0.05224986683448543
12.19 0.051835401792601175
12.200000000000001 0.0513384089148097
12.21 0.05076016424841438
12.22 0.05010207995889446
12.23 0.04936570404689758
12.24 0.04855272008561275
12.25 0.04766494698039838
12.26 0.04670421860017774
12.27 0.04567112175595089
12.280000000000001 0.04456830600483651
12.290000000000001 0.04339832337802114
12.3 0.042163509331444256
12.31 0.04086632380355608
12.32 0.03950935114943104
12.33 0.03809530010069008
12.34 0.03662700375265773
12.35 0.03510705283088373
12.36 0.033534652904728325
12.370000000000001 0.03191425595974158
12.38 0.030249607397103924
12.39 0.02854375831749902
12.4 0.026799859117733124
12.41 0.02502115963902325
12.42 0.023211009337069707
12.43 0.021372857473382953
12.44 0.019509625170984177
12.450000000000001 0.017619293671948588
12.46 0.015707635188500286
12.47 0.013778990120722354
12.48 0.011836718653904505
12.49 0.009884244923249097
12.5 0.007925057287347255
12.51 0.005962708612449673
12.52 0.004000816566532704
12.530000000000001 0.0020422062231531656
12.540000000000001 8.396615327453688e-05
12.55 0.0018674914099832854
12.56 0.003807839367607722
12.57 0.005733829170163426
12.58 0.007642189704462292
12.59 0.00952962702101329
12.6 0.011392824063351174
12.61 0.01322844040039145
12.620000000000001 0.015034116396689315
12.63 0.016813216539866276
12.64 0.018559479701903643
12.65 0.020269138284628126
12.66 0.021939443911842108
12.67 0.023567668437162338
12.68 0.02515110378689038
12.69 0.026687061815282093
12.700000000000001 0.02817287417222834
12.71 0.029606914323524056
12.72 0.030992531495841663
12.73 0.03232441157837068
12.74 0.03359977368332712
12.75 0.034816684886866574
12.76 0.03597327188253603
12.77 0.03706772100255031
12.780000000000001 0.038098278255195066
12.790000000000001 0.039063249378108136
12.8 0.03996187873796407
12.81 0.040797080176572666
12.82 0.04156517629414775
12.83 0.042264642662621484
12.84 0.04289457089349456
12.85 0.04345414360657621
12.86 0.04394263461531579
12.870000000000001 0.04435940912288769
12.88 0.044703923929183334
12.89 0.044976292722064465
12.9 0.045178682784440656
12.91 0.04530953674881378
12.92 0.045368680178749995
12.93 0.04535630973181811
12.94 0.045272732563779096
12.950000000000001 0.04511836658613747
12.96 0.04489374072314881
12.97 0.04459949516702509
12.98 0.044236481133873
12.99 0.043805952248858714
13.0 0.04330867365629012
13.01 0.04274573899159011
13.02 0.04211839239445966
13.030000000000001 0.041427993431043655
13.040000000000001 0.04067601729469133
13.05 0.039864054992812974
13.06 0.03899381351907988
13.07 0.03806664606146615
13.08 0.03708287514772642
13.09 0.03604547427206988
13.1 0.034956567474500926
13.11 0.03381825668270836
13.120000000000001 0.032632748820373016
13.13 0.031402355849472825
13.14 0.030129494791753017
13.15 0.028816687728290734
13.16 0.027465491897860815
13.17 0.02607541017587644
13.18 0.024651205191474963
13.19 0.023195675631864764
13.200000000000001 0.021711482972297767
13.21 0.02020136942328572
13.22 0.018668157798056927
13.23 0.017114751361825133
13.24 0.015544133663779552
13.25 0.01395775793957821
13.26 0.012354508732581981
13.27 0.010740274305247684
13.280000000000001 0.009118106948430349
13.290000000000001 0.007490861787806672
13.3 0.0058614404249201875
13.31 0.004232790708234782
13.32 0.0026079064971499554
13.33 0.000989827420590287
13.34 0.0006203596476900483
13.35 0.0022241444199033677
13.36 0.0038153190338098397
13.370000000000001 0.00539100248316096
13.38 0.006948526382427455
13.39 0.00848521468446082
13.4 0.009998383880899683
13.41 0.011485343196433045
13.42 0.012943394775676896
13.43 0.014371985975386822
13.44 0.01577274052075509
13.450000000000001 0.017139954740041614
13.46 0.01847128782088744
13.47 0.019764597316167715
13.48 0.021017770623406404
13.49 0.022228725057903277
13.5 0.023395407912439287
13.51 0.024515796503736375
13.52 0.02558991549069041
13.530000000000001 0.026619325926194082
13.540000000000001 0.027599545892085593
13.55 0.02852904069846446
13.56 0.029406445055682486
13.57 0.030230454653748677
13.58 0.03099982608767401
13.59 0.03171337677123651
13.6 0.03236998484021395
13.61 0.03297016668140391
13.620000000000001 0.03351529569594747
13.63 0.03400262253900287
13.64 0.034431555334285595
13.65 0.03480163997569011
13.66 0.0351125046270038
13.67 0.035363859557033785
13.68 0.03555549697139288
13.69 0.03568729084177006
13.700000000000001 0.03576005859352906
13.71 0.03577494514121076
13.72 0.0357311763520592
13.73 0.03562910696981307
13.74 0.0354692023284532
13.75 0.03525201979466025
13.76 0.03497820860529946
13.77 0.034648509710834344
13.780000000000001 0.03426375562538541
13.790000000000001 0.03382481352903228
13.8 0.03333263702358224
13.81 0.032788385263065094
13.82 0.03219324570625583
13.83 0.03154849540342558
13.84 0.030855501560756844
13.85 0.0301157214569536
13.86 0.029330702370996817
13.870000000000001 0.028502081522510922
13.88 0.02763051854370791
13.89 0.026716866339477598
13.9 0.025763917069229036
13.91 0.024773486646161906
13.92 0.02374746317057443
13.93 0.02268781248853726
13.94 0.02159657821567926
13.950000000000001 0.020475881773204974
13.96 0.019327922435683775
13.97 0.018152941970717814
13.98 0.01695179821396236
13.99 0.015728418318764373
14.0 0.014484985072907469
14.01 0.013223734930976705
14.02 0.011946961171581881
14.030000000000001 0.010657014006182304
14.040000000000001 0.009356300696021011
14.05 0.008047285676579117
14.06 0.006729671410790435
14.07 0.005404397593042258
14.08 0.0040759143134413735
14.09 0.002746486259296293
14.1 0.0014184079243304709
14.11 9.400390550299908e-05
14.120000000000001 0.00122437095877141
14.13 0.0025343314486954223
14.14 0.00383346337370271
14.15 0.005122605458006732
14.16 0.006400735643323496
14.17 0.00766350699611564
14.18 0.008908851057405602
14.19 0.010134698702952891
14.200000000000001 0.011338980034412997
14.21 0.012519624274059917
14.22 0.013674559663581658
14.23 0.014801721502544357
14.24 0.015902360274672723
14.25 0.016975482229206893
14.26 0.018017385364047334
14.27 0.019026442825912714
14.280000000000001 0.020001055540896845
14.290000000000001 0.020939652179002694
14.3 0.021840689125722776
14.31 0.022702650461323567
14.32 0.023524064720503512
14.33 0.024306375510659315
14.34 0.025048801516200342
14.35 0.02574869369815739
14.36 0.02640505031159965
14.370000000000001 0.02701692166512942
14.38 0.02758341017124334
14.39 0.028103670402996703
14.4 0.02857690915795181
14.41 0.029002406836584213
14.42 0.029381538738798087
14.43 0.029713950741275957
14.44 0.029998283766043844
14.450000000000001 0.030234262995084485
14.46 0.030421682875842106
14.47 0.03056040722953523
14.48 0.030650369362811316
14.49 0.03069157218103755
14.5 0.030684102876816045
14.51 0.030629014032426988
14.52 0.03052657222189498
14.530000000000001 0.030376759743952382
14.540000000000001 0.030180038117865196
14.55 0.029936946162743616
14.56 0.029648100110016635
14.57 0.02931419371280937
14.58 0.02893599835111278
14.59 0.028514354028614332
14.6 0.02804978828609262
14.61 0.02754330951373696
14.620000000000001 0.02699611604538133
14.63 0.026409322504606758
14.64 0.025784118686670257
14.65 0.02512176961970135
14.66 0.02442361561726839
14.67 0.023691072322582482
14.68 0.022925579216745904
14.69 0.02212702204490342
14.700000000000001 0.0212971604745423
14.71 0.020438136916968306
14.72 0.01955155448098906
14.73 0.01863907956565796
14.74 0.01770244184130723
14.75 0.016743434221634622
14.76 0.015763912826019365
14.77 0.014765687912171277
14.780000000000001 0.01374799003740569
14.790000000000001 0.012713209727535268
14.8 0.01166406214607288
14.81 0.010602415365364846
14.82 0.009530180964428559
14.83 0.008449313944444042
14.84 0.007361812638324227
14.85 0.006269718614368129
14.86 0.005174944498448653
14.870000000000001 0.00407615627934478
14.88 0.0029761327488829524
14.89 0.0018777489162000755
14.9 0.0007828867197847872
14.91 0.0003065530492893584
14.92 0.0013886508505599542
14.93 0.00246146849696615
14.94 0.003523049258140888
14.950000000000001 0.004571644428119329
14.96 0.005608973720780225
14.97 0.006632202162682451
14.98 0.007638689683623818
14.99 0.008626783715763755
15.0 0.009594838709912113
15.01 0.01054121620390262
15.02 0.011464284885964134
15.030000000000001 0.012362420653709866
15.040000000000001 0.013234262400679566
15.05 0.014081677991174109
15.06 0.014902146803889299
15.07 0.015693588053397482
15.08 0.01645478055865904
15.09 0.01718453365855908
15.1 0.01788168721524578
15.11 0.0185451116114957
15.120000000000001 0.019173707742009
15.13 0.019766651634229984
15.14 0.020325701876954587
15.15 0.02084900206953067
15.16 0.021335247504141404
15.17 0.02178378371559064
15.18 0.022194004969755047
15.19 0.022565354208381447
15.200000000000001 0.022897322989806138
15.21 0.023189451426144644
15.22 0.02344151096339447
15.23 0.0236549153084095
15.24 0.02382874537832805
15.25 0.023962564224905614
15.26 0.024056338862683376
15.27 0.024110096060051583
15.280000000000001 0.024123922259632138
15.290000000000001 0.02409796349858135
15.3 0.02403242532964362
15.31 0.023927640904432446
15.32 0.023784502433685763
15.33 0.023603180752867214
15.34 0.023384075373631418
15.35 0.023127747524703764
15.36 0.022834821230773954
15.370000000000001 0.022505983249411936
15.38 0.022141983012062178
15.39 0.021743632569329926
15.4 0.021311715026395336
15.41 0.02084650928060151
15.42 0.020349283154641216
15.43 0.019821136779586922
15.44 0.019263125671328395
15.450000000000001 0.01867636341555641
15.46 0.018062021649562183
15.47 0.017421330049276363
15.48 0.016755576322551074
15.49 0.016065828294563527
15.5 0.015351754416470216
15.51 0.01461557766009965
15.52 0.013858887846432707
15.530000000000001 0.013083079519764743
15.540000000000001 0.012289593840010842
15.55 0.011479918612356286
15.56 0.010655588322274851
15.57 0.009818184175361911
15.58 0.008968870032035068
15.59 0.008106794299066977
15.6 0.007234862513172625
15.610000000000001 0.006354902964326261
15.620000000000001 0.005468460790540866
15.63 0.00457711123715294
15.64 0.0036824597166916716
15.65 0.0027861418716002293
15.66 0.0018898236389049928
15.67 0.000994583248545137
15.68 9.920521630009697e-05
15.69 0.0007930888625411809
15.700000000000001 0.0016804886190801033
15.71 0.0025614958284044097
15.72 0.003434601600657852
15.73 0.004298286320466133
15.74 0.005151019586716451
15.75 0.0059912601532835005
15.76 0.006818163470310008
15.77 0.007633118315054905
15.780000000000001 0.008432997200524015
15.790000000000001 0.009216237759971522
15.8 0.009981571704486695
15.81 0.010727740093119512
15.82 0.011453493298794661
15.83 0.012157590977129738
15.84 0.012838802038268616
15.85 0.013496610616270693
15.860000000000001 0.014132388041907107
15.870000000000001 0.014743498083531849
15.88 0.015328805146974558
15.89 0.015887418576898807
15.9 0.016418475263958135
15.91 0.01692113965089468
15.92 0.01739460374224734
15.93 0.017838087117451024
15.94 0.01825143439961548
15.950000000000001 0.01863583932390602
15.96 0.018989485914214614
15.97 0.019311776052651577
15.98 0.01960229282567178
15.99 0.01986066108464038
16.0 0.020086547486694768
16.01 0.02027966053787316
16.02 0.02043975063826757
16.03 0.020566991459566798
16.04 0.020662291369945403
16.05 0.02072486984410301
16.06 0.020754701196076787
16.07 0.02075187663194485
16.080000000000002 0.020716537669846446
16.09 0.020648876194120674
16.1 0.020549134508888938
16.11 0.02041760539140631
16.12 0.020254706502727617
16.13 0.02006101505994812
16.14 0.019836857987054694
16.15 0.019582742681102685
16.16 0.019299238258093047
16.17 0.01898696603437575
16.18 0.018646599566830898
16.19 0.018278864690396926
16.2 0.01788453955220147
16.21 0.01746416483335008
16.22 0.01701799965426574
16.23 0.016547398733588056
16.240000000000002 0.016053298843687006
16.25 0.015536657256045071
16.26 0.014998478564884286
16.27 0.014439814694444407
16.28 0.013861764902183571
16.29 0.013265475777534603
16.3 0.012651477305921045
16.31 0.012019768500275474
16.32 0.011372514704447395
16.330000000000002 0.010710931118940234
16.34 0.010036226599750278
16.35 0.009349646511614238
16.36 0.00865247270046544
16.37 0.007946023462828787
16.38 0.007231653511487958
16.39 0.0065097607716814564
16.4 0.005780166336358035
16.41 0.005045526273404844
16.42 0.004307158173151913
16.43 0.0035663581326008838
16.44 0.0028244436659695246
16.45 0.0020827536585418297
16.46 0.0013426483192449368
16.47 0.00060550913215716
16.48 0.0001284841649335121
16.490000000000002 0.0008596047793704518
16.5 0.001585078695001993
16.51 0.0023036628576534935
16.52 0.0030141433060635087
16.53 0.0037153018157719065
16.54 0.004405915939770791
16.55 0.00508475904818528
16.56 0.0057506003665625865
16.57 0.006403512766284037
16.580000000000002 0.007043798858707438
16.59 0.00766893577532355
16.6 0.008277910014781424
16.61 0.008869741254604442
16.62 0.009443461735980157
16.63 0.009998116279728908
16.64 0.010532762299981537
16.65 0.011046469814910729
16.66 0.011539540345482234
16.67 0.012012273563491068
16.68 0.012462709467178394
16.69 0.012890179084266984
16.7 0.013294049935029474
16.71 0.013673716427198425
16.72 0.014028599842049478
16.73 0.014358148318633739
16.740000000000002 0.014661836835459496
16.75 0.014940117951843426
16.76 0.01519329372005586
16.77 0.015420179241171129
16.78 0.015620513816714704
16.79 0.015794076629596327
16.8 0.01594068390821096
16.81 0.01606018889332881
16.82 0.016152481803975455
16.830000000000002 0.01621748980259324
16.84 0.016255700629565394
16.85 0.016267457224452025
16.86 0.016252438206170457
16.87 0.016210800213135482
16.88 0.01614274222829457
16.89 0.016048505287416696
16.9 0.015928372444743478
16.91 0.01578266873946866
16.92 0.015611761162412342
16.93 0.015416041639939553
16.94 0.015195952387457433
16.95 0.014951996235080417
16.96 0.014684705194143293
16.97 0.014394652930693754
16.98 0.01408245474416104
16.990000000000002 0.013748767548434758
17.0 0.013394289855058653
17.01 0.013019760958211916
17.02 0.012625360327740368
17.03 0.012211683252659403
17.04 0.011779908556052833
17.05 0.011330858992615898
17.06 0.010865393477909295
17.07 0.010384407089788321
17.080000000000002 0.009888831072181897
17.09 0.009379632841718371
17.1 0.008857812060699272
17.11 0.008323433316621132
17.12 0.007777309233990871
17.13 0.007220997078545832
17.14 0.006655516701939676
17.150000000000002 0.006081915933296725
17.16 0.005501270601127825
17.17 0.004914684556710687
17.18 0.004323289699594811
17.19 0.003728225652933872
17.2 0.003128142638775091
17.21 0.0025238091649544435
17.22 0.0019174852376103047
17.23 0.0013101232728685696
17.240000000000002 0.0007026833103105878
17.25 9.613303981980668e-05
17.26 0.0005085521709654407
17.27 0.0011103892489931517
17.28 0.0017083786059546217
17.29 0.0023008550647147493
17.3 0.002886749223734789
17.31 0.003465281034302027
17.32 0.004035347566367365
17.330000000000002 0.004595832817073373
17.34 0.005145607682181858
17.35 0.005683529927941086
17.36 0.00620844416397964
17.37 0.00671928817351911
17.38 0.007220351073678003
17.39 0.007710560031668076
17.400000000000002 0.0081870212218359
17.41 0.008649155389187365
17.42 0.00909641121153998
17.43 0.009528265297836305
17.44 0.009944222188293814
17.45 0.010343814356279464
17.46 0.01072653510945008
17.47 0.011089468109626648
17.48 0.011432334955359683
17.490000000000002 0.011755455666020721
17.5 0.012058216695394783
17.51 0.012340014164548366
17.52 0.01260025386789056
17.53 0.012838351280790005
17.54 0.013053731569014796
17.55 0.013245990044329341
17.56 0.013419126045433416
17.57 0.013572138878144003
17.580000000000002 0.01370341984205151
17.59 0.013812949968843925
17.6 0.013900752490874252
17.61 0.013966892867251168
17.62 0.014011478810175018
17.63 0.0140346603116029
17.64 0.014036537123192437
17.650000000000002 0.014015276794222408
17.66 0.01397147114468677
17.67 0.0139058625159778
17.68 0.013818587091330622
17.69 0.013709809102780857
17.7 0.013579720853087587
17.71 0.01342854273737572
17.72 0.013256523264104186
17.73 0.013064033279970346
17.740000000000002 0.012853075694600879
17.75 0.012623643608094566
17.76 0.012375798332701088
17.77 0.012110111560957903
17.78 0.011827194797295786
17.79 0.01152769937051313
17.8 0.011212316444361076
17.81 0.010881777025870277
17.82 0.010536685452881311
17.830000000000002 0.010175382208879175
17.84 0.009799320878702725
17.85 0.009409764768041787
17.86 0.0090073822235246
17.87 0.008592864835441394
17.88 0.008166927434129057
17.89 0.007730308084758992
17.900000000000002 0.007283768080361322
17.91 0.006828078431714222
17.92 0.0063638794894436855
17.93 0.005892049842001364
17.94 0.005413464915503559
17.95 0.004928984392732565
17.96 0.0044394899979000695
17.97 0.003945885479245701
17.98 0.0034490965903289433
17.990000000000002 0.002950071070523084
18.0 0.002449678087516584
18.01 0.001947855145603234
18.02 0.001445956018399557
18.03 0.0009451274976835979
18.04 0.00044631670905065504
18.05 4.951432220335529e-05
18.06 0.0005413886943967365
18.07 0.001028314652630572
18.080000000000002 0.0015092856122128075
18.09 0.0019837728295765953
18.1 0.002455151741654402
18.11 0.002920790707280903
18.12 0.0033792475866317156
18.13 0.00382990250489937
18.14 0.004272149846966258
18.150000000000002 0.00470539826816715
18.16 0.0051290707034301435
18.17 0.005542604375919837
18.18 0.005945241215362731
18.19 0.006334831686414401
18.2 0.00671148898044896
18.21 0.007074814712157692
18.22 0.007424148641643314
18.23 0.007758834244296649
18.240000000000002 0.00807821871459084
18.25 0.008381652969307655
18.26 0.008668491648943023
18.27 0.008938639823218382
18.28 0.009195108420046012
18.29 0.009435716641633805
18.3 0.00965965721428977
18.31 0.009866687417603649
18.32 0.010056592282484811
18.330000000000002 0.010229184578807528
18.34 0.010384304802168946
18.35 0.010521821159875374
18.36 0.010641516032996737
18.37 0.01074265372908102
18.38 0.01082548514013246
18.39 0.01089000992484144
18.400000000000002 0.010936164538565647
18.41 0.010963908674991854
18.42 0.01097322525066275
18.43 0.010964120388866384
18.44 0.010936623403999523
18.45 0.010890997543268971
18.46 0.010828387317405989
18.47 0.010748374092123038
18.48 0.010651063471920682
18.490000000000002 0.010536715727713872
18.5 0.010405621422374202
18.51 0.010258101396934506
18.52 0.01009450675759799
18.53 0.009915218863657845
18.54 0.009720607257772023
18.55 0.0095109270195085
18.56 0.009286746000988609
18.57 0.009048566411803273
18.580000000000002 0.008796900226272327
18.59 0.00853228834396862
18.6 0.00825530058569445
18.61 0.00796653569054711
18.62 0.007666621314454683
18.63 0.007355745619120962
18.64 0.007032770146170456
18.650000000000002 0.006699396737841844
18.66 0.0063563405251287775
18.67 0.0060041688743951
18.68 0.005643465332230589
18.69 0.005274829630792833
18.7 0.004898877693935746
18.71 0.004516241644305935
18.72 0.004127705156601268
18.73 0.0037343952580602474
18.740000000000002 0.003336729257588197
18.75 0.0029354181604313817
18.76 0.0025312286279010198
18.77 0.0021249469014503817
18.78 0.0017173788164525211
18.79 0.0013093498166315259
18.8 0.0009017049690992202
18.81 0.0004944796382952508
18.82 8.607195934919279e-05
18.830000000000002 0.00032112676028947496
18.84 0.0007263044289023701
18.85 0.0011288142711390762
18.86 0.0015280082067387656
18.87 0.00192323683841951
18.88 0.0023138494398875966
18.89 0.0026991939441596865
18.900000000000002 0.0030786948476073483
18.91 0.0034519020374782616
18.92 0.0038180309493472107
18.93 0.004176436225601293
18.94 0.004526484305538061
18.95 0.004867541797655631
18.96 0.005198975471196473
18.97 0.0055201522484623925
18.98 0.0058304391976269285
18.990000000000002 0.006130220655113334
19.0 0.006421199768402911
19.01 0.006701207708966285
19.02 0.006969785746875641
19.03 0.007226604392069735
19.04 0.007471353010114532
19.05 0.0077037398250623616
19.06 0.007923491923205744
19.07 0.008130355257467836
19.080000000000002 0.008323643983798826
19.09 0.008502240138265851
19.1 0.008666568287161384
19.11 0.008816369101437056
19.12 0.008951359877260447
19.13 0.009071269215873808
19.14 0.00917583703077786
19.150000000000002 0.009264814555251619
19.16 0.009337964350473345
19.17 0.009396119989944956
19.18 0.009440904864045896
19.19 0.00947078384168668
19.2 0.009485759056451493
19.21 0.0094859162077118
19.22 0.009471368792188944
19.23 0.009442258116178402
19.240000000000002 0.009398753307461333
19.25 0.009341051327022178
19.26 0.00926902272608898
19.27 0.009182390873694055
19.28 0.009081840084410918
19.29 0.008967613750821578
19.3 0.008839965956851669
19.31 0.008699173628204505
19.32 0.008545536540624387
19.330000000000002 0.00837937732723971
19.34 0.008201041485743797
19.35 0.00801075222617853
19.36 0.007808715605570001
19.37 0.007595495115168342
19.38 0.007371501506137071
19.39 0.007137163492554214
19.400000000000002 0.006892930766631028
19.41 0.006639274000250231
19.42 0.006376684845643548
19.43 0.006105675935129862
19.44 0.0058266569479236635
19.45 0.005540049023073978
19.46 0.005246542214953312
19.47 0.0049467112455646575
19.48 0.004641148901076399
19.490000000000002 0.0043304674167189165
19.5 0.004015298470589268
19.51 0.003696293177045632
19.52 0.0033741220788362433
19.53 0.003047848256651874
19.54 0.0027167253122830767
19.55 0.0023828225222403817
19.56 0.0020466126642435874
19.57 0.001708561428942189
19.580000000000002 0.0013691354642191194
19.59 0.0010288023680212325
19.6 0.0006880306803771202
19.61 0.00034728987577564463
19.62 8.418575037792138e-06
19.63 0.00032711605054199677
19.64 0.000659839278941796
19.650000000000002 0.000989057501522692
19.66 0.0013140599173698433
19.67 0.001634120431177055
19.68 0.0019484976646534453
19.69 0.0022564349673901067
19.7 0.002557160428052303
19.71 0.0028530246542058523
19.72 0.0031450267911656555
19.73 0.0034303449356398487
19.740000000000002 0.003708622872327898
19.75 0.0039795201140723725
19.76 0.00424271178934707
19.77 0.004497888643660198
19.78 0.004744757040431408
19.79 0.0049830384501727614
19.8 0.005211518051272636
19.81 0.005429533406831323
19.82 0.005637382992092959
19.830000000000002 0.005834715387873137
19.84 0.006021186021520245
19.85 0.006196457165716567
19.86 0.006360197937044762
19.87 0.006512084293551033
19.88 0.006651801865961941
19.89 0.006780137020244627
19.900000000000002 0.006897136692007864
19.91 0.00700197115255892
19.92 0.0070944985888565315
19.93 0.007174593540558542
19.94 0.007242146893216976
19.95 0.007297065871694044
19.96 0.007339274032822689
19.97 0.007368718508524151
19.98 0.007386568603278778
19.990000000000002 0.007393062770382798
20.0 0.007387673143288663
20.01 0.007370560939724593
20.02 0.007341913698525688
20.03 0.007301945271464124
20.04 0.007250895815739962
20.05 0.00718903178641457
20.06 0.007116622661503121
20.07 0.00703178930387397
20.080000000000002 0.006934586806663532
20.09 0.006826208360688851
20.1 0.006706780485242389
20.11 0.006576438552710127
20.12 0.00643532678428438
20.13 0.006283598246038997
20.14 0.0061214148451162395
20.150000000000002 0.00594898197426664
20.16 0.005768601041687787
20.17 0.005580578050668323
20.18 0.005384414174499247
20.19 0.0051805681198495756
20.2 0.004969523604593585
20.21 0.004751789358263837
20.22 0.004527899123095622
20.23 0.004298411655685001
20.240000000000002 0.00406385169586873
20.25 0.0038222798151006715
20.26 0.003574361766853391
20.27 0.003321489246618595
20.28 0.0030640519641084068
20.29 0.0028024458518226747
20.3 0.002537073068848014
20.31 0.0022683420050345917
20.32 0.0019966672854209284
20.330000000000002 0.0017225008032784002
20.34 0.0014472678422543092
20.35 0.0011713285533539303
20.36 0.0008948715185997136
20.37 0.0006184548618109647
20.38 0.0003426501424116711
20.39 6.804236271680868e-05
20.400000000000002 0.00020477002452076078
20.41 0.00047517510844149715
20.42 0.0007426813890383754
20.43 0.0010099886343040542
20.44 0.0012760164830877183
20.45 0.001539367829449155
20.46 0.001799730666519698
20.47 0.0020568029010340806
20.48 0.002310292350170623
20.490000000000002 0.0025599167385579056
20.5 0.0028054036958661916
20.51 0.003046372989880256
20.52 0.003280228317500112
20.53 0.0035071443888920043
20.54 0.0037273329403033242
20.55 0.003940317787486657
20.56 0.004145616519389204
20.57 0.004342740494237703
20.580000000000002 0.004531194836229256
20.59 0.004710478432426087
20.6 0.0048803181558670595
20.61 0.005044003637295581
20.62 0.005200164026399963
20.63 0.005347653733742293
20.64 0.0054863457885450375
20.650000000000002 0.005616132720628143
20.66 0.005736926564065069
20.67 0.005848658861329789
20.68 0.005951280667310639
20.69 0.00604464826617542
20.7 0.006127211518969471
20.71 0.0061993895743726705
20.72 0.006261424672767972
20.73 0.0063132030061252556
20.740000000000002 0.006354620008520802
20.75 0.006385580360309463
20.76 0.0064059979924516956
20.77 0.006415796091035316
20.78 0.006415041632974301
20.79 0.006405201611944644
20.8 0.0063857617804426205
20.81 0.0063565058933902924
20.82 0.006317563347057308
20.830000000000002 0.006269082931147204
20.84 0.006211232834180156
20.85 0.006144200648176227
20.86 0.0060681933735479655
20.87 0.005983364546526958
20.88 0.00588925735692328
20.89 0.005786377073057005
20.900000000000002 0.005675074922245309
20.91 0.005555581582945789
20.92 0.005428142531170796
20.93 0.005293018042726191
20.94 0.005150483195528907
20.95 0.005000827871131757
20.96 0.004844245098673077
20.97 0.004680130995338334
20.98 0.004509167089207928
20.990000000000002 0.004331771852283445
21.0 0.004148212649055052
21.01 0.0039587655734068545
21.02 0.0037637154480755605
21.03 0.0035633558239240833
21.04 0.0033579889789201547
21.05 0.003148159825187901
21.06 0.0029358586317582707
21.07 0.002720731073071587
21.080000000000002 0.0025030195602214604
21.09 0.0022832453964623913
21.1 0.0020619496131850505
21.11 0.0018396929651740843
21.12 0.0016170559255544047
21.13 0.0013946386805422655
21.14 0.0011723650289385838
21.150000000000002 0.0009465579558864082
21.16 0.0007197757716357136
21.17 0.0004928672564221938
21.18 0.0002660741525560879
21.19 3.962925509986527e-05
21.2 0.00018624359076762232
21.21 0.0004113294921584359
21.22 0.0006354225110232601
21.23 0.0008578288412144611
21.240000000000002 0.001075674227312968
21.25 0.0012900421415703667
21.26 0.0015008237291732657
21.27 0.0017075701126753775
21.28 0.0019098233971955368
21.29 0.00210711667484017
21.3 0.002298974028762089
21.31 0.002484910537327784
21.32 0.002665090121317933
21.330000000000002 0.002842120537792249
21.34 0.0030139369965118405
21.35 0.0031799969666903576
21.36 0.0033401091390102057
21.37 0.0034940943360253973
21.38 0.0036417855115997164
21.39 0.0037830277503175607
21.400000000000002 0.003917678266345458
21.41 0.004045389792133862
21.42 0.004165146170101026
21.43 0.004277314805219717
21.44 0.0043817939208289185
21.45 0.004478401649447175
21.46 0.004566962036656744
21.47 0.004647305039418163
21.48 0.004719266524206088
21.490000000000002 0.004782688264870491
21.5 0.004837630719387728
21.51 0.004884721063876812
21.52 0.004923388491081075
21.53 0.004953516370657505
21.54 0.004975064076003743
21.55 0.0049880023455655086
21.56 0.004992313279419962
21.57 0.004987990335857412
21.580000000000002 0.004975038327788188
21.59 0.004953865106492567
21.6 0.004925747786452829
21.61 0.004889994633707495
21.62 0.004846703227031237
21.63 0.004796081734136024
21.64 0.00473835875189251
21.650000000000002 0.004673783303165315
21.66 0.004602624834087817
21.67 0.004525173211435202
21.68 0.0044409105064433805
21.69 0.00434785059616383
21.7 0.004247766052050621
21.71 0.004140906775364229
21.72 0.0040273830557633035
21.73 0.003907308155275073
21.740000000000002 0.0037807983073054443
21.75 0.0036479727156045073
21.76 0.0035089535537103623
21.77 0.003364601557703225
21.78 0.003216845950582422
21.79 0.003064659157993804
21.8 0.00290829623449278
21.81 0.002748122408591207
21.82 0.002584519984727741
21.830000000000002 0.0024178883447334033
21.84 0.0022486439497635363
21.85 0.0020772203424192616
21.86 0.0019031484257877019
21.87 0.0017249304558713406
21.88 0.0015443769343385391
21.89 0.001361828199063545
21.900000000000002 0.001177541921187571
21.91 0.0009917767440966539
21.92 0.0008047922857371738
21.93 0.0006168491407992186
21.94 0.00042820888294417515
21.95 0.00023953668972797056
21.96 5.1843931202424433e-05
21.97 0.0001351342171805972
21.98 0.0003210590909113402
21.990000000000002 0.0005055590451652163
22.0 0.0006882549635661562
22.01 0.00086876025466463
22.02 0.001046680848812407
22.03 0.0012216151945237575
22.04 0.0013938551070631735
22.05 0.0015641090816374283
22.06 0.001731115755334397
22.07 0.001894572326696036
22.080000000000002 0.0020542085421425076
22.09 0.0022097570265527137
22.1 0.002360953282032671
22.11 0.002507535686474282
22.12 0.0026492454924086323
22.13 0.00278631745069754
22.14 0.0029191740362577772
22.150000000000002 0.003047034747414874
22.16 0.0031697418067162535
22.17 0.0032871600800011467
22.18 0.003399164011132238
22.19 0.003505637622866243
22.2 0.003606474517541102
22.21 0.0037015778783817243
22.22 0.0037904230432489307
22.23 0.0038724210206653375
22.240000000000002 0.00394792941943759
22.25 0.004016811655920682
22.26 0.004078928507998208
22.27 0.004134144808624892
22.28 0.004182329447259163
22.29 0.004223355371377377
22.3 0.004257099588132332
22.31 0.004284255819575079
22.32 0.0043055049884827435
22.330000000000002 0.0043200286819574645
22.34 0.004327860500206913
22.35 0.004329053792364724
22.36 0.004323675517774219
22.37 0.004311806248593779
22.38 0.004293540172356109
22.39 0.004268985094381983
22.400000000000002 0.004237636611633952
22.41 0.004199125712407406
22.42 0.004154085127518617
22.43 0.004102573753887516
22.44 0.004044655552382572
22.45 0.003980401283353694
22.46 0.003909888508024039
22.47 0.003833201590475522
22.48 0.003750431698689607
22.490000000000002 0.003662716041682785
22.5 0.0035708303881582903
22.51 0.0034741786233546544
22.52 0.003373041784921498
22.53 0.0032677187305147153
22.54 0.003158525699352317
22.55 0.003045796312235579
22.56 0.0029298815713954558
22.57 0.0028111496624576354
22.580000000000002 0.0026878029745905723
22.59 0.0025591549734648813
22.6 0.0024269221181571505
22.61 0.0022912214847276516
22.62 0.0021521667757923198
22.63 0.0020098683201976056
22.64 0.0018644330725113693
22.650000000000002 0.0017159646122818428
22.66 0.0015645659910944383
22.67 0.0014123206811351248
22.68 0.0012600628512008417
22.69 0.0011068539155482584
22.7 0.0009530558194746777
22.71 0.0007990448890263281
22.72 0.0006452118286300257
22.73 0.0004919617184813871
22.740000000000002 0.00033971401166179725
22.75 0.0001888932239738221
22.76 3.773520314055754e-05
22.77 0.00011388409787789705
22.78 0.0002644850095196503
22.79 0.0004138674506580822
22.8 0.0005618357318708867
22.81 0.00070819855712303
22.82 0.0008527690246787836
22.830000000000002 0.0009953646285590536
22.84 0.0011358020838797055
22.85 0.0012732804045641336
22.86 0.0014075223515548714
22.87 0.0015386124021615154
22.88 0.0016663110926523508
22.89 0.0017903782889685733
22.900000000000002 0.001910573187753974
22.91 0.002026654317612188
22.92 0.002138379539858177
22.93 0.0022455172080330737
22.94 0.002348652667801055
22.95 0.0024476169288170113
22.96 0.0025418759331894292
22.97 0.002631284560320247
22.98 0.0027157034579985808
22.990000000000002 0.0027949990417665796
23.0 0.002869043494440595
23.01 0.0029377147655160153
23.02 0.003000917125306011
23.03 0.0030595789911630742
23.04 0.0031136151222973456
23.05 0.0031626084023185057
23.06 0.003206587237981804
23.07 0.003245593578290272
23.080000000000002 0.003279682912773638
23.09 0.003308924269796764
23.1 0.0033334002148088173
23.11 0.0033531454471613055
23.12 0.0033660113550311446
23.13 0.0033722233694888025
23.14 0.0033725237554029217
23.150000000000002 0.003366805806980485
23.16 0.0033549599405256134
23.17 0.0033368736932087644
23.18 0.003312431722195911
23.19 0.003281515803357608
23.2 0.0032441150984936955
23.21 0.0032031960305042217
23.22 0.0031583138161997756
23.23 0.0031086153076216867
23.240000000000002 0.003054311097386929
23.25 0.0029956307648275784
23.26 0.0029328228749834926
23.27 0.002866154977466518
23.28 0.0027959136056550566
23.29 0.0027222883303533243
23.3 0.002643043246814311
23.31 0.002558918776014683
23.32 0.0024707979469438496
23.330000000000002 0.0023787834162658813
23.34 0.002282979087782144
23.35 0.0021834901121338354
23.36 0.002080422886921141
23.37 0.0019738850566770293
23.38 0.0018640707349848245
23.39 0.0017526105517231612
23.400000000000002 0.0016393077984852634
23.41 0.0015240084692553385
23.42 0.0014069894089305366
23.43 0.0012885390597961559
23.44 0.0011689574625891048
23.45 0.0010485562579639854
23.46 0.0009276586877908719
23.47 0.0008064520973222756
23.48 0.0006831153335395934
23.490000000000002 0.0005585404895962019
23.5 0.0004334219532713522
23.51 0.00030791143835747696
23.52 0.00018215771934064303
23.53 5.6306632221278326e-05
23.54 6.949892444799273e-05
23.55 0.00019511898882505437
23.56 0.00032035631540265977
23.57 0.0004443367863584288
23.580000000000002 0.0005671415241525078
23.59 0.0006887357681172207
23.6 0.0008089164950107155
23.61 0.0009274786950480507
23.62 0.0010442153709896548
23.63 0.0011589175367189629
23.64 0.0012713742164214875
23.650000000000002 0.001381366166108046
23.66 0.001488613143431723
23.67 0.001592919386140416
23.68 0.0016940727734978103
23.69 0.0017918455389397305
23.7 0.0018860074892788434
23.71 0.001976326003808262
23.72 0.00206256603360419
23.73 0.002144490100946744
23.740000000000002 0.002222094230003344
23.75 0.00229723264329596
23.76 0.0023689058807030215
23.77 0.0024366900309373456
23.78 0.0025005544853829564
23.79 0.0025604800088175586
23.8 0.0026164587402145527
23.81 0.0026684941939249403
23.82 0.0027166012605245185
23.830000000000002 0.0027606216619176765
23.84 0.002799181075294852
23.85 0.00283288401489943
23.86 0.0028618831241535147
23.87 0.002886102289462695
23.88 0.002905467477733768
23.89 0.0029199067370854785
23.900000000000002 0.002929350197722668
23.91 0.0029337300727956994
23.92 0.0029331892068051976
23.93 0.002929046124357292
23.94 0.0029206515301544154
23.95 0.002907880380576405
23.96 0.00289082102386428
23.97 0.002869573042010584
23.98 0.002844247252049651
23.990000000000002 0.0028149657070905875
24.0 0.0027818616972945477
24.01 0.0027448417002221923
24.02 0.002702688409109817
24.03 0.0026561946846580605
24.04 0.0026055806862834378
24.05 0.0025508896706914206
24.060000000000002 0.002492166977621351
24.07 0.002429460030262147
24.080000000000002 0.0023628183359260422
24.09 0.0022922934862206665
24.1 0.002218280284369676
24.11 0.002142553043255215
24.12 0.0020643354886535556
24.13 0.001983662879057952
24.14 0.001900782859244709
24.150000000000002 0.001815956760709178
24.16 0.0017294596010906276
24.17 0.0016415800838663265
24.18 0.0015526205977062352
24.19 0.0014622804811605008
24.2 0.0013681689125944042
24.21 0.0012720283104265045
24.22 0.001174212559738519
24.23 0.0010747931894646377
24.240000000000002 0.0009738367450322183
24.25 0.0008714047882215827
24.26 0.0007675538966478842
24.27 0.0006623356636335517
24.28 0.0005562864137123358
24.29 0.0004513422814412793
24.3 0.0003465117972272404
24.310000000000002 0.0002418574244661705
24.32 0.00013761900920300878
24.330000000000002 3.4044676270172025e-05
24.34 6.860917173489278e-05
24.35 0.00017007785594438777
24.36 0.00027008842227900325
24.37 0.0003688169806750995
24.38 0.00046752659433021136
24.39 0.000565032904966606
24.400000000000002 0.0006610780219062448
24.41 0.0007555271930955622
24.42 0.0008482485487967427
24.43 0.0009391131020817467
24.44 0.0010279947493539278
24.45 0.0011147702706026013
24.46 0.001199255850295369
24.47 0.0012811449892054475
24.48 0.001360436488639069
24.490000000000002 0.0014370100460396008
24.5 0.0015107342759114995
24.51 0.001581479278123185
24.52 0.001649116638112141
24.53 0.001713519426775072
24.54 0.0017745622008008895
24.55 0.0018322067709187343
24.560000000000002 0.0018865544507347752
24.57 0.0019373434951907742
24.580000000000002 0.0019844678738359313
24.59 0.0020278373535996966
24.6 0.002067364904739148
24.61 0.0021029667000821684
24.62 0.0021345621149722388
24.63 0.002162073726509532
24.64 0.0021859696283620255
24.650000000000002 0.0022074156350444444
24.66 0.0022255282826837254
24.67 0.002240335720193974
24.68 0.002251937096508002
24.69 0.002260444670765819
24.7 0.0022659838112001787
24.71 0.002268692994351099
24.72 0.0022687238040978394
24.73 0.002265073528026093
24.740000000000002 0.0022556009381598506
24.75 0.0022421010539449455
24.76 0.0022245685166710715
24.77 0.0022029033257978422
24.78 0.0021769990455526426
24.79 0.002146742804498255
24.8 0.0021120152950873804
24.810000000000002 0.002072690773270195
24.82 0.00203009659813678
24.830000000000002 0.0019866071204928705
24.84 0.001940251376083222
24.85 0.00189114510373939
24.86 0.0018394953424069633
24.87 0.0017855251381300168
24.88 0.0017294735435489643
24.89 0.001671595617946185
24.900000000000002 0.0016121624272112537
24.91 0.0015502103666711993
24.92 0.0014841884671406731
24.93 0.00141583454490627
24.94 0.0013452544967776689
24.95 0.0012725106151682238
24.96 0.0011976634707182982
24.97 0.0011207719123787793
24.98 0.0010418930674548968
24.990000000000002 0.0009610823418479471
25.0 0.0008791512190454222
25.01 0.0007971104102243998
25.02 0.0007142343573773387
25.03 0.0006307084213225043
25.04 0.0005467414736458391
25.05 0.00046255059761159177
25.060000000000002 0.00037836108911208313
25.07 0.00029440645726572354
25.080000000000002 0.00021092842553140174
25.09 0.0001273334024146057
25.1 4.2979355083621736e-05
25.11 4.109231790621054e-05
25.12 0.00012475517626292415
25.13 0.000207893943212719
25.14 0.0002903953700108846
25.150000000000002 0.0003721482354909213
25.16 0.00045304334560730225
25.17 0.0005329735330201111
25.18 0.000611977150166333
25.19 0.0006900782250003817
25.2 0.0007670581315299633
25.21 0.0008428420413840962
25.22 0.0009173594469231536
25.23 0.0009905434853444365
25.240000000000002 0.0010623309384074804
25.25 0.0011326622324222449
25.26 0.0012014814382049937
25.27 0.0012678091679901961
25.28 0.0013309294155357616
25.29 0.001391468748822406
25.3 0.0014492367818841215
25.310000000000002 0.0015040358558465932
25.32 0.001555662208432555
25.330000000000002 0.0016039059734526606
25.34 0.0016485511805130523
25.35 0.0016893757546460417
25.36 0.0017280150466542426
25.37 0.0017652910563191533
25.38 0.0017997814572650384
25.39 0.0018315220828353448
25.400000000000002 0.0018605609851081492
25.41 0.0018869583975675817
25.42 0.0019107867357671664
25.43 0.001932130598154728
25.44 0.0019510859110103858
25.45 0.00196634601162386
25.46 0.00197742306188512
25.47 0.0019852320862869077
25.48 0.001989717107657454
25.490000000000002 0.0019908213140928215
25.5 0.0019884870593993745
25.51 0.0019826558632840712
25.52 0.001973268411744283
25.53 0.0019602683180886867
25.54 0.0019449755750974465
25.55 0.0019277623786217448
25.560000000000002 0.0019078995642768171
25.57 0.0018855097749135743
25.580000000000002 0.0018607268241274371
25.59 0.001833695696666791
25.6 0.0018045725490369404
25.61 0.0017735247096479648
25.62 0.0017407187297493
25.63 0.0017044106548331117
25.64 0.0016643862219577804
25.650000000000002 0.0016216753765263452
25.66 0.0015762528376521703
25.67 0.0015280885090219161
25.68 0.0014771474787142903
25.69 0.0014233900197003812
25.7 0.0013667715898732118
25.71 0.0013072656069445087
25.72 0.001246917534094309
25.73 0.0011859372477810242
25.740000000000002 0.0011234814908748724
25.75 0.0010597404821769182
25.76 0.0009949162456264204
25.77 0.0009292226099212914
25.78 0.0008628852083088157
25.79 0.0007961414779274202
25.8 0.0007292161362113631
25.810000000000002 0.0006608970659197247
25.82 0.0005913806615491417
25.830000000000002 0.0005214315779182665
25.84 0.00045117107679063466
25.85 0.0003807209959017163
25.86 0.0003102037483686602
25.87 0.000239742322516869
25.88 0.00016946028131646933
25.89 9.947464478365498e-05
25.900000000000002 2.9607759460783564e-05
25.91 4.0010343035299335e-05
25.92 0.00010916743472482747
25.93 0.00017777194695811784
25.94 0.00024573396757005087
25.95 0.0003129652413072795
25.96 0.0003793791700962251
25.97 0.0004448908130469805
25.98 0.0005094066050415816
25.990000000000002 0.0005725186276013123
26.0 0.0006341717848700773
26.01 0.0006943692703303834
26.02 0.0007529977887769067
26.03 0.0008099433657292166
26.04 0.0008650913476655346
26.05 0.0009183264023910743
26.060000000000002 0.000969532519018627
26.07 0.0010186213361323725
26.080000000000002 0.001066173520862914
26.09 0.0011119796874536243
26.1 0.0011557692721603878
26.11 0.0011974995675489866
26.12 0.0012371320714250546
26.13 0.0012746324865519263
26.14 0.0013099707204744903
26.150000000000002 0.0013431208854338987
26.16 0.0013740255099750356
26.17 0.001401962459879172
26.18 0.001427045675546327
26.19 0.0014493987794416427
26.2 0.0014689408480502363
26.21 0.001485590328374529
26.22 0.00149926503788368
26.23 0.0015098821642461344
26.240000000000002 0.001517358265175457
26.25 0.0015217448525523987
26.26 0.0015251373717679346
26.27 0.001526957677566832
26.28 0.001526767326858273
26.29 0.0015247117947671392
26.3 0.0015209506416750788
26.310000000000002 0.0015156575128958216
26.32 0.0015090201379953743
26.330000000000002 0.0015012403304630346
26.34 0.0014922435285526206
26.35 0.0014783803838957312
26.36 0.0014609347061069653
26.37 0.001440697052603105
26.38 0.0014175308398551203
26.39 0.0013912876921704407
26.400000000000002 0.001361807441474231
26.41 0.0013289181272367237
26.42 0.0012924359960394015
26.43 0.0012525535748154535
26.44 0.0012134265475096768
26.45 0.0011734962998243867
26.46 0.0011320314951157517
26.47 0.001089246291935061
26.48 0.001045371916094902
26.490000000000002 0.00100065666064389
26.5 0.0009553658861902243
26.51 0.0009097820207792605
26.52 0.0008638609518582152
26.53 0.0008146325295915023
26.54 0.0007635592511712745
26.55 0.0007112999755092896
26.560000000000002 0.0006578792196062622
26.57 0.0006033169278734245
26.580000000000002 0.0005476284723760598
26.59 0.0004908246527631985
26.6 0.00043291169633974586
26.61 0.00037408132092496776
26.62 0.0003158905621663051
26.63 0.00025774259371789
26.64 0.00019950959295457924
26.650000000000002 0.00014133800383423422
26.66 8.337996110959531e-05
26.67 2.5793290554623555e-05
26.68 3.125849047098811e-05
26.69 8.760617266091009e-05
26.7 0.00014325882442165348
26.71 0.00019934027569216476
26.72 0.00025512896543796387
26.73 0.0003103600712335248
26.740000000000002 0.00036497292029495
26.75 0.0004189097502564343
26.76 0.0004721157093222967
26.77 0.000524538856022298
26.78 0.0005761301590760255
26.79 0.0006268042257432121
26.8 0.0006762760079308302
26.810000000000002 0.0007246119686825168
26.82 0.0007717840226157025
26.830000000000002 0.0008177320737932501
26.84 0.0008623973304445727
26.85 0.000905722304867061
26.86 0.0009476508134923931
26.87 0.0009881279767270598
26.88 0.0010268847070151262
26.89 0.0010627113857248091
26.900000000000002 0.0010961026790546878
26.91 0.0011270343358087739
26.92 0.0011553338941261335
26.93 0.0011808224315140992
26.94 0.0012033145649521652
26.95 0.0012226184506483118
26.96 0.001238535784027463
26.97 0.0012517284055940541
26.98 0.0012660557650829075
26.990000000000002 0.001279262423075974
27.0 0.0012910992928612983
27.01 0.001301779455987707
27.02 0.0013115372369188435
27.03 0.0013206282038336907
27.04 0.001329329169265714
27.05 0.0013379381907866691
27.060000000000002 0.00134549276396542
27.07 0.0013470563900203694
27.080000000000002 0.0013457834110293546
27.09 0.001342008518350796
27.1 0.0013355488386789657
27.11 0.0013262061582525661
27.12 0.0013137669225036916
27.13 0.0012980022363361355
27.14 0.001278667863867265
27.150000000000002 0.0012566958170521466
27.16 0.0012361152403281143
27.17 0.0012142361795255943
27.18 0.001190856571170026
27.19 0.0011661465899840012
27.2 0.0011402916110994045
27.21 0.0011134922100328561
27.22 0.0010859641630076278
27.23 0.001057938446921613
27.240000000000002 0.0010287934011953702
27.25 0.000996039768476801
27.26 0.0009615659800838322
27.27 0.0009255573567494772
27.28 0.0008879974221008946
27.29 0.0008488648269342552
27.3 0.0008081333492485904
27.310000000000002 0.0007657718941845783
27.32 0.0007217444942088783
27.330000000000002 0.0006765677458648916
27.34 0.0006317450330453973
27.35 0.0005862732050674881
27.36 0.0005401793294225996
27.37 0.0004935918279337
27.38 0.00044664593937017335
27.39 0.00039948371945836225
27.400000000000002 0.000352254040430427
27.41 0.00030511259086745323
27.42 0.00025798814397051185
27.43 0.00021048156370515237
27.44 0.00016313550562350727
27.45 0.0001160942916586609
27.46 6.947548425855857e-05
27.47 2.3398997728897688e-05
27.48 2.2012902028419842e-05
27.490000000000002 6.663559788640549e-05
27.5 0.00011034212148555776
27.51 0.0001535833904074
27.52 0.00019745915334437773
27.53 0.00024100284234938068
27.54 0.0002841802586144171
27.55 0.0003270168362916518
27.560000000000002 0.0003695457846913108
27.57 0.0004118080883916978
27.580000000000002 0.0004538525070163708
27.59 0.0004957355749642205
27.6 0.0005366269340555272
27.61 0.0005749488126246626
27.62 0.0006119518233644852
27.63 0.0006475609122810157
27.64 0.0006816388651788057
27.650000000000002 0.000714041922236636
27.66 0.0007446197786241885
27.67 0.0007732155845575859
27.68 0.0007996659455099388
27.69 0.0008247134495445636
27.7 0.0008496354129650364
27.71 0.0008731638462188082
27.72 0.0008952767070126906
27.73 0.0009159966500738677
27.740000000000002 0.0009353532268615199
27.75 0.0009533828852105022
27.76 0.0009701289692676781
27.77 0.0009856417192201311
27.78 0.000999289193191613
27.79 0.0010101942883112027
27.8 0.0010191690723361608
27.810000000000002 0.0010261658455756524
27.82 0.0010311165429672921
27.830000000000002 0.001033950625988753
27.84 0.0010345950824676088
27.85 0.0010329744266126058
27.86 0.0010290106988330176
27.87 0.0010236034920579045
27.88 0.001017805694897003
27.89 0.0010105832899497552
27.900000000000002 0.0010020230730015739
27.91 0.0009922362339408095
27.92 0.000981343821508638
27.93 0.0009694767431603173
27.94 0.0009567757649702652
27.95 0.0009433915114392576
27.96 0.000928289170023423
27.97 0.0009104795633991092
27.98 0.0008911778194769561
27.990000000000002 0.0008703680859234082
28.0 0.0008480217411141568
28.01 0.0008241060610905684
28.02 0.0007985842194949607
28.03 0.0007714152874082707
28.04 0.0007425542333892858
28.05 0.00071275963569002
28.060000000000002 0.00068262200540627
28.07 0.0006514630371979408
28.080000000000002 0.0006193543566832388
28.09 0.0005863743612655522
28.1 0.0005526061220657527
28.11 0.0005181373837446844
28.12 0.00048306056472469187
28.13 0.00044747275721909827
28.14 0.00041119745177865835
28.150000000000002 0.0003741635743680237
28.16 0.0003366704981715702
28.17 0.0002987906041511017
28.18 0.0002605980279394297
28.19 0.00022216876035437906
28.2 0.00018358064751458462
28.21 0.0001449133910303698
28.22 0.00010624852346913053
28.23 6.746529057870394e-05
28.240000000000002 2.8548474503666497e-05
28.25 1.0294451282173545e-05
28.26 4.9004406802860936e-05
28.27 8.7522389683169e-05
28.28 0.0001257894746573927
28.29 0.00016374681385026096
28.3 0.00020133563641280247
28.310000000000002 0.0002384968189850389
28.32 0.00027489284216891305
28.330000000000002 0.0003103628038221237
28.34 0.0003449916821901398
28.35 0.00037868255462287717
28.36 0.00041133608772180773
28.37 0.0004428505373005465
28.38 0.00047312174815761893
28.39 0.0005020431540351955
28.400000000000002 0.0005295127883089654
28.41 0.0005570195947093517
28.42 0.00058486611364949
28.43 0.0006122155871660597
28.44 0.0006391595547337931
28.45 0.0006658006810178812
28.46 0.0006922527563048603
28.47 0.0007186406965718839
28.48 0.0007451005439947447
28.490000000000002 0.0007717514940022141
28.5 0.0007954553404986739
28.51 0.0008158285607994246
28.52 0.0008343536462574262
28.53 0.0008508081163588397
28.54 0.0008649539956340413
28.55 0.0008765378134931987
28.560000000000002 0.0008852906038147106
28.57 0.0008909279048664422
28.580000000000002 0.0008932086890521973
28.59 0.0008961018463092104
28.6 0.0008996486814807601
28.61 0.0009020174591232781
28.62 0.0009033641813336285
28.63 0.0009038625789635508
28.64 0.0009037041120283091
28.650000000000002 0.0009030979699083078
28.66 0.0009022710719079694
28.67 0.0009014026387439586
28.68 0.0008975048807940731
28.69 0.0008908077169475
28.7 0.0008825974815439521
28.71 0.0008728096662297705
28.72 0.0008613731626305166
28.73 0.000848210262447538
28.740000000000002 0.0008332366573247945
28.75 0.0008163614389860797
28.76 0.0007975406012721767
28.77 0.0007786092104010048
28.78 0.0007593629559769181
28.79 0.0007391681052297427
28.8 0.0007181211698016107
28.810000000000002 0.0006963261425878124
28.82 0.0006738944978009097
28.830000000000002 0.0006509451909671565
28.84 0.0006276046588214197
28.85 0.0006039560158526682
28.86 0.0005787347646491548
28.87 0.0005522381958783391
28.88 0.0005249494243077019
28.89 0.0004968762684254203
28.900000000000002 0.00046802408112293437
28.91 0.00043839574977798585
28.92 0.0004079916960923031
28.93 0.0003768098762518314
28.94 0.0003448750302301127
28.95 0.000312818867179647
28.96 0.00028053136227500675
28.97 0.0002478717101578595
28.98 0.00021489503438012106
28.990000000000002 0.00018165841393317388
29.0 0.00014822088314510632
29.01 0.000114643431721514
29.02 8.098900449944783e-05
29.03 4.73710849485727e-05
29.04 1.471456779074931e-05
29.05 1.7087541896886492e-05
29.060000000000002 4.8113790260645495e-05
29.07 7.819955156337291e-05
29.080000000000002 0.00010717241084059308
29.09 0.00013485216414688036
29.1 0.000161050818672507
29.11 0.00018557259311551493
29.12 0.00020848290203082817
29.13 0.0002334866299490463
29.14 0.00025939154047756145
29.150000000000002 0.00028538881936957943
29.16 0.00031165826997512546
29.17 0.00033839817111327937
29.18 0.00036582527658376014
29.19 0.00039417481484285694
29.2 0.00042370048853375804
29.21 0.00045421224626893364
29.22 0.0004803694289224234
29.23 0.0005041076218998677
29.240000000000002 0.0005264593368423263
29.25 0.000547179414545044
29.26 0.0005660037863106562
29.27 0.0005826494742669214
29.28 0.0005968145916976483
29.29 0.0006081783433576935
29.3 0.0006168997789931896
29.310000000000002 0.0006277654194971433
29.32 0.0006387181952428507
29.330000000000002 0.0006488290966997655
29.34 0.0006582205722989175
29.35 0.0006670300982447451
29.36 0.0006754101780282977
29.37 0.0006835283423702306
29.38 0.0006915671488180762
29.39 0.000699347872844584
29.400000000000002 0.0007037647889097371
29.41 0.0007062458871270112
29.42 0.0007073103669760924
29.43 0.0007068693534990804
29.44 0.0007048271723751562
29.45 0.0007010813498016759
29.46 0.0006955226125023726
29.47 0.0006880348877440854
29.48 0.000678806835288291
29.490000000000002 0.0006700748306204691
29.5 0.0006607675817124569
29.51 0.0006505893617597013
29.52 0.0006396379192024688
29.53 0.0006280197788550368
29.54 0.0006158502417950463
29.55 0.0006032533853164376
29.560000000000002 0.0005903620628823057
29.57 0.0005770577343993844
29.580000000000002 0.0005617787397370082
29.59 0.0005454150866517449
29.6 0.0005282145491785791
29.61 0.0005101733520595671
29.62 0.000491285172976361
29.63 0.00047154114242235854
29.64 0.0004509298438901749
29.650000000000002 0.00042943731367779155
29.66 0.00040706033284898036
29.67 0.00038385598396430733
29.68 0.00035976783858714947
29.69 0.0003347694814032555
29.7 0.0003088423248392275
29.71 0.00028196574192947376
29.72 0.00025411706619729357
29.73 0.00022527159173745998
29.740000000000002 0.0001954025730866024
29.75 0.00016498141913395204
29.76 0.0001364802900931659
29.77 0.00010864771524945234
29.78 8.141480122989629e-05
29.79 5.501514143918426e-05
29.8 2.9697194744317742e-05
29.810000000000002 5.7242858161070546e-06
29.82 1.6625394659233832e-05
29.830000000000002 3.705878967850632e-05
29.84 5.637565882397693e-05
29.85 7.910718445200606e-05
29.86 0.00010241262615046523
29.87 0.0001259489237352335
29.88 0.00014988316261588795
29.89 0.00017440089283493336
29.900000000000002 0.0001997061290863745
29.91 0.000226021351159759
29.92 0.00025358750425808033
29.93 0.00028148675966106664
29.94 0.00030547257798096755
29.95 0.00032830305102780883
29.96 0.00035021600614842095
29.97 0.0003710349375805522
29.98 0.00039057007633891346
