0.0 59.54551390754752
0.01 45.38852578755504
0.02 35.02604190391957
0.03 27.26881654249888
0.04 21.367506881378542
0.05 16.825231020930214
0.06 13.298936219605018
0.07 10.544047308044485
0.08 8.381701066725332
0.09 6.678445817225333
0.1 5.333151889805211
0.11 4.268266713912368
0.12 3.423784444109365
0.13 2.7529691884522602
0.14 2.2192470176243213
0.15 1.7939001948777114
0.16 1.454327283647634
0.17 1.182712442195384
0.18 0.9649971083449259
0.19 0.7900792853215961
0.2 0.6491866915834584
0.21 0.5353842520703781
0.22 0.44318627066028804
0.23 0.36825065377390187
0.24 0.30713769549421954
0.25 0.2571197789426774
0.26 0.21603127820501863
0.27 0.1821502104875117
0.28 0.1541049588924604
0.29 0.13080078042458987
0.3 0.11136191663996013
0.31 0.09508599877447785
0.32 0.08140813316227105
0.33 0.06987260342855492
0.34 0.0601105625353129
0.35000000000000003 0.051822433465391
0.36 0.0447640106641852
0.37 0.03873547013137779
0.38 0.03357266612685511
0.39 0.02914022630992487
0.4 0.025326062342422496
0.41000000000000003 0.02203699558772446
0.42 0.01919526232437375
0.43 0.016735713666843798
0.44 0.014603565154064248
0.45 0.012752582101910763
0.46 0.011143611187999815
0.47000000000000003 0.00974338781513663
0.48 0.008523563736783991
0.49 0.007459911127669483
0.5 0.006531668452499603
0.51 0.00572100067881641
0.52 0.0050125520284576616
0.53 0.004393073903267664
0.54 0.0038511141179719908
0.55 0.0033767563319122107
0.56 0.0029614007519006484
0.5700000000000001 0.0025975789058304112
0.58 0.002278796658427277
0.59 0.001999400732821647
0.6 0.0017544648739420358
0.61 0.0015396924885904527
0.62 0.0013513331588401556
0.63 0.0011861108785992684
0.64 0.0010411622301644292
0.65 0.0009139830159083204
0.66 0.0008023821037227552
0.67 0.0007044414443710458
0.68 0.0006184813830994109
0.6900000000000001 0.0005430305235373029
0.7000000000000001 0.0004767995144967209
0.71 0.00041865822407476935
0.72 0.00036761584391827105
0.73 0.0003228035323865858
0.74 0.0002834592608709192
0.75 0.0002489145744892637
0.76 0.0002185830182293799
0.77 0.00019195001354087865
0.78 0.00016856399934772685
0.79 0.00014802867625723055
0.8 0.00012999621403369122
0.81 0.00011416130072474603
0.8200000000000001 0.00010025592762459424
0.8300000000000001 8.804481790513103e-05
0.84 7.732141855683066e-05
0.85 6.790438551945564e-05
0.86 5.9634500770543005e-05
0.87 5.237196786526568e-05
0.88 4.599403914451197e-05
0.89 4.0392933685016145e-05
0.9 3.54740101724908e-05
0.91 3.1154163335645065e-05
0.92 2.7360416471375445e-05
0.93 2.4028685993018986e-05
0.9400000000000001 2.1102696907977452e-05
0.9500000000000001 1.8533030733243038e-05
0.96 1.627628963499239e-05
0.97 1.429436257275945e-05
0.98 1.2553780975603928e-05
0.99 1.1025153008344087e-05
1.0 9.682666827462818e-06
1.01 8.503654402375755e-06
1.02 7.4682085090007456e-06
1.03 6.558846406995366e-06
1.04 5.760214505363409e-06
1.05 5.058829017120243e-06
1.06 4.442848214375068e-06
1.07 3.9018724310556496e-06
1.08 3.4267684307774047e-06
1.09 3.0095151701093633e-06
1.1 2.643068349778667e-06
1.11 2.3212414643742386e-06
1.12 2.0386013402854302e-06
1.1300000000000001 1.7903763967001216e-06
1.1400000000000001 1.5723760796608747e-06
1.1500000000000001 1.3809201080961838e-06
1.16 1.212776336616467e-06
1.17 1.0651061855067488e-06
1.18 9.354167162314447e-07
1.19 8.21518543058775e-07
1.2 7.214888700166078e-07
1.21 6.336390289777719e-07
1.22 5.564859707072164e-07
1.23 4.887272274726803e-07
1.24 4.2921892445452983e-07
1.25 3.7695646868086907e-07
1.26 3.310575894317413e-07
1.27 2.907474437656827e-07
1.28 2.55345535694351e-07
1.29 2.2425422815582195e-07
1.3 1.9694865383194007e-07
1.31 1.7296785447428415e-07
1.32 1.519069991459055e-07
1.33 1.3341055000239563e-07
1.34 1.1716626023382169e-07
1.35 1.028999028387625e-07
1.36 9.037064124044182e-08
1.37 7.936696359114084e-08
1.3800000000000001 6.970311212768516e-08
1.3900000000000001 6.121594729854591e-08
1.4000000000000001 5.3762193723105304e-08
1.41 4.7216021489847e-08
1.42 4.146692196149325e-08
1.43 3.641784222701096e-08
1.44 3.1983546706885236e-08
1.45 2.8089178252853623e-08
1.46 2.4668994451131666e-08
1.47 2.166525779591532e-08
1.48 1.9027260997547505e-08
1.49 1.6710470971042303e-08
1.5 1.4675777054183924e-08
1.51 1.2888830763984496e-08
1.52 1.131946594560115e-08
1.53 9.94118952496335e-09
1.54 8.730734268264751e-09
1.55 7.667665998244161e-09
1.56 6.734038636494457e-09
1.57 5.914091248413735e-09
1.58 5.193981976480513e-09
1.59 4.561554370264415e-09
1.6 4.006132168488421e-09
1.61 3.5183390687710187e-09
1.62 3.0899404425050206e-09
1.6300000000000001 2.7137043227954516e-09
1.6400000000000001 2.3832793187359927e-09
1.6500000000000001 2.0930873950443074e-09
1.6600000000000001 1.83822970702514e-09
1.67 1.6144039012226328e-09
1.68 1.4178314856803887e-09
1.69 1.2451940437172392e-09
1.7 1.0935772144175118e-09
1.71 9.604214941479266e-10
1.72 8.434790285616699e-10
1.73 7.407756656781725e-10
1.74 6.505776294413382e-10
1.75 5.713622511592871e-10
1.76 5.017922647313314e-10
1.77 4.406932317296577e-10
1.78 3.870337152395277e-10
1.79 3.399078677646994e-10
1.8 2.985201392575784e-10
1.81 2.621718471242817e-10
1.82 2.3024938148753524e-10
1.83 2.0221384659576952e-10
1.84 1.7759196351093425e-10
1.85 1.559680804996971e-10
1.86 1.3697715625227643e-10
1.87 1.2029859747584668e-10
1.8800000000000001 1.056508468324907e-10
1.8900000000000001 9.2786629858538e-11
1.9000000000000001 8.148878062665203e-11
1.9100000000000001 7.156657568202207e-11
1.92 6.285251436437964e-11
1.93 5.519949116318673e-11
1.94 4.847831237140698e-11
1.95 4.2575515115505936e-11
1.96 3.739145194386761e-11
1.97 3.2838608638806104e-11
1.98 2.8840126854491867e-11
1.99 2.5328506640860243e-11
2.0 2.224446695029529e-11
2.0100000000000002 1.9535944890852335e-11
2.02 1.7157216832017617e-11
2.0300000000000002 1.5068126526043045e-11
2.04 1.3233407214469953e-11
2.05 1.1622086276050893e-11
2.06 1.0206962365698892e-11
2.07 8.964146217838777e-12
2.08 7.872657362280125e-12
2.09 6.914069944614959e-12
2.1 6.0722016720923326e-12
2.11 5.332840633944096e-12
2.12 4.6835053845065794e-12
2.13 4.11323423900731e-12
2.14 3.6124002250354007e-12
2.15 3.172548565818625e-12
2.16 2.786253951797661e-12
2.17 2.4469951910432783e-12
2.18 2.149045122439936e-12
2.19 1.8873739332174353e-12
2.2 1.657564248695103e-12
2.21 1.4557365608354639e-12
2.22 1.2784837367369153e-12
2.23 1.1228135014778027e-12
2.24 9.860979243417212e-13
2.25 8.660290556813704e-13
2.2600000000000002 7.605799655090778e-13
2.27 6.67970526091281e-13
2.2800000000000002 5.866373609092303e-13
2.29 5.152074526826204e-13
2.3000000000000003 4.5247496492265447e-13
2.31 3.97380885730091e-13
2.32 3.4899515019715626e-13
2.33 3.0650093961455813e-13
2.34 2.6918089243228243e-13
2.35 2.364049941959757e-13
2.36 2.076199420241538e-13
2.37 1.8233980408374554e-13
2.38 1.6013781638293389e-13
2.39 1.4063917839966748e-13
2.4 1.235147259260475e-13
2.41 1.0847537431733676e-13
2.42 9.526723833991859e-14
2.43 8.366734623440075e-14
2.44 7.347987564129869e-14
2.45 6.453284784644841e-14
2.46 5.667522454042229e-14
2.47 4.9774358081177754e-14
2.48 4.371375221683159e-14
2.49 3.8391095466425716e-14
2.5 3.3716533959414116e-14
2.5100000000000002 2.961115457699041e-14
2.52 2.60056527885661e-14
2.5300000000000002 2.2839162694621066e-14
2.54 2.0058229525417457e-14
2.5500000000000003 1.7615907249922242e-14
2.56 1.5470966061318163e-14
2.57 1.3587196360353049e-14
2.58 1.1932797486795037e-14
2.59 1.0479840879930006e-14
2.6 9.203798605497763e-15
2.61 8.083129289948571e-15
2.62 7.098914472009023e-15
2.63 6.2345392326663844e-15
2.64 5.475411712159445e-15
2.65 4.80871677903147e-15
2.66 4.22319969283534e-15
2.67 3.708976108415513e-15
2.68 3.257365214374069e-15
2.69 2.8607431888654128e-15
2.7 2.5124144988490185e-15
2.71 2.2064988701520715e-15
2.72 1.9378320202390073e-15
2.73 1.7018784779186341e-15
2.74 1.4946550182638708e-15
2.75 1.3126634202187605e-15
2.7600000000000002 1.1528314117473602e-15
2.77 1.0124608055962468e-15
2.7800000000000002 8.891819501299674e-16
2.79 7.809137263059926e-16
2.8000000000000003 6.858284154823151e-16
2.81 6.023208449772861e-16
2.82 5.289812905156658e-16
2.83 4.645716781164554e-16
2.84 4.080046836770831e-16
2.85 3.5832537742584435e-16
2.86 3.146951033753184e-16
2.87 2.763773216394568e-16
2.88 2.427251746129032e-16
2.89 2.1317056711231e-16
2.9 1.8721457613720552e-16
2.91 1.6441902835379534e-16
2.92 1.4439910311787797e-16
2.93 1.2681683616558262e-16
2.94 1.1137541430516726e-16
2.95 9.781416479631563e-17
2.96 8.590415483066718e-17
2.97 7.544432682667247e-17
2.98 6.625810429716053e-17
2.99 5.819041099192789e-17
3.0 5.110505299431904e-17
3.0100000000000002 4.488241957793381e-17
3.02 3.941746401072425e-17
3.0300000000000002 3.461793021962221e-17
3.04 3.040279537934259e-17
3.0500000000000003 2.6700902134068983e-17
3.06 2.3449757362033603e-17
3.0700000000000003 2.0594477204446514e-17
3.08 1.8086860549404495e-17
3.09 1.5884575329883657e-17
3.1 1.3950443899400553e-17
3.11 1.2251815421479544e-17
3.12 1.076001467798842e-17
3.13 9.449857991457135e-18
3.14 8.29922808947328e-18
3.15 7.28870073427227e-18
3.16 6.401216814508928e-18
3.17 5.62179436366212e-18
3.18 4.9372756435414904e-18
3.19 4.336105023313003e-18
3.2 3.8081339043314555e-18
3.21 3.344449397639052e-18
3.22 2.9372238619670392e-18
3.23 2.579582762232537e-18
3.24 2.2654886177966865e-18
3.25 1.9896390813700706e-18
3.2600000000000002 1.747377427993923e-18
3.27 1.5346139430273807e-18
3.2800000000000002 1.347756882059371e-18
3.29 1.1836518372529954e-18
3.3000000000000003 1.0395284865409828e-18
3.31 9.129538267250018e-19
3.3200000000000003 8.017911009877394e-19
3.33 7.041637274573625e-19
3.34 6.184236198877761e-19
3.35 5.431233656639293e-19
3.36 4.769917914578426e-19
3.37 4.189125040496717e-19
3.38 3.679050440528934e-19
3.39 3.231083343922151e-19
3.4 2.8376614412142213e-19
3.41 2.492143221901359e-19
3.42 2.1886958564765823e-19
3.43 1.9221967301313069e-19
3.44 1.6881469658719903e-19
3.45 1.4825954772007608e-19
3.46 1.3020722682641484e-19
3.47 1.1435298554825854e-19
3.48 1.004291821776792e-19
3.49 8.820076349139913e-20
3.5 7.746129672451752e-20
3.5100000000000002 6.802948469747402e-20
3.52 5.974610526677501e-20
3.5300000000000002 5.24713234331033e-20
3.54 4.6082330731480484e-20
3.5500000000000003 4.047127205306561e-20
3.56 3.554342490047598e-20
3.5700000000000003 3.121560033989769e-20
3.58 2.741473865584552e-20
3.59 2.4076676001252705e-20
3.6 2.1145061222230332e-20
3.61 1.857040457198517e-20
3.62 1.6309242254860343e-20
3.63 1.4323402696836858e-20
3.64 1.2579362156117978e-20
3.65 1.1047678795606352e-20
3.66 9.702495663623838e-21
3.67 8.521104192500551e-21
3.68 7.483560846275113e-21
3.69 6.572350445989347e-21
3.7 5.772090489034527e-21
3.71 5.069271471051031e-21
3.72 4.4520288266495696e-21
3.73 3.909942638998094e-21
3.74 3.4338617370903405e-21
3.75 3.0157492112147086e-21
3.7600000000000002 2.6485467387071848e-21
3.77 2.3260554296194553e-21
3.7800000000000002 2.0428311808094103e-21
3.79 1.7940927718863103e-21
3.8000000000000003 1.5756411515411485e-21
3.81 1.3837885517033005e-21
3.8200000000000003 1.2152962328714027e-21
3.83 1.0673198096728415e-21
3.84 9.373612336710173e-22
3.85 8.232266228231677e-22
3.86 7.229892256912968e-22
3.87 6.34956895190177e-22
3.88 5.576435227842544e-22
3.89 4.89743950902511e-22
3.9 4.301119400581638e-22
3.91 3.777408187271729e-22
3.92 3.3174648932875773e-22
3.93 2.913525034249551e-22
3.94 2.5587695418795577e-22
3.95 2.2472096486161974e-22
3.96 1.9735857888648835e-22
3.97 1.7332788101937502e-22
3.98 1.5222319955975021e-22
3.99 1.3368825804555544e-22
4.0 1.1741016080955345e-22
4.01 1.0311411086400567e-22
4.0200000000000005 9.055877094420285e-23
4.03 7.953218939879769e-23
4.04 6.984822215027088e-23
4.05 6.134339032325676e-23
4.0600000000000005 5.387412049308339e-23
4.07 4.73143209661001e-23
4.08 4.1553253175994424e-23
4.09 3.6493662262329294e-23
4.1 3.2050135272834184e-23
4.11 2.814765927362968e-23
4.12 2.4720355026267392e-23
4.13 2.1710364854288873e-23
4.14 1.9066875924941243e-23
4.15 1.674526245768197e-23
4.16 1.4706332378754346e-23
4.17 1.2915665704312821e-23
4.18 1.1343033483083203e-23
4.19 9.961887489499043e-24
4.2 8.74891205262177e-24
4.21 7.683630455091513e-24
4.22 6.748059257575681e-24
4.23 5.926404713227477e-24
4.24 5.2047961472086186e-24
4.25 4.5710518003493754e-24
4.26 4.014473184061847e-24
4.2700000000000005 3.525664474928842e-24
4.28 3.0963739000987765e-24
4.29 2.719354435848959e-24
4.3 2.388241467716661e-24
4.3100000000000005 2.097445346928697e-24
4.32 1.842057029333376e-24
4.33 1.6177652038872554e-24
4.34 1.4207835117111005e-24
4.3500000000000005 1.247786627070253e-24
4.36 1.0958541212378319e-24
4.37 9.624211615840055e-25
4.38 8.452352136235558e-25
4.39 7.423180150916645e-25
4.4 6.51932180117428e-25
4.41 5.725518697268662e-25
4.42 5.028370335526018e-25
4.43 4.41610787914463e-25
4.44 3.878395483812958e-25
4.45 3.4061558142403164e-25
4.46 2.991416806074888e-25
4.47 2.627177086337484e-25
4.48 2.3072877804791507e-25
4.49 2.026348710802002e-25
4.5 1.7796172339265816e-25
4.51 1.5629281783563535e-25
4.5200000000000005 1.3726235305726617e-25
4.53 1.2054906826641249e-25
4.54 1.0587081990236071e-25
4.55 9.297981865796914e-26
4.5600000000000005 8.165844645051186e-26
4.57 7.171558272489324e-26
4.58 6.298337807207657e-26
4.59 5.531442069692907e-26
4.6000000000000005 4.8579247901492126e-26
4.61 4.266416057405556e-26
4.62 3.74693037895488e-26
4.63 3.2906981119118505e-26
4.64 2.890017419208262e-26
4.65 2.538124251839866e-26
4.66 2.2290781622840924e-26
4.67 1.9576620214593344e-26
4.68 1.7192939463088398e-26
4.69 1.5099499512232656e-26
4.7 1.3260960175507065e-26
4.71 1.164628434432003e-26
4.72 1.0228214038322336e-26
4.73 8.982810252675545e-27
4.74 7.889048834258518e-27
4.75 6.928465564635329e-27
4.76 6.0848444582926315e-27
4.7700000000000005 5.343944014184156e-27
4.78 4.693256799327948e-27
4.79 4.121798305890516e-27
4.8 3.619921517372504e-27
4.8100000000000005 3.179154053513343e-27
4.82 2.7920551446945472e-27
4.83 2.452090021369148e-27
4.84 2.153519598036414e-27
4.8500000000000005 1.891303589473201e-27
4.86 1.6610154236886377e-27
4.87 1.4587675152142236e-27
4.88 1.281145637238325e-27
4.89 1.1251512846951288e-27
4.9 9.881510553164151e-28
4.91 8.678321941280484e-28
4.92 7.621635509197904e-28
4.93 6.693612915966073e-28
4.94 5.878587845707986e-28
4.95 5.162801538355465e-28
4.96 4.534170522586757e-28
4.97 3.9820826299752243e-28
4.98 3.497217846783524e-28
4.99 3.071390979131301e-28
5.0 2.697413475504583e-28
5.01 2.368972073979245e-28
5.0200000000000005 2.080522225552998e-28
5.03 1.8271944944244136e-28
5.04 1.604712355123935e-28
5.05 1.4093199987988295e-28
5.0600000000000005 1.2377189299205636e-28
5.07 1.0870122830793675e-28
5.08 9.546559198551132e-29
5.09 8.384154802120874e-29
5.1000000000000005 7.363286633847506e-29
5.11 6.466721015036958e-29
5.12 5.679322667419891e-29
5.13 4.987799208543018e-29
5.14 4.380476757811062e-29
5.15 3.8471028650986535e-29
5.16 3.3786734350911094e-29
5.17 2.9672807255955164e-29
5.18 2.605979853821896e-29
5.19 2.288671557074383e-29
5.2 2.009999228689103e-29
5.21 1.765258491041504e-29
5.22 1.550317779090133e-29
5.23 1.361548593795388e-29
5.24 1.1957642479945054e-29
5.25 1.0501660706769613e-29
5.26 9.222961615140814e-30
5.2700000000000005 8.099958980728264e-30
5.28 7.113694952581633e-30
5.29 6.2475200181612355e-30
5.3 5.486811936342727e-30
5.3100000000000005 4.818728893589539e-30
5.32 4.231992716227952e-30
5.33 3.716698479142898e-30
5.34 3.2641472968261265e-30
5.3500000000000005 2.8666994740542454e-30
5.36 2.5176455371771036e-30
5.37 2.2110929688431492e-30
5.38 1.9418667340873447e-30
5.39 1.7054219185220284e-30
5.4 1.4977670038424437e-30
5.41 1.315396485430023e-30
5.42 1.1552316945444248e-30
5.43 1.0145688261009103e-30
5.44 8.91033294668822e-31
5.45 7.825396481573157e-31
5.46 6.8725636247495195e-31
5.47 6.035749228483277e-31
5.48 5.3008266984889055e-31
5.49 4.655389517313352e-31
5.5 4.088541805014849e-31
5.51 3.590714381511368e-31
5.5200000000000005 3.1535032254722303e-31
5.53 2.7695276027156826e-31
5.54 2.432305469120095e-31
5.55 2.1361440446776992e-31
5.5600000000000005 1.876043711426869e-31
5.57 1.6476136129272025e-31
5.58 1.4469975304777492e-31
5.59 1.2708087847664842e-31
5.6000000000000005 1.116073063999247e-31
5.61 9.801782133679319e-32
5.62 8.608301382334939e-32
5.63 7.560140766084583e-32
5.64 6.63960587164198e-32
5.65 5.831156785930248e-32
5.66 5.121145760673298e-32
5.67 4.4975868193668954e-32
5.68 3.94995341727661e-32
5.69 3.469000738678612e-32
5.7 3.046609631475105e-32
5.71 2.675649544581047e-32
5.72 2.3498581542757672e-32
5.73 2.0637356474428887e-32
5.74 1.8124518770534966e-32
5.75 1.591764822546443e-32
5.76 1.397948978604278e-32
5.7700000000000005 1.2277324634265807e-32
5.78 1.0782417848013642e-32
5.79 9.469533315481478e-33
5.8 8.316507714411612e-33
5.8100000000000005 7.303876364296863e-33
5.82 6.414544635423254e-33
5.83 5.6334993676742455e-33
5.84 4.9475554274464275e-33
5.8500000000000005 4.34513312420239e-33
5.86 3.816062729141713e-33
5.87 3.351412795992898e-33
5.88 2.943339385741965e-33
5.89 2.584953650000438e-33
5.9 2.270205537634959e-33
5.91 1.9937816614652395e-33
5.92 1.7510156008764996e-33
5.93 1.5378091261305279e-33
5.94 1.350563014530845e-33
5.95 1.1861162905232026e-33
5.96 1.0416928640188018e-33
5.97 9.148546661213587e-34
5.98 8.034604911231344e-34
5.99 7.056298499659215e-34
6.0 6.197112249625489e-34
6.01 5.442541898746558e-34
6.0200000000000005 4.779849246945928e-34
6.03 4.1978471178681505e-34
6.04 3.686710503736788e-34
6.05 3.237810705518379e-34
6.0600000000000005 2.843569668446602e-34
6.07 2.497332053887033e-34
6.08 2.1932528879373712e-34
6.09 1.926198890114894e-34
6.1000000000000005 1.6916618164215075e-34
6.11 1.4856823538964127e-34
6.12 1.3047832818904332e-34
6.13 1.1459107717311201e-34
6.140000000000001 1.0063828338349893e-34
6.15 8.838440419821848e-35
6.16 7.762257704362747e-35
6.17 6.817112726563182e-35
6.18 5.987050120810906e-35
6.19 5.258057272462378e-35
6.2 4.617827765362064e-35
6.21 4.055553632370856e-35
6.22 3.561742901804964e-35
6.23 3.128059359713575e-35
6.24 2.747181822959e-35
6.25 2.412680547432894e-35
6.26 2.118908685006934e-35
6.2700000000000005 1.860906956859647e-35
6.28 1.6343199339320984e-35
6.29 1.43532251120993e-35
6.3 1.2605553346151282e-35
6.3100000000000005 1.1070680904232344e-35
6.32 9.722696998522184e-36
6.33 8.538845780383116e-36
6.34 7.499142189893182e-36
6.3500000000000005 6.58603458015759e-36
6.36 5.784108421025954e-36
6.37 5.079826080321433e-36
6.38 4.461298289726107e-36
6.390000000000001 3.9180834373474615e-36
6.4 3.441011298744425e-36
6.41 3.022028230747134e-36
6.42 2.6540612147263298e-36
6.43 2.330898454172615e-36
6.44 2.0470845109066244e-36
6.45 1.7978282096726372e-36
6.46 1.5789217564169993e-36
6.47 1.3866697048550877e-36
6.48 1.2178265721832659e-36
6.49 1.0695420508019638e-36
6.5 9.393128911474653e-37
6.51 8.249406433475192e-37
6.5200000000000005 7.244945443208883e-37
6.53 6.36278923803273e-37
6.54 5.588045790679374e-37
6.55 4.907636351064126e-37
6.5600000000000005 4.31007465874002e-37
6.57 3.785273038799045e-37
6.58 3.324372107848266e-37
6.59 2.9195912152603043e-37
6.6000000000000005 2.564097094937544e-37
6.61 2.251888510248538e-37
6.62 1.977694944782464e-37
6.63 1.736887628680351e-37
6.640000000000001 1.5254013985430886e-37
6.65 1.3396660718029104e-37
6.66 1.1765461770613057e-37
6.67 1.0332880229583241e-37
6.68 9.074732120212172e-38
6.69 7.969778147417081e-38
6.7 6.999365146831754e-38
6.71 6.147111193372508e-38
6.72 5.398629051491791e-38
6.73 4.741283298573482e-38
6.74 4.1639770213736694e-38
6.75 3.6569644846458905e-38
6.76 3.2116866095359465e-38
6.7700000000000005 2.820626484391826e-38
6.78 2.477182468809511e-38
6.79 2.1755567487342456e-38
6.8 1.9106574612719869e-38
6.8100000000000005 1.678012736941137e-38
6.82 1.473695208277786e-38
6.83 1.2942557103945814e-38
6.84 1.13666505426625e-38
6.8500000000000005 9.98262889793366e-39
6.86 8.767127953818534e-39
6.87 7.699628358872121e-39
6.88 6.76210923087149e-39
6.890000000000001 5.938743939185955e-39
6.9 5.215632929176087e-39
6.91 4.580569078321758e-39
6.92 4.022831622966974e-39
6.93 3.533005176874683e-39
6.94 3.102820786373685e-39
6.95 2.725016338886118e-39
6.96 2.3932139683371298e-39
6.97 2.1018123878791282e-39
6.98 1.845892332356577e-39
6.99 1.6211335142481808e-39
7.0 1.4237416911871016e-39
7.01 1.2503846138572633e-39
7.0200000000000005 1.0981357729767531e-39
7.03 9.644249957388927e-40
7.04 8.469950577100932e-40
7.05 7.438635777328532e-40
7.0600000000000005 6.532895525665486e-40
7.07 5.737439663242756e-40
7.08 5.0388397855172924e-40
7.09 4.425302552072813e-40
7.1000000000000005 3.886470598582677e-40
7.11 3.4132476900529646e-40
7.12 2.9976451636866953e-40
7.13 2.6326470691128775e-40
7.140000000000001 2.3120917293575023e-40
7.15 2.0305677231413816e-40
7.16 1.7833225325404425e-40
7.17 1.5661823138538228e-40
7.18 1.3754814373001542e-40
7.19 1.2080006060736813e-40
7.2 1.0609125101235118e-40
7.21 9.317340972161057e-41
7.22 8.182846555499958e-41
7.23 7.186490002987101e-41
7.24 6.311451426193681e-41
7.25 5.542958953347862e-41
7.26 4.86803935953422e-41
7.2700000000000005 4.2752990605605244e-41
7.28 3.7547317733641124e-41
7.29 3.2975495959952e-41
7.3 2.8960346555742166e-41
7.3100000000000005 2.5434088198316954e-41
7.32 2.2337192727810092e-41
7.33 1.9617380228804477e-41
7.34 1.7228736472437554e-41
7.3500000000000005 1.513093782017117e-41
7.36 1.328857050452607e-41
7.37 1.167053279528745e-41
7.38 1.0249509958914682e-41
7.390000000000001 9.001513147738196e-42
7.4 7.905474434748835e-42
7.41 6.942891157601847e-42
7.42 6.097513567866899e-42
7.43 5.3550705126079893e-42
7.44 4.70302851741511e-42
7.45 4.130380203873002e-42
7.46 3.627458469659155e-42
7.47 3.185773294372133e-42
7.48 2.797868416144273e-42
7.49 2.457195459540908e-42
7.5 2.158003389848163e-42
7.51 1.8952414275851928e-42
7.5200000000000005 1.6644737843010454e-42
7.53 1.4618047802783098e-42
7.54 1.2838130800250744e-42
7.55 1.1274939353596012e-42
7.5600000000000005 9.902084610696082e-43
7.57 8.6963908684894e-43
7.58 7.637504334779727e-43
7.59 6.7075495278320544e-43
7.6000000000000005 5.890827513306676e-43
7.61 5.173550884349098e-43
7.62 4.543611010930018e-43
7.63 3.9903736292799314e-43
7.640000000000001 3.50449932068309e-43
7.65 3.0777858490620743e-43
7.66 2.7030296957913166e-43
7.67 2.373904454254425e-43
7.68 2.0848540312759017e-43
7.69 1.830998852518014e-43
7.7 1.6080534884596508e-43
7.71 1.4122543103679044e-43
7.72 1.2402959549953867e-43
7.73 1.0892755254378698e-43
7.74 9.566435861853322e-44
7.75 8.401611250942818e-44
7.76 7.37861755739551e-44
7.7700000000000005 6.48018522068548e-44
7.78 5.691147449741664e-44
7.79 4.998184186358083e-44
7.8 4.3895972440309865e-44
7.8100000000000005 3.855112826253041e-44
7.82 3.385708090497379e-44
7.83 2.9734588300496005e-44
7.84 2.611405702344846e-44
7.8500000000000005 2.293436745557807e-44
7.86 2.0141842001615586e-44
7.87 1.768933893659139e-44
7.88 1.553545658775942e-44
7.890000000000001 1.3643834416610513e-44
7.9 1.1982539202263215e-44
7.91 1.0523525964150932e-44
7.92 9.242164523629665e-45
7.930000000000001 8.116823712206169e-45
7.94 7.128506207240635e-45
7.95 6.260527830640262e-45
7.96 5.498235896661087e-45
7.97 4.8287618541328116e-45
7.98 4.240804047364991e-45
7.99 3.724436928434335e-45
8.0 3.270943500090399e-45
8.01 2.872668160682552e-45
8.02 2.5228874669253967e-45
8.03 2.215696632797645e-45
8.040000000000001 1.9459098485171774e-45
8.05 1.7089727368385954e-45
8.06 1.500885468812003e-45
8.07 1.3181352410911797e-45
8.08 1.15763697491308e-45
8.09 1.0166812356648056e-45
8.1 8.92888493848018e-46
8.11 7.841689553017576e-46
8.120000000000001 6.886872825619694e-46
8.13 6.0483161180499805e-46
8.14 5.311863423377713e-46
8.15 4.6650823928354804e-46
8.16 4.097054460429749e-46
8.17 3.598190522316786e-46
8.18 3.160069059353513e-46
8.19 2.7752939701073664e-46
8.2 2.437369714347364e-46
8.21 2.1405916592640298e-46
8.22 1.8799497773105733e-46
8.23 1.6510440699489565e-46
8.24 1.4500102895372406e-46
8.25 1.2734547054391492e-46
8.26 1.1183968131168635e-46
8.27 9.822190190569818e-47
8.28 8.626224521407539e-47
8.290000000000001 7.575881554927794e-47
8.3 6.653430036728495e-47
8.31 5.843297698450206e-47
8.32 5.131808376165286e-47
8.33 4.506951137653896e-47
8.34 3.958177521113567e-47
8.35 3.4762234624101835e-47
8.36 3.0529529047527933e-47
8.370000000000001 2.6812204507060523e-47
8.38 2.354750737914406e-47
8.39 2.0680325022316983e-47
8.4 1.8162255398949822e-47
8.41 1.5950789981332678e-47
8.42 1.4008596148433093e-47
8.43 1.230288695917609e-47
8.44 1.0804867663145049e-47
8.45 9.489249605029084e-48
8.46 8.333823316844934e-48
8.47 7.319083591138968e-48
8.48 6.42790020587575e-48
8.49 5.645228742396041e-48
8.5 4.957856614644344e-48
8.51 4.354180022285489e-48
8.52 3.8240080623691245e-48
8.53 3.358390692672438e-48
8.540000000000001 2.949467642503097e-48
8.55 2.5903357203656717e-48
8.56 2.274932278459568e-48
8.57 1.9979328667276592e-48
8.58 1.7546613487120955e-48
8.59 1.541010961848235e-48
8.6 1.3533749895838544e-48
8.61 1.1885858749728072e-48
8.620000000000001 1.0438617478953504e-48
8.63 9.167594632100908e-49
8.64 8.05133357055929e-49
8.65 7.070990250532005e-49
8.66 6.2100151092913606e-49
8.67 5.453873685475106e-49
8.68 4.789801257103875e-49
8.69 4.2065873552689886e-49
8.700000000000001 3.6943865157795394e-49
8.71 3.24455207399375e-49
8.72 2.8494901970580647e-49
8.73 2.5025316894160737e-49
8.74 2.197819407484687e-49
8.75 1.9302093829003656e-49
8.76 1.6951839851576016e-49
8.77 1.4887756577044576e-49
8.78 1.3074999400535546e-49
8.790000000000001 1.1482966452285949e-49
8.8 1.0084781995395541e-49
8.81 8.85684272589752e-50
8.82 7.778419316064465e-50
8.83 6.831306474440379e-50
8.84 5.999515615126677e-50
8.85 5.2690049481490235e-50
8.86 4.627442434455985e-50
8.870000000000001 4.0639976038979263e-50
8.88 3.5691587217831605e-50
8.89 3.134572217528538e-50
8.9 2.752901664735411e-50
8.91 2.417703932078539e-50
8.92 2.1233204142618434e-50
8.93 1.864781506867577e-50
8.94 1.637722712501782e-50
8.950000000000001 1.4383109619901348e-50
8.96 1.263179906823674e-50
8.97 1.1093730905000452e-50
8.98 9.742940394138289e-51
8.99 8.556624307602826e-51
9.0 7.514755975055314e-51
9.01 6.599747205735519e-51
9.02 5.796151375267135e-51
9.03 5.09040266509216e-51
9.040000000000001 4.4705870525306546e-51
9.05 3.926241185459039e-51
9.06 3.4481757463303744e-51
9.07 3.0283203236764275e-51
9.08 2.659587172304444e-51
9.09 2.335751562271732e-51
9.1 2.0513466967610705e-51
9.11 1.801571424924946e-51
9.120000000000001 1.5822091917620137e-51
9.13 1.3895568567871413e-51
9.14 1.2203621798542915e-51
9.15 1.0717689188063595e-51
9.16 9.412686121234007e-52
9.17 8.266582325931396e-52
9.18 7.260029971385303e-52
9.19 6.3760370498063395e-52
9.200000000000001 5.599680527592194e-52
9.21 4.9178544237047706e-52
9.22 4.3190485624279666e-52
9.23 3.793154265546215e-52
9.24 3.3312937037557128e-52
9.25 2.9256700265219133e-52
9.26 2.569435740366808e-52
9.27 2.256577113627165e-52
9.28 1.9818126562756104e-52
9.290000000000001 1.7405039610018458e-52
9.3 1.5285774004270066e-52
9.31 1.3424553585912468e-52
9.32 1.1789958358058378e-52
9.33 1.0354394073156855e-52
9.34 9.093626403603656e-53
9.35 7.986371832485778e-53
9.36 7.013938358128109e-53
9.370000000000001 6.159909947031259e-53
9.38 5.409869408327947e-53
9.39 4.751155011489728e-53
9.4 4.172646738654055e-53
9.41 3.664578563211537e-53
9.42 3.218373585653959e-53
9.43 2.82649924354681e-53
9.44 2.482340151367896e-53
9.450000000000001 2.1800864235720306e-53
9.46 1.9146355956189967e-53
9.47 1.6815064872542376e-53
9.48 1.47676355393571e-53
9.49 1.2969504493520852e-53
9.5 1.1390316774758238e-53
9.51 1.000341349156048e-53
9.52 8.785381781909067e-54
9.53 7.715659571506885e-54
9.540000000000001 6.776188457281582e-54
9.55 5.95110885635266e-54
9.56 5.226492274148963e-54
9.57 4.590106171991699e-54
9.58 4.0312074647784104e-54
9.59 3.540361162721006e-54
9.6 3.109281095556869e-54
9.61 2.730690030436639e-54
9.620000000000001 2.398196822082554e-54
9.63 2.1061885213413608e-54
9.64 1.8497356207727754e-54
9.65 1.6245088376878028e-54
9.66 1.426706029818062e-54
9.67 1.2529880098506228e-54
9.68 1.1004221752883849e-54
9.69 9.664330020291123e-55
9.700000000000001 8.487585659260336e-55
9.71 7.454123583531527e-55
9.72 6.54649751168488e-55
9.73 5.749385449575932e-55
9.74 5.049331033700785e-55
9.75 4.434516369010189e-55
9.76 3.8945625263564185e-55
9.77 3.4203543316912326e-55
9.78 3.0038864892134358e-55
9.790000000000001 2.638128440808958e-55
9.8 2.3169056804232306e-55
9.81 2.0347955197857784e-55
9.82 1.7870355458682076e-55
9.83 1.5694432247092271e-55
9.84 1.378345294407098e-55
9.85 1.2105157553349542e-55
9.86 1.0631214107670181e-55
9.870000000000001 9.336740385658743e-56
9.88 8.199883865221125e-56
9.89 7.201452822485e-56
9.9 6.324592348733057e-56
9.91 5.554499816031692e-56
9.92 4.878174988222855e-56
9.93 4.284200558804728e-56
9.94 3.7625494108707257e-56
9.950000000000001 3.3044153453901147e-56
9.96 2.902064420284487e-56
9.97 2.548704390696566e-56
9.98 2.2383700464234878e-56
9.99 1.9658225108469403e-56
