0.005 4.528658934719794e-15
0.02535714285714286 2.1799155309496224e-07
0.045714285714285714 0.00020835627956559947
0.06607142857142857 0.010926608031644955
0.08642857142857144 0.21384698253162196
0.10678571428571429 2.0491839746300315
0.12714285714285714 10.570553469770626
0.14750000000000002 33.95701572326183
0.16785714285714287 77.22413992591969
0.18821428571428572 137.0645818467274
0.20857142857142857 204.07326033955766
0.22892857142857145 268.568496193595
0.2492857142857143 324.1787086948414
0.2696428571428572 368.20877155420385
0.29000000000000004 400.5062712238432
0.3103571428571429 422.2428572348685
0.33071428571428574 435.07323533138526
0.3510714285714286 440.68402090234684
0.37142857142857144 440.596640419163
0.3917857142857143 436.0981489236809
0.41214285714285714 428.2452780406386
0.43250000000000005 417.88973316679625
0.4528571428571429 405.71191169710204
0.47321428571428575 392.25252480623925
0.4935714285714286 377.939493571513
0.5139285714285715 363.1114490012427
0.5342857142857144 348.0346878057227
0.5546428571428572 332.91798121356635
0.5750000000000001 317.9239530630562
0.5953571428571429 303.1777750604761
0.6157142857142858 288.7747585083529
0.6360714285714286 274.7856927272786
0.6564285714285715 261.26182651978456
0.6767857142857143 248.2384138625403
0.6971428571428572 235.7380050294166
0.7175 223.7728095454309
0.7378571428571429 212.34688871302004
0.7582142857142857 201.45778786826918
0.7785714285714286 191.09801579392007
0.7989285714285714 181.25616610145616
0.8192857142857143 171.91786219319067
0.8396428571428572 163.0666063425266
0.8600000000000001 154.68432382789473
0.880357142857143 146.75195970413628
0.9007142857142858 139.24987078527315
0.9210714285714287 132.15816510434507
0.9414285714285715 125.45697179025882
0.9617857142857144 119.12663901383834
0.9821428571428572 113.14793628565303
1.0025 107.5021205564763
1.022857142857143 102.17100987931767
1.0432142857142856 97.13736917924672
1.0635714285714286 92.38422360791188
1.0839285714285714 87.89571363902022
1.1042857142857143 83.65660139682416
1.124642857142857 79.65245827957321
1.145 75.86939622932258
1.1653571428571428 72.29453499368846
1.1857142857142857 68.91573287271285
1.2060714285714285 65.7211961381564
1.2264285714285714 62.70012163327835
1.2467857142857142 59.842218143846594
1.2671428571428571 57.137787519849326
1.2874999999999999 54.577740834339465
1.3078571428571428 52.15355213629856
1.3282142857142858 49.85722056682426
1.3485714285714285 47.681182025215456
1.3689285714285715 45.61839452130836
1.3892857142857142 43.662248505489785
1.4096428571428572 41.81209559620661
1.43 40.06287626321745
1.450357142857143 38.40088506032865
1.4707142857142856 36.821087878548596
1.4910714285714286 35.323027919696905
1.5114285714285713 33.90498191370326
1.5317857142857143 32.555023424719224
1.552142857142857 31.269435838543675
1.5725 30.044744379740074
1.5928571428571427 28.87751871637054
1.6132142857142857 27.76483659938273
1.6335714285714285 26.703673012665174
1.6539285714285714 25.691292963504793
1.6742857142857144 24.725087817264182
1.6946428571428571 23.802700380850755
1.715 22.92173848911328
1.7353571428571428 22.08018290795712
1.7557142857142858 21.275845426681677
1.7760714285714285 20.506884193256788
1.7964285714285715 19.771565877909588
1.8167857142857142 19.068975772183716
1.8371428571428572 18.39973198746992
1.8575 17.758824180636218
1.877857142857143 17.144882046606476
1.8982142857142856 16.556602372616016
1.9185714285714286 15.992729725210427
1.9389285714285713 15.452085048866184
1.9592857142857143 14.933552384916958
1.9796428571428573 14.436079247801228
2.0 13.958667979576791
