0.0 0.07150022271539912
0.01 0.13789218107227963
0.02 0.19960052731918163
0.03 0.2569965430676989
0.04 0.3104082933882165
0.05 0.36012839955448683
0.06 0.4064200669073282
0.07 0.44952181186868145
0.08 0.48965120434419457
0.09 0.5270078550432553
0.1 0.5617758172459844
0.11 0.5941255302656752
0.12 0.6242154015408884
0.13 0.6521931021909438
0.14 0.6781966344902316
0.15 0.702355217381082
0.16 0.7247900267052722
0.17 0.7456148194991079
0.18 0.7649364659149376
0.19 0.7828554077153088
0.2 0.7994660585599406
0.21 0.8148571582733949
0.22 0.8291120907999299
0.23 0.842309173516061
0.24 0.8545219239013587
0.25 0.8658193082024361
0.26 0.8762659756149616
0.27 0.8859224806137647
0.28 0.8948454953480358
0.29 0.9030880134584146
0.3 0.9106995462404279
0.31 0.9177263117524536
0.32 0.9242114172270705
0.33 0.9301950349757209
0.34 0.935714571863698
0.35000000000000003 0.9408048323633291
0.36 0.9454981751574597
0.37 0.9498246632543108
0.38 0.9538122075814063
0.39 0.9574867040447762
0.4 0.9608721640655504
0.41000000000000003 0.9639908386358177
0.42 0.9668633359666234
0.43 0.9695087328312584
0.44 0.9719446797352443
0.45 0.9741875000697339
0.46 0.9762522834269419
0.47000000000000003 0.9781529732744472
0.48 0.9799024491997516
0.49 0.9815126039474679
0.5 0.9829944154791614
0.51 0.9843580142904822
0.52 0.9856127462221312
0.53 0.9867672310007234
0.54 0.9878294167431135
0.55 0.9888066306535316
0.56 0.989705626137253
0.5700000000000001 0.9905326265477906
0.58 0.9912933657769688
0.59 0.991993125888973
0.6 0.9926367719907344
0.61 0.9932287845219969
0.62 0.9937732891392422
0.63 0.9942740843584603
0.64 0.9947346671126301
0.65 0.9951582563708099
0.66 0.9955478149569826
0.67 0.9959060696983234
0.68 0.996235530024368
0.6900000000000001 0.9965385051307277
0.7000000000000001 0.9968171198134885
0.71 0.9970733290733012
0.72 0.9973089315814122
0.73 0.9975255820934674
0.74 0.9977248028909014
0.75 0.9979079943240348
0.76 0.9980764445256677
0.77 0.9982313383589643
0.78 0.998373765658734
0.79 0.9985047288208562
0.8 0.9986251497905068
0.81 0.9987358764960556
0.8200000000000001 0.9988376887719589
0.8300000000000001 0.9989313038106903
0.84 0.9990173811806959
0.85 0.9990965274445301
0.86 0.9991693004086943
0.87 0.9992362130342761
0.88 0.9992977370352177
0.89 0.9993543061889723
0.9 0.9994063193823618
0.91 0.9994541434136748
0.92 0.9994981155703914
0.93 0.9995385460003965
0.9400000000000001 0.9995757198931424
0.9500000000000001 0.999609899485916
0.96 0.9996413259091749
0.97 0.9996702208838075
0.98 0.9996967882821558
0.99 0.999721215563697
1.0 0.999743675095418
1.01 0.9997643253661173
1.02 0.99978331210313
1.03 0.9998007692993011
1.04 0.9998168201574016
1.05 0.9998315779586114
1.06 0.999845146861164
1.07 0.999857622634754
1.08 0.999869093335874
1.09 0.9998796399288175
1.1 0.9998893368567163
1.11 0.9998982525666301
1.12 0.9999064499923758
1.1300000000000001 0.9999139869984986
1.1400000000000001 0.9999209167885075
1.1500000000000001 0.9999272882802478
1.16 0.9999331464510574
1.17 0.9999385326551328
1.18 0.9999434849153446
1.19 0.9999480381915566
1.2 0.9999522246273386
1.21 0.9999560737768136
1.22 0.9999596128132364
1.23 0.9999628667207757
1.24 0.9999658584708505
1.25 0.9999686091842649
1.26 0.999971138280284
1.27 0.9999734636137049
1.28 0.9999756016008841
1.29 0.9999775673356163
1.3 0.9999793746956795
1.31 0.9999810364407953
1.32 0.9999825643027017
1.33 0.9999839690679674
1.34 0.9999852606541374
1.35 0.9999864481797424
1.36 0.9999875400286706
1.37 0.9999885439093529
1.3800000000000001 0.9999894669091797
1.3900000000000001 0.9999903155445348
1.4000000000000001 0.9999910958067982
1.41 0.9999918132046435
1.42 0.9999924728029265
1.43 0.9999930792584417
1.44 0.9999936368527987
1.45 0.9999941495226483
1.46 0.9999946208874757
1.47 0.9999950542751523
1.48 0.9999954527454307
1.49 0.9999958191115458
1.5 0.9999961559600765
1.51 0.9999964656692062
1.52 0.9999967504255126
1.53 0.9999970122394054
1.54 0.9999972529593192
1.55 0.9999974742847633
1.56 0.9999976777783213
1.57 0.9999978648766815
1.58 0.9999980369007808
1.59 0.9999981950651309
1.6 0.9999983404863915
1.61 0.9999984741912553
1.62 0.999998597123696
1.6300000000000001 0.9999987101516326
1.6400000000000001 0.9999988140730572
1.6500000000000001 0.9999989096216692
1.6600000000000001 0.9999989974720545
1.67 0.9999990782444488
1.68 0.9999991525091162
1.69 0.9999992207903757
1.7 0.9999992835703025
1.71 0.9999993412921315
1.72 0.9999993943633871
1.73 0.9999994431587601
1.74 0.9999994880227522
1.75 0.99999952927211
1.76 0.9999995671980599
1.77 0.9999996020683644
1.78 0.9999996341292129
1.79 0.9999996636069595
1.8 0.9999996907097217
1.81 0.9999997156288487
1.82 0.9999997385402734
1.83 0.9999997596057537
1.84 0.9999997789740149
1.85 0.9999997967817998
1.86 0.9999998131548341
1.87 0.9999998282087137
1.8800000000000001 0.9999998420497211
1.8900000000000001 0.9999998547755762
1.9000000000000001 0.9999998664761252
1.9100000000000001 0.9999998772339757
1.92 0.9999998871250798
1.93 0.99999989621927
1.94 0.9999999045807528
1.95 0.9999999122685616
1.96 0.9999999193369733
1.97 0.9999999258358919
1.98 0.9999999318112008
1.99 0.9999999373050866
2.0 0.999999942356337
2.0100000000000002 0.9999999470006147
2.02 0.9999999512707085
2.0300000000000002 0.9999999551967662
2.04 0.9999999588065066
2.05 0.9999999621254146
2.06 0.9999999651769224
2.07 0.999999967982574
2.08 0.9999999705621778
2.09 0.9999999729339463
2.1 0.9999999751146241
2.11 0.9999999771196076
2.12 0.9999999789630523
2.13 0.9999999806579728
2.14 0.9999999822163356
2.15 0.9999999836491431
2.16 0.9999999849665112
2.17 0.9999999861777407
2.18 0.9999999872913826
2.19 0.9999999883152999
2.2 0.9999999892567216
2.21 0.999999990122294
2.22 0.9999999909181285
2.23 0.9999999916498434
2.24 0.9999999923226052
2.25 0.9999999929411632
2.2600000000000002 0.9999999935098848
2.27 0.9999999940327852
2.2800000000000002 0.9999999945135564
2.29 0.9999999949555922
2.3000000000000003 0.9999999953620138
2.31 0.9999999957356906
2.32 0.9999999960792608
2.33 0.9999999963951498
2.34 0.9999999966855881
2.35 0.9999999969526262
2.36 0.9999999971981494
2.37 0.999999997423891
2.38 0.9999999976314449
2.39 0.9999999978222763
2.4 0.9999999979977329
2.41 0.9999999981590533
2.42 0.9999999983073758
2.43 0.9999999984437484
2.44 0.9999999985691337
2.45 0.9999999986844168
2.46 0.9999999987904117
2.47 0.999999998887867
2.48 0.99999999897747
2.49 0.9999999990598541
2.5 0.9999999991356007
2.5100000000000002 0.9999999992052443
2.52 0.9999999992692767
2.5300000000000002 0.9999999993281502
2.54 0.9999999993822803
2.5500000000000003 0.9999999994320493
2.56 0.9999999994778085
2.57 0.9999999995198808
2.58 0.9999999995585634
2.59 0.9999999995941296
2.6 0.99999999962683
2.61 0.9999999996568958
2.62 0.9999999996845393
2.63 0.9999999997099557
2.64 0.9999999997333242
2.65 0.99999999975481
2.66 0.9999999997745648
2.67 0.9999999997927277
2.68 0.9999999998094276
2.69 0.9999999998247818
2.7 0.999999999838899
2.71 0.9999999998518787
2.72 0.9999999998638127
2.73 0.9999999998747852
2.74 0.9999999998848738
2.75 0.9999999998941492
2.7600000000000002 0.9999999999026775
2.77 0.9999999999105188
2.7800000000000002 0.9999999999177281
2.79 0.9999999999243566
2.8000000000000003 0.9999999999304512
2.81 0.9999999999360546
2.82 0.9999999999412067
2.83 0.9999999999459438
2.84 0.999999999950299
2.85 0.9999999999543033
2.86 0.999999999957985
2.87 0.9999999999613702
2.88 0.9999999999644826
2.89 0.9999999999673442
2.9 0.9999999999699754
2.91 0.9999999999723944
2.92 0.9999999999746186
2.93 0.9999999999766637
2.94 0.9999999999785439
2.95 0.9999999999802726
2.96 0.9999999999818621
2.97 0.9999999999833235
2.98 0.999999999984667
2.99 0.9999999999859025
3.0 0.9999999999870384
3.0100000000000002 0.9999999999880826
3.02 0.9999999999890429
3.0300000000000002 0.9999999999899257
3.04 0.9999999999907375
3.0500000000000003 0.9999999999914838
3.06 0.9999999999921699
3.0700000000000003 0.9999999999928009
3.08 0.9999999999933811
3.09 0.9999999999939143
3.1 0.9999999999944047
3.11 0.9999999999948556
3.12 0.9999999999952701
3.13 0.9999999999956513
3.14 0.9999999999960016
3.15 0.9999999999963239
3.16 0.9999999999966201
3.17 0.9999999999968926
3.18 0.9999999999971428
3.19 0.9999999999973731
3.2 0.9999999999975848
3.21 0.9999999999977794
3.22 0.9999999999979584
3.23 0.9999999999981228
3.24 0.9999999999982743
3.25 0.9999999999984133
3.2600000000000002 0.9999999999985411
3.27 0.9999999999986587
3.2800000000000002 0.999999999998767
3.29 0.9999999999988661
3.3000000000000003 0.9999999999989577
3.31 0.9999999999990418
3.3200000000000003 0.9999999999991188
3.33 0.9999999999991899
3.34 0.9999999999992553
3.35 0.9999999999993151
3.36 0.9999999999993704
3.37 0.9999999999994211
3.38 0.9999999999994678
3.39 0.9999999999995106
3.4 0.9999999999995501
3.41 0.9999999999995864
3.42 0.9999999999996197
3.43 0.9999999999996505
3.44 0.9999999999996787
3.45 0.9999999999997047
3.46 0.9999999999997284
3.47 0.9999999999997503
3.48 0.9999999999997704
3.49 0.999999999999789
3.5 0.9999999999998059
3.5100000000000002 0.9999999999998217
3.52 0.9999999999998361
3.5300000000000002 0.9999999999998493
3.54 0.9999999999998616
3.5500000000000003 0.9999999999998728
3.56 0.999999999999883
3.5700000000000003 0.9999999999998925
3.58 0.9999999999999013
3.59 0.9999999999999092
3.6 0.9999999999999165
3.61 0.9999999999999235
3.62 0.9999999999999295
3.63 0.9999999999999354
3.64 0.9999999999999407
3.65 0.9999999999999455
3.66 0.9999999999999498
3.67 0.999999999999954
3.68 0.9999999999999577
3.69 0.9999999999999611
3.7 0.9999999999999643
3.71 0.9999999999999672
3.72 0.99999999999997
3.73 0.9999999999999724
3.74 0.9999999999999746
3.75 0.9999999999999768
3.7600000000000002 0.9999999999999786
3.77 0.9999999999999805
3.7800000000000002 0.999999999999982
3.79 0.9999999999999836
3.8000000000000003 0.999999999999985
3.81 0.9999999999999862
3.8200000000000003 0.9999999999999873
3.83 0.9999999999999885
3.84 0.9999999999999893
3.85 0.9999999999999903
3.86 0.999999999999991
3.87 0.9999999999999918
3.88 0.9999999999999925
3.89 0.999999999999993
3.9 0.9999999999999938
3.91 0.9999999999999943
3.92 0.9999999999999947
3.93 0.9999999999999952
3.94 0.9999999999999956
3.95 0.999999999999996
3.96 0.9999999999999963
3.97 0.9999999999999967
3.98 0.9999999999999971
3.99 0.9999999999999972
4.0 0.9999999999999977
4.01 0.9999999999999978
4.0200000000000005 0.999999999999998
4.03 0.9999999999999983
4.04 0.9999999999999986
4.05 0.9999999999999986
4.0600000000000005 0.9999999999999987
4.07 0.9999999999999989
4.08 0.9999999999999989
4.09 0.9999999999999991
4.1 0.9999999999999992
4.11 0.9999999999999992
4.12 0.9999999999999994
4.13 0.9999999999999997
4.14 0.9999999999999997
4.15 0.9999999999999998
4.16 0.9999999999999998
4.17 1.0
4.18 1.0
4.19 1.0
4.2 1.0
4.21 1.0
4.22 1.0
4.23 1.0
4.24 1.0
4.25 1.0
4.26 1.0
4.2700000000000005 1.0
4.28 1.0
4.29 1.0
4.3 1.0
4.3100000000000005 1.0
4.32 1.0
4.33 1.0
4.34 1.0
4.3500000000000005 1.0
4.36 1.0
4.37 1.0
4.38 1.0
4.39 1.0
4.4 1.0
4.41 1.0
4.42 1.0
4.43 1.0
4.44 1.0
4.45 1.0
4.46 1.0
4.47 1.0
4.48 1.0
4.49 1.0
4.5 1.0
4.51 1.0
4.5200000000000005 1.0
4.53 1.0
4.54 1.0
4.55 1.0
4.5600000000000005 1.0
4.57 1.0
4.58 1.0
4.59 1.0
4.6000000000000005 1.0
4.61 1.0
4.62 1.0
4.63 1.0
4.64 1.0
4.65 1.0
4.66 1.0
4.67 1.0
4.68 1.0
4.69 1.0
4.7 1.0
4.71 1.0
4.72 1.0
4.73 1.0
4.74 1.0
4.75 1.0
4.76 1.0
4.7700000000000005 1.0
4.78 1.0
4.79 1.0
4.8 1.0
4.8100000000000005 1.0
4.82 1.0
4.83 1.0
4.84 1.0
4.8500000000000005 1.0
4.86 1.0
4.87 1.0
4.88 1.0
4.89 1.0
4.9 1.0
4.91 1.0
4.92 1.0
4.93 1.0
4.94 1.0
4.95 1.0
4.96 1.0
4.97 1.0
4.98 1.0
4.99 1.0
5.0 1.0
5.01 1.0
5.0200000000000005 1.0
5.03 1.0
5.04 1.0
5.05 1.0
5.0600000000000005 1.0
5.07 1.0
5.08 1.0
5.09 1.0
5.1000000000000005 1.0
5.11 1.0
5.12 1.0
5.13 1.0
5.14 1.0
5.15 1.0
5.16 1.0
5.17 1.0
5.18 1.0
5.19 1.0
5.2 1.0
5.21 1.0
5.22 1.0
5.23 1.0
5.24 1.0
5.25 1.0
5.26 1.0
5.2700000000000005 1.0
5.28 1.0
5.29 1.0
5.3 1.0
5.3100000000000005 1.0
5.32 1.0
5.33 1.0
5.34 1.0
5.3500000000000005 1.0
5.36 1.0
5.37 1.0
5.38 1.0
5.39 1.0
5.4 1.0
5.41 1.0
5.42 1.0
5.43 1.0
5.44 1.0
5.45 1.0
5.46 1.0
5.47 1.0
5.48 1.0
5.49 1.0
5.5 1.0
5.51 1.0
5.5200000000000005 1.0
5.53 1.0
5.54 1.0
5.55 1.0
5.5600000000000005 1.0
5.57 1.0
5.58 1.0
5.59 1.0
5.6000000000000005 1.0
5.61 1.0
5.62 1.0
5.63 1.0
5.64 1.0
5.65 1.0
5.66 1.0
5.67 1.0
5.68 1.0
5.69 1.0
5.7 1.0
5.71 1.0
5.72 1.0
5.73 1.0
5.74 1.0
5.75 1.0
5.76 1.0
5.7700000000000005 1.0
5.78 1.0
5.79 1.0
5.8 1.0
5.8100000000000005 1.0
5.82 1.0
5.83 1.0
5.84 1.0
5.8500000000000005 1.0
5.86 1.0
5.87 1.0
5.88 1.0
5.89 1.0
5.9 1.0
5.91 1.0
5.92 1.0
5.93 1.0
5.94 1.0
5.95 1.0
5.96 1.0
5.97 1.0
5.98 1.0
5.99 1.0
6.0 1.0
6.01 1.0
6.0200000000000005 1.0
6.03 1.0
6.04 1.0
6.05 1.0
6.0600000000000005 1.0
6.07 1.0
6.08 1.0
6.09 1.0
6.1000000000000005 1.0
6.11 1.0
6.12 1.0
6.13 1.0
6.140000000000001 1.0
6.15 1.0
6.16 1.0
6.17 1.0
6.18 1.0
6.19 1.0
6.2 1.0
6.21 1.0
6.22 1.0
6.23 1.0
6.24 1.0
6.25 1.0
6.26 1.0
6.2700000000000005 1.0
6.28 1.0
6.29 1.0
6.3 1.0
6.3100000000000005 1.0
6.32 1.0
6.33 1.0
6.34 1.0
6.3500000000000005 1.0
6.36 1.0
6.37 1.0
6.38 1.0
6.390000000000001 1.0
6.4 1.0
6.41 1.0
6.42 1.0
6.43 1.0
6.44 1.0
6.45 1.0
6.46 1.0
6.47 1.0
6.48 1.0
6.49 1.0
6.5 1.0
6.51 1.0
6.5200000000000005 1.0
6.53 1.0
6.54 1.0
6.55 1.0
6.5600000000000005 1.0
6.57 1.0
6.58 1.0
6.59 1.0
6.6000000000000005 1.0
6.61 1.0
6.62 1.0
6.63 1.0
6.640000000000001 1.0
6.65 1.0
6.66 1.0
6.67 1.0
6.68 1.0
6.69 1.0
6.7 1.0
6.71 1.0
6.72 1.0
6.73 1.0
6.74 1.0
6.75 1.0
6.76 1.0
6.7700000000000005 1.0
6.78 1.0
6.79 1.0
6.8 1.0
6.8100000000000005 1.0
6.82 1.0
6.83 1.0
6.84 1.0
6.8500000000000005 1.0
6.86 1.0
6.87 1.0
6.88 1.0
6.890000000000001 1.0
6.9 1.0
6.91 1.0
6.92 1.0
6.93 1.0
6.94 1.0
6.95 1.0
6.96 1.0
6.97 1.0
6.98 1.0
6.99 1.0
7.0 1.0
7.01 1.0
7.0200000000000005 1.0
7.03 1.0
7.04 1.0
7.05 1.0
7.0600000000000005 1.0
7.07 1.0
7.08 1.0
7.09 1.0
7.1000000000000005 1.0
7.11 1.0
7.12 1.0
7.13 1.0
7.140000000000001 1.0
7.15 1.0
7.16 1.0
7.17 1.0
7.18 1.0
7.19 1.0
7.2 1.0
7.21 1.0
7.22 1.0
7.23 1.0
7.24 1.0
7.25 1.0
7.26 1.0
7.2700000000000005 1.0
7.28 1.0
7.29 1.0
7.3 1.0
7.3100000000000005 1.0
7.32 1.0
7.33 1.0
7.34 1.0
7.3500000000000005 1.0
7.36 1.0
7.37 1.0
7.38 1.0
7.390000000000001 1.0
7.4 1.0
7.41 1.0
7.42 1.0
7.43 1.0
7.44 1.0
7.45 1.0
7.46 1.0
7.47 1.0
7.48 1.0
7.49 1.0
7.5 1.0
7.51 1.0
7.5200000000000005 1.0
7.53 1.0
7.54 1.0
7.55 1.0
7.5600000000000005 1.0
7.57 1.0
7.58 1.0
7.59 1.0
7.6000000000000005 1.0
7.61 1.0
7.62 1.0
7.63 1.0
7.640000000000001 1.0
7.65 1.0
7.66 1.0
7.67 1.0
7.68 1.0
7.69 1.0
7.7 1.0
7.71 1.0
7.72 1.0
7.73 1.0
7.74 1.0
7.75 1.0
7.76 1.0
7.7700000000000005 1.0
7.78 1.0
7.79 1.0
7.8 1.0
7.8100000000000005 1.0
7.82 1.0
7.83 1.0
7.84 1.0
7.8500000000000005 1.0
7.86 1.0
7.87 1.0
7.88 1.0
7.890000000000001 1.0
7.9 1.0
7.91 1.0
7.92 1.0
7.930000000000001 1.0
7.94 1.0
7.95 1.0
7.96 1.0
7.97 1.0
7.98 1.0
7.99 1.0
8.0 1.0
8.01 1.0
8.02 1.0
8.03 1.0
8.040000000000001 1.0
8.05 1.0
8.06 1.0
8.07 1.0
8.08 1.0
8.09 1.0
8.1 1.0
8.11 1.0
8.120000000000001 1.0
8.13 1.0
8.14 1.0
8.15 1.0
8.16 1.0
8.17 1.0
8.18 1.0
8.19 1.0
8.2 1.0
8.21 1.0
8.22 1.0
8.23 1.0
8.24 1.0
8.25 1.0
8.26 1.0
8.27 1.0
8.28 1.0
8.290000000000001 1.0
8.3 1.0
8.31 1.0
8.32 1.0
8.33 1.0
8.34 1.0
8.35 1.0
8.36 1.0
8.370000000000001 1.0
8.38 1.0
8.39 1.0
8.4 1.0
8.41 1.0
8.42 1.0
8.43 1.0
8.44 1.0
8.45 1.0
8.46 1.0
8.47 1.0
8.48 1.0
8.49 1.0
8.5 1.0
8.51 1.0
8.52 1.0
8.53 1.0
8.540000000000001 1.0
8.55 1.0
8.56 1.0
8.57 1.0
8.58 1.0
8.59 1.0
8.6 1.0
8.61 1.0
8.620000000000001 1.0
8.63 1.0
8.64 1.0
8.65 1.0
8.66 1.0
8.67 1.0
8.68 1.0
8.69 1.0
8.700000000000001 1.0
8.71 1.0
8.72 1.0
8.73 1.0
8.74 1.0
8.75 1.0
8.76 1.0
8.77 1.0
8.78 1.0
8.790000000000001 1.0
8.8 1.0
8.81 1.0
8.82 1.0
8.83 1.0
8.84 1.0
8.85 1.0
8.86 1.0
8.870000000000001 1.0
8.88 1.0
8.89 1.0
8.9 1.0
8.91 1.0
8.92 1.0
8.93 1.0
8.94 1.0
8.950000000000001 1.0
8.96 1.0
8.97 1.0
8.98 1.0
8.99 1.0
9.0 1.0
9.01 1.0
9.02 1.0
9.03 1.0
9.040000000000001 1.0
9.05 1.0
9.06 1.0
9.07 1.0
9.08 1.0
9.09 1.0
9.1 1.0
9.11 1.0
9.120000000000001 1.0
9.13 1.0
9.14 1.0
9.15 1.0
9.16 1.0
9.17 1.0
9.18 1.0
9.19 1.0
9.200000000000001 1.0
9.21 1.0
9.22 1.0
9.23 1.0
9.24 1.0
9.25 1.0
9.26 1.0
9.27 1.0
9.28 1.0
9.290000000000001 1.0
9.3 1.0
9.31 1.0
9.32 1.0
9.33 1.0
9.34 1.0
9.35 1.0
9.36 1.0
9.370000000000001 1.0
9.38 1.0
9.39 1.0
9.4 1.0
9.41 1.0
9.42 1.0
9.43 1.0
9.44 1.0
9.450000000000001 1.0
9.46 1.0
9.47 1.0
9.48 1.0
9.49 1.0
9.5 1.0
9.51 1.0
9.52 1.0
9.53 1.0
9.540000000000001 1.0
9.55 1.0
9.56 1.0
9.57 1.0
9.58 1.0
9.59 1.0
9.6 1.0
9.61 1.0
9.620000000000001 1.0
9.63 1.0
9.64 1.0
9.65 1.0
9.66 1.0
9.67 1.0
9.68 1.0
9.69 1.0
9.700000000000001 1.0
9.71 1.0
9.72 1.0
9.73 1.0
9.74 1.0
9.75 1.0
9.76 1.0
9.77 1.0
9.78 1.0
9.790000000000001 1.0
9.8 1.0
9.81 1.0
9.82 1.0
9.83 1.0
9.84 1.0
9.85 1.0
9.86 1.0
9.870000000000001 1.0
9.88 1.0
9.89 1.0
9.9 1.0
9.91 1.0
9.92 1.0
9.93 1.0
9.94 1.0
9.950000000000001 1.0
9.96 1.0
9.97 1.0
9.98 1.0
9.99 1.0
