0.0 0.04999999999989628
0.01 0.0481711479323715
0.02 0.04637478671794734
0.03 0.04461127866103157
0.04 0.042880978290488536
0.05 0.04118420966252681
0.06 0.03952127474750064
0.07 0.037892451466973884
0.08 0.03629799333140882
0.09 0.034738133094977114
0.1 0.0332130830596022
0.11 0.031723029538633596
0.12 0.030268136256748124
0.13 0.028848547020931273
0.14 0.027464383283292523
0.15 0.026115744658844767
0.16 0.0248027095181141
0.17 0.023525334481705282
0.18 0.022283652865528636
0.19 0.021077678724092594
0.2 0.01990740590492346
0.21 0.018772808194884014
0.22 0.01767383838125247
0.23 0.016610428239408587
0.24 0.015582491561285869
0.25 0.014589923222836684
0.26 0.013632599484960109
0.27 0.012710376536666339
0.28 0.011823092220852635
0.29 0.010970567564808992
0.3 0.010152606293835124
0.31 0.009368995091798643
0.32 0.008619502516130202
0.33 0.007903881262112146
0.34 0.007221868526513749
0.35000000000000003 0.006573186033813516
0.36 0.005957540257847629
0.37 0.0053746220619177235
0.38 0.004824108266681712
0.39 0.00430566176573198
0.4 0.003818931845548143
0.41000000000000003 0.0033635545990212193
0.42 0.00293915334290909
0.43 0.0025453390390963587
0.44 0.0021817107195251477
0.45 0.0018478560131090088
0.46 0.0015433515121280918
0.47000000000000003 0.0012677630704207576
0.48 0.0010206463239127647
0.49 0.0008015471237581492
0.5 0.0006100019715037409
0.51 0.00044553845617632815
0.52 0.0003076756931608502
0.53 0.0001959247795869333
0.54 0.00010978931119055499
0.55 4.876555967937065e-05
0.56 1.2342983402063162e-05
0.5700000000000001 4.687482638202317e-09
0.58 1.1227851469015025e-05
0.59 4.5484156586317846e-05
0.6 0.00010224021248317946
0.61 0.00018095798335307153
0.62 0.0002810951525479277
0.63 0.0004021054560416522
0.64 0.0005434392338950541
0.65 0.0007045437958813593
0.66 0.0008848638279540175
0.67 0.0010838417980483933
0.68 0.0013009183597179758
0.6900000000000001 0.0015355327534891348
0.7000000000000001 0.0017871231843448847
0.71 0.00205512677122615
0.72 0.002338980358519007
0.73 0.0026381209453614565
0.74 0.002951985940201539
0.75 0.0032800135265852737
0.76 0.0036216430250277237
0.77 0.003976315250880512
0.78 0.004343472868103361
0.79 0.004722560529774274
0.8 0.0051130248297519346
0.81 0.005514315483947638
0.8200000000000001 0.005925885322103301
0.8300000000000001 0.006347190574367556
0.84 0.00677769118122893
0.85 0.007216851098132679
0.86 0.007664138594715653
0.87 0.008119026541554386
0.88 0.008580992210246954
0.89 0.00904951794945489
0.9 0.009524091676408053
0.91 0.010004206928272821
0.92 0.010489363116177403
0.93 0.010979065773073865
0.9400000000000001 0.011472826795394242
0.9500000000000001 0.011970164678457434
0.96 0.012470604493476992
0.97 0.01297367717033679
0.98 0.01347892137814101
0.99 0.013985883191896392
1.0 0.014494116161267306
1.01 0.015003181488003225
1.02 0.015512648196466
1.03 0.016022093297266726
1.04 0.01653110194400738
1.05 0.01703926742369366
1.06 0.017546191364548047
1.07 0.018051484047678867
1.08 0.018554764421047518
1.09 0.019055660218796455
1.1 0.019553808073723963
1.11 0.020048853622927507
1.12 0.020540451606641627
1.1300000000000001 0.021028265793257978
1.1400000000000001 0.021511967836755866
1.1500000000000001 0.021991239184222702
1.16 0.022465770759621168
1.17 0.02293526278378738
1.18 0.023399424816518827
1.19 0.02385797579198269
1.2 0.02431064404752456
1.21 0.024757167345961895
1.22 0.025197292771576632
1.23 0.02563077670377127
1.24 0.026057385085748244
1.25 0.026476893283143066
1.26 0.026889086070388146
1.27 0.027293757613232605
1.28 0.02769071144537684
1.29 0.028079760439324863
1.3 0.028460726721004095
1.31 0.028833440822181075
1.32 0.02919774263869901
1.33 0.0295534813500814
1.34 0.029900515132177397
1.35 0.030238711087124726
1.36 0.030567945168333208
1.37 0.03088810210062251
1.3800000000000001 0.031199075295648623
1.3900000000000001 0.03150076669829145
1.4000000000000001 0.031793086605158075
1.41 0.032075953810514965
1.42 0.03234929539816858
1.43 0.032613046626877557
1.44 0.03286715081884373
1.45 0.033111559244482294
1.46 0.03334623100361446
1.47 0.03357113289436291
1.48 0.03378623885595444
1.49 0.03399153025941706
1.5 0.03418699591976174
1.51 0.0343726317792481
1.52 0.03454844076614551
1.53 0.0347144326509877
1.54 0.0348706239004756
1.55 0.03501703752917759
1.56 0.03515370293130299
1.57 0.035280655673228814
1.58 0.0353979374491524
1.59 0.03550559588706967
1.6 0.03560368438448276
1.61 0.0356922619494537
1.62 0.03577139304049755
1.6300000000000001 0.035841147405459226
1.6400000000000001 0.03590159991951414
1.6500000000000001 0.035952830422433565
1.6600000000000001 0.03599492355525105
1.67 0.036027968596467466
1.68 0.03605205929792751
1.69 0.036067293706268044
1.7 0.03607377386940189
1.71 0.03607160587842401
1.72 0.03606089966353855
1.73 0.03604176879827638
1.74 0.03601433033569511
1.75 0.03597870464514505
1.76 0.03593501524971511
1.77 0.03588338866447256
1.78 0.035823954235608954
1.79 0.035756843980601374
1.8 0.035682192429492665
1.81 0.035600136467396876
1.82 0.03551081519029578
1.83 0.03541437028295061
1.84 0.03531094524178334
1.85 0.035200685087766664
1.86 0.03508373646028905
1.87 0.0349602474700136
1.8800000000000001 0.034830367553553385
1.8900000000000001 0.03469424733003884
1.9000000000000001 0.03455203845965592
1.9100000000000001 0.034403893504224875
1.92 0.03424996588537327
1.93 0.034090410275164976
1.94 0.033925381525078874
1.95 0.03375503479449192
1.96 0.033579525521262144
1.97 0.033399009297371676
1.98 0.03321364174696115
1.99 0.0330235784068036
2.0 0.03282897460926304
2.0100000000000002 0.03262998536778046
2.02 0.03242676554148585
2.0300000000000002 0.03221946993017359
2.04 0.03200825229651831
2.05 0.03179326568372584
2.06 0.031574662333120146
2.07 0.031352593587414795
2.08 0.031127209796626976
2.09 0.030898660226652663
2.1 0.030667092970520782
2.11 0.03043265486570086
2.12 0.030195491854246012
2.13 0.02995574854464543
2.14 0.02971356787247449
2.15 0.02946909126439483
2.16 0.029222458571614693
2.17 0.028973808006185722
2.18 0.028723276080119306
2.19 0.028470997547306948
2.2 0.0282171053482249
2.21 0.027961730557402864
2.22 0.027705002333633197
2.23 0.02744704787289698
2.24 0.027187992363980493
2.25 0.02692795894675376
2.2600000000000002 0.026667068675919114
2.27 0.026405440588351467
2.2800000000000002 0.0261431915466227
2.29 0.025880436187388042
2.3000000000000003 0.02561728693684588
2.31 0.025353853984885003
2.32 0.025090245261661828
2.33 0.024826566416566817
2.34 0.024562920799539326
2.35 0.02429940944468921
2.36 0.024036131056179952
2.37 0.023773181996331744
2.38 0.023510656275897948
2.39 0.02324864554646855
2.4 0.022987239094956563
2.41 0.02272652385060854
2.42 0.022466584559642164
2.43 0.022207503535034867
2.44 0.021949360674916346
2.45 0.02169223352530608
2.46 0.021436197286680878
2.47 0.021181324822282716
2.48 0.020927686668113732
2.49 0.020675351044567164
2.5 0.020424383869643473
2.5100000000000002 0.02017484877369724
2.52 0.019926807115665718
2.5300000000000002 0.01968031800072431
2.54 0.01943543829931993
2.5500000000000003 0.019192222667526987
2.56 0.018950723551832485
2.57 0.018710991056813578
2.58 0.01847307322448899
2.59 0.018237016008061588
2.6 0.01800286325767836
2.61 0.01777065674721448
2.62 0.017540436202024334
2.63 0.01731223932761096
2.64 0.017086101839166354
2.65 0.0168620574919308
2.66 0.016640138112327882
2.67 0.016420373629823085
2.68 0.01620279210946246
2.69 0.015987419785043103
2.7 0.01577428109287017
2.71 0.015563398704867129
2.72 0.015354793556916366
2.73 0.015148484896343281
2.74 0.014944490313943584
2.75 0.014742825778683494
2.7600000000000002 0.014543505674034674
2.77 0.01434654283459634
2.7800000000000002 0.01415194858296194
2.79 0.013959732766793062
2.8000000000000003 0.01376990379606205
2.81 0.013582468680425244
2.82 0.013397433066691972
2.83 0.01321480127635262
2.84 0.01303457634313071
2.85 0.012856760050527716
2.86 0.012681352908244417
2.87 0.012508353992336657
2.88 0.012337761423532073
2.89 0.012169572240814941
2.9 0.012003782406250704
2.91 0.011840386841160816
2.92 0.011679379462076617
2.93 0.01152075321644902
2.94 0.011364500118089066
2.95 0.011210611282315028
2.96 0.011059076960784522
2.97 0.010909886575989028
2.98 0.010763028755392201
2.99 0.010618491365189317
3.0 0.010476261543672857
3.0100000000000002 0.01033632567744569
3.02 0.010198669331006271
3.0300000000000002 0.010063277569325
3.04 0.009930134863159933
3.0500000000000003 0.009799225106574772
3.06 0.009670531647119167
3.0700000000000003 0.009544037315506085
3.08 0.00941972445477527
3.09 0.009297574948934795
3.1 0.00917757025106982
3.11 0.009059691410912209
3.12 0.008943919101862534
3.13 0.008830233647459634
3.14 0.008718615047292093
3.15 0.008609043002346925
3.16 0.008501496775089795
3.17 0.008395955075464728
3.18 0.008292396677079171
3.19 0.008190800146203069
3.2 0.008091143848015792
3.21 0.007993405967389476
3.22 0.007897564529081948
3.23 0.007803597417340664
3.24 0.0077114823949213235
3.25 0.007621197121521497
3.2600000000000002 0.007532719171635199
3.27 0.007446026051830763
3.2800000000000002 0.007361095217457703
3.29 0.007277904088787562
3.3000000000000003 0.007196430066594629
3.31 0.007116650605181241
3.3200000000000003 0.007038543234563759
3.33 0.006962085432557101
3.34 0.0068872547183809335
3.35 0.00681402866744598
3.36 0.006742384924075001
3.37 0.006672301213728027
3.38 0.006603755354740851
3.39 0.006536725269588671
3.4 0.006471188995684919
3.41 0.006407124695725935
3.42 0.006344510667596101
3.43 0.006283325353841303
3.44 0.006223547350726763
3.45 0.0061651554168890565
3.46 0.006108127979302755
3.47 0.006052443341637702
3.48 0.005998080468044807
3.49 0.005945018476592588
3.5 0.005893236642108779
3.5100000000000002 0.005842714400014833
3.52 0.005793431349777167
3.5300000000000002 0.005745367257984586
3.54 0.005698502061067506
3.5500000000000003 0.0056528158676702675
3.56 0.005608288960688199
3.5700000000000003 0.0055649017989822455
3.58 0.005522635018785069
3.59 0.005481469434809011
3.6 0.005441386041610638
3.61 0.00540236637457827
3.62 0.005364392220573687
3.63 0.005327445313632141
3.64 0.005291507592959772
3.65 0.005256561204197083
3.66 0.005222588500521992
3.67 0.00518957204360701
3.68 0.005157494604442273
3.69 0.005126339164038846
3.7 0.00509608891402262
3.71 0.00506672725713328
3.72 0.005038237807640053
3.73 0.005010604391685471
3.74 0.004983811047571014
3.75 0.004957842016926735
3.7600000000000002 0.004932681100222859
3.77 0.004908312354446574
3.7800000000000002 0.004884720343621023
3.79 0.00486188980332234
3.8000000000000003 0.004839805637985001
3.81 0.004818452918132064
3.8200000000000003 0.004797816877539149
3.83 0.0047778829103398215
3.84 0.004758636568081065
3.85 0.004740063556737832
3.86 0.004722149733692345
3.87 0.004704881104687211
3.88 0.004688243820759566
3.89 0.004672224175161846
3.9 0.004656808611903054
3.91 0.00464198402749294
3.92 0.004627737371975436
3.93 0.004614055624762699
3.94 0.004600925911264216
3.95 0.004588335501211967
3.96 0.004576271807060231
3.97 0.004564722382463034
3.98 0.004553674920837504
3.99 0.004543117254014885
4.0 0.004533037350985786
4.01 0.004523423316743394
4.0200000000000005 0.004514263391227694
4.03 0.0045055459483758845
4.04 0.00449725949528168
4.05 0.004489392640693771
4.0600000000000005 0.0044819336869239695
4.07 0.004474871239037698
4.08 0.004468194130351523
4.09 0.004461891298834397
4.1 0.004455951785126276
4.11 0.004450364730619744
4.12 0.004445119375609326
4.13 0.0044402050575055585
4.14 0.004435611209118583
4.15 0.004431327357007825
4.16 0.0044273431199010616
4.17 0.00442364820718201
4.18 0.004420232417445845
4.19 0.004417085637123119
4.2 0.004414197871928524
4.21 0.004411559493816851
4.22 0.004409160816442562
4.23 0.004406992194590745
4.24 0.0044050440818544714
4.25 0.004403307030856028
4.26 0.0044017716935692425
4.2700000000000005 0.004400428821741444
4.28 0.0043992692674143866
4.29 0.004398283983541029
4.3 0.00439746402469824
4.3100000000000005 0.004396800547891919
4.32 0.00439628481345377
4.33 0.004395908186025872
4.34 0.00439566213563386
4.3500000000000005 0.004395538170810204
4.36 0.004395527531425442
4.37 0.004395621796357746
4.38 0.004395812689126748
4.39 0.004396092021801398
4.4 0.004396451694883528
4.41 0.004396883697209551
4.42 0.004397380105868216
4.43 0.004397933086128902
4.44 0.004398534891382158
4.45 0.004399177863085739
4.46 0.004399854430716547
4.47 0.004400557111723158
4.48 0.004401278511478916
4.49 0.004402011323230835
4.5 0.0044027484069246725
4.51 0.004403483000354182
4.5200000000000005 0.004404208222040601
4.53 0.004404917265952539
4.54 0.004405603432855905
4.55 0.004406260131536256
4.5600000000000005 0.004406880880039002
4.57 0.004407459306923725
4.58 0.004407989152530531
4.59 0.004408464270253917
4.6000000000000005 0.0044088786278231665
4.61 0.0044092263085855
4.62 0.0044095015127896126
4.63 0.004409698558865527
4.64 0.004409811884699709
4.65 0.00440983597551458
4.66 0.004409765258989819
4.67 0.004409594434596521
4.68 0.00440931832594392
4.69 0.00440893186893488
4.7 0.004408430112035587
4.71 0.004407808216497472
4.72 0.0044070614565291585
4.73 0.004406185219415867
4.74 0.004405175005586348
4.75 0.004404026428623337
4.76 0.004402735215217876
4.7700000000000005 0.004401297205064547
4.78 0.004399708350696779
4.79 0.004397964717260991
4.8 0.004396062586006132
4.8100000000000005 0.004393998513899891
4.82 0.004391769009590547
4.83 0.0043893707000796575
4.84 0.004386800337396572
4.8500000000000005 0.004384054798954595
4.86 0.004381131087862748
4.87 0.0043780263331910235
4.88 0.004374737790188314
4.89 0.004371262840451862
4.9 0.004367598992047618
4.91 0.004363743879578899
4.92 0.004359695264204148
4.93 0.004355451033602062
4.94 0.004351009201883367
4.95 0.0043463678225650615
4.96 0.004341524993850335
4.97 0.004336479039038568
4.98 0.004331228399235186
4.99 0.004325771631145538
5.0 0.00432010740602512
5.01 0.004314234508557266
5.0200000000000005 0.004308151835660967
5.03 0.004301858395226475
5.04 0.004295353304781646
5.05 0.004288635790086953
5.0600000000000005 0.004281705183662249
5.07 0.004274560923242361
5.08 0.004267202550166577
5.09 0.004259629707698394
5.1000000000000005 0.00425184226174688
5.11 0.004243840231312343
5.12 0.004235623632744656
5.13 0.00422719258706724
5.14 0.004218547318682396
5.15 0.004209688153998678
5.16 0.004200615520010935
5.17 0.004191329942833888
5.18 0.004181832046189542
5.19 0.004172122549850228
5.2 0.004162202268036402
5.21 0.004152072107771555
5.22 0.004141733067194363
5.23 0.004131186233828368
5.24 0.004120432783256495
5.25 0.0041094740689005885
5.26 0.004098311536561039
5.2700000000000005 0.004086946662869871
5.28 0.004075381010977194
5.29 0.004063616229007118
5.3 0.004051654048487945
5.3100000000000005 0.0040394962827556
5.32 0.004027144825332507
5.33 0.004014601648281796
5.34 0.004001868800538065
5.3500000000000005 0.003988948406215109
5.36 0.003975842662892158
5.37 0.003962553839879354
5.38 0.003949084276462032
5.39 0.003935436377020006
5.4 0.003921612466613045
5.41 0.003907614955632209
5.42 0.0038934463747007583
5.43 0.00387910930642988
5.44 0.003864606382990625
5.45 0.0038499402836622634
5.46 0.0038351137323575715
5.47 0.0038201294951284853
5.48 0.0038049903776519317
5.49 0.003789699222698055
5.5 0.0037742589075826366
5.51 0.0037586723416044854
5.5200000000000005 0.0037429424634697686
5.53 0.003727072238705574
5.54 0.003711064668262272
5.55 0.003694923007433848
5.5600000000000005 0.003678650457975531
5.57 0.003662250172584147
5.58 0.003645725330947508
5.59 0.0036290791379466544
5.6000000000000005 0.0036123148218712223
5.61 0.0035954356326462003
5.62 0.0035784448400738647
5.63 0.00356134573208923
5.64 0.0035441416130304673
5.65 0.0035268358019252197
5.66 0.0035094316307935428
5.67 0.003491932442965827
5.68 0.0034743415914206682
5.69 0.0034566624317755312
5.7 0.003438898263856155
5.71 0.0034210524199304246
5.72 0.003403128247714625
5.73 0.0033851290931373734
5.74 0.003367058298583407
5.75 0.003348919201156708
5.76 0.0033307151309609623
5.7700000000000005 0.003312449409400113
5.78 0.0032941253474983653
5.79 0.00327574624424138
5.8 0.0032573153849374398
5.8100000000000005 0.0032388360396018168
5.82 0.0032203114613620146
5.83 0.0032017448848865107
5.84 0.0031831395508779767
5.8500000000000005 0.003164498865897994
5.86 0.003145826108737461
5.87 0.003127124508950918
5.88 0.0031083972803534546
5.89 0.003089647620209718
5.9 0.0030708787084585965
5.91 0.0030520937069699328
5.92 0.003033295758836707
5.93 0.0030144879876997724
5.94 0.0029956734971065824
5.95 0.002976855369902609
5.96 0.0029580366676556086
5.97 0.002939220430112667
5.98 0.0029204096746891367
5.99 0.0029016073062591782
6.0 0.002882815784339965
6.01 0.0028640378253168425
6.0200000000000005 0.0028452761546846617
6.03 0.002826533449677024
6.04 0.002807812337528408
6.05 0.0027891153937472726
6.0600000000000005 0.0027704451404015826
6.07 0.0027518040444165295
6.08 0.002733194515886779
6.09 0.0027146189064021983
6.1000000000000005 0.0026960795073895927
6.11 0.002677578548469728
6.12 0.0026591181958309992
6.13 0.0026407005506203507
6.140000000000001 0.002622327890639653
6.15 0.0026040031873450636
6.16 0.0025857287530533027
6.17 0.00256750680381148
6.18 0.0025493395294291996
6.19 0.0025312290947101038
6.2 0.0025131776407390227
6.21 0.0024951872862229788
6.22 0.002477260128884183
6.23 0.002459398246902361
6.24 0.002441603700406546
6.25 0.00242387853301268
6.26 0.0024062247734062195
6.2700000000000005 0.0023886444369687065
6.28 0.0023711395274449744
6.29 0.0023537116648170743
6.3 0.002336361689799678
6.3100000000000005 0.002319091132136502
6.32 0.002301901509799295
6.33 0.002284794284052965
6.34 0.002267770858201599
6.3500000000000005 0.0022508325763260263
6.36 0.002233980722010514
6.37 0.0022172165170618457
6.38 0.0022005411202204554
6.390000000000001 0.0021839556258649723
6.4 0.002167461062710249
6.41 0.002151058392500852
6.42 0.002134748508698329
6.43 0.002118532235166122
6.44 0.002102410725837032
6.45 0.0020863855819268605
6.46 0.0020704577685105065
6.47 0.00205462820321254
6.48 0.0020388977726723025
6.49 0.0020232673338318706
6.5 0.0020077377152586603
6.51 0.0019923097184999065
6.5200000000000005 0.0019769841194713575
6.53 0.0019617616698736524
6.54 0.0019466430986413708
6.55 0.001931629113417082
6.5600000000000005 0.0019167204020548653
6.57 0.0019019176341481259
6.58 0.0018872214625831815
6.59 0.0018726321878803874
6.6000000000000005 0.001858149853543916
6.61 0.0018437748367600738
6.62 0.0018295074776323132
6.63 0.0018153480770688943
6.640000000000001 0.001801296896691687
6.65 0.0017873541587387354
6.66 0.0017735200459588762
6.67 0.001759794701498587
6.68 0.0017461782287813837
6.69 0.0017326706913802642
6.7 0.001719272112883096
6.71 0.0017059824767497386
6.72 0.0016928017261630991
6.73 0.0016797297639676127
6.74 0.0016667667459868002
6.75 0.0016539128698253337
6.76 0.0016411680838410853
6.7700000000000005 0.0016285323159486303
6.78 0.0016160054746796049
6.79 0.0016035874502555829
6.8 0.0015912781156748428
6.8100000000000005 0.0015790773278093785
6.82 0.001566984928514318
6.83 0.001555000745747135
6.84 0.0015431245946971942
6.8500000000000005 0.0015313562789250543
6.86 0.0015196955915102242
6.87 0.0015081423162081019
6.88 0.0014966962255941636
6.890000000000001 0.0014853567786595433
6.9 0.0014741234335670025
6.91 0.0014629957953169702
6.92 0.0014519734466683885
6.93 0.0014410559481930797
6.94 0.0014302428383165047
6.95 0.0014195336333445718
6.96 0.0014089278274767372
6.97 0.001398424892805221
6.98 0.001388024279301868
6.99 0.001377725414790528
7.0 0.0013675277049076222
7.01 0.00135743053304873
7.0200000000000005 0.0013474332603030242
7.03 0.0013375352336310008
7.04 0.001327736050047667
7.05 0.0013180352243830594
7.0600000000000005 0.0013084321530540954
7.07 0.0012989262250313119
7.08 0.0012895168226388157
7.09 0.0012802033223604445
7.1000000000000005 0.001270985095649789
7.11 0.001261861509746172
7.12 0.0012528319284938437
7.13 0.001243895713166101
7.140000000000001 0.0012350522232934258
7.15 0.001226300817495151
7.16 0.0012176408543152842
7.17 0.0012090716930615864
7.18 0.0012005926808127537
7.19 0.0011922029409786768
7.2 0.0011839016839079453
7.21 0.0011756881804246312
7.22 0.0011675616941215494
7.23 0.0011595214814633728
7.24 0.0011515667918794992
7.25 0.0011436968678434356
7.26 0.0011359109449422672
7.2700000000000005 0.0011282082519340798
7.28 0.0011205880107943468
7.29 0.0011130494367521046
7.3 0.00110559173831443
7.3100000000000005 0.0010982141172809143
7.32 0.0010909157687477543
7.33 0.0010836958942012469
7.34 0.0010765538139729594
7.3500000000000005 0.0010694887798435027
7.36 0.0010625000152398312
7.37 0.0010555867435192677
7.38 0.0010487481883337674
7.390000000000001 0.0010419835739938106
7.4 0.0010352921258318937
7.41 0.0010286730705649713
7.42 0.0010221256366557824
7.43 0.0010156490546746992
7.44 0.0010092425576595059
7.45 0.0010029053814755579
7.46 0.0009966367651752309
7.47 0.0009904359513559884
7.48 0.0009843021764607343
7.49 0.0009782346198133167
7.5 0.0009722325021447112
7.51 0.0009662950559333368
7.5200000000000005 0.0009604215155840021
7.53 0.0009546111175721024
7.54 0.0009488631005823943
7.55 0.0009431767056438597
7.5600000000000005 0.0009375511762600014
7.57 0.0009319857585347452
7.58 0.0009264797012944262
7.59 0.0009210322562052745
7.6000000000000005 0.0009156426778869388
7.61 0.0009103102240228603
7.62 0.000905034155466302
7.63 0.0008998137410200224
7.640000000000001 0.0008946482717285403
7.65 0.0008895370288486415
7.66 0.0008844792960783811
7.67 0.0008794743618834103
7.68 0.0008745215196533304
7.69 0.0008696200678561875
7.7 0.0008647693101912247
7.71 0.0008599685557411085
7.72 0.000855217119121867
7.73 0.0008505143206323368
7.74 0.0008458594864020445
7.75 0.0008412519485376906
7.76 0.000836691045269386
7.7700000000000005 0.0008321761210951864
7.78 0.0008277065104279717
7.79 0.0008232815098967589
7.8 0.0008189004588896216
7.8100000000000005 0.0008145627042683186
7.82 0.0008102675969319031
7.83 0.0008060144917716623
7.84 0.0008018027476211463
7.8500000000000005 0.0007976317272021943
7.86 0.0007935007970653607
7.87 0.0007894093275274683
7.88 0.00078535669260393
7.890000000000001 0.0007813422699371013
7.9 0.0007773654407209236
7.91 0.0007734255896215091
7.92 0.000769522104693679
7.930000000000001 0.0007656544070877326
7.94 0.0007618219733408274
7.95 0.0007580242334392466
7.96 0.0007542606218759185
7.97 0.000750530580169162
7.98 0.0007468335570174345
7.99 0.0007431690084558178
8.0 0.0007395363980149117
8.01 0.0007359351968823369
8.02 0.0007323648840665622
8.03 0.00072882494656272
8.040000000000001 0.0007253148795215263
8.05 0.0007218341864191451
8.06 0.0007183823792307233
8.07 0.0007149589786051985
8.08 0.0007115634760659767
8.09 0.0007081953316330596
8.1 0.0007048540617545611
8.11 0.0007015391891888843
8.120000000000001 0.0006982502421085321
8.13 0.000694986754026114
8.14 0.0006917482637156039
8.15 0.0006885343151303742
8.16 0.0006853444573180489
8.17 0.0006821782443309256
8.18 0.0006790352351336848
8.19 0.000675914993507571
8.2 0.0006728170879509478
8.21 0.000669741091576765
8.22 0.0006666865820066023
8.23 0.0006636531482334222
8.24 0.0006606403873626113
8.25 0.000657647894458116
8.26 0.0006546752692121703
8.27 0.0006517221158726973
8.28 0.000648788043158717
8.290000000000001 0.0006458726641732186
8.3 0.0006429755963146197
8.31 0.000640096461185579
8.32 0.0006372348845003657
8.33 0.0006343904959905597
8.34 0.0006315629293081222
8.35 0.0006287518219274153
8.36 0.0006259568150454448
8.370000000000001 0.000623177553655832
8.38 0.0006204137571123418
8.39 0.0006176651594964958
8.4 0.0006149314549284517
8.41 0.0006122123456930514
8.42 0.000609507542453272
8.43 0.0006068167644695879
8.44 0.0006041397398239313
8.45 0.0006014762056503059
8.46 0.0005988259083688358
8.47 0.0005961886039262711
8.48 0.0005935640580404973
8.49 0.0005909520464505713
8.5 0.0005883523551705998
8.51 0.0005857647807486228
8.52 0.0005831891281639062
8.53 0.0005806250688094403
8.540000000000001 0.0005780722991396477
8.55 0.0005755305893452439
8.56 0.0005729997125098821
8.57 0.0005704794443108542
8.58 0.0005679695627102081
8.59 0.0005654698476376171
8.6 0.0005629800806643478
8.61 0.0005605000446696068
8.620000000000001 0.0005580295234972801
8.63 0.0005555683016058403
8.64 0.0005531161637095036
8.65 0.0005506728944125201
8.66 0.0005482382778348813
8.67 0.0005458121027873374
8.68 0.0005433942935586522
8.69 0.0005409847351739369
8.700000000000001 0.0005385832688172276
8.71 0.0005361897411123636
8.72 0.0005338040042151722
8.73 0.0005314259159105179
8.74 0.0005290553397125346
8.75 0.0005266921449697572
8.76 0.0005243362069738914
8.77 0.0005219874070723444
8.78 0.0005196456327849815
8.790000000000001 0.0005173107779236109
8.8 0.0005149827427163405
8.81 0.0005126614339341622
8.82 0.0005103467587687475
8.83 0.0005080385487072885
8.84 0.0005057366763527235
8.85 0.000503441039139919
8.86 0.0005011515371339051
8.870000000000001 0.0004988680728819968
8.88 0.000496590551263729
8.89 0.0004943188793369285
8.9 0.0004920529661814124
8.91 0.0004897927227390658
8.92 0.00048753806165181476
8.93 0.00048528889709584244
8.94 0.0004830451446140218
8.950000000000001 0.00048080672094512333
8.96 0.0004785735438503462
8.97 0.00047634554576485993
8.98 0.00047412277091677356
8.99 0.00047190520509703647
9.0 0.0004696928182493093
9.01 0.0004674855866153311
9.02 0.00046528349293707867
9.03 0.00046308652666596575
9.040000000000001 0.0004608946841764827
9.05 0.00045870796898576753
9.06 0.00045652639197780315
9.07 0.0004543499716328347
9.08 0.0004521787342615328
9.09 0.00045001271424380436
9.1 0.0004478519542720997
9.11 0.0004456965055988551
9.120000000000001 0.00044354638238544054
9.13 0.0004414013687359594
9.14 0.0004392614100903903
9.15 0.0004371264827778675
9.16 0.00043499655924791013
9.17 0.00043287160748033127
9.18 0.00043075159038183895
9.19 0.00042863646517020924
9.200000000000001 0.000426526182745704
9.21 0.00042442068705103933
9.22 0.00042231991441939697
9.23 0.0004202237929113034
9.24 0.00041813224164138386
9.25 0.00041604517009384383
9.26 0.00041396247742919896
9.27 0.0004118841509739412
9.28 0.0004098105099129921
9.290000000000001 0.0004077416062476316
9.3 0.00040567746455194564
9.31 0.0004036181166804792
9.32 0.0004015636023380273
9.33 0.00039951396966577193
9.34 0.0003974692758443345
9.35 0.0003954295877119738
9.36 0.000393394982398541
9.370000000000001 0.0003913655479749478
9.38 0.0003893413841158204
9.39 0.00038732260277796714
9.4 0.0003853093288905835
9.41 0.00038330170106045183
9.42 0.0003812997434059634
9.43 0.00037930319927650426
9.44 0.00037731208271015067
9.450000000000001 0.0003753264239121021
9.46 0.0003733462498288938
9.47 0.00037137158365141594
9.48 0.0003694024443076441
9.49 0.0003674388459408255
9.5 0.0003654807973764943
9.51 0.0003635283015775183
9.52 0.0003615813550887862
9.53 0.00035963994746938434
9.540000000000001 0.00035770406071562906
9.55 0.00035577366867392546
9.56 0.0003538487364424265
9.57 0.0003519293370344359
9.58 0.00035001570554121265
9.59 0.00034810789065457294
9.6 0.000346205937470161
9.61 0.0003443098937800648
9.620000000000001 0.00034241981031149504
9.63 0.0003405357409754506
9.64 0.0003386577431217959
9.65 0.00033678587780275153
9.66 0.000334920210044852
9.67 0.0003330608091263003
9.68 0.00033120774886308615
9.69 0.00032936110790157333
9.700000000000001 0.00032752097001762133
9.71 0.0003256874244220373
9.72 0.0003238604691601643
9.73 0.0003220400257006994
9.74 0.000320226129037985
9.75 0.00031841881290148484
9.76 0.00031661810847522474
9.77 0.0003148240441566974
9.78 0.0003130366453111266
9.790000000000001 0.00031125593402052745
9.8 0.0003094819288288284
9.81 0.00030771464448136124
9.82 0.000305954091660704
9.83 0.0003042002767191798
9.84 0.00030245320140533626
9.85 0.00030071286258853865
9.86 0.0002989792519787638
9.870000000000001 0.0002972524556347812
9.88 0.00029553259193593195
9.89 0.0002938196957840214
9.9 0.0002921138033496612
9.91 0.00029041495225362243
9.92 0.00028872318175214226
9.93 0.00028703853292799675
9.94 0.0002853610488868837
9.950000000000001 0.0002836907749589161
9.96 0.0002820277589056022
9.97 0.0002803720511312044
9.98 0.00027872370489981715
9.99 0.00027708277655560595
10.0 0.0002754493257489214
10.01 0.00027382341497881636
10.02 0.00027220500375899764
10.03 0.00027059405045214667
10.040000000000001 0.000268990574839343
10.05 0.00026739459428239305
10.06 0.0002658061235419184
10.07 0.0002642251745917073
10.08 0.0002626517564274719
10.09 0.0002610858748736209
10.1 0.00025952753238473944
10.11 0.00025797672784397437
10.120000000000001 0.00025643345635796566
10.13 0.0002548977090479805
10.14 0.00025336947283821805
10.15 0.0002518487302403342
10.16 0.0002503354616027239
10.17 0.00024882974370906384
10.18 0.00024733163077340567
10.19 0.0002458411332409618
10.200000000000001 0.0002443582619490077
10.21 0.00024288302826328337
10.22 0.0002414154442173331
10.23 0.00023995552265663155
10.24 0.00023850327738659909
10.25 0.0002370587233237447
10.26 0.00023562187665102964
10.27 0.00023419275497684085
10.28 0.0002327713774973178
10.290000000000001 0.00023135776516152416
10.3 0.00022995194084094936
10.31 0.000228553925367362
10.32 0.00022716366326687096
10.33 0.000225781127801113
10.34 0.00022440631609538936
10.35 0.0002230392237510901
10.36 0.0002216798447636139
10.370000000000001 0.00022032817143890528
10.38 0.00021898419430691103
10.39 0.00021764790203385002
10.4 0.00021631928133148022
10.41 0.0002149983168653162
10.42 0.00021368499116027583
10.43 0.00021237928450482634
10.44 0.00021108117485330556
10.450000000000001 0.00020979063772632277
10.46 0.00020850765118860318
10.47 0.00020723224559301978
10.48 0.00020596442310996319
10.49 0.00020470417271248667
10.5 0.00020345148338581434
10.51 0.0002022063442008986
10.52 0.00020096874439094574
10.53 0.00019973867342823817
10.540000000000001 0.00019851612110458744
10.55 0.00019730107761158598
10.56 0.00019609353362428847
10.57 0.00019489348038558701
10.58 0.0001937009097919256
10.59 0.00019251581448167555
10.6 0.00019133818792391004
10.61 0.00019016801742626627
10.620000000000001 0.0001890052432893391
10.63 0.0001878498344764709
10.64 0.0001867017671163696
10.65 0.00018556101600415535
10.66 0.00018442755453629105
10.67 0.00018330135464519198
10.68 0.00018218238673076322
10.69 0.00018107061959133502
10.700000000000001 0.00017996602035240915
10.71 0.00017886855439378999
10.72 0.0001777781852756316
10.73 0.0001766948746630033
10.74 0.00017561858224854864
10.75 0.00017454926567394245
10.76 0.00017348689061434663
10.77 0.00017243146579390758
10.78 0.00017138296696466403
10.790000000000001 0.00017034136426833518
10.8 0.0001693066279949782
10.81 0.00016827872865632192
10.82 0.00016725763706154466
10.83 0.00016624332439530223
10.84 0.00016523576229662482
10.85 0.0001642349229398002
10.86 0.00016324077911709575
10.870000000000001 0.0001622533043226359
10.88 0.00016127247283808863
10.89 0.00016029825981941914
10.9 0.00015933064138585508
10.91 0.00015836958776329312
10.92 0.00015741504971003746
10.93 0.00015646699543320382
10.94 0.00015552539500056188
10.950000000000001 0.00015459021859880878
10.96 0.00015366143654976447
10.97 0.0001527390193266278
10.98 0.0001518229375692126
10.99 0.0001509131620994076
11.0 0.0001500096639360845
11.01 0.00014911241430977384
11.02 0.00014822138467712222
11.03 0.0001473365467347396
11.040000000000001 0.0001464578724333235
11.05 0.00014558533399090627
11.06 0.00014471889262633857
11.07 0.00014385848786851313
11.08 0.00014300407971364754
11.09 0.0001421556281075119
11.1 0.00014131309170616058
11.11 0.00014047642778920125
11.120000000000001 0.00013964559217011056
11.13 0.00013882053910544128
11.14 0.000138001221200652
11.15 0.00013718758931552996
11.16 0.00013637959246669794
11.17 0.00013557717772835157
11.18 0.00013478029013171047
11.19 0.00013398887256236853
11.200000000000001 0.00013320286565606746
11.21 0.00013242224145564464
11.22 0.00013164701050582487
11.23 0.00013087713544889835
11.24 0.0001301125787759273
11.25 0.00012935330400609766
11.26 0.0001285992758067742
11.27 0.00012785046011582358
11.28 0.00012710682426709911
11.290000000000001 0.00012636833711952497
11.3 0.00012563496918732188
11.31 0.00012490669277476565
11.32 0.00012418348211177058
11.33 0.00012346531349405505
11.34 0.0001227521654234313
11.35 0.00012204401875277448
11.36 0.0001213408193348059
11.370000000000001 0.0001206424909117737
11.38 0.00011994899655745715
11.39 0.00011926029921815497
11.4 0.00011857636151075927
11.41 0.00011789714567053515
11.42 0.00011722261349734944
11.43 0.00011655272629968079
11.44 0.00011588744483668426
11.450000000000001 0.00011522672925859661
11.46 0.00011457053904552397
11.47 0.00011391883294377923
11.48 0.0001132715689018942
11.49 0.00011262870400321253
11.5 0.00011199019442031336
11.51 0.0001113560206111577
11.52 0.00011072616795580227
11.53 0.00011010060372545691
11.540000000000001 0.00010947929577374057
11.55 0.00010886221257567184
11.56 0.00010824932326664385
11.57 0.0001076405976837072
11.58 0.00010703600640621109
11.59 0.00010643552079835257
11.6 0.00010583911305216565
11.61 0.0001052467562308694
11.620000000000001 0.0001046584243135423
11.63 0.00010407409224042364
11.64 0.00010349373595861747
11.65 0.00010291733195790659
11.66 0.00010234481521960524
11.67 0.00010177612374414995
11.68 0.00010121121670267179
11.69 0.00010065005185032685
11.700000000000001 0.00010009258540768975
11.71 9.953877193875308e-05
11.72 9.898856422701531e-05
11.73 9.844191314878088e-05
11.74 9.789876754357548e-05
11.75 9.735907408239992e-05
11.76 9.682277713327254e-05
11.77 9.628981862499792e-05
11.78 9.576013790799781e-05
11.790000000000001 9.523367161366238e-05
11.8 9.471035744556926e-05
11.81 9.419024653881808e-05
11.82 9.367335915453408e-05
11.83 9.315967342280428e-05
11.84 9.264917072052473e-05
11.85 9.214183594096707e-05
11.86 9.163765777025785e-05
11.870000000000001 9.113662896951744e-05
11.88 9.063874666437755e-05
11.89 9.014401263903165e-05
11.9 8.965243363778796e-05
11.91 8.916402167147026e-05
11.92 8.867879433001758e-05
11.93 8.819677510068895e-05
11.94 8.771799369130563e-05
11.950000000000001 8.724247349198386e-05
11.96 8.677005025818033e-05
11.97 8.630064181733548e-05
11.98 8.583421945074308e-05
11.99 8.537075161361811e-05
12.0 8.491020361219188e-05
12.01 8.445253727063472e-05
12.02 8.399771059016629e-05
12.030000000000001 8.354567739879155e-05
12.040000000000001 8.309638699298145e-05
12.05 8.264978377156909e-05
12.06 8.220580686089853e-05
12.07 8.176438973295317e-05
12.08 8.132545981560067e-05
12.09 8.088893809614535e-05
12.1 8.045476061723737e-05
12.11 8.002305317336006e-05
12.120000000000001 7.95938344102607e-05
12.13 7.916708303352862e-05
12.14 7.874278002060336e-05
12.15 7.832090886045109e-05
12.16 7.790145580142266e-05
12.17 7.748441010575584e-05
12.18 7.706976431086712e-05
12.19 7.665751449761806e-05
12.200000000000001 7.624766056508157e-05
12.21 7.584020651232697e-05
12.22 7.543516072524951e-05
12.23 7.503253627114993e-05
12.24 7.463235119815892e-05
12.25 7.423460531427555e-05
12.26 7.383916835525771e-05
12.27 7.34459989532206e-05
12.280000000000001 7.305507586051821e-05
12.290000000000001 7.266637674654963e-05
12.3 7.227987805274831e-05
12.31 7.189555484181549e-05
12.32 7.15133806447393e-05
12.33 7.113332730149333e-05
12.34 7.075536479847662e-05
12.35 7.037946110286571e-05
12.36 7.000558199105316e-05
12.370000000000001 6.963369087519943e-05
12.38 6.926374862516703e-05
12.39 6.889571338672927e-05
12.4 6.852956200297574e-05
12.41 6.816535078813576e-05
12.42 6.780307366590667e-05
12.43 6.744271672109396e-05
12.44 6.708426732396355e-05
12.450000000000001 6.672771423880865e-05
12.46 6.637304773417403e-05
12.47 6.60202596966513e-05
12.48 6.56693437473873e-05
12.49 6.532029536179557e-05
12.5 6.49731119913878e-05
12.51 6.462779318861054e-05
12.52 6.428434073402298e-05
12.530000000000001 6.394275876671612e-05
12.540000000000001 6.36030539162306e-05
12.55 6.326521171234629e-05
12.56 6.29291601370362e-05
12.57 6.259488013319724e-05
12.58 6.226235621751685e-05
12.59 6.19315720343178e-05
12.6 6.160251024997336e-05
12.61 6.127515244407078e-05
12.620000000000001 6.094947899832476e-05
12.63 6.062546898242486e-05
12.64 6.0303100037403974e-05
12.65 5.998234825625205e-05
12.66 5.9663188062445555e-05
12.67 5.9345592085761206e-05
12.68 5.9029531035964707e-05
12.69 5.871497357412634e-05
12.700000000000001 5.840191613761068e-05
12.71 5.809040215163947e-05
12.72 5.778042446257653e-05
12.73 5.747197499475325e-05
12.74 5.7165046904655153e-05
12.75 5.6859634683784945e-05
12.76 5.655573426450577e-05
12.77 5.625334312725234e-05
12.780000000000001 5.5952460412461366e-05
12.790000000000001 5.565308703300853e-05
12.8 5.535522579078276e-05
12.81 5.5058881494538144e-05
12.82 5.476406108055696e-05
12.83 5.4470773736191476e-05
12.84 5.417903102469205e-05
12.85 5.3888810256828845e-05
12.86 5.3600055076374886e-05
12.870000000000001 5.33127557854219e-05
12.88 5.302690259339181e-05
12.89 5.2742484884569715e-05
12.9 5.245949111931485e-05
12.91 5.217790873139963e-05
12.92 5.189772402437558e-05
12.93 5.161892206380619e-05
12.94 5.1341486568069576e-05
12.950000000000001 5.106539979668218e-05
12.96 5.07906424357411e-05
12.97 5.051719348201419e-05
12.98 5.024503012414014e-05
12.99 4.9974127622059994e-05
13.0 4.970449786398726e-05
13.01 4.943616937513797e-05
13.02 4.9169135476948185e-05
13.030000000000001 4.890339013655879e-05
13.040000000000001 4.863892806085228e-05
13.05 4.8375744765690766e-05
13.06 4.811383664687051e-05
13.07 4.785320105396042e-05
13.08 4.7593836365078176e-05
13.09 4.733574206435692e-05
13.1 4.707891882054036e-05
13.11 4.682336856778706e-05
13.120000000000001 4.6569094588722916e-05
13.13 4.63161015977669e-05
13.14 4.606439570372777e-05
13.15 4.581395120559651e-05
13.16 4.5564740187575836e-05
13.17 4.531675601080875e-05
13.18 4.5069991658432465e-05
13.19 4.482443968562618e-05
13.200000000000001 4.458009216903348e-05
13.21 4.4336940654287824e-05
13.22 4.40949761027834e-05
13.23 4.3854188836595955e-05
13.24 4.36145684828259e-05
13.25 4.3376103915813806e-05
13.26 4.313878319915469e-05
13.27 4.2902593526022645e-05
13.280000000000001 4.26675211583653e-05
13.290000000000001 4.243355192341033e-05
13.3 4.220069990818701e-05
13.31 4.196897442348621e-05
13.32 4.17383715251695e-05
13.33 4.150888778471206e-05
13.34 4.1280520333941174e-05
13.35 4.105326691072192e-05
13.36 4.082712590589791e-05
13.370000000000001 4.06020964113735e-05
13.38 4.0378178269562075e-05
13.39 4.0155372123317455e-05
13.4 3.9933679467867196e-05
13.41 3.971310270299046e-05
13.42 3.949364518647698e-05
13.43 3.9275311288764804e-05
13.44 3.905810516532677e-05
13.450000000000001 3.884200340968473e-05
13.46 3.862699234308438e-05
13.47 3.8413067938779764e-05
13.48 3.8200225853719794e-05
13.49 3.798846138806759e-05
13.5 3.777776944182895e-05
13.51 3.756814447212868e-05
13.52 3.7359580447593466e-05
13.530000000000001 3.7152070803055624e-05
13.540000000000001 3.694560839293849e-05
13.55 3.6740185443129986e-05
13.56 3.6535793502718693e-05
13.57 3.63324233939471e-05
13.58 3.613006516204687e-05
13.59 3.592870953587684e-05
13.6 3.572836491546336e-05
13.61 3.5529030735103554e-05
13.620000000000001 3.533070162230678e-05
13.63 3.513337217530849e-05
13.64 3.493703697115321e-05
13.65 3.4741690573687235e-05
13.66 3.4547327542602205e-05
13.67 3.435394244253676e-05
13.68 3.416152985262315e-05
13.69 3.397008437651828e-05
13.700000000000001 3.377960065321581e-05
13.71 3.359007336739984e-05
13.72 3.3401497261209816e-05
13.73 3.321386714581504e-05
13.74 3.302717865170902e-05
13.75 3.284143308391512e-05
13.76 3.265662880156273e-05
13.77 3.247276351220612e-05
13.780000000000001 3.228983536254825e-05
13.790000000000001 3.210784297072878e-05
13.8 3.1926785460313373e-05
13.81 3.1746662493962064e-05
13.82 3.156747430840996e-05
13.83 3.138922174970469e-05
13.84 3.12119063091993e-05
13.85 3.1035530159985794e-05
13.86 3.08600961941353e-05
13.870000000000001 3.0685608060275656e-05
13.88 3.0512070201665128e-05
13.89 3.0339482993147968e-05
13.9 3.0167823550257284e-05
13.91 2.9997085624044236e-05
13.92 2.9827265921719606e-05
13.93 2.96583607648929e-05
13.94 2.9490366045190758e-05
13.950000000000001 2.932327717839996e-05
13.96 2.915708905867464e-05
13.97 2.8991796010381654e-05
13.98 2.8827391739890025e-05
13.99 2.8663869285225352e-05
14.0 2.8501220965793193e-05
14.01 2.8339438330458357e-05
14.02 2.8178512105000997e-05
14.030000000000001 2.8018432138056555e-05
14.040000000000001 2.7859193707754134e-05
14.05 2.770081195287849e-05
14.06 2.7543285167228905e-05
14.07 2.7386609792666786e-05
14.08 2.7230782404826306e-05
14.09 2.7075799734300153e-05
14.1 2.6921658687866466e-05
14.11 2.676835637125145e-05
14.120000000000001 2.6615890111401485e-05
14.13 2.6464257480631782e-05
14.14 2.631345632080409e-05
14.15 2.6163484768092042e-05
14.16 2.6014341278511946e-05
14.17 2.5866024654139664e-05
14.18 2.5718534069719533e-05
14.19 2.55718657922086e-05
14.200000000000001 2.5426009348902996e-05
14.21 2.5280961038486992e-05
14.22 2.5136717596562722e-05
14.23 2.4993275765759684e-05
14.24 2.4850632294416784e-05
14.25 2.4708783935587907e-05
14.26 2.4567727445137626e-05
14.27 2.442745958072031e-05
14.280000000000001 2.428797710034335e-05
14.290000000000001 2.4149276760001854e-05
14.3 2.401135531262654e-05
14.31 2.3874209506253175e-05
14.32 2.3737836081392724e-05
14.33 2.360223176989685e-05
14.34 2.3467394203204473e-05
14.35 2.3333322249665268e-05
14.36 2.3200013448868885e-05
14.370000000000001 2.306746538541498e-05
14.38 2.2935675733205037e-05
14.39 2.2804642259541524e-05
14.4 2.2674362829455154e-05
14.41 2.254483541011456e-05
14.42 2.2416058075040365e-05
14.43 2.2288029008857898e-05
14.44 2.2160746511568508e-05
14.450000000000001 2.2034209003250673e-05
14.46 2.1908415028640965e-05
14.47 2.1783363261623952e-05
14.48 2.1659052510311465e-05
14.49 2.1535473821775262e-05
14.5 2.14126122096538e-05
14.51 2.129046119331247e-05
14.52 2.116901379296864e-05
14.530000000000001 2.1048262426145558e-05
14.540000000000001 2.0928198866867337e-05
14.55 2.080881420291796e-05
14.56 2.0690098793438565e-05
14.57 2.0572042224786553e-05
14.58 2.0454633266654004e-05
14.59 2.0337859826347754e-05
14.6 2.0221708903694815e-05
14.61 2.0106166543903438e-05
14.620000000000001 1.999121779111936e-05
14.63 1.9876846642821223e-05
14.64 1.976306889034645e-05
14.65 1.964990992843734e-05
14.66 1.9537369738057038e-05
14.67 1.9425449496012024e-05
14.68 1.9314151678002933e-05
14.69 1.9203480164735418e-05
14.700000000000001 1.9093440350048934e-05
14.71 1.8984039251714394e-05
14.72 1.8875285624094917e-05
14.73 1.876719007318315e-05
14.74 1.865976517387855e-05
14.75 1.8553025589216655e-05
14.76 1.8446988191849617e-05
14.77 1.8341672187502985e-05
14.780000000000001 1.82370986892659e-05
14.790000000000001 1.813322451049487e-05
14.8 1.8030008236353482e-05
14.81 1.7927445436861054e-05
14.82 1.782553037755737e-05
14.83 1.7724255883111353e-05
14.84 1.7623613198022338e-05
14.85 1.7523591843552223e-05
14.86 1.7424179470921022e-05
14.870000000000001 1.732536171158809e-05
14.88 1.7227122023775934e-05
14.89 1.7129441536468688e-05
14.9 1.7032298889990173e-05
14.91 1.693567007374783e-05
14.92 1.683952826133728e-05
14.93 1.6743845810108637e-05
14.94 1.6648670597363847e-05
14.950000000000001 1.655403170858086e-05
14.96 1.6459926212622142e-05
14.97 1.636635208150227e-05
14.98 1.627330829711204e-05
14.99 1.6180794961345637e-05
15.0 1.608881340909446e-05
15.01 1.5997366323959247e-05
15.02 1.5906457857939055e-05
15.030000000000001 1.5816093752660243e-05
15.040000000000001 1.5726281464005076e-05
15.05 1.5637030289865437e-05
15.06 1.5548351499612614e-05
15.07 1.546025846706125e-05
15.08 1.5372763371413866e-05
15.09 1.528582075646396e-05
15.1 1.5199408842962985e-05
15.11 1.5113523957752811e-05
15.120000000000001 1.502816191023288e-05
15.13 1.4943317930251037e-05
15.14 1.4858986605688178e-05
15.15 1.477516181681935e-05
15.16 1.4691836669979662e-05
15.17 1.4609003428769918e-05
15.18 1.4526653443675853e-05
15.19 1.4444777080366376e-05
15.200000000000001 1.4363363646300014e-05
15.21 1.428240131518075e-05
15.22 1.420187705108815e-05
15.23 1.4121780357401713e-05
15.24 1.404213808998923e-05
15.25 1.396295715165325e-05
15.26 1.3884236007003468e-05
15.27 1.3805973614888344e-05
15.280000000000001 1.3728169475549657e-05
15.290000000000001 1.3650823677986094e-05
15.3 1.3573936949215926e-05
15.31 1.349751070423141e-05
15.32 1.3421547097369584e-05
15.33 1.3346049075050898e-05
15.34 1.327102042905301e-05
15.35 1.319646585129031e-05
15.36 1.3122390989924859e-05
15.370000000000001 1.3048802505557112e-05
15.38 1.2975702730616458e-05
15.39 1.2903060586973679e-05
15.4 1.2830866457472744e-05
15.41 1.2759115980728701e-05
15.42 1.2687804188317442e-05
15.43 1.2616925447639978e-05
15.44 1.254647340345836e-05
15.450000000000001 1.2476440918349554e-05
15.46 1.2406820011081569e-05
15.47 1.2337601794779225e-05
15.48 1.2268776412214643e-05
15.49 1.2200332971744766e-05
15.5 1.2132259480357108e-05
15.51 1.206454277679226e-05
15.52 1.1997168462550035e-05
15.530000000000001 1.193012983733907e-05
15.540000000000001 1.1863456798280169e-05
15.55 1.1797151562752822e-05
15.56 1.1731212378658564e-05
15.57 1.1665638127057384e-05
15.58 1.1600428386048054e-05
15.59 1.1535583494761206e-05
15.6 1.1471104620090246e-05
15.610000000000001 1.140699382489634e-05
15.620000000000001 1.1343254137122834e-05
15.63 1.1279889621348266e-05
15.64 1.1216905450695848e-05
15.65 1.115430798135763e-05
15.66 1.1092104827818607e-05
15.67 1.1030304939539312e-05
15.68 1.096890688754475e-05
15.69 1.0907877600526642e-05
15.700000000000001 1.0847212125353334e-05
15.71 1.078690780893874e-05
15.72 1.0726961586284087e-05
15.73 1.0667369931827587e-05
15.74 1.0608128809802726e-05
15.75 1.0549233622807186e-05
15.76 1.0490679158888135e-05
15.77 1.0432459538019072e-05
15.780000000000001 1.0374568156765619e-05
15.790000000000001 1.0316997631681923e-05
15.8 1.0259739741805881e-05
15.81 1.0202785369888868e-05
15.82 1.014612444251049e-05
15.83 1.0089757187642465e-05
15.84 1.0033703550336916e-05
15.85 9.977962855267728e-06
15.860000000000001 9.922533697083371e-06
15.870000000000001 9.86741498011385e-06
15.88 9.81260594879775e-06
15.89 9.75810621970611e-06
15.9 9.703915814324778e-06
15.91 9.650035193082326e-06
15.92 9.596465289174981e-06
15.93 9.543207544305404e-06
15.94 9.490263944353806e-06
15.950000000000001 9.43763705683583e-06
15.96 9.385330067856069e-06
15.97 9.333346820852243e-06
15.98 9.281681641300568e-06
15.99 9.230318042894366e-06
16.0 9.179253473332386e-06
16.01 9.1284854014976e-06
16.02 9.078011027459582e-06
16.03 9.027827255975304e-06
16.04 8.977930668692359e-06
16.05 8.928317496483158e-06
16.06 8.878983590150224e-06
16.07 8.829924391277845e-06
16.080000000000002 8.78113490196549e-06
16.09 8.732609654295807e-06
16.1 8.684342678987956e-06
16.11 8.63632747332907e-06
16.12 8.588556969511872e-06
16.13 8.541034486841915e-06
16.14 8.49376926834568e-06
16.15 8.44675968186717e-06
16.16 8.400004290608437e-06
16.17 8.353501904324531e-06
16.18 8.30725160301353e-06
16.19 8.261252762846536e-06
16.2 8.215505081410942e-06
16.21 8.170008603867887e-06
16.22 8.124763750246835e-06
16.23 8.0797713426237e-06
16.240000000000002 8.035032633628208e-06
16.25 7.990549334672623e-06
16.26 7.946323645321909e-06
16.27 7.902358267129457e-06
16.28 7.858646809654358e-06
16.29 7.815181610362808e-06
16.3 7.771961765091779e-06
16.31 7.72898633818412e-06
16.32 7.686254351902842e-06
16.330000000000002 7.643764775618588e-06
16.34 7.601516514531975e-06
16.35 7.559508398088683e-06
16.36 7.51773916811329e-06
16.37 7.476207466096136e-06
16.38 7.434911821102086e-06
16.39 7.393850636481028e-06
16.4 7.353022176311225e-06
16.41 7.312424552397565e-06
16.42 7.272055735035084e-06
16.43 7.231915285443695e-06
16.44 7.192002438732425e-06
16.45 7.1523154267485924e-06
16.46 7.112852365393418e-06
16.47 7.073611245908508e-06
16.48 7.034589926336893e-06
16.490000000000002 6.9957861229368035e-06
16.5 6.957197400998469e-06
16.51 6.9188211664450265e-06
16.52 6.8806546563039e-06
16.53 6.84269492956871e-06
16.54 6.804938858286482e-06
16.55 6.767383117794188e-06
16.56 6.730024177456625e-06
16.57 6.692858548037117e-06
16.580000000000002 6.655889366810825e-06
16.59 6.619117753878289e-06
16.6 6.582542401399171e-06
16.61 6.546162137705458e-06
16.62 6.509975941749969e-06
16.63 6.473982957935645e-06
16.64 6.4381825120296814e-06
16.65 6.40257412590022e-06
16.66 6.367157534906088e-06
16.67 6.331932703083649e-06
16.68 6.296899840918611e-06
16.69 6.262059421974003e-06
16.7 6.2274122007244335e-06
16.71 6.192959229795554e-06
16.72 6.158701345024189e-06
16.73 6.124632240797189e-06
16.740000000000002 6.090748974525457e-06
16.75 6.05705065788247e-06
16.76 6.023536384439868e-06
16.77 5.990205223575752e-06
16.78 5.957056213658956e-06
16.79 5.924088355832233e-06
16.8 5.891300607140798e-06
16.81 5.858691873629647e-06
16.82 5.826261002551394e-06
16.830000000000002 5.794006775880793e-06
16.84 5.761927901556984e-06
16.85 5.7300230068030745e-06
16.86 5.698290629092351e-06
16.87 5.666729437019775e-06
16.88 5.635339922562682e-06
16.89 5.604121459135483e-06
16.9 5.573073002105265e-06
16.91 5.542193479923579e-06
16.92 5.511481792105921e-06
16.93 5.480936806538357e-06
16.94 5.4505573572035185e-06
16.95 5.420342241420654e-06
16.96 5.390290216853236e-06
16.97 5.360399999699856e-06
16.98 5.3306702615383336e-06
16.990000000000002 5.301099626654022e-06
17.0 5.271686669433388e-06
17.01 5.242429911624449e-06
17.02 5.213328003378804e-06
17.03 5.184380537489198e-06
17.04 5.155586419303268e-06
17.05 5.126944394905856e-06
17.06 5.098453200017483e-06
17.07 5.07011156149575e-06
17.080000000000002 5.041918197100717e-06
17.09 5.013871817066131e-06
17.1 4.985971124241888e-06
17.11 4.9582148156947486e-06
17.12 4.930601582820663e-06
17.13 4.903130112771364e-06
17.14 4.875799089484574e-06
17.150000000000002 4.848607194424086e-06
17.16 4.821553107966885e-06
17.17 4.7946367467983225e-06
17.18 4.7678625032516846e-06
17.19 4.741231501011233e-06
17.2 4.71474465753058e-06
17.21 4.6884031659989375e-06
17.22 4.662208513486971e-06
17.23 4.63616249934593e-06
17.240000000000002 4.610267253697415e-06
17.25 4.584525256949015e-06
17.26 4.558939358645115e-06
17.27 4.5335127975641015e-06
17.28 4.508249221732517e-06
17.29 4.483152708771631e-06
17.3 4.4582277863945e-06
17.31 4.433479453769956e-06
17.32 4.408905909766489e-06
17.330000000000002 4.384488346571153e-06
17.34 4.360223348054805e-06
17.35 4.3361081146625884e-06
17.36 4.312139228584847e-06
17.37 4.288312602630708e-06
17.38 4.264623427696753e-06
17.39 4.2410661187197544e-06
17.400000000000002 4.217634260127645e-06
17.41 4.194320549796892e-06
17.42 4.171116742185442e-06
17.43 4.148013590605029e-06
17.44 4.1250007883580995e-06
17.45 4.1020669096928156e-06
17.46 4.07919934910443e-06
17.47 4.056401619663419e-06
17.48 4.033702748479709e-06
17.490000000000002 4.011103535103179e-06
17.5 3.988604403301621e-06
17.51 3.96620649067308e-06
17.52 3.943911718245563e-06
17.53 3.92172286153283e-06
17.54 3.899643624100547e-06
17.55 3.8776787118946325e-06
17.56 3.855833909741048e-06
17.57 3.834116159568595e-06
17.580000000000002 3.8125336398178375e-06
17.59 3.7910958466302793e-06
17.6 3.7698136766605925e-06
17.61 3.7486995117645174e-06
17.62 3.7277435218593426e-06
17.63 3.7069158514168622e-06
17.64 3.6862156217877095e-06
17.650000000000002 3.6656418389428066e-06
17.66 3.645193019869656e-06
17.67 3.6248671368122563e-06
17.68 3.6046615598584776e-06
17.69 3.5845729987086464e-06
17.7 3.5645974424943026e-06
17.71 3.544730097515287e-06
17.72 3.5249653247842756e-06
17.73 3.5052965755969813e-06
17.740000000000002 3.485716325293906e-06
17.75 3.466216007075003e-06
17.76 3.44678594337575e-06
17.77 3.427436460155201e-06
17.78 3.4081856892711343e-06
17.79 3.389033299359707e-06
17.8 3.3699792094769865e-06
17.81 3.351023623218794e-06
17.82 3.332167060309584e-06
17.830000000000002 3.3134103888262344e-06
17.84 3.294754858297654e-06
17.85 3.276202133968391e-06
17.86 3.257754331866718e-06
17.87 3.239414054235709e-06
17.88 3.2211844263750795e-06
17.89 3.2030691342146457e-06
17.900000000000002 3.1850724624888672e-06
17.91 3.1671992573921535e-06
17.92 3.1494401748943975e-06
17.93 3.13178542446068e-06
17.94 3.114234242808985e-06
17.95 3.096785685042158e-06
17.96 3.0794386052810166e-06
17.97 3.06219163618616e-06
17.98 3.0450431684145036e-06
17.990000000000002 3.0279913293769414e-06
18.0 3.011033961755529e-06
18.01 2.994168600412581e-06
18.02 2.9773924507215874e-06
18.03 2.960702364734934e-06
18.04 2.9440948174895305e-06
18.05 2.927565883438857e-06
18.06 2.911111481928696e-06
18.07 2.8947394384842146e-06
18.080000000000002 2.878455231946969e-06
18.09 2.862258976578857e-06
18.1 2.8461509934466205e-06
18.11 2.830131829402102e-06
18.12 2.814202277497558e-06
18.13 2.7983633976722336e-06
18.14 2.7826165373600123e-06
18.150000000000002 2.7669633534911295e-06
18.16 2.751405834620739e-06
18.17 2.73594632293323e-06
18.18 2.720587537694604e-06
18.19 2.7053325984073475e-06
18.2 2.6901850488630225e-06
18.21 2.6751481078275945e-06
18.22 2.6602096787034686e-06
18.23 2.6453631832227664e-06
18.240000000000002 2.6306069881361794e-06
18.25 2.6159391261538784e-06
18.26 2.60135726725709e-06
18.27 2.5868586886899827e-06
18.28 2.5724402437697722e-06
18.29 2.558098331024907e-06
18.3 2.543828862055196e-06
18.31 2.529627228809719e-06
18.32 2.5154882700711024e-06
18.330000000000002 2.501406238684424e-06
18.34 2.487374766101851e-06
18.35 2.4733868284267276e-06
18.36 2.4594367872897253e-06
18.37 2.4455420221697766e-06
18.38 2.431708479500548e-06
18.39 2.417936654856758e-06
18.400000000000002 2.4042274992838557e-06
18.41 2.390582461735645e-06
18.42 2.377003532874969e-06
18.43 2.363493289421698e-06
18.44 2.350054939818458e-06
18.45 2.336692370705825e-06
18.46 2.3234101946168102e-06
18.47 2.3102137982455428e-06
18.48 2.297109392136905e-06
18.490000000000002 2.284104060987875e-06
18.5 2.271205815282439e-06
18.51 2.258419606440405e-06
18.52 2.2457226912613298e-06
18.53 2.233109535319973e-06
18.54 2.2205794787285e-06
18.55 2.208131474283788e-06
18.56 2.1957640444769666e-06
18.57 2.1834752384456042e-06
18.580000000000002 2.1712625868157117e-06
18.59 2.1591230560428446e-06
18.6 2.147053001322493e-06
18.61 2.1350481188945085e-06
18.62 2.123103396621485e-06
18.63 2.111213064308879e-06
18.64 2.099370542918053e-06
18.650000000000002 2.0875683928668533e-06
18.66 2.0758034225763344e-06
18.67 2.0640955151891545e-06
18.68 2.052447534176276e-06
18.69 2.040859431927562e-06
18.7 2.0293314143088282e-06
18.71 2.017863969180152e-06
18.72 2.0064578960222405e-06
18.73 1.995114336528713e-06
18.740000000000002 1.98383480609621e-06
18.75 1.9726212255076004e-06
18.76 1.9614759537920886e-06
18.77 1.9504018223811615e-06
18.78 1.9394021689366717e-06
18.79 1.9284808724706398e-06
18.8 1.9176423895374403e-06
18.81 1.9068868576648662e-06
18.82 1.8961997555478607e-06
18.830000000000002 1.8855790843840415e-06
18.84 1.8750240329022195e-06
18.85 1.8645335918044976e-06
18.86 1.854106533433035e-06
18.87 1.8437413916837925e-06
18.88 1.8334364407662524e-06
18.89 1.8231896738805237e-06
18.900000000000002 1.8129987809355772e-06
18.91 1.8028611260723255e-06
18.92 1.7927737246062206e-06
18.93 1.7827332196136908e-06
18.94 1.7727358583506355e-06
18.95 1.762777467242591e-06
18.96 1.7528584805547032e-06
18.97 1.742989194176872e-06
18.98 1.7331701097056916e-06
18.990000000000002 1.7234013356035548e-06
19.0 1.7136831815425628e-06
19.01 1.7040161778936018e-06
19.02 1.6944010947133247e-06
19.03 1.6848389628312333e-06
19.04 1.6753310937956366e-06
19.05 1.6658791012962937e-06
19.06 1.6564849226907057e-06
19.07 1.647150841167051e-06
19.080000000000002 1.6378795078881474e-06
19.09 1.62867396527361e-06
19.1 1.6195376700324244e-06
19.11 1.6104683784734638e-06
19.12 1.601456427248048e-06
19.13 1.5925011498142683e-06
19.14 1.583601943233419e-06
19.150000000000002 1.5747580259507744e-06
19.16 1.5659684197006892e-06
19.17 1.5572319300012584e-06
19.18 1.5485471273555531e-06
19.19 1.5399123277486668e-06
19.2 1.5313255715291912e-06
19.21 1.5227846037773511e-06
19.22 1.5142868525668592e-06
19.23 1.5058294077216006e-06
19.240000000000002 1.4974089989677666e-06
19.25 1.4890219738602573e-06
19.26 1.480671117170076e-06
19.27 1.4723636716037656e-06
19.28 1.4640995102474389e-06
19.29 1.4558785960995524e-06
19.3 1.4477010346784563e-06
19.31 1.4395670888354148e-06
19.32 1.431477193388625e-06
19.330000000000002 1.423431971189792e-06
19.34 1.4154322485637099e-06
19.35 1.4074790716292994e-06
19.36 1.3995737230152946e-06
19.37 1.3917177385608598e-06
19.38 1.3839129250949869e-06
19.39 1.3761613776302074e-06
19.400000000000002 1.368465495141095e-06
19.41 1.3608214300952224e-06
19.42 1.3532238645567194e-06
19.43 1.3456724353165571e-06
19.44 1.33816668332256e-06
19.45 1.3307060428017136e-06
19.46 1.3232898302368646e-06
19.47 1.3159172331704896e-06
19.48 1.3085872982565713e-06
19.490000000000002 1.3012989196532375e-06
19.5 1.2940508261465597e-06
19.51 1.2868415696022824e-06
19.52 1.2796695112269208e-06
19.53 1.2725328091304448e-06
19.54 1.2654294049102522e-06
19.55 1.2583570690642785e-06
19.56 1.2513190695283586e-06
19.57 1.2443183100869105e-06
19.580000000000002 1.2373546270567394e-06
19.59 1.2304279329710278e-06
19.6 1.2235382244988897e-06
19.61 1.2166855910164228e-06
19.62 1.209870223330741e-06
19.63 1.203092422623125e-06
19.64 1.1963526092569716e-06
19.650000000000002 1.1896513328144703e-06
19.66 1.1829892805988087e-06
19.67 1.176367288183459e-06
19.68 1.1697863491490733e-06
19.69 1.1632476250723455e-06
19.7 1.1567523256952178e-06
19.71 1.1502976343988986e-06
19.72 1.1438818608103946e-06
19.73 1.1375049846492702e-06
19.740000000000002 1.1311669629794933e-06
19.75 1.1248677266839343e-06
19.76 1.118607175736269e-06
19.77 1.1123851749049365e-06
19.78 1.1062015493905255e-06
19.79 1.1000560799054489e-06
19.8 1.0939484977622906e-06
19.81 1.087878480597929e-06
19.82 1.081845646273491e-06
19.830000000000002 1.0758495485213874e-06
19.84 1.0698896713300142e-06
19.85 1.063965451852944e-06
19.86 1.0580767005330394e-06
19.87 1.0522229732706822e-06
19.88 1.0464036227651914e-06
19.89 1.0406179288823285e-06
19.900000000000002 1.0348650943658435e-06
19.91 1.0291442406528892e-06
19.92 1.0234544030085545e-06
19.93 1.0177945265371939e-06
19.94 1.0121634608755824e-06
19.95 1.0065599564329031e-06
19.96 1.0009826590159226e-06
19.97 9.954301053315042e-07
19.98 9.899007183284412e-07
19.990000000000002 9.843928023980193e-07
20.0 9.78905081895718e-07
20.01 9.734413028522583e-07
20.02 9.680025379939661e-07
20.03 9.625888510137078e-07
20.04 9.572004427986416e-07
20.05 9.51837664245705e-07
20.06 9.465010287341676e-07
20.07 9.411912252545607e-07
20.080000000000002 9.359091315879137e-07
20.09 9.306558277238398e-07
20.1 9.254326099610195e-07
20.11 9.202410046057694e-07
20.12 9.150827826667762e-07
20.13 9.099599740651932e-07
20.14 9.048748826253608e-07
20.150000000000002 8.998287635769231e-07
20.16 8.948150976159034e-07
20.17 8.898325398334168e-07
20.18 8.848809578552086e-07
20.19 8.799601196383781e-07
20.2 8.750696813450117e-07
20.21 8.702091754072844e-07
20.22 8.653779981271153e-07
20.23 8.60575396002209e-07
20.240000000000002 8.558004532090505e-07
20.25 8.51052077826815e-07
20.26 8.463289877971673e-07
20.27 8.416296970488587e-07
20.28 8.369525011938479e-07
20.29 8.322954623225581e-07
20.3 8.276578518742229e-07
20.31 8.230444960581531e-07
20.32 8.184558412007012e-07
20.330000000000002 8.138917010260677e-07
20.34 8.093519244232496e-07
20.35 8.048363999993641e-07
20.36 8.003450620852615e-07
20.37 7.958778955857032e-07
20.38 7.914349424811059e-07
20.39 7.87016306711655e-07
20.400000000000002 7.82622161026752e-07
20.41 7.782527530771468e-07
20.42 7.7390841112131e-07
20.43 7.695895513344739e-07
20.44 7.652966838594564e-07
20.45 7.610296789041385e-07
20.46 7.56786544430909e-07
20.47 7.525670137833876e-07
20.48 7.483709692609119e-07
20.490000000000002 7.441982927442088e-07
20.5 7.400488649999875e-07
20.51 7.359225649626556e-07
20.52 7.318192693288273e-07
20.53 7.27738851502395e-07
20.54 7.23681181406745e-07
20.55 7.196461245422611e-07
20.56 7.156335410213842e-07
20.57 7.11643285157158e-07
20.580000000000002 7.076752045032759e-07
20.59 7.037291389440023e-07
20.6 6.99804977209945e-07
20.61 6.959026971137738e-07
20.62 6.920221718938234e-07
20.63 6.881632664508053e-07
20.64 6.843258414778591e-07
20.650000000000002 6.805097527418352e-07
20.66 6.767148506857173e-07
20.67 6.729409799844255e-07
20.68 6.69187979006401e-07
20.69 6.654556791283904e-07
20.7 6.617439043520718e-07
20.71 6.580524708046714e-07
20.72 6.543811858125128e-07
20.73 6.50729847920424e-07
20.740000000000002 6.470982455378943e-07
20.75 6.43486351634354e-07
20.76 6.398943326344029e-07
20.77 6.363221025103933e-07
20.78 6.327695791321676e-07
20.79 6.292366880562362e-07
20.8 6.257233635827662e-07
20.81 6.222295496295573e-07
20.82 6.187551997166455e-07
20.830000000000002 6.153002783862828e-07
20.84 6.11864761383132e-07
20.85 6.084486365634783e-07
20.86 6.050519046793242e-07
20.87 6.016745799676537e-07
20.88 5.983166908503932e-07
20.89 5.949782809804493e-07
20.900000000000002 5.916593150305039e-07
20.91 5.883597234913798e-07
20.92 5.850795382366693e-07
20.93 5.81818801828355e-07
20.94 5.785775675727547e-07
20.95 5.753558999626587e-07
20.96 5.721538750035667e-07
20.97 5.689715803421655e-07
20.98 5.658091159753973e-07
20.990000000000002 5.626665941101095e-07
21.0 5.595441400259716e-07
21.01 5.564418919664586e-07
21.02 5.533600016244646e-07
21.03 5.502986347688098e-07
21.04 5.472579669727547e-07
21.05 5.442366534965499e-07
21.06 5.412331349141045e-07
21.07 5.382467988952451e-07
21.080000000000002 5.352769432638072e-07
21.09 5.323227701863119e-07
21.1 5.29383379148016e-07
21.11 5.264577609695258e-07
21.12 5.23544790596419e-07
21.13 5.206432210222911e-07
21.14 5.177516755530275e-07
21.150000000000002 5.148686416006133e-07
21.16 5.119924630238412e-07
21.17 5.091213335779959e-07
21.18 5.062532894397134e-07
21.19 5.033863116267359e-07
21.2 5.005247078323713e-07
21.21 4.976719376599374e-07
21.22 4.948284942405236e-07
21.23 4.919950695666002e-07
21.240000000000002 4.891725711171743e-07
21.25 4.863621396145284e-07
21.26 4.835651659197758e-07
21.27 4.807833094421258e-07
21.28 4.78018516788842e-07
21.29 4.7527303965441475e-07
21.3 4.725494547904276e-07
21.31 4.6985068324667577e-07
21.32 4.671800100060136e-07
21.330000000000002 4.645411050849344e-07
21.34 4.6193752479487937e-07
21.35 4.5936071522658566e-07
21.36 4.568060985054613e-07
21.37 4.542733827756656e-07
21.38 4.5176205727595186e-07
21.39 4.492713703609379e-07
21.400000000000002 4.468003056448634e-07
21.41 4.4434755860813923e-07
21.42 4.419115117226054e-07
21.43 4.394902097440271e-07
21.44 4.370813340559142e-07
21.45 4.346821765600895e-07
21.46 4.3228961325945253e-07
21.47 4.2990007736889817e-07
21.48 4.275095321305735e-07
21.490000000000002 4.251145164028405e-07
21.5 4.2272499723399045e-07
21.51 4.2034453281682626e-07
21.52 4.179731070408084e-07
21.53 4.1561085345758093e-07
21.54 4.132580727874758e-07
21.55 4.1091525086772067e-07
21.56 4.0858307749999266e-07
21.57 4.062624654297569e-07
21.580000000000002 4.0395457008910026e-07
21.59 4.016608092748922e-07
21.6 3.9938288387423096e-07
21.61 3.9712279896122896e-07
21.62 3.948828852207392e-07
21.63 3.926658206222073e-07
21.64 3.9047339036327395e-07
21.650000000000002 3.882977470568653e-07
21.66 3.8613682340249466e-07
21.67 3.839904419986658e-07
21.68 3.8185833918475765e-07
21.69 3.7974015473134573e-07
21.7 3.776354218586577e-07
21.71 3.7554355621446543e-07
21.72 3.73463845197838e-07
21.73 3.7139543656927254e-07
21.740000000000002 3.6933732692334817e-07
21.75 3.672883501781854e-07
21.76 3.652471652031272e-07
21.77 3.6321224391251856e-07
21.78 3.6118185878464227e-07
21.79 3.5915519908813346e-07
21.8 3.571370443843417e-07
21.81 3.551282131709346e-07
21.82 3.5312875700687545e-07
21.830000000000002 3.511387925784473e-07
21.84 3.491585081414738e-07
21.85 3.471881702328018e-07
21.86 3.4522813075642993e-07
21.87 3.4327883427812903e-07
21.88 3.413408249809788e-07
21.89 3.394147543855919e-07
21.900000000000002 3.375013889522142e-07
21.91 3.3560161801881976e-07
21.92 3.3371646138293616e-07
21.93 3.31847078075822e-07
21.94 3.299935793701762e-07
21.95 3.2815213900442555e-07
21.96 3.263221471408689e-07
21.97 3.245033337428548e-07
21.98 3.226953591668139e-07
21.990000000000002 3.208978074931688e-07
22.0 3.1911017955176977e-07
22.01 3.173318864384744e-07
22.02 3.155622420222804e-07
22.03 3.1380045604286096e-07
22.04 3.120456264063868e-07
22.05 3.102967318902006e-07
22.06 3.085526246174243e-07
22.07 3.0681202180233126e-07
22.080000000000002 3.0507349866519366e-07
22.09 3.0333732792817755e-07
22.1 3.0160781813704483e-07
22.11 2.998854779566831e-07
22.12 2.981706499150189e-07
22.13 2.964637839825168e-07
22.14 2.9476544754499607e-07
22.150000000000002 2.930763345322337e-07
22.16 2.9139727502204386e-07
22.17 2.897292451909772e-07
22.18 2.880733774007619e-07
22.19 2.864309703840039e-07
22.2 2.848035001437794e-07
22.21 2.831926304720767e-07
22.22 2.8160022382640393e-07
22.23 2.80028353314614e-07
22.240000000000002 2.784760149866913e-07
22.25 2.7693765935630967e-07
22.26 2.754128920938806e-07
22.27 2.739013577721279e-07
22.28 2.724025624202477e-07
22.29 2.7091586050068854e-07
22.3 2.694404415515641e-07
22.31 2.679753165871256e-07
22.32 2.6651930450728766e-07
22.330000000000002 2.650710174103752e-07
22.34 2.636288468189853e-07
22.35 2.6219094814770687e-07
22.36 2.6075522662800813e-07
22.37 2.5931932159185865e-07
22.38 2.578805916380548e-07
22.39 2.5644093529957664e-07
22.400000000000002 2.550059974499902e-07
22.41 2.5357579255141406e-07
22.42 2.521503902774987e-07
22.43 2.5072997556022927e-07
22.44 2.493148615630007e-07
22.45 2.479055020939737e-07
22.46 2.4650250479680376e-07
22.47 2.4510664379720883e-07
22.48 2.437188736313352e-07
22.490000000000002 2.423403431134623e-07
22.5 2.409724094355097e-07
22.51 2.396166522242063e-07
22.52 2.3827488931173245e-07
22.53 2.369491909705898e-07
22.54 2.3563687839514178e-07
22.55 2.3433369487446502e-07
22.56 2.3303953617249528e-07
22.57 2.3175423287716788e-07
22.580000000000002 2.3047754142062164e-07
22.59 2.2920913669692046e-07
22.6 2.279486030653437e-07
22.61 2.2669542614557787e-07
22.62 2.254489836385357e-07
22.63 2.242085364559561e-07
22.64 2.2297321918002136e-07
22.650000000000002 2.2174203062895513e-07
22.66 2.2051382446837365e-07
22.67 2.1928729916593582e-07
22.68 2.180610150788573e-07
22.69 2.1683740941496298e-07
22.7 2.1561890436923867e-07
22.71 2.1440557705247392e-07
22.72 2.1319756084836996e-07
22.73 2.1199505052571553e-07
22.740000000000002 2.1079830800265625e-07
22.75 2.0960766856925606e-07
22.76 2.0842354684610974e-07
22.77 2.0724644311136738e-07
22.78 2.060769496657058e-07
22.79 2.0491575716146716e-07
22.8 2.037636619023754e-07
22.81 2.0262157186589974e-07
22.82 2.014905145860009e-07
22.830000000000002 2.0037155313613626e-07
22.84 1.9926226372526598e-07
22.85 1.98161002403711e-07
22.86 1.9706763470665788e-07
22.87 1.9598196891723856e-07
22.88 1.9490375006866968e-07
22.89 1.9383265427251996e-07
22.900000000000002 1.9276828230803964e-07
22.91 1.9171015375760245e-07
22.92 1.906577005747847e-07
22.93 1.896102605131243e-07
22.94 1.885670705130296e-07
22.95 1.8752725990182602e-07
22.96 1.8648984376337186e-07
22.97 1.854537157723493e-07
22.98 1.8441784372665677e-07
22.990000000000002 1.8338484159821297e-07
23.0 1.8235590532202474e-07
23.01 1.813310694074883e-07
23.02 1.8031042092113382e-07
23.03 1.7929410474728288e-07
23.04 1.7828232957002544e-07
23.05 1.772753733367857e-07
23.06 1.7627358928914245e-07
23.07 1.752774123620071e-07
23.080000000000002 1.7428736498762906e-07
23.09 1.7330406374473648e-07
23.1 1.7232822559931247e-07
23.11 1.713606750489453e-07
23.12 1.7040235026889944e-07
23.13 1.6945398360635475e-07
23.14 1.685129426906443e-07
23.150000000000002 1.6757835473999502e-07
23.16 1.666501389709367e-07
23.17 1.6572817371397633e-07
23.18 1.6481229208361974e-07
23.19 1.6390227722143467e-07
23.2 1.629978577839808e-07
23.21 1.620987029931015e-07
23.22 1.612044174745253e-07
23.23 1.6031453662311828e-07
23.240000000000002 1.5942852134846102e-07
23.25 1.585457522278546e-07
23.26 1.5766552510657408e-07
23.27 1.567870449276738e-07
23.28 1.5590982849287421e-07
23.29 1.5503602898025602e-07
23.3 1.5416611600282872e-07
23.31 1.5330011166172835e-07
23.32 1.5243806933699835e-07
23.330000000000002 1.515800783195723e-07
23.34 1.5072626635654696e-07
23.35 1.4987680367877648e-07
23.36 1.4903190658594953e-07
23.37 1.4819184109688115e-07
23.38 1.4735692677148807e-07
23.39 1.4652754071171155e-07
23.400000000000002 1.457041215521403e-07
23.41 1.4488717336384304e-07
23.42 1.4407727012312466e-07
23.43 1.4327461050802747e-07
23.44 1.424774919346226e-07
23.45 1.416856390860314e-07
23.46 1.4089900208979415e-07
23.47 1.4011750704471214e-07
23.48 1.3934105408665797e-07
23.490000000000002 1.385695142881911e-07
23.5 1.3780272697808474e-07
23.51 1.370404973744584e-07
23.52 1.3628259316593601e-07
23.53 1.355287419595424e-07
23.54 1.347786283864528e-07
23.55 1.3403189056516258e-07
23.56 1.3328811759470358e-07
23.57 1.3254684605340278e-07
23.580000000000002 1.3180794549561134e-07
23.59 1.3107236838480626e-07
23.6 1.303401048860541e-07
23.61 1.2961105187828418e-07
23.62 1.2888511056557929e-07
23.63 1.281621872003928e-07
23.64 1.2744219423941661e-07
23.650000000000002 1.2672505135253968e-07
23.66 1.2601068694016184e-07
23.67 1.252990387235961e-07
23.68 1.2459005562388261e-07
23.69 1.2388369834522494e-07
23.7 1.2317994135954084e-07
23.71 1.2247877349488585e-07
23.72 1.2178019990295502e-07
23.73 1.2108430633709288e-07
23.740000000000002 1.203913195635235e-07
23.75 1.1970137404253376e-07
23.76 1.1901462840770084e-07
23.77 1.1833127308197885e-07
23.78 1.1765153309288394e-07
23.79 1.1697566948263476e-07
23.8 1.1630398184957658e-07
23.81 1.1563681044779298e-07
23.82 1.1497453823483854e-07
23.830000000000002 1.1431759323700711e-07
23.84 1.1366645073267114e-07
23.85 1.1302163544708627e-07
23.86 1.1238372434239593e-07
23.87 1.117533486349792e-07
23.88 1.111301359650054e-07
23.89 1.1051250323204317e-07
23.900000000000002 1.099003408394617e-07
23.91 1.0929352269544281e-07
23.92 1.086918693027003e-07
23.93 1.080951430825058e-07
23.94 1.075030429915707e-07
23.95 1.0691519983956673e-07
23.96 1.0633117106213308e-07
23.97 1.0575043493858227e-07
23.98 1.0517238578527954e-07
23.990000000000002 1.0459632805224334e-07
24.0 1.040214708952227e-07
24.01 1.034469226525816e-07
24.02 1.0287168461344041e-07
24.03 1.0229657723342749e-07
24.04 1.0172355416329854e-07
24.05 1.0115258025961593e-07
24.060000000000002 1.005836485365398e-07
24.07 1.0001679155295954e-07
24.080000000000002 9.945208546543126e-08
24.09 9.888965551611102e-08
24.1 9.832967997420918e-08
24.11 9.777239511188211e-08
24.12 9.721810057051789e-08
24.13 9.666716370285763e-08
24.14 9.612002546110772e-08
24.150000000000002 9.557720502510075e-08
24.16 9.503930581086263e-08
24.17 9.450701855153571e-08
24.18 9.397936402705124e-08
24.19 9.345506049999769e-08
24.2 9.29341055915813e-08
24.21 9.241648362952413e-08
24.22 9.190216438014387e-08
24.23 9.139110034728096e-08
24.240000000000002 9.088322480929633e-08
24.25 9.037845000457777e-08
24.26 8.987666430442854e-08
24.27 8.93777304005524e-08
24.28 8.888148239668127e-08
24.29 8.83877239823451e-08
24.3 8.789622539098004e-08
24.310000000000002 8.740672142920126e-08
24.32 8.691891876190972e-08
24.330000000000002 8.643332331540669e-08
24.34 8.595035541861143e-08
24.35 8.5469998646891e-08
24.36 8.499223933590991e-08
24.37 8.451706771695237e-08
24.38 8.404447742713398e-08
24.39 8.35744668326705e-08
24.400000000000002 8.310703906660804e-08
24.41 8.264220264562572e-08
24.42 8.217997219723714e-08
24.43 8.17203685792153e-08
24.44 8.126341978625658e-08
24.45 8.080916150143315e-08
24.46 8.035763734298446e-08
24.47 7.990889277673888e-08
24.48 7.946277498193364e-08
24.490000000000002 7.901919151661837e-08
24.5 7.857812946490943e-08
24.51 7.81395748893608e-08
24.52 7.770351350783146e-08
24.53 7.726993003935915e-08
24.54 7.683880858590795e-08
24.55 7.641013212932556e-08
24.560000000000002 7.598388246536961e-08
24.57 7.55600406463061e-08
24.580000000000002 7.513858618773419e-08
24.59 7.471949737563222e-08
24.6 7.430275091407338e-08
24.61 7.388832205996489e-08
24.62 7.347618644499556e-08
24.63 7.306634673207436e-08
24.64 7.265879274691257e-08
24.650000000000002 7.225350548192822e-08
24.66 7.185046495996445e-08
24.67 7.144965113515308e-08
24.68 7.10510434541109e-08
24.69 7.065462036460633e-08
24.7 7.026036007488044e-08
24.71 6.986824021852005e-08
24.72 6.94782374432198e-08
24.73 6.909032821585657e-08
24.740000000000002 6.870448803774384e-08
24.75 6.832069192615306e-08
24.76 6.793891411529065e-08
24.77 6.755912030181302e-08
24.78 6.718120605056933e-08
24.79 6.680510111932631e-08
24.8 6.643074626337415e-08
24.810000000000002 6.605807729528792e-08
24.82 6.568702536600707e-08
24.830000000000002 6.531751646447607e-08
24.84 6.49494713779084e-08
24.85 6.458280530795193e-08
24.86 6.42174275674917e-08
24.87 6.385324145715939e-08
24.88 6.349014367655723e-08
24.89 6.31280245898605e-08
24.900000000000002 6.276676746384022e-08
24.91 6.240624843693626e-08
24.92 6.204646168275459e-08
24.93 6.168810889965173e-08
24.94 6.133144372642602e-08
24.95 6.097663855748415e-08
24.96 6.062389739763504e-08
24.97 6.027345778898815e-08
24.98 5.992559284215206e-08
24.990000000000002 5.958061387312252e-08
25.0 5.923887244732888e-08
25.01 5.890076295821914e-08
25.02 5.8566724722805986e-08
25.03 5.8237244877272585e-08
25.04 5.791286078485011e-08
25.05 5.75941624130394e-08
25.060000000000002 5.72817957346448e-08
25.07 5.6975866692779735e-08
25.080000000000002 5.667428130376635e-08
25.09 5.637663393393455e-08
25.1 5.6082702150128455e-08
25.11 5.579219631559815e-08
25.12 5.5504753178895394e-08
25.13 5.521993074353738e-08
25.14 5.493720175937843e-08
25.150000000000002 5.465594764389502e-08
25.16 5.437545226865022e-08
25.17 5.409489552314433e-08
25.18 5.381334696092938e-08
25.19 5.3529759126317656e-08
25.2 5.3242961456693126e-08
25.21 5.29516537963804e-08
25.22 5.265581450432464e-08
25.23 5.235883479275008e-08
25.240000000000002 5.206099028072964e-08
25.25 5.176237090337562e-08
25.26 5.1463140678115063e-08
25.27 5.116354590394153e-08
25.28 5.086392194120237e-08
25.29 5.0564701621700747e-08
25.3 5.026642231701619e-08
25.310000000000002 4.996973469289503e-08
25.32 4.967541029739166e-08
25.330000000000002 4.938435057178121e-08
25.34 4.909759519704606e-08
25.35 4.8816331030466413e-08
25.36 4.85419015466631e-08
25.37 4.8273871228481004e-08
25.38 4.800881747558223e-08
25.39 4.774660706781744e-08
25.400000000000002 4.7487191525709925e-08
25.41 4.723047182354583e-08
25.42 4.6976292459655674e-08
25.43 4.672443585772984e-08
25.44 4.6474615894212925e-08
25.45 4.622647140908268e-08
25.46 4.597956023655813e-08
25.47 4.573335236063964e-08
25.48 4.5487222894601735e-08
25.490000000000002 4.524044576367228e-08
25.5 4.499218635931881e-08
25.51 4.474149471652691e-08
25.52 4.448905722067979e-08
25.53 4.4237140592984876e-08
25.54 4.398578945245444e-08
25.55 4.3735046401078117e-08
25.560000000000002 4.3484983863723665e-08
25.57 4.323570762095551e-08
25.580000000000002 4.29873598719059e-08
25.59 4.274012320988163e-08
25.6 4.2494223636066605e-08
25.61 4.22499346922566e-08
25.62 4.200758090122246e-08
25.63 4.1767541611778926e-08
25.64 4.153025551847109e-08
25.650000000000002 4.1296223755291116e-08
25.66 4.106601499039844e-08
25.67 4.083890111172372e-08
25.68 4.061358029879914e-08
25.69 4.0389983827979203e-08
25.7 4.016801903589237e-08
25.71 3.994756629172513e-08
25.72 3.972847626755333e-08
25.73 3.951056760543724e-08
25.740000000000002 3.9293623894909833e-08
25.75 3.9077391540486657e-08
25.76 3.886157635304261e-08
25.77 3.864584118280887e-08
25.78 3.842980291271763e-08
25.79 3.821302966341023e-08
25.8 3.799503796870075e-08
25.810000000000002 3.77752954665387e-08
25.82 3.755470665987772e-08
25.830000000000002 3.7334277763902786e-08
25.84 3.7114086633084804e-08
25.85 3.6894243717104864e-08
25.86 3.667489515299881e-08
25.87 3.645622577408934e-08
25.88 3.623846260821851e-08
25.89 3.602187742047288e-08
25.900000000000002 3.580679066444992e-08
25.91 3.559357466040693e-08
25.92 3.5382656687270135e-08
25.93 3.5174523233791376e-08
25.94 3.4969722957728876e-08
25.95 3.476887093601462e-08
25.96 3.457261358071745e-08
25.97 3.4379693014734104e-08
25.98 3.4189186244313924e-08
25.990000000000002 3.400106069213608e-08
26.0 3.381525014480838e-08
26.01 3.363165222786883e-08
26.02 3.345012449017595e-08
26.03 3.3270480300298406e-08
26.04 3.30924859270296e-08
26.05 3.2915855985928303e-08
26.060000000000002 3.27402496280363e-08
26.07 3.256526679072083e-08
26.080000000000002 3.239044379603061e-08
26.09 3.2215249402898875e-08
26.1 3.203908043492194e-08
26.11 3.1861350527673834e-08
26.12 3.168343127293242e-08
26.13 3.150599440345447e-08
26.14 3.132902975880195e-08
26.150000000000002 3.115254808016578e-08
26.16 3.097658308887628e-08
26.17 3.0801194609068015e-08
26.18 3.062647093077979e-08
26.19 3.0452531618173784e-08
26.2 3.027953047371717e-08
26.21 3.010765830437491e-08
26.22 2.993714608010749e-08
26.23 2.976826773596437e-08
26.240000000000002 2.96013434452632e-08
26.25 2.943674293571705e-08
26.26 2.9274770124888697e-08
26.27 2.9114350872801414e-08
26.28 2.8955095678726982e-08
26.29 2.879697019779687e-08
26.3 2.863992799650517e-08
26.310000000000002 2.8483909155890266e-08
26.32 2.8328838592580024e-08
26.330000000000002 2.8174625158714243e-08
26.34 2.8021159484111283e-08
26.35 2.7868312892242075e-08
26.36 2.7715935720882276e-08
26.37 2.756385556246569e-08
26.38 2.7411875716887107e-08
26.39 2.7259773440244757e-08
26.400000000000002 2.71072986119357e-08
26.41 2.695429658308322e-08
26.42 2.6801515873789016e-08
26.43 2.6649158666047106e-08
26.44 2.6497264471139108e-08
26.45 2.6345887469371638e-08
26.46 2.6195097465190665e-08
26.47 2.604498171255784e-08
26.48 2.589564547267765e-08
26.490000000000002 2.5747214329460222e-08
26.5 2.5599834759499978e-08
26.51 2.545367583782379e-08
26.52 2.5308930974322083e-08
26.53 2.5165819130562486e-08
26.54 2.5024586156502686e-08
26.55 2.4885507072573373e-08
26.560000000000002 2.4748691698073385e-08
26.57 2.4613330763765813e-08
26.580000000000002 2.4479270553526625e-08
26.59 2.4346469988344968e-08
26.6 2.42148703768878e-08
26.61 2.408439375774121e-08
26.62 2.3954940513813282e-08
26.63 2.3826388397324622e-08
26.64 2.369859030325013e-08
26.650000000000002 2.3571372218902952e-08
26.66 2.344453164301863e-08
26.67 2.3317835592422315e-08
26.68 2.319101830440106e-08
26.69 2.3063779584433933e-08
26.7 2.293578298141199e-08
26.71 2.280696925193999e-08
26.72 2.267826413090274e-08
26.73 2.2549770822773195e-08
26.740000000000002 2.2421511492438473e-08
26.75 2.2293524947370347e-08
26.76 2.216586862431732e-08
26.77 2.2038619603684164e-08
26.78 2.1911877066930368e-08
26.79 2.178576393019175e-08
26.8 2.166042850577964e-08
26.810000000000002 2.1536046496381024e-08
26.82 2.1412823314722663e-08
26.830000000000002 2.1290995588267515e-08
26.84 2.1170833665266745e-08
26.85 2.105264323890813e-08
26.86 2.0936376463919003e-08
26.87 2.0821185759152387e-08
26.88 2.070700828556496e-08
26.89 2.059381841619523e-08
26.900000000000002 2.0481577585687322e-08
26.91 2.037023231777485e-08
26.92 2.0259713261425193e-08
26.93 2.014993331487158e-08
26.94 2.0040786224729016e-08
26.95 1.9932145197998656e-08
26.96 1.982386130568853e-08
26.97 1.9715761549897915e-08
26.98 1.9607647526088024e-08
26.990000000000002 1.9499293881726e-08
27.0 1.9390446028401485e-08
27.01 1.9281226139111025e-08
27.02 1.9172276026263504e-08
27.03 1.9063620670053158e-08
27.04 1.8955277706546206e-08
27.05 1.8847275472152472e-08
27.060000000000002 1.873965430132052e-08
27.07 1.8632467634619376e-08
27.080000000000002 1.852578282173932e-08
27.09 1.8419682969690663e-08
27.1 1.831426743312064e-08
27.11 1.8209653505397733e-08
27.12 1.810597772451965e-08
27.13 1.800339670206719e-08
27.14 1.7902088996407444e-08
27.150000000000002 1.7802256086537748e-08
27.16 1.770373358724259e-08
27.17 1.7606082580143333e-08
27.18 1.7509300886576367e-08
27.19 1.7413382684294712e-08
27.2 1.7318314729375807e-08
27.21 1.722407590986903e-08
27.22 1.713063588460698e-08
27.23 1.7037954635443523e-08
27.240000000000002 1.694598116888104e-08
27.25 1.685465317759606e-08
27.26 1.6763895508231197e-08
27.27 1.667361977203104e-08
27.28 1.6583722750970102e-08
27.29 1.6494086255451276e-08
27.3 1.6404575261904004e-08
27.310000000000002 1.631526329339797e-08
27.32 1.6226276798413227e-08
27.330000000000002 1.613755856585085e-08
27.34 1.604904717854446e-08
27.35 1.5960677489997455e-08
27.36 1.5872380712677746e-08
27.37 1.578408391059757e-08
27.38 1.5695710207697154e-08
27.39 1.5607179041168557e-08
27.400000000000002 1.551840602121411e-08
27.41 1.542930292443279e-08
27.42 1.533977776100009e-08
27.43 1.5249734717720314e-08
27.44 1.5159074399830746e-08
27.45 1.5067697224744204e-08
27.46 1.4975879576777052e-08
27.47 1.4883896853120238e-08
27.48 1.4791828929387263e-08
27.490000000000002 1.4699776038645958e-08
27.5 1.4607860688016874e-08
27.51 1.4516228847717802e-08
27.52 1.4425051915258644e-08
27.53 1.4334528032923228e-08
27.54 1.4244883757576188e-08
27.55 1.4156376197652543e-08
27.560000000000002 1.4069294071244152e-08
27.57 1.3983959904414491e-08
27.580000000000002 1.3900732007888941e-08
27.59 1.3820006444109243e-08
27.6 1.3742182445954684e-08
27.61 1.3666411279947559e-08
27.62 1.359214711233749e-08
27.63 1.3519352787353398e-08
27.64 1.344796354147955e-08
27.650000000000002 1.3377883844713852e-08
27.66 1.3308984676387915e-08
27.67 1.3241100933801889e-08
27.68 1.3174027737236356e-08
27.69 1.3107517877035684e-08
27.7 1.3041278483860524e-08
27.71 1.297496757759098e-08
27.72 1.2908191356983813e-08
27.73 1.2840500387956404e-08
27.740000000000002 1.277138678348205e-08
27.75 1.2700381487641427e-08
27.76 1.2628675808432424e-08
27.77 1.2556778594569073e-08
27.78 1.2484686512360087e-08
27.79 1.2412415921494676e-08
27.8 1.234000535112992e-08
27.810000000000002 1.2267518036151353e-08
27.82 1.219504397685894e-08
27.830000000000002 1.2122702935485037e-08
27.84 1.2050646600587195e-08
27.85 1.1979061476094575e-08
27.86 1.1908171724329996e-08
27.87 1.1838241613094892e-08
27.88 1.1769578390837952e-08
27.89 1.1702535718087232e-08
27.900000000000002 1.1637386567893144e-08
27.91 1.1573161000862672e-08
27.92 1.1509566857415866e-08
27.93 1.1446599331880808e-08
27.94 1.1384244500648594e-08
27.95 1.1322478166115668e-08
27.96 1.1261264686219814e-08
27.97 1.1200555584303228e-08
27.98 1.114028835306135e-08
27.990000000000002 1.1080384919570077e-08
28.0 1.1020750787397245e-08
28.01 1.0961272887198927e-08
28.02 1.0901818544586071e-08
28.03 1.0842234255491038e-08
28.04 1.0782343592247948e-08
28.05 1.072204595786296e-08
28.060000000000002 1.0661845222908724e-08
28.07 1.060184656564826e-08
28.080000000000002 1.0542053940763201e-08
28.09 1.048247609235762e-08
28.1 1.0423126428420974e-08
28.11 1.0364024112172448e-08
28.12 1.030519445280743e-08
28.13 1.0246669087358865e-08
28.14 1.0188487303925352e-08
28.150000000000002 1.013069576503696e-08
28.16 1.0073349598254192e-08
28.17 1.0016513011683109e-08
28.18 9.960259797682112e-09
28.19 9.90467370525828e-09
28.2 9.849781571966143e-09
28.21 9.795337651104718e-09
28.22 9.741305114725003e-09
28.23 9.687678286472972e-09
28.240000000000002 9.634448309433314e-09
28.25 9.581602643750809e-09
28.26 9.529125182070747e-09
28.27 9.476995319483207e-09
28.28 9.425188307691243e-09
28.29 9.373674081077435e-09
28.3 9.322417632922036e-09
28.310000000000002 9.271378176813256e-09
28.32 9.220508718455161e-09
28.330000000000002 9.169755839233819e-09
28.34 9.119059492102683e-09
28.35 9.068412798706989e-09
28.36 9.017970303365703e-09
28.37 8.967742543873418e-09
28.38 8.917728340103177e-09
28.39 8.867928610421653e-09
28.400000000000002 8.818346141567241e-09
28.41 8.768986682948867e-09
28.42 8.719858320980014e-09
28.43 8.670972155559893e-09
28.44 8.622342439332437e-09
28.45 8.573987088501378e-09
28.46 8.525927510232034e-09
28.47 8.47818915343957e-09
28.48 8.43080191237648e-09
28.490000000000002 8.383799907664402e-09
28.5 8.33715314670693e-09
28.51 8.290710561103382e-09
28.52 8.244444961326544e-09
28.53 8.198332101051525e-09
28.54 8.152344035990545e-09
28.55 8.106449134992456e-09
28.560000000000002 8.06061130194472e-09
28.57 8.014790593030043e-09
28.580000000000002 7.968941788242569e-09
28.59 7.923015105335018e-09
28.6 7.876955262464918e-09
28.61 7.83070143986806e-09
28.62 7.78418706477989e-09
28.63 7.73733911223353e-09
28.64 7.690078337133251e-09
28.650000000000002 7.642521491850983e-09
28.66 7.595003419210496e-09
28.67 7.547592527923645e-09
28.68 7.500364955234185e-09
28.69 7.453410257034384e-09
28.7 7.406833252560487e-09
28.71 7.360754024589224e-09
28.72 7.315309908379592e-09
28.73 7.270655671447125e-09
28.740000000000002 7.226965298980602e-09
28.75 7.184432606084233e-09
28.76 7.143273003400901e-09
28.77 7.103724250016028e-09
28.78 7.066048110328563e-09
28.79 7.030531679813395e-09
28.8 6.996835621784602e-09
28.810000000000002 6.964265666581436e-09
28.82 6.932757223835251e-09
28.830000000000002 6.902222199144754e-09
28.84 6.872545175285556e-09
28.85 6.843580904714822e-09
28.86 6.815152063463514e-09
28.87 6.7870461093556605e-09
28.88 6.759013259896769e-09
28.89 6.730763662811086e-09
28.900000000000002 6.701964468899021e-09
28.91 6.672237730087616e-09
28.92 6.641157640955946e-09
28.93 6.608247890252828e-09
28.94 6.572982186518034e-09
28.95 6.536078291586504e-09
28.96 6.4984350354121176e-09
28.97 6.46007005975993e-09
28.98 6.4210275308997046e-09
28.990000000000002 6.381380920957177e-09
29.0 6.34123593203442e-09
29.01 6.3007327892635584e-09
29.02 6.260049911691707e-09
29.03 6.2194061573113044e-09
29.04 6.179064248956019e-09
29.05 6.139333863409578e-09
29.060000000000002 6.100574480418029e-09
29.07 6.063199100988191e-09
29.080000000000002 6.027677893701868e-09
29.09 5.9945196799918534e-09
29.1 5.962788407854554e-09
29.11 5.931736286964755e-09
29.12 5.901356781853407e-09
29.13 5.87162604555471e-09
29.14 5.8425002131054634e-09
29.150000000000002 5.813913990245867e-09
29.16 5.7857776240163535e-09
29.17 5.757974764405971e-09
29.18 5.730360267514837e-09
29.19 5.7027572298071856e-09
29.2 5.674955189657134e-09
29.21 5.646706578951483e-09
29.22 5.617725211881294e-09
29.23 5.587682938850043e-09
29.240000000000002 5.556252352655088e-09
29.25 5.52422672178281e-09
29.26 5.49204106884305e-09
29.27 5.459709278535403e-09
29.28 5.427256083822131e-09
29.29 5.394718456370009e-09
29.3 5.3621467949104495e-09
29.310000000000002 5.3296062932180394e-09
29.32 5.297178356939163e-09
29.330000000000002 5.26496172628335e-09
29.34 5.233073894613731e-09
29.35 5.2016529451058406e-09
29.36 5.170858454687632e-09
29.37 5.140873731446509e-09
29.38 5.111906591643146e-09
29.39 5.084136619841993e-09
29.400000000000002 5.057005563752898e-09
29.41 5.03029591190831e-09
29.42 5.003992379707116e-09
29.43 4.978070868045528e-09
29.44 4.952497647922507e-09
29.45 4.927228157266736e-09
29.46 4.902206356696909e-09
29.47 4.8773636007927315e-09
29.48 4.852617517395793e-09
29.490000000000002 4.827871076740686e-09
29.5 4.80301137865968e-09
29.51 4.777909046283315e-09
29.52 4.752416432437969e-09
29.53 4.726367215279108e-09
29.54 4.699648601697189e-09
29.55 4.672740165626217e-09
29.560000000000002 4.6457781550533674e-09
29.57 4.618782286039294e-09
29.580000000000002 4.591781280800387e-09
29.59 4.56481320999818e-09
29.6 4.537926900026988e-09
29.61 4.511182458160788e-09
29.62 4.484652453845691e-09
29.63 4.4584227421853775e-09
29.64 4.432593441071526e-09
29.650000000000002 4.407279947765653e-09
29.66 4.3826142039055495e-09
29.67 4.358745208373567e-09
29.68 4.33584104304706e-09
29.69 4.313977802621624e-09
29.7 4.2926514951956065e-09
29.71 4.271757334668692e-09
29.72 4.251270324332889e-09
29.73 4.231155148653792e-09
29.740000000000002 4.211365562105818e-09
29.75 4.1918435658494036e-09
29.76 4.1725179650509365e-09
29.77 4.153303376587048e-09
29.78 4.134099432501605e-09
29.79 4.114789458722402e-09
29.8 4.0952391390123785e-09
29.810000000000002 4.075296110602866e-09
29.82 4.054787958622855e-09
29.830000000000002 4.0335217776611915e-09
29.84 4.01144974703627e-09
29.85 3.98909765191301e-09
29.86 3.9665295542944535e-09
29.87 3.943757087852872e-09
29.88 3.920801272896696e-09
29.89 3.8976937184186946e-09
29.900000000000002 3.8744777993362394e-09
29.91 3.851209390807889e-09
29.92 3.827957615594273e-09
29.93 3.8048067912580886e-09
29.94 3.781856431058568e-09
29.95 3.759223156883911e-09
29.96 3.737041537000749e-09
29.97 3.7154650910960077e-09
29.98 3.6946679117961243e-09
29.990000000000002 3.674641581470628e-09
