0.0 0.0007596199415769417
0.01 0.0014921690577262392
0.02 0.0021979865807908432
0.03 0.0028774708440356413
0.04 0.0035310899479216984
0.05 0.004159372812714298
0.06 0.004762904462249555
0.07 0.005342328908380305
0.08 0.005898346579507957
0.09 0.006431710042830269
0.1 0.006943228963129222
0.11 0.0074337600973981375
0.12 0.007904213977010766
0.13 0.008355546516140412
0.14 0.008788759450495627
0.15 0.009204902335088647
0.16 0.009605062591259098
0.17 0.009990370016080288
0.18 0.010361993442250165
0.19 0.010721138684460422
0.2 0.011069045373765928
0.21 0.011406986202916953
0.22 0.011736265032337356
0.23 0.012058214786875146
0.24 0.012374194282786393
0.25 0.01268558628843446
0.26 0.01299379683415914
0.27 0.013300252564339402
0.28 0.013606398582074433
0.29 0.013913695964774429
0.3 0.014223620416424729
0.31 0.01453766004215256
0.32 0.014857313213982126
0.33 0.015184084946650725
0.34 0.015519486058714812
0.35000000000000003 0.015865031350194292
0.36 0.016222237146705107
0.37 0.01659261989798752
0.38 0.016977694506071624
0.39 0.01737897102864579
0.4 0.017797953182593505
0.41000000000000003 0.01823613637795003
0.42 0.018695006012612918
0.43 0.019176035069337963
0.44 0.019680682187458567
0.45 0.020210389713155776
0.46 0.020766583032048584
0.47000000000000003 0.02135066789285368
0.48 0.021964027878146823
0.49 0.022608022896796098
0.5 0.023283988284504044
0.51 0.02399323464877163
0.52 0.024737043541971728
0.53 0.02551666684996433
0.54 0.02633332529693928
0.55 0.027188206940858117
0.56 0.02808246570699102
0.5700000000000001 0.029017220065556626
0.58 0.02999355156158973
0.59 0.031012503420400118
0.6 0.032075079264178394
0.61 0.033182241828836195
0.62 0.03433491171641628
0.63 0.03553396634808428
0.64 0.03678023946963922
0.65 0.0380745190242771
0.66 0.03941754636924768
0.67 0.040810015315418585
0.68 0.04225257113470892
0.6900000000000001 0.04374580960443423
0.7000000000000001 0.0452902760881988
0.71 0.04688646465294338
0.72 0.048534817221722044
0.73 0.050235722761750375
0.74 0.05198952150796021
0.75 0.0537965147483438
0.76 0.05565694075099151
0.77 0.05757098361440908
0.78 0.05953877394830629
0.79 0.061560388617947666
0.8 0.06363585053890058
0.81 0.06576512852163172
0.8200000000000001 0.0679481371653863
0.8300000000000001 0.0701847368007841
0.84 0.0724747334805519
0.85 0.0748178767613746
0.86 0.07721385753846553
0.87 0.07966231571890144
0.88 0.08216283683311232
0.89 0.08471495200901742
0.9 0.08731813815937833
0.91 0.08997181820955115
0.92 0.09267536136511201
0.93 0.09542808341886011
0.9400000000000001 0.09822924709674183
0.9500000000000001 0.10107806244227246
0.96 0.10397369374493526
0.97 0.10691526160053688
0.98 0.10990182860328161
0.99 0.11293240789528224
1.0 0.11600596401892269
1.01 0.11912141368040326
1.02 0.12227762655746517
1.03 0.12547342615146898
1.04 0.12870759068409376
1.05 0.131978854039009
1.06 0.13528590674897442
1.07 0.13862738512099154
1.08 0.14200187596129824
1.09 0.14540793468775404
1.1 0.14884407572303318
1.11 0.15230877349877284
1.12 0.15580046351549126
1.1300000000000001 0.15931754344434007
1.1400000000000001 0.16285837427187377
1.1500000000000001 0.16642128148912735
1.16 0.17000455632640513
1.17 0.17360645700978775
1.18 0.17722520100330416
1.19 0.1808589728548528
1.2 0.18450593269899518
1.21 0.18816421199423258
1.22 0.1918319149355034
1.23 0.1955071199189106
1.24 0.19918788106078159
1.25 0.20287222977323435
1.26 0.20655817639849117
1.27 0.21024371190423619
1.28 0.21392680904115097
1.29 0.2176053893690824
1.3 0.2212773594680827
1.31 0.22494062547954097
1.32 0.22859307904892465
1.33 0.2322325989842355
1.34 0.23585705297161877
1.35 0.23946429935038122
1.36 0.24305218894962938
1.37 0.24661856698869816
1.3800000000000001 0.2501612750434674
1.3900000000000001 0.25367815193345344
1.4000000000000001 0.2571670092355344
1.41 0.2606256653785379
1.42 0.26405194965884504
1.43 0.2674436952702534
1.44 0.27079874137704596
1.45 0.27411493525015823
1.46 0.27739013446747934
1.47 0.28062220917913405
1.48 0.283809044438382
1.49 0.28694854259855507
1.5 0.29003862216591364
1.51 0.293077176643097
1.52 0.29606213801418496
1.53 0.2989914720988545
1.54 0.3018631695052967
1.55 0.3046752478894091
1.56 0.30742575425375723
1.57 0.3101127672847584
1.58 0.3127343997262729
1.59 0.31528880078751703
1.6 0.31777415858293856
1.61 0.3201886986785851
1.62 0.322530658977216
1.6300000000000001 0.32479833631631194
1.6400000000000001 0.32699007864443297
1.6500000000000001 0.3291042817718243
1.6600000000000001 0.33113939159551037
1.67 0.33309390631953206
1.68 0.3349663786663239
1.69 0.33675541807507164
1.7 0.3384596928827694
1.71 0.3400779324835828
1.72 0.3416089220844646
1.73 0.34305147348862647
1.74 0.3444044849596221
1.75 0.3456669247908431
1.76 0.346837828107909
1.77 0.3479162983830982
1.78 0.3489015088815486
1.79 0.3497927040353338
1.8 0.3505892007416886
1.81 0.3512903895818515
1.82 0.3518957359572057
1.83 0.35240477626214095
1.84 0.35281710659091386
1.85 0.353132410738374
1.86 0.35335045046865804
1.87 0.35347106458083055
1.8800000000000001 0.3534941693016401
1.8900000000000001 0.35356858002947994
1.9000000000000001 0.3537404343641584
1.9100000000000001 0.3540095824870831
1.92 0.3543757966305748
1.93 0.35483877121049623
1.94 0.35539812975221696
1.95 0.35605343425401664
1.96 0.3568041592735539
1.97 0.3576497042834859
1.98 0.3585893953035636
1.99 0.35962248582646444
2.0 0.360748157842102
2.0100000000000002 0.3619655229572256
2.02 0.36327362360688226
2.0300000000000002 0.3646714343540979
2.04 0.36615786327394084
2.05 0.3677317524126624
2.06 0.36939187880399865
2.07 0.3711369588204208
2.08 0.372965648454606
2.09 0.3748765450023639
2.1 0.3768681888433422
2.11 0.37893906527561433
2.12 0.38108760639983014
2.13 0.3833121930486717
2.14 0.3856111567574431
2.15 0.3879827817717335
2.16 0.3904253045979844
2.17 0.39293691630401173
2.18 0.3955157690461368
2.19 0.39815997557917293
2.2 0.40086761133594856
2.21 0.40363671653737954
2.22 0.4064652983143355
2.23 0.4093513328387471
2.24 0.41229276746164256
2.25 0.4152875228560437
2.2600000000000002 0.4183334951590757
2.27 0.42142854306624217
2.2800000000000002 0.42457049844072914
2.29 0.4277571839453686
2.3000000000000003 0.43098640405868077
2.31 0.4342559470106241
2.32 0.4375635867078094
2.33 0.44090708464802386
2.34 0.4442841918241227
2.35 0.4476926506175508
2.36 0.4511301966819472
2.37 0.45459456064980225
2.38 0.4580834524318232
2.39 0.46159457862190556
2.4 0.46512565354705837
2.41 0.4686743918235279
2.42 0.47223850998908773
2.43 0.475815728124934
2.44 0.4794037714687746
2.45 0.48300037202078605
2.46 0.48660327014419047
2.47 0.4902102161622693
2.48 0.49381897110519285
2.49 0.49742728037093015
2.5 0.5010329066017637
2.5100000000000002 0.5046336364316164
2.52 0.5082272710689852
2.5300000000000002 0.5118116275993524
2.54 0.5153845402852707
2.5500000000000003 0.5189438618660593
2.56 0.5224874648590108
2.57 0.5260132428639878
2.58 0.529519111873248
2.59 0.5330030099875188
2.6 0.5364628735232337
2.61 0.5398966715903447
2.62 0.5433024056252955
2.63 0.5466781031382667
2.64 0.5500218188105703
2.65 0.5533316355973068
2.66 0.5566056658365802
2.67 0.5598420523664857
2.68 0.5630389696510032
2.69 0.5661946249158423
2.7 0.5693072562020851
2.71 0.5723751061879855
2.72 0.5753964647036253
2.73 0.578369662040768
2.74 0.5812930637411771
2.75 0.5841650714956915
2.7600000000000002 0.5869841240454067
2.77 0.5897486980852702
2.7800000000000002 0.5924573091703288
2.79 0.5951085126247772
2.8000000000000003 0.597700904453883
2.81 0.6002331186859997
2.82 0.6027038094117131
2.83 0.6051116844383705
2.84 0.6074554968612477
2.85 0.6097340425172495
2.86 0.611946160675544
2.87 0.6140907347200844
2.88 0.6161666928235748
2.89 0.6181730086123965
2.9 0.6201087018219714
2.91 0.6219728389420108
2.92 0.6237645292768718
2.93 0.6254829110308551
2.94 0.6271271814894392
2.95 0.6286965869921276
2.96 0.6301904213997539
2.97 0.6316080264539362
2.98 0.6329487921134007
2.99 0.6342121568665227
3.0 0.6353976080194452
3.0100000000000002 0.6365046819591542
3.02 0.6375329643909055
3.0300000000000002 0.6384820874184619
3.04 0.6393517240665444
3.0500000000000003 0.6401416028133265
3.06 0.6408515016495534
3.0700000000000003 0.6414812475079059
3.08 0.6420307162280416
3.09 0.6424998324882478
3.1 0.6428885697033718
3.11 0.6431969498887399
3.12 0.6434250434898223
3.13 0.6435729691774477
3.14 0.6436408916211117
3.15 0.6436527637292645
3.16 0.6437441715909662
3.17 0.6439148097315356
3.18 0.6441643265622612
3.19 0.644492324845938
3.2 0.6448983621991371
3.21 0.6453819516310708
3.22 0.6459425621188781
3.23 0.6465796192191304
3.24 0.6472925057153222
3.25 0.6480805597648399
3.2600000000000002 0.6489430752077047
3.27 0.649879307812502
3.2800000000000002 0.6508884730376162
3.29 0.6519697467613517
3.3000000000000003 0.6531222660861445
3.31 0.6543451301744102
3.3200000000000003 0.6556374011156857
3.33 0.6569981048247279
3.34 0.6584262319702449
3.35 0.6599207389339461
3.36 0.6614805424376582
3.37 0.6631045228837958
3.38 0.6647915339038738
3.39 0.6665403979113415
3.4 0.668349907100721
3.41 0.6702188244747882
3.42 0.6721458848960004
3.43 0.6741297961620621
3.44 0.6761692401055752
3.45 0.6782628737177525
3.46 0.6804093302445493
3.47 0.6826072072497802
3.48 0.6848550776691537
3.49 0.68715150044102
3.5 0.6894950137815452
3.5100000000000002 0.6918841362740965
3.52 0.6943173679759714
3.5300000000000002 0.6967931915428085
3.54 0.6993100733710671
3.5500000000000003 0.7018664647590213
3.56 0.7044608030867623
3.5700000000000003 0.7070915126849849
3.58 0.7097569893422664
3.59 0.7124556185354252
3.6 0.715185782050153
3.61 0.717945851800398
3.62 0.7207341909256196
3.63 0.72354915490248
3.64 0.7263890926717471
3.65 0.729252347781221
3.66 0.7321372595455258
3.67 0.7350421642236351
3.68 0.7379653952547176
3.69 0.7409052640993552
3.7 0.7438600864612233
3.71 0.7468281842627356
3.72 0.7498078800261558
3.73 0.7527974979313519
3.74 0.7557953648868904
3.75 0.7587998116153511
3.7600000000000002 0.7618091737537376
3.77 0.7648217929698444
3.7800000000000002 0.7678360180954416
3.79 0.7708502045542072
3.8000000000000003 0.7738626960893171
3.81 0.7768718535332475
3.8200000000000003 0.7798760522494007
3.83 0.7828736782762163
3.84 0.7858631293423887
3.85 0.7888428158937326
3.86 0.7918111621322471
3.87 0.7947666070678701
3.88 0.7977076055833758
3.89 0.8006326295128113
3.9 0.8035401660826367
3.91 0.8064287014796179
3.92 0.8092967504433641
3.93 0.8121428503765175
3.94 0.8149655589100344
3.95 0.8177634548443171
3.96 0.8205351390953007
3.97 0.8232792356453613
3.98 0.8259943924988561
3.99 0.8286792826420221
4.0 0.8313326050069104
4.01 0.8339530823405196
4.0200000000000005 0.836539449795218
4.03 0.8390904791695285
4.04 0.8416049722430811
4.05 0.844081759757944
4.0600000000000005 0.8465197022203801
4.07 0.8489176906951157
4.08 0.8512746475912966
4.09 0.8535895274392578
4.1 0.8558613176571841
4.11 0.8580890393066953
4.12 0.860271744664304
4.13 0.862408510489171
4.14 0.8644984556584276
4.15 0.8665407351850618
4.16 0.8685345399384149
4.17 0.8704790971830272
4.18 0.8723736710935868
4.19 0.8742175632448455
4.2 0.8760101130753738
4.21 0.8777506983240225
4.22 0.8794387354379812
4.23 0.8810736779099031
4.24 0.8826550140939758
4.25 0.8841822752207696
4.26 0.8856550321739372
4.2700000000000005 0.887072895462863
4.28 0.8884355153770181
4.29 0.8897425821024666
4.3 0.8909938257997086
4.3100000000000005 0.892189016642089
4.32 0.8933279648140692
4.33 0.894410520468719
4.34 0.8954365735139548
4.3500000000000005 0.8964060534291229
4.36 0.8973189294340731
4.37 0.8981752101035632
4.38 0.898974943106418
4.39 0.8997182149057342
4.4 0.9004051504156685
4.41 0.9010359126147499
4.42 0.901610702115731
4.43 0.9021297566920672
4.44 0.9025933507611927
4.45 0.903001798012592
4.46 0.9033554503265611
4.47 0.9036546917787355
4.48 0.9038999411628507
4.49 0.9040916513328827
4.5 0.9042303084920741
4.51 0.9043164314439381
4.5200000000000005 0.9043505708058939
4.53 0.9043678334255578
4.54 0.9044358862866457
4.55 0.9045540884063195
4.5600000000000005 0.9047217634975521
4.57 0.9049382051524686
4.58 0.9052026845075467
4.59 0.9055144463286965
4.6000000000000005 0.9058727099698516
4.61 0.9062766703576806
4.62 0.9067254990015191
4.63 0.9072183450276236
4.64 0.9077543362368479
4.65 0.9083325801848555
4.66 0.9089521651589442
4.67 0.9096121503837441
4.68 0.9103115771315513
4.69 0.9110494750884252
4.7 0.9118248579767348
4.71 0.9126367246190964
4.72 0.9134840600139654
4.73 0.9143658364221964
4.74 0.9152810144639097
4.75 0.9162285442250508
4.76 0.9172073663730496
4.7700000000000005 0.9182164128331356
4.78 0.9192545946072984
4.79 0.9203208181230452
4.8 0.9214139883863731
4.8100000000000005 0.9225330050580847
4.82 0.9236767634629315
4.83 0.9248441555990716
4.84 0.9260340711475958
4.8500000000000005 0.9272453984819178
4.86 0.9284770256768653
4.87 0.9297278415173378
4.88 0.9309967355416654
4.89 0.9322825849504185
4.9 0.9335842745033459
4.91 0.9349006961313391
4.92 0.936230745818649
4.93 0.9375733244515034
4.94 0.938927338660273
4.95 0.9402917016553245
4.96 0.9416653340567185
4.97 0.9430471647179391
4.98 0.9444361315438559
4.99 0.9458311807583302
5.0 0.9472312549045482
5.01 0.9486353133247096
5.0200000000000005 0.9500423289540093
5.03 0.9514512862002736
5.04 0.9528611815855859
5.05 0.954271024378252
5.0600000000000005 0.955679837215419
5.07 0.9570866567166552
5.08 0.9584905340888107
5.09 0.9598905357224793
5.1000000000000005 0.9612857417503254
5.11 0.9626752365331952
5.12 0.9640581270504494
5.13 0.9654335382029138
5.14 0.9668006115696071
5.15 0.968158505833878
5.16 0.9695063971983445
5.17 0.9708434797889324
5.18 0.9721689660482947
5.19 0.9734820871188942
5.2 0.9747820932160143
5.21 0.9760682518020695
5.22 0.977339841414978
5.23 0.9785961655941473
5.24 0.9798365482266523
5.25 0.9810603329487465
5.26 0.9822668833672847
5.2700000000000005 0.98345558326887
5.28 0.9846258368169085
5.29 0.9857770687367519
5.3 0.986908724489083
5.3100000000000005 0.988020270431702
5.32 0.989111192121636
5.33 0.9901809913602984
5.34 0.9912291944619019
5.3500000000000005 0.992255348873252
5.36 0.993259022920265
5.37 0.9942398058423558
5.38 0.9951973078135861
5.39 0.9961311599506458
5.4 0.9970410143077244
5.41 0.9979265438583238
5.42 0.9987874424640523
5.43 0.9996234239572396
5.44 1.0004342214204518
5.45 1.0012195898021812
5.46 1.0019793045167271
5.47 1.0027131612759912
5.48 1.003420975958594
5.49 1.0041025844651752
5.5 1.004757842559862
5.51 1.0053866256978834
5.5200000000000005 1.005988828839307
5.53 1.0065643662488637
5.54 1.0071131720586897
5.55 1.0076352001093856
5.5600000000000005 1.0081304221110046
5.57 1.0085988282824954
5.58 1.0090404271065603
5.59 1.009455245060679
5.6000000000000005 1.009843326334509
5.61 1.010204732533608
5.62 1.010539542369415
5.63 1.0108478513354218
5.64 1.0111297713694705
5.65 1.0113854334813914
5.66 1.0116149861321007
5.67 1.011818591135999
5.68 1.011996425744922
5.69 1.0121486822869774
5.7 1.0122755677925208
5.71 1.012377303607685
5.72 1.0124541249953727
5.73 1.0125062807236418
5.74 1.0125340326414007
5.75 1.0125376552699057
5.76 1.0125578697501159
5.7700000000000005 1.0126016162587077
5.78 1.0126685808852858
5.79 1.0127584382000574
5.8 1.0128708516839067
5.8100000000000005 1.0130054741687244
5.82 1.0131619482880774
5.83 1.0133399069382936
5.84 1.0135389737500433
5.8500000000000005 1.0137587635705005
5.86 1.0139988827911535
5.87 1.0142589225083947
5.88 1.0145384667174988
5.89 1.0148370949048735
5.9 1.0151543794161468
5.91 1.0154898859148207
5.92 1.0158431738483626
5.93 1.016213796921803
5.94 1.0166013035789125
5.95 1.0170052374910281
5.96 1.0174251380535986
5.97 1.0178605404626486
5.98 1.0183109678920834
5.99 1.0187759424511185
6.0 1.0192549857534017
6.01 1.0197476167196404
6.0200000000000005 1.0202533520251598
6.03 1.020771706551605
6.04 1.0213021938428468
6.05 1.0218443265651334
6.0600000000000005 1.0223976169715459
6.07 1.0229615773707965
6.08 1.0235357198324637
6.09 1.024119548575453
6.1000000000000005 1.0247125721393897
6.11 1.025314302090608
6.12 1.0259242514608642
6.13 1.0265419351484069
6.140000000000001 1.0271668703197347
6.15 1.027798576812064
6.16 1.0284365775365274
6.17 1.0290803988821169
6.18 1.0297295711203913
6.19 1.0303836277095153
6.2 1.0310420988557822
6.21 1.0317045232429067
6.22 1.0323704455189797
6.23 1.0330394153467453
6.24 1.0337109877280246
6.25 1.0343847233254275
6.26 1.035060188781337
6.2700000000000005 1.0357369570341568
6.28 1.0364146076318035
6.29 1.0370927270424286
6.3 1.037770907677555
6.3100000000000005 1.0384487433763596
6.32 1.0391258389694888
6.33 1.0398018074553685
6.34 1.0404762695414507
6.3500000000000005 1.0411488538701597
6.36 1.041819197239112
6.37 1.0424869448155716
6.38 1.043151750345104
6.390000000000001 1.043813276354388
6.4 1.0444711943481486
6.41 1.0451251837828037
6.42 1.0457749295831638
6.43 1.0464201285561323
6.44 1.047060487053158
6.45 1.0476957208009348
6.46 1.0483255550158137
6.47 1.048949724510146
6.48 1.0495679737905177
6.49 1.0501800571478246
6.5 1.050785738739145
6.51 1.0513847926613682
6.5200000000000005 1.0519770022549966
6.53 1.0525621593022425
6.54 1.0531400668270579
6.55 1.0537105378612959
6.5600000000000005 1.0542733953832657
6.57 1.054828472319125
6.58 1.0553756115348538
6.59 1.0559146658187792
6.6000000000000005 1.0564454978546154
6.61 1.0569679801849818
6.62 1.0574819951653736
6.63 1.0579874349847946
6.640000000000001 1.0584842016281564
6.65 1.0589722066128915
6.66 1.059451371003892
6.67 1.0599216253230908
6.68 1.0603829094472812
6.69 1.0608351724962866
6.7 1.0612783727114639
6.71 1.06171247732453
6.72 1.062137462416697
6.73 1.0625533127681077
6.74 1.0629600230233707
6.75 1.0633575972408373
6.76 1.0637460466165443
6.7700000000000005 1.0641253905785422
6.78 1.064495656614551
6.79 1.0648568800868095
6.8 1.0652091040381542
6.8100000000000005 1.0655523789893264
6.82 1.065886762727522
6.83 1.0662123200861844
6.84 1.066529122719268
6.8500000000000005 1.0668372512700686
6.86 1.067136793567472
6.87 1.0674278422429955
6.88 1.0677104960973711
6.890000000000001 1.0679848598620263
6.9 1.0682510439532988
6.91 1.0685091642194007
6.92 1.0687593416801486
6.93 1.0690017022594793
6.94 1.0692363765107669
6.95 1.0694634994277208
6.96 1.0696832170122814
6.97 1.0698956795180112
6.98 1.0701010381885865
6.99 1.0702994483125357
7.0 1.0704910689910505
7.01 1.0706760629022218
7.0200000000000005 1.0708545960617182
7.03 1.0710268375799223
7.04 1.0711929594155476
7.05 1.0713531361257453
7.0600000000000005 1.0715075444934372
7.07 1.0716563600546696
7.08 1.0717997605853538
7.09 1.0719379262164208
7.1000000000000005 1.0720710379801899
7.11 1.072199277502322
7.12 1.0723228266888454
7.13 1.072441867408262
7.140000000000001 1.0725565811687476
7.15 1.0726671487904536
7.16 1.0727737500729222
7.17 1.072876564742408
7.18 1.0729757895635137
7.19 1.0730716142430492
7.2 1.0731642232653757
7.21 1.073253800484411
7.22 1.0733405289620972
7.23 1.0734245908101552
7.24 1.0735061670351251
7.25 1.0735854373866982
7.26 1.0736625802093414
7.2700000000000005 1.0737377722972117
7.28 1.0738111877830343
7.29 1.073882990450845
7.3 1.0739533453687267
7.3100000000000005 1.0740224162166978
7.32 1.0740903634911332
7.33 1.0741573442896912
7.34 1.0742235120958863
7.3500000000000005 1.0742890165632997
7.36 1.0743540032994252
7.37 1.0744186136491438
7.38 1.0744829844778194
7.390000000000001 1.0745472504171134
7.4 1.074611555186263
7.41 1.074676030674234
7.42 1.0747408030288488
7.43 1.0748059944406085
7.44 1.0748717230738156
7.45 1.0749381030033482
7.46 1.0750052441570777
7.47 1.075073252263931
7.48 1.075142228807586
7.49 1.0752122709858005
7.5 1.0752834701763843
7.51 1.0753559077132415
7.5200000000000005 1.0754296637837943
7.53 1.0755048140649237
7.54 1.0755814291311703
7.55 1.0756595743829924
7.5600000000000005 1.0757393099780137
7.57 1.0758206907652559
7.58 1.0759037662223556
7.59 1.0759885803957563
7.6000000000000005 1.0760751718438752
7.61 1.0761635765396325
7.62 1.0762538323990294
7.63 1.076345966751563
7.640000000000001 1.0764400017455913
7.65 1.0765359548283435
7.66 1.0766338388017755
7.67 1.076733661885199
7.68 1.076835427784687
7.69 1.0769391357692586
7.7 1.0770447807538406
7.71 1.0771523533890168
7.72 1.0772618379260441
7.73 1.0773732108261982
7.74 1.077486447427339
7.75 1.0776015187959425
7.76 1.077718391684827
7.7700000000000005 1.0778370286084729
7.78 1.0779573879229458
7.79 1.078079423910422
7.8 1.0782030868683274
7.8100000000000005 1.0783283232030874
7.82 1.0784550755284987
7.83 1.0785832828200703
7.84 1.0787128805237334
7.8500000000000005 1.078843800568081
7.86 1.078975971538363
7.87 1.0791093187995304
7.88 1.079243764623445
7.890000000000001 1.079379228320785
7.9 1.0795156263776577
7.91 1.0796528725969186
7.92 1.0797908782442085
7.930000000000001 1.07992955219871
7.94 1.0800687996084268
7.95 1.0802085227617533
7.96 1.0803486229952854
7.97 1.080488999670717
7.98 1.0806295503263734
7.99 1.0807701708325537
8.0 1.0809107555506805
8.01 1.0810511974962662
8.02 1.0811913885056927
8.03 1.0813312194068108
8.040000000000001 1.0814705801721778
8.05 1.081609356952444
8.06 1.0817474348537546
8.07 1.081884700033091
8.08 1.0820210381197433
8.09 1.0821563343678948
8.1 1.0822904738113532
8.11 1.0824233414204334
8.120000000000001 1.0825548222609858
8.13 1.0826848016555746
8.14 1.082813165346802
8.15 1.0829397996885812
8.16 1.0830645928332745
8.17 1.0831874338078347
8.18 1.0833082124369275
8.19 1.0834268199419443
8.2 1.0835431491293037
8.21 1.083657094581378
8.22 1.0837685528500403
8.23 1.0838774226528238
8.24 1.0839836050716938
8.25 1.0840870037544181
8.26 1.0841875242451664
8.27 1.0842850585172321
8.28 1.0843795051836256
8.290000000000001 1.0844707693282276
8.3 1.084558757740648
8.31 1.084643378953228
8.32 1.0847245432732964
8.33 1.084802162810673
8.34 1.0848761515004168
8.35 1.0849464251208143
8.36 1.0850129013066043
8.370000000000001 1.0850755013975881
8.38 1.0851341685692923
8.39 1.0851888411934072
8.4 1.0852394572844868
8.41 1.0852859589514738
8.42 1.0853282925927983
8.43 1.0853664090951858
8.44 1.08540026403616
8.45 1.0854298178902353
8.46 1.0854550362387876
8.47 1.085475889983594
8.48 1.0854923516132862
8.49 1.0855043723354816
8.5 1.0855119211671105
8.51 1.08551497472057
8.52 1.0855164364554002
8.53 1.0855224301618729
8.540000000000001 1.0855329692551523
8.55 1.085548063948665
8.56 1.0855677213284116
8.57 1.0855919454351455
8.58 1.0856207373544082
8.59 1.085654091407189
8.6 1.0856919814817345
8.61 1.0857343881750638
8.620000000000001 1.0857812895709777
8.63 1.0858326592712637
8.64 1.0858884663383745
8.65 1.0859486752381793
8.66 1.0860132457827811
8.67 1.0860821330734072
8.68 1.0861552874433655
8.69 1.0862326544010696
8.700000000000001 1.0863141792052617
8.71 1.0863998162608237
8.72 1.0864895062931168
8.73 1.086583185629261
8.74 1.0866807873037314
8.75 1.0867822411694434
8.76 1.0868874740155532
8.77 1.0869964096919635
8.78 1.0871089692405291
8.790000000000001 1.0872250710329507
8.8 1.0873446309153496
8.81 1.0874675570487593
8.82 1.0875937446452095
8.83 1.0877230945052438
8.84 1.0878555045453748
8.85 1.0879908693919287
8.86 1.0881290804196906
8.870000000000001 1.088270025791396
8.88 1.088413590498061
8.89 1.0885596564001483
8.9 1.0887081022695584
8.91 1.088858803832446
8.92 1.0890116391555285
8.93 1.0891664902032916
8.94 1.0893232303057687
8.950000000000001 1.0894817309488314
8.96 1.0896418620555437
8.97 1.0898034921486912
8.98 1.0899664885186282
8.99 1.0901307173964419
9.0 1.090296044132421
9.01 1.090462333379829
9.02 1.090629449283973
9.03 1.090797248286635
9.040000000000001 1.0909655813375845
9.05 1.0911343050859812
9.06 1.0913032752157938
9.07 1.091472346524929
9.08 1.0916413730183363
9.09 1.091810208001356
9.1 1.0919787041733107
9.11 1.0921467137213383
9.120000000000001 1.0923140884144658
9.13 1.0924806797077506
9.14 1.0926463433614315
9.15 1.0928109364155976
9.16 1.092974313582741
9.17 1.0931363302839965
9.18 1.0932968428069105
9.19 1.093455708466002
9.200000000000001 1.0936127857661206
9.21 1.093767934568601
9.22 1.093921016260225
9.23 1.0940718939249843
9.24 1.0942204323916322
9.25 1.0943664903562857
9.26 1.0945099283943103
9.27 1.0946506122680746
9.28 1.0947884092990914
9.290000000000001 1.0949231884580821
9.3 1.0950548204538504
9.31 1.0951831778209742
9.32 1.0953081350063212
9.33 1.0954295684543889
9.34 1.0955473566914806
9.35 1.0956613805125732
9.36 1.0957715256115952
9.370000000000001 1.0958776796295795
9.38 1.0959797320161797
9.39 1.0960775750181575
9.4 1.0961711037861448
9.41 1.0962602164814808
9.42 1.0963448143831347
9.43 1.0964248019947203
9.44 1.096500087151609
9.450000000000001 1.0965705811281494
9.46 1.096636198544937
9.47 1.0966968549471268
9.48 1.0967524704126175
9.49 1.096802969275383
9.5 1.0968482795378636
9.51 1.096888332949946
9.52 1.0969230650869108
9.53 1.096952415426364
9.540000000000001 1.0969763274241504
9.55 1.096994748589262
9.56 1.097007630557739
9.57 1.0970149280741877
9.58 1.0970165910814464
9.59 1.097020604722423
9.6 1.097030332046993
9.61 1.0970458066293969
9.620000000000001 1.0970670586104267
9.63 1.0970941147299589
9.64 1.0971269983643541
9.65 1.0971657295687205
9.66 1.0972103251240455
9.67 1.097260798589195
9.68 1.097317158060356
9.69 1.097379396104155
9.700000000000001 1.097447508330322
9.71 1.0975214876528048
9.72 1.097601322657291
9.73 1.0976869975481258
9.74 1.0977784920946583
9.75 1.0978757815770106
9.76 1.0979788367312748
9.77 1.0980876236941315
9.78 1.098202103946887
9.790000000000001 1.0983222377925952
9.8 1.098447993560513
9.81 1.098579327365769
9.82 1.0987161907766894
9.83 1.098858532002157
9.84 1.0990062959794356
9.85 1.0991594244673852
9.86 1.0993178561450792
9.870000000000001 1.0994815267158242
9.88 1.0996503690165966
9.89 1.0998243131329026
9.9 1.1000032829583888
9.91 1.1001871912393857
9.92 1.1003759541162839
9.93 1.1005694848634169
9.94 1.1007676934616197
9.950000000000001 1.100970486634948
9.96 1.1011777678884063
9.97 1.101389437546686
9.98 1.1016053927939213
9.99 1.101825527714466
10.0 1.1020497333346975
10.01 1.1022779010742512
10.02 1.102509924770786
10.03 1.1027456911637923
10.040000000000001 1.1029850847767246
10.05 1.1032279881911466
10.06 1.1034742821769516
10.07 1.1037238458269596
10.08 1.1039765566958992
10.09 1.104232290943786
10.1 1.1044909234837028
10.11 1.1047523281339926
10.120000000000001 1.105016372220071
10.13 1.105282916987366
10.14 1.1055518280083054
10.15 1.105822969398369
10.16 1.1060962038449271
10.17 1.1063713926796366
10.18 1.1066483959510343
10.19 1.1069270724973364
10.200000000000001 1.107207280019442
10.21 1.1074888751541527
10.22 1.1077717135479785
10.23 1.108055654458928
10.24 1.1083405584521562
10.25 1.1086262825885138
10.26 1.108912683939522
10.27 1.1091996197296607
10.28 1.1094869474817002
10.290000000000001 1.1097745251650803
10.3 1.1100622113473408
10.31 1.110349865348603
10.32 1.1106373473991058
10.33 1.1109245187247592
10.34 1.1112112327608612
10.35 1.1114973430046924
10.36 1.1117827081603737
10.370000000000001 1.1120671874678048
10.38 1.112350640763174
10.39 1.1126329285377607
10.4 1.1129139119950326
10.41 1.1131934531060286
10.42 1.1134714146630318
10.43 1.1137476603315244
10.44 1.1140220549357256
10.450000000000001 1.1142944728186237
10.46 1.114564788758437
10.47 1.1148328762860573
10.48 1.1150986110771497
10.49 1.1153618710923139
10.5 1.1156225367195516
10.51 1.1158804909190299
10.52 1.1161356193701386
10.53 1.1163878106208376
10.540000000000001 1.116636956239284
10.55 1.1168829502324504
10.56 1.1171256770119509
10.57 1.1173650273895819
10.58 1.1176008980954795
10.59 1.1178331881884556
10.6 1.118061799081023
10.61 1.1182866345609408
10.620000000000001 1.1185076008092738
10.63 1.1187246064149623
10.64 1.1189375623858944
10.65 1.1191463821564762
10.66 1.1193509823470849
10.67 1.1195512897332787
10.68 1.1197472308363434
10.69 1.1199387338029825
10.700000000000001 1.1201257300600047
10.71 1.120308154382354
10.72 1.1204859449609028
10.73 1.1206590434700074
10.74 1.120827395134819
10.75 1.1209909487983445
10.76 1.12114965698825
10.77 1.1213034748583062
10.78 1.1214523540668706
10.790000000000001 1.121596253436385
10.8 1.1217351360640486
10.81 1.1218689682287306
10.82 1.121997719378317
10.83 1.1221213621136379
10.84 1.1222398721689646
10.85 1.1223532283890836
10.86 1.122461412702938
10.870000000000001 1.122564410093841
10.88 1.122662209648914
10.89 1.1227548081085077
10.9 1.1228422026410203
10.91 1.1229243933424804
10.92 1.1230013837210917
10.93 1.123073180698708
10.94 1.1231397946109527
10.950000000000001 1.1232012392059836
10.96 1.1232575316419031
10.97 1.1233086924828133
10.98 1.1233547456935171
10.99 1.1233957172662548
11.0 1.123431632618797
11.01 1.1234625230293989
11.02 1.1234884229359594
11.03 1.1235093696121425
11.040000000000001 1.1235254031061104
11.05 1.123536566176009
11.06 1.1235429042222105
11.07 1.1235444652163136
11.08 1.123547630805718
11.09 1.1235554700905142
11.1 1.1235679262287954
11.11 1.1235849370235202
11.120000000000001 1.1236064403555777
11.13 1.1236323717195207
11.14 1.1236626641572856
11.15 1.1236972483118735
11.16 1.1237360524825177
11.17 1.1237790026813372
11.18 1.1238260226914707
11.19 1.123877034126684
11.200000000000001 1.1239319564924521
11.21 1.1239907077122642
11.22 1.1240532042881264
11.23 1.1241193603279103
11.24 1.1241890881782317
11.25 1.1242622985109756
11.26 1.124338900402821
11.27 1.124418801416587
11.28 1.1245019076843974
11.290000000000001 1.124588123992658
11.3 1.1246773538688435
11.31 1.1247694996700874
11.32 1.124864463556135
11.33 1.1249621472903812
11.34 1.1250624511031344
11.35 1.1251652745750884
11.36 1.1252705167500374
11.370000000000001 1.1253780762490881
11.38 1.1254878513872324
11.39 1.1255997402922815
11.4 1.1257136410261541
11.41 1.1258294517085192
11.42 1.1259470706140868
11.43 1.1260663873111967
11.44 1.1261872893479743
11.450000000000001 1.1263096691828276
11.46 1.1264334187101708
11.47 1.126558429276641
11.48 1.12668459169469
11.49 1.126811796253557
11.5 1.12693993272762
11.51 1.1270688903821242
11.52 1.1271985579762893
11.53 1.1273288239949277
11.540000000000001 1.1274595893651949
11.55 1.1275907547206072
11.56 1.1277222159886415
11.57 1.127853870192473
11.58 1.1279856155924866
11.59 1.128117351831443
11.6 1.1282489800833024
11.61 1.128380403205709
11.620000000000001 1.128511525896129
11.63 1.1286422548516546
11.64 1.1287724982579614
11.65 1.128902150831807
11.66 1.129031112354246
11.67 1.1291592886667463
11.68 1.1292865866206507
11.69 1.1294129140849922
11.700000000000001 1.1295381799509203
11.71 1.1296622941327394
11.72 1.129785167565565
11.73 1.129906712199595
11.74 1.1300268409910028
11.75 1.130145468708261
11.76 1.1302625215645594
11.77 1.1303779236186444
11.78 1.1304915984711386
11.790000000000001 1.1306034718117004
11.8 1.1307134715004556
11.81 1.1308215276505509
11.82 1.1309275727118324
11.83 1.1310315415556544
11.84 1.1311333715608187
11.85 1.1312330027006499
11.86 1.1313303762563807
11.870000000000001 1.13142542545763
11.88 1.131518090794917
11.89 1.1316083164621098
11.9 1.1316960484820096
11.91 1.1317812346863967
11.92 1.131863824692631
11.93 1.131943769876804
11.94 1.1320210233434538
11.950000000000001 1.1320955398918304
11.96 1.1321672759787265
11.97 1.132236191431637
11.98 1.132302256678912
11.99 1.13236543915697
12.0 1.132425707634138
12.01 1.1324830333492453
12.02 1.1325373900516074
12.030000000000001 1.1325887540415156
12.040000000000001 1.1326371042112338
12.05 1.132682422086502
12.06 1.1327246918685534
12.07 1.1327639004766388
12.08 1.132800035199786
12.09 1.1328330778782323
12.1 1.132863018055775
12.11 1.1328898479066865
12.120000000000001 1.1329135615120538
12.13 1.1329341548097962
12.14 1.1329516255413583
12.15 1.1329659731950785
12.16 1.1329771989462298
12.17 1.1329853055937358
12.18 1.1329902974935524
12.19 1.132992183294273
12.200000000000001 1.1329933870512197
12.21 1.1329976668897501
12.22 1.1330050075697533
12.23 1.1330153917648291
12.24 1.133028800064737
12.25 1.1330452109778082
12.26 1.1330646009333267
12.27 1.133086944283879
12.280000000000001 1.133112213307671
12.290000000000001 1.133140378210816
12.3 1.1331714100742933
12.31 1.13320528231488
12.32 1.1332419628058212
12.33 1.1332814179290465
12.34 1.1333236127524413
12.35 1.1333685111005884
12.36 1.1334160756282252
12.370000000000001 1.1334662678964234
12.38 1.133519048451491
12.39 1.1335743769066005
12.4 1.1336322120261444
12.41 1.1336925076384785
12.42 1.133755213186415
12.43 1.1338202810926539
12.44 1.133887662545593
12.450000000000001 1.133957307499049
12.46 1.1340291646954437
12.47 1.1341031816886438
12.48 1.1341793048664595
12.49 1.1342574794727984
12.5 1.1343376496294806
12.51 1.1344197583590587
12.52 1.134503751095024
12.530000000000001 1.1345895737004823
12.540000000000001 1.134677168994617
12.55 1.1347664793094714
12.56 1.1348574465605912
12.57 1.1349500123194298
12.58 1.1350441178875248
12.59 1.1351397043724407
12.6 1.1352367127654852
12.61 1.135335084021196
12.620000000000001 1.1354347590979275
12.63 1.1355356750522025
12.64 1.1356377686794452
12.65 1.1357409786227157
12.66 1.1358452433816204
12.67 1.1359505013518796
12.68 1.136056690864597
12.69 1.136163750225232
12.700000000000001 1.1362716177522725
12.71 1.136380231815609
12.72 1.1364895308746135
12.73 1.1365994535459976
12.74 1.1367099395965778
12.75 1.1368209289064353
12.76 1.136932361340689
12.77 1.1370441771582822
12.780000000000001 1.1371563170595007
12.790000000000001 1.137268722233655
12.8 1.1373813344069252
12.81 1.137494095890365
12.82 1.1376069496280687
12.83 1.1377198392454984
12.84 1.1378327089911142
12.85 1.1379455021448144
12.86 1.1380581632360223
12.870000000000001 1.1381706379603571
12.88 1.1382828727393695
12.89 1.1383948147510061
12.9 1.1385064119594661
12.91 1.1386176131444452
12.92 1.1387283679297708
12.93 1.138838626811425
12.94 1.1389483411849524
12.950000000000001 1.1390574633766244
12.96 1.1391659467073683
12.97 1.1392737454610367
12.98 1.1393808149205205
12.99 1.1394871114008336
13.0 1.1395925922732753
13.01 1.1396972159889858
13.02 1.1398009421019057
13.030000000000001 1.1399037312911295
13.040000000000001 1.1400055453826565
13.05 1.140106347370537
13.06 1.1402061013464702
13.07 1.1403047720490378
13.08 1.1404023257030271
13.09 1.1404987298012166
13.1 1.1405939530368536
13.11 1.1406879653151603
13.120000000000001 1.1407807377639825
13.13 1.1408722427435871
13.14 1.1409624538556051
13.15 1.1410513459511173
13.16 1.1411388951378856
13.17 1.1412250786368632
13.18 1.1413098743216739
13.19 1.1413932616776439
13.200000000000001 1.1414752214600739
13.21 1.1415557356299488
13.22 1.1416347873491177
13.23 1.141712360974334
13.24 1.1417884420501565
13.25 1.1418630173007138
13.26 1.141936074620327
13.27 1.1420076030629966
13.280000000000001 1.1420775933129916
13.290000000000001 1.1421460385214675
13.3 1.1422129321112522
13.31 1.1422782686882464
13.32 1.1423420441251695
13.33 1.1424042555605451
13.34 1.1424649013972026
13.35 1.1425239813002879
13.36 1.1425814961947898
13.370000000000001 1.1426374482625767
13.38 1.1426918409389486
13.39 1.14274467686267
13.4 1.1427959561893524
13.41 1.1428456830637754
13.42 1.1428938624706406
13.43 1.1429405000466861
13.44 1.1429856020212592
13.450000000000001 1.1430291751542876
13.46 1.143071226671651
13.47 1.1431117641979545
13.48 1.1431507956867006
13.49 1.143188329347866
13.5 1.1432243799623938
13.51 1.1432589696702975
13.52 1.1432921143059023
13.530000000000001 1.1433238308478668
13.540000000000001 1.1433541375572491
13.55 1.1433830540201038
13.56 1.143410601192664
13.57 1.1434368014491145
13.58 1.143461678631949
13.59 1.1434852581049157
13.6 1.1435075668085526
13.61 1.1435286230294015
13.620000000000001 1.1435484404295675
13.63 1.143567041532883
13.64 1.1435844489911955
13.65 1.143600685485717
13.66 1.1436157736283334
13.67 1.1436297358587943
13.68 1.1436425943377824
13.69 1.1436543708358653
13.700000000000001 1.1436650866183296
13.71 1.1436747623781292
13.72 1.1436834300054244
13.73 1.1436911233400933
13.74 1.1436978697469675
13.75 1.1437036971102
13.76 1.1437086338519253
13.77 1.1437127089533037
13.780000000000001 1.1437159519779507
13.790000000000001 1.143718393097747
13.8 1.1437200631210356
13.81 1.1437209935232004
13.82 1.1437212162921255
13.83 1.143721677663265
13.84 1.1437227988368546
13.85 1.1437245518200159
13.86 1.1437269089114686
13.870000000000001 1.1437298427655131
13.88 1.1437333264580725
13.89 1.1437373335547951
13.9 1.1437418381812188
13.91 1.1437468150949934
13.92 1.1437522397601636
13.93 1.1437580879866913
13.94 1.1437643270272044
13.950000000000001 1.1437709267736258
13.96 1.143777860055065
13.97 1.1437850997157315
13.98 1.1437926185983212
13.99 1.1438003895252606
14.0 1.1438083852778127
14.01 1.1438165785730414
14.02 1.1438249420386368
14.030000000000001 1.1438334481856
14.040000000000001 1.143842070079253
14.05 1.1438507890128091
14.06 1.1438595834496206
14.07 1.1438684305583926
14.08 1.143877308168498
14.09 1.1438861948187082
14.1 1.143895069807386
14.11 1.1439039132441433
14.120000000000001 1.1439127061029628
14.13 1.143921430276778
14.14 1.1439300686335232
14.15 1.1439386039826556
14.16 1.143947012083964
14.17 1.1439552732536098
14.18 1.1439633695282228
14.19 1.1439712833028415
14.200000000000001 1.1439789973098422
14.21 1.1439864945958622
14.22 1.1439937584967235
14.23 1.1440007726103487
14.24 1.1440075207676772
14.25 1.1440139870015757
14.26 1.1440201567367199
14.27 1.1440260215262321
14.280000000000001 1.1440315699563997
14.290000000000001 1.1440367906124558
14.3 1.1440416727983582
14.31 1.1440462065590271
14.32 1.1440503827032094
14.33 1.144054192826969
14.34 1.1440576293378046
14.35 1.1440606854793922
14.36 1.1440633553569566
14.370000000000001 1.1440656331290087
14.38 1.1440675111232887
14.39 1.1440689842525873
14.4 1.1440700482962767
14.41 1.1440706996844192
14.42 1.1440709354947576
14.43 1.1440711175404719
14.44 1.1440717190808112
14.450000000000001 1.144072741119665
14.46 1.1440741840318938
14.47 1.1440760475696454
14.48 1.1440783327401163
14.49 1.1440810440521192
14.5 1.1440841825732746
14.51 1.1440877491254897
14.52 1.1440917445387688
14.530000000000001 1.1440961697158039
14.540000000000001 1.1441010256994009
14.55 1.1441063137427336
14.56 1.1441120353824301
14.57 1.1441181925144897
14.58 1.1441247874730323
14.59 1.1441318151159998
14.6 1.1441392596082787
14.61 1.144147114910915
14.620000000000001 1.1441553742192205
14.63 1.1441640296313393
14.64 1.1441730720631604
14.65 1.1441824911588678
14.66 1.144192275197129
14.67 1.1442024109929194
14.68 1.144212883794985
14.69 1.144223677178941
14.700000000000001 1.1442347865855345
14.71 1.1442462168423866
14.72 1.1442579596112583
14.73 1.144270006822177
14.74 1.144282350835953
14.75 1.1442949845579222
14.76 1.144307901557104
14.77 1.1443210961907844
14.780000000000001 1.1443345637345141
14.790000000000001 1.1443483005175332
14.8 1.1443623040495134
14.81 1.1443765574928577
14.82 1.1443910395249453
14.83 1.1444057390512483
14.84 1.144420644453798
14.85 1.1444357435358352
14.86 1.1444510234627072
14.870000000000001 1.144466470699005
14.88 1.1444820709419457
14.89 1.1444978090509943
14.9 1.1445136689737307
14.91 1.1445296338355275
14.92 1.1445456996240164
14.93 1.1445618623987601
14.94 1.144578111865522
14.950000000000001 1.1445944382002649
14.96 1.1446108321245736
14.97 1.144627284984361
14.98 1.1446437888318663
14.99 1.1446603365109396
15.0 1.1446769217456167
15.01 1.1446935392319828
15.02 1.144710184247214
15.030000000000001 1.144726838796612
15.040000000000001 1.1447434877524962
15.05 1.1447601208982532
15.06 1.1447767277786107
15.07 1.1447932976484911
15.08 1.1448098194185137
15.09 1.144826281597151
15.1 1.1448426722295364
15.11 1.144858978832924
15.120000000000001 1.144875188328799
15.13 1.1448912879101132
15.14 1.1449072783314802
15.15 1.1449231558437851
15.16 1.1449389135568337
15.17 1.1449545452204501
15.18 1.1449700452895868
15.19 1.1449854089923066
15.200000000000001 1.1450006324006345
15.21 1.1450157125042781
15.22 1.145030647287218
15.23 1.1450454358071673
15.24 1.145060076761796
15.25 1.1450745562768756
15.26 1.1450888669666557
15.27 1.1451030040824952
15.280000000000001 1.1451169628388989
15.290000000000001 1.145130738364845
15.3 1.1451443256521014
15.31 1.145157719500531
15.32 1.1451709144603854
15.33 1.1451839047715893
15.34 1.1451966843000119
15.35 1.1452092484909215
15.36 1.1452216041395888
15.370000000000001 1.1452337518680542
15.38 1.1452456912607536
15.39 1.1452574225252752
15.4 1.1452689465374843
15.41 1.145280264888758
15.42 1.1452913799353157
15.43 1.145302294849661
15.44 1.1453130136741192
15.450000000000001 1.1453235413764844
15.46 1.1453338812928795
15.47 1.1453440275600286
15.48 1.1453539811579265
15.49 1.1453637440609705
15.5 1.1453733182328751
15.51 1.1453827055793158
15.52 1.1453919078980328
15.530000000000001 1.1454009268264005
15.540000000000001 1.1454097637864562
15.55 1.1454184199273933
15.56 1.145426896065514
15.57 1.1454351958622677
15.58 1.145443331042037
15.59 1.1454513072671042
15.6 1.1454591301403456
15.610000000000001 1.1454668057418527
15.620000000000001 1.145474340659715
15.63 1.145481742022506
15.64 1.1454890175334722
15.65 1.145496175506424
15.66 1.145503224903331
15.67 1.1455101753736219
15.68 1.1455170335692069
15.69 1.1455238004746484
15.700000000000001 1.1455304827261175
15.71 1.145537087099209
15.72 1.145543620259515
15.73 1.1455500887184455
15.74 1.1455564987870215
15.75 1.145562856527638
15.76 1.145569167703799
15.77 1.1455754377278227
15.780000000000001 1.1455816716065172
15.790000000000001 1.145587878272746
15.8 1.1455940708124024
15.81 1.1456002575541704
15.82 1.14560644700082
15.83 1.1456126479018027
15.84 1.1456188692740314
15.85 1.1456251204241001
15.860000000000001 1.1456314109719323
15.870000000000001 1.1456377508758693
15.88 1.145644150459191
15.89 1.1456506204380708
15.9 1.1456571672912808
15.91 1.1456637953421753
15.92 1.1456705124617519
15.93 1.1456773262883129
15.94 1.1456842441901816
15.950000000000001 1.1456912732272415
15.96 1.1456984201109424
15.97 1.145705691162777
15.98 1.1457130922712242
15.99 1.1457206288471615
16.0 1.1457283058087677
16.01 1.1457361329159972
16.02 1.1457441203995482
16.03 1.1457522754572798
16.04 1.145760605304551
16.05 1.1457691171910849
16.06 1.1457778184191936
16.07 1.1457867163633715
16.080000000000002 1.145795818491252
16.09 1.145805132385928
16.1 1.1458146657696393
16.11 1.145824426419957
16.12 1.145834417556551
16.13 1.1458446427672286
16.14 1.1458551072803473
16.15 1.1458658160180837
16.16 1.1458767735728896
16.17 1.1458879841830516
16.18 1.1458994517073466
16.19 1.1459111795988033
16.2 1.1459231708775608
16.21 1.1459354281028284
16.22 1.1459479535155839
16.23 1.1459607522545194
16.240000000000002 1.145973828231804
16.25 1.1459871841197442
16.26 1.1460008223706941
16.27 1.146014745220869
16.28 1.1460289546947797
16.29 1.1460434526102798
16.3 1.1460582405842323
16.31 1.1460733200387898
16.32 1.1460886922082947
16.330000000000002 1.1461043580347592
16.34 1.1461203170241023
16.35 1.1461365689300964
16.36 1.1461531134994953
16.37 1.1461699501928986
16.38 1.1461870781820012
16.39 1.1462044963469227
16.4 1.1462222032736085
16.41 1.1462401972513085
16.42 1.1462584762701307
16.43 1.14627703801867
16.44 1.1462958799687344
16.45 1.1463149999020612
16.46 1.1463343950274223
16.47 1.1463540622091963
16.48 1.146373998069245
16.490000000000002 1.1463941989915118
16.5 1.1464146611269619
16.51 1.146435380398858
16.52 1.1464563525083769
16.53 1.1464775729405638
16.54 1.1464990369706283
16.55 1.1465207396031813
16.56 1.146542675331952
16.57 1.146564838625893
16.580000000000002 1.146587223773902
16.59 1.1466098248544672
16.6 1.146632635740542
16.61 1.1466556501046223
16.62 1.146678861424021
16.63 1.1467022629863461
16.64 1.1467258478951774
16.65 1.146749609075944
16.66 1.1467735392101668
16.67 1.1467976305882674
16.68 1.1468218754786574
16.69 1.1468462659874288
16.7 1.1468707940460707
16.71 1.1468954514158811
16.72 1.1469202296924728
16.73 1.14694512031037
16.740000000000002 1.1469701145477031
16.75 1.1469952035309923
16.76 1.1470203782400297
16.77 1.1470456297646776
16.78 1.1470709495840876
16.79 1.1470963286758626
16.8 1.1471217579386013
16.81 1.1471472282268933
16.82 1.147172730363848
16.830000000000002 1.1471982551539999
16.84 1.1472237933965936
16.85 1.1472493358992413
16.86 1.1472748734919613
16.87 1.1473003970415918
16.88 1.1473258964816988
16.89 1.1473513604994823
16.9 1.1473767789448204
16.91 1.1474021415762206
16.92 1.14742743803049
16.93 1.1474526578177533
16.94 1.1474777903159863
16.95 1.147502824765067
16.96 1.1475277502603394
16.97 1.147552555745695
16.98 1.1475772300061702
16.990000000000002 1.1476017651881412
17.0 1.1476261559660952
17.01 1.1476503940749672
17.02 1.1476744716693044
17.03 1.1476983813822854
17.04 1.1477221163776141
17.05 1.1477456704033935
17.06 1.1477690378479777
17.07 1.1477922137978067
17.080000000000002 1.1478151940972174
17.09 1.1478379753941557
17.1 1.1478605452277884
17.11 1.1478828887053079
17.12 1.147904997151687
17.13 1.147926861519996
17.14 1.1479484723237268
17.150000000000002 1.14796981956537
17.16 1.1479908926612479
17.17 1.1480116803625982
17.18 1.1480321706729162
17.19 1.148052350761548
17.2 1.148072207091005
17.21 1.1480917405209254
17.22 1.1481109517250485
17.23 1.1481298347722777
17.240000000000002 1.1481483843851967
17.25 1.1481665960190468
17.26 1.1481844659446463
17.27 1.14820199133525
17.28 1.1482191703573472
17.29 1.1482360022654008
17.3 1.1482524875005262
17.31 1.1482686272232823
17.32 1.1482844085721353
17.330000000000002 1.1482998222075496
17.34 1.1483148640033298
17.35 1.148329529750273
17.36 1.1483438151061247
17.37 1.1483577155424542
17.38 1.1483712262884413
17.39 1.1483843422715838
17.400000000000002 1.1483970580553184
17.41 1.148409367773559
17.42 1.1484212658973612
17.43 1.1484327582200853
17.44 1.1484438466453082
17.45 1.1484545306004506
17.46 1.1484648100568189
17.47 1.1484746855724148
17.48 1.1484841583368068
17.490000000000002 1.1484932302180633
17.5 1.1485019038117459
17.51 1.1485101824919643
17.52 1.1485180704644922
17.53 1.1485255716186493
17.54 1.1485326804219202
17.55 1.148539396347114
17.56 1.1485457207691723
17.57 1.1485516550264652
17.580000000000002 1.1485572003771944
17.59 1.1485623579534492
17.6 1.1485671287129136
17.61 1.148571513388226
17.62 1.1485755124339911
17.63 1.1485791259714437
17.64 1.1485823554500763
17.650000000000002 1.148585211469418
17.66 1.1485876994843822
17.67 1.1485898241247285
17.68 1.1485915904821113
17.69 1.14859300414383
17.7 1.1485940712283882
17.71 1.14859479842286
17.72 1.1485951930220604
17.73 1.148595262969523
17.740000000000002 1.14859550903876
17.75 1.1485960638871158
17.76 1.1485969274608279
17.77 1.1485980943282457
17.78 1.1485995583576343
17.79 1.1486013134632167
17.8 1.1486033536422886
17.81 1.1486056730141645
17.82 1.1486082658609573
17.830000000000002 1.1486111266701913
17.84 1.148614250179244
17.85 1.1486176314216252
17.86 1.1486212633172506
17.87 1.1486251330241803
17.88 1.1486292322127551
17.89 1.148633552629043
17.900000000000002 1.1486380857314895
17.91 1.148642822670427
17.92 1.1486477542663127
17.93 1.1486528709866899
17.94 1.1486581629218757
17.95 1.1486636197593743
17.96 1.1486692307570163
17.97 1.1486749872505166
17.98 1.148680884240128
17.990000000000002 1.1486869130307533
18.0 1.1486930648700833
18.01 1.1486993310965279
18.02 1.1487057031665895
18.03 1.1487121726834248
18.04 1.1487187314265948
18.05 1.1487253713830026
18.06 1.1487320847790201
18.07 1.1487388641138028
18.080000000000002 1.148745700716732
18.09 1.1487525847877322
18.1 1.1487595082563171
18.11 1.1487664631983157
18.12 1.1487734418338256
18.13 1.1487804365390586
18.14 1.1487874398582394
18.150000000000002 1.1487944445155582
18.16 1.1488014434271772
18.17 1.148808429713293
18.18 1.1488153967102315
18.19 1.148822333695751
18.2 1.148829228014869
18.21 1.148836069943304
18.22 1.1488428493461635
18.23 1.148849555625634
18.240000000000002 1.1488561776660684
18.25 1.1488627037764638
18.26 1.1488691216303333
18.27 1.148875418202971
18.28 1.1488815797061118
18.29 1.148887591627038
18.3 1.148893453311879
18.31 1.1488991656174368
18.32 1.1489047222106226
18.330000000000002 1.148910117618149
18.34 1.1489153473350333
18.35 1.148920407938259
18.36 1.1489252972055932
18.37 1.1489300142395638
18.38 1.1489345595965899
18.39 1.1489389354212742
18.400000000000002 1.1489431449979806
18.41 1.1489471705942067
18.42 1.1489509977454235
18.43 1.1489546205598342
18.44 1.1489580326941933
18.45 1.1489612272547343
18.46 1.148964196692471
18.47 1.1489669326928655
18.48 1.1489694260598673
18.490000000000002 1.1489716665943224
18.5 1.14897364296675
18.51 1.1489753437814703
18.52 1.1489767783138727
18.53 1.1489779495497865
18.54 1.1489788547571815
18.55 1.1489794918889127
18.56 1.1489798596608887
18.57 1.1489799576343338
18.580000000000002 1.1489801289665196
18.59 1.1489805680893113
18.6 1.1489812723710102
18.61 1.1489822379646026
18.62 1.1489834614057046
18.63 1.1489849558686227
18.64 1.148986726868099
18.650000000000002 1.14898877631117
18.66 1.148991106363262
18.67 1.1489937195153577
18.68 1.1489966186547764
18.69 1.1489998071395728
18.7 1.149003288876551
18.71 1.149007068402896
18.72 1.149011150971424
18.73 1.1490155402317106
18.740000000000002 1.1490202245536214
18.75 1.149025200441918
18.76 1.1490304662842634
18.77 1.1490360198280412
18.78 1.1490418581157835
18.79 1.1490479774172935
18.8 1.1490543731584648
18.81 1.1490610398467949
18.82 1.1490679709935951
18.830000000000002 1.1490751590328936
18.84 1.149082598623457
18.85 1.149090298237585
18.86 1.1490982569888266
18.87 1.1491064725853428
18.88 1.1491149429937508
18.89 1.149123666504651
18.900000000000002 1.1491326418015384
18.91 1.1491418680331045
18.92 1.1491513448889215
18.93 1.1491610726785175
18.94 1.1491710524138365
18.95 1.1491812816212137
18.96 1.1491917459288619
18.97 1.1492024398586367
18.98 1.149213358378573
18.990000000000002 1.1492244959651978
19.0 1.1492358465530348
19.01 1.1492474034813633
19.02 1.149259159438223
19.03 1.1492711064016683
19.04 1.14928323557827
19.05 1.1492955373388676
19.06 1.1493080060922087
19.07 1.1493206450797737
19.080000000000002 1.1493334494771363
19.09 1.1493464142790193
19.1 1.1493595347450143
19.11 1.14937280645351
19.12 1.1493862253582485
19.13 1.1493997878474966
19.14 1.1494134908058473
19.150000000000002 1.1494273316786368
19.16 1.1494413085389885
19.17 1.1494554144249658
19.18 1.1494696359422836
19.19 1.1494839665953345
19.2 1.1494983997147932
19.21 1.149512928295804
19.22 1.1495275449581903
19.23 1.1495422419044135
19.240000000000002 1.1495570108752873
19.25 1.1495718431034383
19.26 1.1495867292645208
19.27 1.1496016594261813
19.28 1.1496166293672752
19.29 1.149631638657006
19.3 1.149646681334694
19.31 1.149661751691553
19.32 1.149676844323248
19.330000000000002 1.1496919541749038
19.34 1.149707076588204
19.35 1.1497222073505744
19.36 1.1497373427464563
19.37 1.1497524796106682
19.38 1.149767615366196
19.39 1.1497827410597858
19.400000000000002 1.1497978463627443
19.41 1.1498129252203504
19.42 1.1498279714180104
19.43 1.1498429785508606
19.44 1.149857939991502
19.45 1.1498728488558703
19.46 1.14988769796724
19.47 1.1499024798183635
19.48 1.149917186531742
19.490000000000002 1.1499318099326676
19.5 1.1499463484085337
19.51 1.1499608000823767
19.52 1.149975160191309
19.53 1.1499894242642466
19.54 1.1500035881554167
19.55 1.1500176480794582
19.56 1.1500316006481064
19.57 1.1500454429084652
19.580000000000002 1.150059172382868
19.59 1.1500727871103231
19.6 1.1500862854099718
19.61 1.1500996592844954
19.62 1.150112902425122
19.63 1.1501260107534153
19.64 1.1501389801264927
19.650000000000002 1.1501518063112153
19.66 1.1501644849568395
19.67 1.1501770115661287
19.68 1.1501893814649222
19.69 1.1502015897701667
19.7 1.1502136313564055
19.71 1.150225501287628
19.72 1.1502372005363035
19.73 1.1502487279318314
19.740000000000002 1.150260081049232
19.75 1.1502712577333478
19.76 1.1502822561222061
19.77 1.150293074671527
19.78 1.1503037121803714
19.79 1.1503141678179318
19.8 1.1503244411514646
19.81 1.1503345321753657
19.82 1.150344440779842
19.830000000000002 1.1503541627653884
19.84 1.1503636962776786
19.85 1.1503730403543513
19.86 1.1503821941075587
19.87 1.1503911567116762
19.88 1.1503999273902072
19.89 1.1504085054018787
19.900000000000002 1.1504168900259324
19.91 1.1504250805466094
19.92 1.1504330762368256
19.93 1.1504408766899632
19.94 1.1504484833071569
19.95 1.1504558965098226
19.96 1.1504631165983372
19.97 1.150470143983053
19.98 1.1504769791831624
19.990000000000002 1.150483622825562
20.0 1.1504900756437164
20.01 1.150496338476521
20.02 1.150502412267165
20.03 1.1505082980619943
20.04 1.1505139970462024
20.05 1.1505195106369561
20.06 1.1505248402749533
20.07 1.1505299875032013
20.080000000000002 1.150534953978443
20.09 1.1505397414715248
20.1 1.1505443518678244
20.11 1.1505487871677413
20.12 1.1505530494872445
20.13 1.150557141058481
20.14 1.1505610642304458
20.150000000000002 1.1505648212712372
20.16 1.1505684140941024
20.17 1.1505718450495055
20.18 1.1505751165727696
20.19 1.1505782311544388
20.2 1.1505811913352315
20.21 1.1505839997008118
20.22 1.1505866588763787
20.23 1.150589171521072
20.240000000000002 1.150591540322197
20.25 1.1505937679892637
20.26 1.150595857586081
20.27 1.1505978127104333
20.28 1.1505996365543891
20.29 1.1506013323722908
20.3 1.1506029034954997
20.31 1.1506043533333594
20.32 1.1506056853742963
20.330000000000002 1.1506069031870563
20.34 1.1506080104220788
20.35 1.150609010813006
20.36 1.1506099081783303
20.37 1.1506107057801958
20.38 1.1506114063707467
20.39 1.1506120133562707
20.400000000000002 1.1506125301192498
20.41 1.1506129600045343
20.42 1.15061330630968
20.43 1.1506135722749418
20.44 1.150613761072923
20.45 1.1506138757978808
20.46 1.150613919454687
20.47 1.1506139439617247
20.48 1.1506140326140244
20.490000000000002 1.1506141809570902
20.5 1.1506143854017388
20.51 1.1506146423194599
20.52 1.1506149480374308
20.53 1.1506152988331304
20.54 1.150615690928551
20.55 1.1506161204840148
20.56 1.1506165835915874
20.57 1.150617076268093
20.580000000000002 1.1506175944674706
20.59 1.1506181362632266
20.6 1.1506186999327275
20.61 1.15061928276993
20.62 1.1506198822460911
20.63 1.1506204960283224
20.64 1.1506211219988913
20.650000000000002 1.1506217582752667
20.66 1.1506224032309071
20.67 1.1506230555167964
20.68 1.1506237140837214
20.69 1.1506243780252332
20.7 1.1506250404822465
20.71 1.150625695448228
20.72 1.1506263389887794
20.73 1.1506269668314364
20.740000000000002 1.1506275743203784
20.75 1.150628156368947
20.76 1.1506287074099668
20.77 1.1506292213438736
20.78 1.1506296914846494
20.79 1.1506301105035621
20.8 1.15063047118484
20.81 1.1506307794922292
20.82 1.1506310373379915
20.830000000000002 1.1506312433426271
20.84 1.1506313967640087
20.85 1.150631497578239
20.86 1.15063154656442
20.87 1.1506315477355056
20.88 1.1506315964087983
20.89 1.1506316888484545
20.900000000000002 1.1506318201374262
20.91 1.1506319859964955
20.92 1.1506322000109912
20.93 1.1506324674755755
20.94 1.1506327901269466
20.95 1.1506331701212242
20.96 1.1506336101127885
20.97 1.1506341133374112
20.98 1.1506346836996832
20.990000000000002 1.1506353258647335
21.0 1.150636045354243
21.01 1.1506368486467522
21.02 1.150637740607039
21.03 1.1506387101984425
21.04 1.1506397553996852
21.05 1.1506408763135318
21.06 1.1506420726205688
21.07 1.1506433435237333
21.080000000000002 1.150644687689815
21.09 1.1506461031879291
21.1 1.1506475874249669
21.11 1.1506491370780147
21.12 1.1506507480237493
21.13 1.150652418125529
21.14 1.1506541564214656
21.150000000000002 1.1506559643361505
21.16 1.150657842274413
21.17 1.1506597908955376
21.18 1.150661811159487
21.19 1.1506639043755233
21.2 1.1506660722532203
21.21 1.150668316955876
21.22 1.1506706411563195
21.23 1.150673048095112
21.240000000000002 1.1506755383142566
21.25 1.1506781035703686
21.26 1.15068074235748
21.27 1.1506834534817285
21.28 1.1506862353978577
21.29 1.150689086166612
21.3 1.1506920034099202
21.31 1.1506949842638627
21.32 1.1506980253294274
21.330000000000002 1.150701122621051
21.34 1.1507042715129485
21.35 1.1507074707807194
21.36 1.1507107261674663
21.37 1.150714036972988
21.38 1.1507174024066589
21.39 1.1507208219132223
21.400000000000002 1.1507242952141266
21.41 1.1507278223509634
21.42 1.1507314037310103
21.43 1.1507350401748746
21.44 1.1507387329662435
21.45 1.150742483903736
21.46 1.1507462907476222
21.47 1.1507501464374486
21.48 1.1507540492769694
21.490000000000002 1.1507579974401756
21.5 1.1507619888602738
21.51 1.1507660211983508
21.52 1.1507700918103352
21.53 1.1507741977122563
21.54 1.1507783355438037
21.55 1.150782501530184
21.56 1.1507866914422769
21.57 1.1507909053117056
21.580000000000002 1.150795145723334
21.59 1.1507994112910513
21.6 1.1508037007929977
21.61 1.150808013203326
21.62 1.1508123477218808
21.63 1.1508167038053303
21.64 1.1508210811997512
21.650000000000002 1.1508254799746689
21.66 1.1508299005585456
21.67 1.150834343759101
21.68 1.15083880618318
21.69 1.1508432837067752
21.7 1.1508477749100368
21.71 1.1508522782791653
21.72 1.1508567921883954
21.73 1.1508613148808773
21.740000000000002 1.150865844448457
21.75 1.15087037881036
21.76 1.1508749156907714
21.77 1.1508794525953168
21.78 1.1508839868328764
21.79 1.1508885179252164
21.8 1.1508930451185788
21.81 1.150897566547368
21.82 1.1509020803040142
21.830000000000002 1.1509065844383535
21.84 1.1509110769571085
21.85 1.1509155558234763
21.86 1.1509200189568216
21.87 1.1509244642324756
21.88 1.150928889481638
21.89 1.1509332926119968
21.900000000000002 1.1509376742291564
21.91 1.1509420344326662
21.92 1.150946372702446
21.93 1.1509506887950405
21.94 1.15095498277435
21.95 1.1509592550437011
21.96 1.1509635063792487
21.97 1.150967737964714
21.98 1.1509719514274563
21.990000000000002 1.1509761488758812
22.0 1.150980332286361
22.01 1.1509844960495468
22.02 1.1509886376200686
22.03 1.150992756155513
22.04 1.1509968505835961
22.05 1.1510009195612845
22.06 1.1510049614317526
22.07 1.1510089741791756
22.080000000000002 1.151012955381357
22.09 1.1510169021601928
22.1 1.1510208111299693
22.11 1.1510246795277514
22.12 1.1510285131196647
22.13 1.1510323132416063
22.14 1.1510360798838712
22.150000000000002 1.1510398132690778
22.16 1.151043513883911
22.17 1.1510471825125976
22.18 1.151050820272112
22.19 1.1510544286491116
22.2 1.1510580095386054
22.21 1.1510615652843503
22.22 1.1510650973164682
22.23 1.1510686004948698
22.240000000000002 1.1510720738413587
22.25 1.1510755171019778
22.26 1.1510789298705486
22.27 1.1510823115622955
22.28 1.1510856613860907
22.29 1.1510889783153295
22.3 1.1510922610574303
22.31 1.15109550802196
22.32 1.1510987172873852
22.330000000000002 1.1511018882844608
22.34 1.1511050258718092
22.35 1.1511081310182174
22.36 1.1511112044119565
22.37 1.1511142469550208
22.38 1.1511172597894144
22.39 1.1511202443247763
22.400000000000002 1.1511232022673517
22.41 1.1511261356503026
22.42 1.151129046865364
22.43 1.151131938695841
22.44 1.1511348120089238
22.45 1.1511376628199836
22.46 1.1511404912758345
22.47 1.1511432976338651
22.48 1.1511460819752828
22.490000000000002 1.1511488441767619
22.5 1.1511515838806647
22.51 1.151154300463834
22.52 1.1511569930049566
22.53 1.1511596602504979
22.54 1.151162300579209
22.55 1.1511649149387524
22.56 1.151167508191804
22.57 1.1511700812511625
22.580000000000002 1.1511726350823326
22.59 1.1511751708306566
22.6 1.1511776898457302
22.61 1.1511801937071116
22.62 1.1511826842513289
22.63 1.1511851636001804
22.64 1.1511876341903315
22.650000000000002 1.1511900988042068
22.66 1.1511925571871475
22.67 1.1511950065351497
22.68 1.1511974473583697
22.69 1.1511998800392964
22.7 1.1512023047926085
22.71 1.151204721641073
22.72 1.151207130390249
22.73 1.1512095306020005
22.740000000000002 1.1512119215668193
22.75 1.1512143022749524
22.76 1.151216671388654
22.77 1.1512190314482675
22.78 1.151221386337606
22.79 1.1512237371190224
22.8 1.151226085031924
22.81 1.1512284315179049
22.82 1.1512307782472047
22.830000000000002 1.1512331271464868
22.84 1.1512354804279388
22.85 1.1512378406196937
22.86 1.1512402105975743
22.87 1.1512425935476995
22.88 1.1512449865267942
22.89 1.1512473863435615
22.900000000000002 1.1512497927685625
22.91 1.1512522052416172
22.92 1.1512546228299372
22.93 1.1512570441842411
22.94 1.151259467492854
22.95 1.1512618904337903
22.96 1.1512643101248206
22.97 1.1512667230715197
22.98 1.1512691254444227
22.990000000000002 1.151271523159903
23.0 1.151273920332503
23.01 1.1512763175866567
23.02 1.151278715897555
23.03 1.1512811166457229
23.04 1.1512835216744148
23.05 1.1512859333498326
23.06 1.1512883546241623
23.07 1.1512907891014332
23.080000000000002 1.151293241106197
23.09 1.151295714977352
23.1 1.1512982035233637
23.11 1.1513007035645004
23.12 1.1513032149611317
23.13 1.151305737267919
23.14 1.1513082696864023
23.150000000000002 1.1513108110150088
23.16 1.1513133595964749
23.17 1.1513159132626904
23.18 1.1513184692769576
23.19 1.1513210242736687
23.2 1.1513235752825395
23.21 1.1513261288500132
23.22 1.1513286869441217
23.23 1.1513312496823374
23.240000000000002 1.1513338173660055
23.25 1.1513363905126286
23.26 1.1513389698899392
23.27 1.1513415565517688
23.28 1.151344151875704
23.29 1.1513467576025354
23.3 1.1513493758775013
23.31 1.1513520080981674
23.32 1.1513546489061057
23.330000000000002 1.15135729684612
23.34 1.1513599513110715
23.35 1.15136261150211
23.36 1.1513652764033109
23.37 1.1513679447549832
23.38 1.1513706150256537
23.39 1.1513732853827252
23.400000000000002 1.151375953661806
23.41 1.1513786173347158
23.42 1.1513812749021015
23.43 1.1513839301932505
23.44 1.151386583381506
23.45 1.1513892342123786
23.46 1.1513918825842193
23.47 1.1513945285729226
23.48 1.151397172457901
23.490000000000002 1.1513998147493287
23.5 1.151402456216654
23.51 1.1514050979183832
23.52 1.1514077412331323
23.53 1.1514103861584832
23.54 1.1514130283736632
23.55 1.151415666999448
23.56 1.1514183013330723
23.57 1.151420930538562
23.580000000000002 1.1514235536274249
23.59 1.1514261694382912
23.6 1.1514287766155056
23.61 1.151431373586671
23.62 1.1514339585391407
23.63 1.1514365293954636
23.64 1.1514390856069152
23.650000000000002 1.151441629560566
23.66 1.1514441608841668
23.67 1.1514466791835423
23.68 1.1514491841684535
23.69 1.151451675668384
23.7 1.1514541536491303
23.71 1.1514566182302062
23.72 1.151459069703052
23.73 1.1514615085500544
23.740000000000002 1.1514639354643743
23.75 1.1514663499621685
23.76 1.1514687502490115
23.77 1.151471136181239
23.78 1.151473507649149
23.79 1.1514758645535759
23.8 1.151478206802071
23.81 1.151480534304758
23.82 1.1514828469698701
23.830000000000002 1.1514851446989602
23.84 1.1514874273817914
23.85 1.1514896948909057
23.86 1.1514919458474715
23.87 1.1514941781131445
23.88 1.1514963903475601
23.89 1.151498580967167
23.900000000000002 1.1515007481185764
23.91 1.1515028896511077
23.92 1.151505003088214
23.93 1.1515070855977927
23.94 1.15150913396138
23.95 1.1515111445422277
23.96 1.1515131132901033
23.97 1.1515150434911432
23.98 1.1515169396616673
23.990000000000002 1.1515188022412426
24.0 1.1515206321567337
24.01 1.151522430886852
24.02 1.1515242005298205
24.03 1.1515259438741512
24.04 1.1515276644725367
24.05 1.1515293667188562
24.060000000000002 1.1515310559282963
24.07 1.1515327381137874
24.080000000000002 1.1515344059273158
24.09 1.1515360534372012
24.1 1.1515376803586177
24.11 1.1515392859856524
24.12 1.1515408691202969
24.13 1.1515424279976176
24.14 1.1515439602071034
24.150000000000002 1.1515454626101918
24.16 1.1515469312539717
24.17 1.151548361281067
24.18 1.1515497475572032
24.19 1.151551098967958
24.2 1.1515524203807903
24.21 1.151553712347642
24.22 1.1515549757597752
24.23 1.1515562119001028
24.240000000000002 1.151557422498427
24.25 1.1515586097895822
24.26 1.151559776574486
24.27 1.151560926284097
24.28 1.1515620630462784
24.29 1.1515631907328148
24.3 1.1515643020507933
24.310000000000002 1.1515653944214135
24.32 1.1515664677192756
24.330000000000002 1.151567521543427
24.34 1.1515685551748036
24.35 1.1515695675314381
24.36 1.1515705571214327
24.37 1.1515715219936975
24.38 1.151572459686454
24.39 1.1515733671735031
24.400000000000002 1.1515742422217805
24.41 1.1515750922699703
24.42 1.1515759196460176
24.43 1.1515767252572295
24.44 1.1515775103135462
24.45 1.151578276369703
24.46 1.1515790253695746
24.47 1.1515797596926947
24.48 1.151580482202953
24.490000000000002 1.1515811962994718
24.5 1.1515819059696604
24.51 1.1515826138112466
24.52 1.151583313328416
24.53 1.1515840038284189
24.54 1.1515846855158303
24.55 1.1515853583311708
24.560000000000002 1.1515860219100202
24.57 1.151586675540008
24.580000000000002 1.1515873181156733
24.59 1.1515879480912061
24.6 1.151588563431058
24.61 1.1515891615584295
24.62 1.1515897419075167
24.63 1.151590311690867
24.64 1.1515908723333366
24.650000000000002 1.1515914248233217
24.66 1.1515919703889905
24.67 1.1515925105331186
24.68 1.1515930470697668
24.69 1.1515935821628058
24.7 1.151594118366283
24.71 1.1515946586666361
24.72 1.1515952065267505
24.73 1.1515957629045988
24.740000000000002 1.151596322796225
24.75 1.1515968863616395
24.76 1.1515974538698897
24.77 1.1515980253714408
24.78 1.1515986006664252
24.79 1.1515991792712674
24.8 1.1515997603836903
24.810000000000002 1.151600342846095
24.82 1.151600925107321
24.830000000000002 1.1516015051827826
24.84 1.1516020841349965
24.85 1.1516026673835231
24.86 1.151603255827315
24.87 1.151603850436534
24.88 1.151604452384026
24.89 1.151605063074553
24.900000000000002 1.1516056841755336
24.91 1.1516063176492985
24.92 1.1516069657868557
24.93 1.1516076312431667
24.94 1.1516083170739355
24.95 1.151609022586307
24.96 1.1516097441951394
24.97 1.1516104822017443
24.98 1.1516112367348172
24.990000000000002 1.1516120077083494
25.0 1.1516127947924726
25.01 1.1516135973828463
25.02 1.151614414568582
25.03 1.1516152450987118
25.04 1.1516160873471952
25.05 1.1516169392816151
25.060000000000002 1.1516178029761814
25.07 1.15161868168159
25.080000000000002 1.1516195756710073
25.09 1.15162048531902
25.1 1.1516214111222391
25.11 1.1516223537210863
25.12 1.1516233139227643
25.13 1.1516242927254101
25.14 1.1516252913434337
25.150000000000002 1.1516263112340408
25.16 1.1516273540796622
25.17 1.1516284183112724
25.18 1.1516295024120424
25.19 1.1516306065056727
25.2 1.1516317306502024
25.21 1.1516328748280034
25.22 1.1516340389351754
25.23 1.151635222770339
25.240000000000002 1.151636426022827
25.25 1.1516376482602741
25.26 1.1516388889156084
25.27 1.1516401473386302
25.28 1.151641424588639
25.29 1.1516427213266685
25.3 1.1516440375702774
25.310000000000002 1.1516453733505325
25.32 1.151646728716421
25.330000000000002 1.1516481037395214
25.34 1.1516494985189303
25.35 1.1516509131864436
25.36 1.151652347911996
25.37 1.1516538029093528
25.38 1.1516552783756504
25.39 1.151656773576316
25.400000000000002 1.1516582880990993
25.41 1.1516598217523843
25.42 1.1516613743086046
25.43 1.151662945500919
25.44 1.1516645350197166
25.45 1.1516661425089476
25.46 1.1516677675622817
25.47 1.1516694097190965
25.48 1.1516710684602887
25.490000000000002 1.1516727432802378
25.5 1.151674434287474
25.51 1.1516761412608258
25.52 1.1516778638439178
25.53 1.1516796016749067
25.54 1.1516813543884312
25.55 1.151683121617677
25.560000000000002 1.1516849029965617
25.57 1.1516866981620348
25.580000000000002 1.1516885067564981
25.59 1.1516903284303406
25.6 1.1516921628204826
25.61 1.1516940094382162
25.62 1.1516958678772173
25.63 1.1516977377545978
25.64 1.1516996186939197
25.650000000000002 1.151701510326946
25.66 1.1517034122954493
25.67 1.1517053242530781
25.68 1.1517072458672797
25.69 1.1517091768212815
25.7 1.1517111168161298
25.71 1.1517130654472172
25.72 1.1517150218484817
25.73 1.1517169854508533
25.740000000000002 1.1517189557025942
25.75 1.1517209320218245
25.76 1.1517229137934313
25.77 1.1517249003658134
25.78 1.1517268910474665
25.79 1.1517288851034024
25.8 1.15173088175141
25.810000000000002 1.151732880158151
25.82 1.151734880006529
25.830000000000002 1.1517368823971017
25.84 1.1517388874017125
25.85 1.1517408951201988
25.86 1.1517429057794328
25.87 1.151744919746921
25.88 1.1517469375449787
25.89 1.1517489598654829
25.900000000000002 1.151750987585199
25.91 1.1517530217816854
25.92 1.151755063749774
25.93 1.1517571123824806
25.94 1.151759162355713
25.95 1.151761211994669
25.96 1.1517632594019422
25.97 1.151765302274657
25.98 1.1517673378588194
25.990000000000002 1.1517693629016372
26.0 1.1517713736018034
26.01 1.1517733655577418
26.02 1.15177533371382
26.03 1.1517772723045256
26.04 1.1517791824696064
26.05 1.1517810725048212
26.060000000000002 1.151782942617637
26.07 1.1517847934847543
26.080000000000002 1.1517866264164356
26.09 1.1517884434396295
26.1 1.151790247385057
26.11 1.1517920419782595
26.12 1.151793831934609
26.13 1.151795623058278
26.14 1.1517974223451735
26.150000000000002 1.151799224931161
26.16 1.1518010202456068
26.17 1.1518028077363007
26.18 1.1518045863883997
26.19 1.1518063546451454
26.2 1.1518081103245472
26.21 1.1518098505317254
26.22 1.151811571566917
26.23 1.151813268829141
26.240000000000002 1.151814936715526
26.25 1.1518165686047215
26.26 1.151818170795365
26.27 1.151819750936073
26.28 1.1518213091646723
26.29 1.1518228459727828
26.3 1.1518243622624842
26.310000000000002 1.1518258594061568
26.32 1.151827339309502
26.330000000000002 1.151828804477738
26.34 1.1518302580849726
26.35 1.1518317040467532
26.36 1.1518331468137502
26.37 1.1518345799280718
26.38 1.1518359983798774
26.39 1.1518374016263753
26.400000000000002 1.1518387888295085
26.41 1.1518401588103433
26.42 1.1518415100010313
26.43 1.1518428403943486
26.44 1.1518441474908068
26.45 1.1518454282433401
26.46 1.1518466789995678
26.47 1.151847895997208
26.48 1.1518490855060664
26.490000000000002 1.15185025080787
26.5 1.15185139229236
26.51 1.1518525106590554
26.52 1.1518536069619798
26.53 1.15185468265672
26.54 1.151855739649817
26.55 1.1518567803504913
26.560000000000002 1.1518578077246997
26.57 1.151858825351529
26.580000000000002 1.1518598365261508
26.59 1.1518608347249315
26.6 1.1518618177057507
26.61 1.1518627852858048
26.62 1.1518637370268878
26.63 1.1518646721944803
26.64 1.1518655897146595
26.650000000000002 1.1518664881288347
26.66 1.1518673655463083
26.67 1.151868219594659
26.68 1.1518690473679525
26.69 1.1518698467174655
26.7 1.1518706241928511
26.71 1.1518713815867845
26.72 1.1518721194335075
26.73 1.1518728385004402
26.740000000000002 1.151873539822207
26.75 1.151874224736484
26.76 1.151874894921653
26.77 1.1518755524362767
26.78 1.1518761997603815
26.79 1.1518768398385595
26.8 1.151877474467079
26.810000000000002 1.151878098391187
26.82 1.151878710958499
26.830000000000002 1.1518793121854254
26.84 1.1518799018957868
26.85 1.1518804796911357
26.86 1.1518810449195303
26.87 1.1518815966427591
26.88 1.1518821336020173
26.89 1.1518826541820333
26.900000000000002 1.1518831563736478
26.91 1.151883639619419
26.92 1.1518841086989213
26.93 1.1518845643128364
26.94 1.1518850068639324
26.95 1.1518854368979565
26.96 1.1518858551260553
26.97 1.1518862624484103
26.98 1.151886659979098
26.990000000000002 1.1518870490721642
27.0 1.151887431348923
27.01 1.1518878087264703
27.02 1.151888181989892
27.03 1.1518885492912678
27.04 1.151888911287816
27.05 1.1518892687839357
27.060000000000002 1.1518896226005222
27.07 1.15188997357027
27.080000000000002 1.1518903225325814
27.09 1.1518906703280771
27.1 1.15189101779271
27.11 1.1518913657514802
27.12 1.1518917150117571
27.13 1.1518920657591691
27.14 1.1518924173677194
27.150000000000002 1.1518927698175427
27.16 1.1518931229257947
27.17 1.1518934763108584
27.18 1.151893829370286
27.19 1.1518941812578336
27.2 1.1518945308595756
27.21 1.1518948767691108
27.22 1.1518952172618526
27.23 1.151895550268407
27.240000000000002 1.1518958770962613
27.25 1.1518962014451315
27.26 1.1518965237029242
27.27 1.1518968444440834
27.28 1.1518971644693987
27.29 1.151897484839379
27.3 1.1518978069093029
27.310000000000002 1.1518981323659494
27.32 1.151898463266006
27.330000000000002 1.1518988020761556
27.34 1.1518991517043926
27.35 1.1518995100794251
27.36 1.151899873898053
27.37 1.1519002432444538
27.38 1.1519006180448934
27.39 1.1519009980420933
27.400000000000002 1.1519013827681666
27.41 1.1519017715161202
27.42 1.1519021633099251
27.43 1.1519025568731507
27.44 1.1519029505961698
27.45 1.1519033425779293
27.46 1.151903735620389
27.47 1.151904132344008
27.48 1.1519045331359574
27.490000000000002 1.1519049385162807
27.5 1.151905349158418
27.51 1.1519057659108283
27.52 1.1519061898197118
27.53 1.1519066221528298
27.54 1.1519070644244256
27.55 1.1519075184212426
27.560000000000002 1.15190798604255
27.57 1.1519084646135076
27.580000000000002 1.1519089524914032
27.59 1.1519094495427993
27.6 1.1519099554755792
27.61 1.1519104698169276
27.62 1.1519109918901835
27.63 1.1519115207905686
27.64 1.1519120553597884
27.650000000000002 1.1519125941595048
27.66 1.151913135443687
27.67 1.1519136775174563
27.68 1.1519142237089732
27.69 1.1519147754492252
27.7 1.1519153329618983
27.71 1.1519158966175864
27.72 1.151916466956753
27.73 1.1519170447138973
27.740000000000002 1.1519176308429213
27.75 1.1519182265436974
27.76 1.1519188332898385
27.77 1.1519194528576706
27.78 1.1519200867077701
27.79 1.1519207311863948
27.8 1.1519213851760033
27.810000000000002 1.1519220484182169
27.82 1.151922720504447
27.830000000000002 1.1519234008544192
27.84 1.151924088693567
27.85 1.1519247830292987
27.86 1.1519254826261338
27.87 1.1519261859797103
27.88 1.1519268912896652
27.89 1.1519275973477197
27.900000000000002 1.1519283076190983
27.91 1.1519290227403762
27.92 1.1519297428140356
27.93 1.1519304680748343
27.94 1.1519311989100276
27.95 1.1519319358806395
27.96 1.151932679743785
27.97 1.1519334314760425
27.98 1.151934192297875
27.990000000000002 1.151934963699102
28.0 1.151935746117951
28.01 1.151936535369922
28.02 1.1519373304644611
28.03 1.1519381306707153
28.04 1.1519389350605374
28.05 1.1519397424837199
28.060000000000002 1.1519405515420136
28.07 1.151941360561928
28.080000000000002 1.1519421675663117
28.09 1.1519429702447201
28.1 1.1519437659225609
28.11 1.15194455416227
28.12 1.1519453405776914
28.13 1.151946126011467
28.14 1.1519469112657967
28.150000000000002 1.1519476974985774
28.16 1.1519484862675855
28.17 1.151949279576731
28.18 1.1519500799243831
28.19 1.1519508903537703
28.2 1.1519517145054516
28.21 1.15195255667186
28.22 1.1519534165261727
28.23 1.1519542859533334
28.240000000000002 1.1519551642581867
28.25 1.151956050600844
28.26 1.151956943695703
28.27 1.15195784174974
28.28 1.1519587423977522
28.29 1.1519596426345495
28.3 1.1519605387440965
28.310000000000002 1.1519614262256057
28.32 1.1519622997165788
28.330000000000002 1.1519631607820748
28.34 1.1519640176201635
28.35 1.1519648702326386
28.36 1.1519657188614678
28.37 1.1519665641083152
28.38 1.1519674069902517
28.39 1.1519682489984038
28.400000000000002 1.1519690921595371
28.41 1.1519699391005769
28.42 1.1519707931160652
28.43 1.1519716582382598
28.44 1.1519725312257194
28.45 1.1519734057730275
28.46 1.1519742815008651
28.47 1.1519751578146822
28.48 1.1519760338687632
28.490000000000002 1.1519769085282523
28.5 1.1519777803291362
28.51 1.1519786474361902
28.52 1.1519795075988795
28.53 1.1519803581052241
28.54 1.1519811957873334
28.55 1.1519820237744605
28.560000000000002 1.1519828456602745
28.57 1.1519836615685244
28.580000000000002 1.1519844718193817
28.59 1.1519852769586054
28.6 1.1519860777882516
28.61 1.1519868753989289
28.62 1.1519876712035995
28.63 1.1519884669729283
28.64 1.1519892648721748
28.650000000000002 1.1519900673286259
28.66 1.1519908708380049
28.67 1.1519916728100155
28.68 1.1519924729705913
28.69 1.1519932708702474
28.7 1.1519940658565486
28.71 1.1519948570451217
28.72 1.1519956432892011
28.73 1.151996423147716
28.740000000000002 1.1519971948519152
28.75 1.1519979562705307
28.76 1.1519987052183416
28.77 1.1519994452654807
28.78 1.1520001781386981
28.79 1.1520009039420644
28.8 1.1520016229311798
28.810000000000002 1.1520023355365359
28.82 1.1520030423881364
28.830000000000002 1.15200374434138
28.84 1.1520044425042004
28.85 1.1520051382654724
28.86 1.152005833324673
28.87 1.1520065292153112
28.88 1.1520072225672404
28.89 1.152007912231739
28.900000000000002 1.1520085980588568
28.91 1.1520092797840298
28.92 1.1520099570097135
28.93 1.1520106291860301
28.94 1.1520112955904234
28.95 1.1520119553063233
28.96 1.1520126072008208
28.97 1.152013249901352
28.98 1.152013882301688
28.990000000000002 1.1520145065041598
29.0 1.152015122737001
29.01 1.1520157307229117
29.02 1.1520163302110547
29.03 1.1520169209849163
29.04 1.152017502870677
29.05 1.152018075746088
29.060000000000002 1.1520186395498555
29.07 1.1520191942915299
29.080000000000002 1.1520197400619032
29.09 1.1520202772225325
29.1 1.152020807019471
29.11 1.1520213303955746
29.12 1.1520218484247209
29.13 1.1520223624147188
29.14 1.1520228739293987
29.150000000000002 1.1520233848115569
29.16 1.1520238972067514
29.17 1.152024413587957
29.18 1.1520249367810707
29.19 1.152025469991274
29.2 1.15202601424966
29.21 1.1520265634392164
29.22 1.152027116638691
29.23 1.1520276730372425
29.240000000000002 1.1520282313598014
29.25 1.152028789807187
29.26 1.1520293459934228
29.27 1.1520298968802487
29.28 1.1520304387088305
29.29 1.1520309669286677
29.3 1.1520314761236983
29.310000000000002 1.1520319658252474
29.32 1.1520324460186475
29.330000000000002 1.1520329173155075
29.34 1.152033380262217
29.35 1.1520338358532158
29.36 1.1520342855990344
29.37 1.1520347315978572
29.38 1.1520351766106165
29.39 1.1520356241396104
29.400000000000002 1.1520360785106498
29.41 1.152036544958731
29.42 1.1520370222676095
29.43 1.1520375011525226
29.44 1.1520379812767036
29.45 1.1520384621706772
29.46 1.1520389430337679
29.47 1.1520394226832635
29.48 1.152039899500844
29.490000000000002 1.1520403713762766
29.5 1.1520408356483718
29.51 1.1520412890432066
29.52 1.152041727609611
29.53 1.1520421537982388
29.54 1.1520425741525944
29.55 1.1520429890836785
29.560000000000002 1.1520433992496988
29.57 1.15204380560338
29.580000000000002 1.1520442094327483
29.59 1.1520446124039965
29.6 1.1520450166064238
29.61 1.152045424599463
29.62 1.1520458394617838
29.63 1.1520462648211345
29.64 1.1520466974990653
29.650000000000002 1.1520471328842632
29.66 1.1520475707214808
29.67 1.1520480104941684
29.68 1.1520484513851403
29.69 1.152048892235182
29.7 1.1520493314995937
29.71 1.152049767202675
29.72 1.1520501968901478
29.73 1.1520506175795162
29.740000000000002 1.1520510258511993
29.75 1.1520514259729557
29.76 1.1520518217262992
29.77 1.152052213419684
29.78 1.152052601603491
29.79 1.152052987107674
29.8 1.1520533710814207
29.810000000000002 1.152053755034827
29.82 1.1520541408825806
29.830000000000002 1.1520545309896593
29.84 1.1520549282190413
29.85 1.152055335631019
29.86 1.1520557484739955
29.87 1.1520561639676674
29.88 1.1520565818686928
29.89 1.1520570017158467
29.900000000000002 1.1520574227967553
29.91 1.1520578441128528
29.92 1.1520582643425636
29.93 1.1520586818027065
29.94 1.1520590944081235
29.95 1.1520594996295312
29.96 1.1520598950460774
29.97 1.1520602854708202
29.98 1.152060672859331
