0.0 0.0
0.01 6.506696056219958e-06
0.02 2.6020689300072775e-05
0.03 5.852369607272728e-05
0.04 0.00010398524733642901
0.05 0.00016236269429409993
0.06 0.0002336012163150881
0.07 0.00031763383122537277
0.08 0.0004143814080371819
0.09 0.0005237526822096345
0.1 0.000645644273548676
0.11 0.000779940706871175
0.12 0.0009265144355747391
0.13 0.0010852258682713656
0.14 0.0012559233986596864
0.15 0.0014384434388271222
0.16 0.0016326104561898555
0.17 0.0018382370142949681
0.18 0.0020551238177257524
0.19 0.002283059761367442
0.2 0.002521821984307149
0.21 0.002771175928658084
0.22 0.003030875403614352
0.23 0.0033006626550588355
0.24 0.003580268441062657
0.25 0.0038694121136307598
0.26 0.004167801707063832
0.27 0.004475134033322461
0.28 0.004791094784794949
0.29 0.005115358644885284
0.3 0.0054475894068528275
0.31 0.005787440101350165
0.32 0.0061345531331195614
0.33 0.0064885604273229695
0.34 0.006849083585994053
0.35000000000000003 0.007215734055113445
0.36 0.0075881133028222955
0.37 0.007965813009299792
0.38 0.00834841526884372
0.39 0.008735492804701983
0.4 0.0091266091972153
0.41000000000000003 0.009521319125838574
0.42 0.009919168625618348
0.43 0.010319695358710414
0.44 0.010722428901527787
0.45 0.011126891048114821
0.46 0.01153259613034685
0.47000000000000003 0.011939051355556476
0.48 0.012345757162188992
0.49 0.012752207594087982
0.5 0.013157890694009466
0.51 0.013562288916957682
0.52 0.013964879563928518
0.53 0.014365135236637537
0.54 0.014762524313796526
0.55 0.015156511449488146
0.56 0.015546558094170118
0.5700000000000001 0.015932123038819662
0.58 0.016312662982703063
0.59 0.016687633125228907
0.6 0.017056487782309258
0.61 0.017418681027617615
0.62 0.017773667359091905
0.63 0.018120902390983625
0.64 0.018459843571704996
0.65 0.01878995092766879
0.66 0.01911068783325403
0.67 0.019421521806962935
0.68 0.0197219253337609
0.6900000000000001 0.02001137671350983
0.7000000000000001 0.020289360935318346
0.71 0.02055537057753823
0.72 0.02080890673303247
0.73 0.021049479959234226
0.74 0.02127661125239364
0.75 0.021489833045288034
0.76 0.02168869022753436
0.77 0.021872741187499975
0.78 0.022041558874658022
0.79 0.022194731881072724
0.8 0.02233186554052998
0.81 0.022452583043653322
0.8200000000000001 0.022556526567157023
0.8300000000000001 0.02264335841519493
0.84 0.022712762170559453
0.85 0.0227644438532761
0.86 0.022798133083918593
0.87 0.022813584248747458
0.88 0.0228105776635418
0.89 0.022788920732758598
0.9 0.02274844910041366
0.91 0.02268902778883408
0.92 0.02261055232118559
0.93 0.022512949823434488
0.9400000000000001 0.022396180101155735
0.9500000000000001 0.022260236686358462
0.96 0.022105147849263238
0.97 0.02193097756973241
0.98 0.021737826462839147
0.99 0.02152583265284477
1.0 0.021295172589667604
1.01 0.021046061801742504
1.02 0.020778755579019655
1.03 0.020493549579713735
1.04 0.020190780354314042
1.05 0.019870825780286455
1.06 0.019534105400860598
1.07 0.01918108066128924
1.08 0.018812255036006996
1.09 0.018428174040195304
1.1 0.01802942511939284
1.11 0.017616637410970457
1.12 0.01719048137152765
1.1300000000000001 0.01675166826456058
1.1400000000000001 0.0163009495031054
1.1500000000000001 0.01583911584247884
1.16 0.01536699641871664
1.17 0.014885457628858888
1.18 0.01439540184984322
1.19 0.013897765993446984
1.2 0.013393519895464927
1.21 0.012883664538119507
1.22 0.012369230105573474
1.23 0.011851273873347733
1.24 0.011330877933434751
1.25 0.010809146757937182
1.26 0.010287204605145199
1.27 0.009766192773087852
1.28 0.009247266706745343
1.29 0.008731592966283999
1.3 0.008220346064859977
1.31 0.007714705185725701
1.32 0.007215850789549792
1.33 0.006724961124016552
1.34 0.006243208648893205
1.35 0.00577175639082662
1.36 0.005311754243146006
1.37 0.004864335226889535
1.3800000000000001 0.004430611730127131
1.3900000000000001 0.0040116717434081775
1.4000000000000001 0.0036085751098074367
1.41 0.003222349808564224
1.42 0.002853988291699041
1.43 0.002504443893237337
1.44 0.0021746273307649885
1.45 0.001865403318977662
1.46 0.001577587314660795
1.47 0.0013119424121461256
1.48 0.001069176407732995
1.49 0.0008499390508388308
1.5 0.0006548194987564066
1.51 0.0004843439908506955
1.52 0.00033897375683229546
1.53 0.00021910317240723953
1.54 0.00012505817413508138
1.55 5.709494374206156e-05
1.56 1.5398870448277426e-05
1.57 8.379809343520606e-08
1.58 1.1191562002448145e-05
1.59 4.869181863832556e-05
1.6 0.00011248216916473215
1.61 0.00020238857610400965
1.62 0.0003181660703482332
1.6300000000000001 0.00045949974388075906
1.6400000000000001 0.0006260060217131155
1.6500000000000001 0.0008172342047555511
1.6600000000000001 0.001032668273636805
1.67 0.0012717289418860973
1.68 0.0015337759454030248
1.69 0.0018181105537819296
1.7 0.0021239782878387267
1.71 0.0024505718266184294
1.72 0.0027970340862493452
1.73 0.003162461452260174
1.74 0.0035459071463913644
1.75 0.00394638470851544
1.76 0.004362871574028876
1.77 0.004794312726990078
1.78 0.005239624409348681
1.79 0.005697697866832771
1.8 0.006167403112428033
1.81 0.006647592688883734
1.82 0.007137105412306685
1.83 0.007634770079643101
1.84 0.00813940912368864
1.85 0.008649842200194746
1.86 0.009164889692643405
1.87 0.009683376121328144
1.8800000000000001 0.010204133444493476
1.8900000000000001 0.010726004240436278
1.9000000000000001 0.011247844760647123
1.9100000000000001 0.011768527845255516
1.92 0.012286945693229693
1.93 0.012802012480958132
1.94 0.013312666823995508
1.95 0.013817874077883444
1.96 0.01431662847504734
1.97 0.014807955095814769
1.98 0.015290911672601751
1.99 0.015764590227249558
2.0 0.01622811854238191
2.0100000000000002 0.016680661468471008
2.02 0.017121422069055817
2.0300000000000002 0.017549642607249494
2.04 0.017964605377292695
2.05 0.01836563338546945
2.06 0.018752090885191926
2.07 0.019123383771488398
2.08 0.019478959840490837
2.09 0.01981830891982418
2.1 0.020140962876042393
2.11 0.020446495505448102
2.12 0.020734522314770472
2.13 0.02100470019826518
2.14 0.021256727017845093
2.15 0.02149034109285312
2.16 0.021705320606052972
2.17 0.021901482932344164
2.18 0.022078683896606124
2.19 0.022236816966947872
2.2 0.02237581238948828
2.21 0.022495636270615522
2.22 0.022596289612485478
2.23 0.022677807307310238
2.24 0.022740257095769316
2.25 0.02278373849464687
2.2600000000000002 0.022808381698562905
2.27 0.022814346460424097
2.2800000000000002 0.022801820954974655
2.29 0.022771020629583177
2.3000000000000003 0.022722187046153957
2.31 0.022655586717807735
2.32 0.022571509943736218
2.33 0.022470269645395842
2.34 0.022352200206977164
2.35 0.02221765632285781
2.36 0.022067011854529472
2.37 0.0219006586992762
2.38 0.021719005672678617
2.39 0.02152247740682098
2.4 0.021311513265892264
2.41 0.021086566280691634
2.42 0.020848102103379982
2.43 0.020596597983656973
2.44 0.020332541767389613
2.45 0.0200564309185766
2.46 0.019768771565393924
2.47 0.01947007757094287
2.48 0.019160869629201237
2.49 0.018841674386567638
2.5 0.01851302358928651
2.5100000000000002 0.018175453256944113
2.52 0.017829502882138963
2.5300000000000002 0.01747571465634738
2.54 0.01711463272192984
2.5500000000000003 0.016746802450155664
2.56 0.01637276974506067
2.57 0.015993080372894375
2.58 0.015608279316863666
2.59 0.015218910156831241
2.6 0.014825514473586926
2.61 0.014428631277272175
2.62 0.014028796459504646
2.63 0.013626542268722348
2.64 0.013222396808239873
2.65 0.012816883556488738
2.66 0.012410520908894863
2.67 0.012003821740831401
2.68 0.011597292991071637
2.69 0.01119143526515761
2.7 0.010786742458091863
2.71 0.01038370139575533
2.72 0.009982791494449628
2.73 0.009584484437962526
2.74 0.009189243871554214
2.75 0.008797525112264991
2.7600000000000002 0.008409774874947974
2.77 0.008026431013435701
2.7800000000000002 0.007647922276254959
2.79 0.007274668076312291
2.8000000000000003 0.006907078273979843
2.81 0.0065455529730213645
2.82 0.006190482328807153
2.83 0.0058422463682786556
2.84 0.005501214821133921
2.85 0.00516774696171753
2.86 0.0048421914611116845
2.87 0.00452488624893745
2.88 0.00421615838438963
2.89 0.0039163239360418605
2.9 0.0036256878699738094
2.91 0.0033445439457861154
2.92 0.0030731746200843876
2.93 0.002811850957028249
2.94 0.0025608325455572832
2.95 0.002320367422920828
2.96 0.0020906920041549376
2.97 0.0018720310171650946
2.98 0.0016645974430899509
2.99 0.0014685924616368831
3.0 0.001284205401097018
3.0100000000000002 0.0011116136927630455
3.02 0.0009509828294902009
3.0300000000000002 0.0008024663281565851
3.04 0.0006662056957960173
3.0500000000000003 0.0005423303991927251
3.06 0.00043095783774406546
3.0700000000000003 0.0003321933194137252
3.08 0.00024613003961478395
3.09 0.00017284906287830628
3.1 0.00011241930718004579
3.11 6.489753081429008e-05
3.12 3.032832172057608e-05
3.13 8.744089185714916e-06
3.14 1.650578601096902e-07
3.15 4.599264044110171e-06
3.16 2.2042554216731857e-05
3.17 5.2478585795768225e-05
3.18 9.587883013497875e-05
3.19 0.00015220257778066453
3.2 0.000221396946026672
3.21 0.00030339688882341097
3.22 0.0003981252091132838
3.23 0.0005054925736813774
3.24 0.0006253975306271452
3.25 0.0007577265295791997
3.2600000000000002 0.0009023539447922158
3.27 0.0010591421012813179
3.2800000000000002 0.001227941304166189
3.29 0.0014085898714134171
3.3000000000000003 0.0016009141701825475
3.31 0.0018047286569973604
3.3200000000000003 0.0020198359219809354
3.33 0.0022460267374089502
3.34 0.0024830801108526096
3.35 0.002730763343198498
3.36 0.002988832091849109
3.37 0.0032570304394241184
3.38 0.003535090968298167
3.39 0.003822734841327285
3.4 0.004119671889131607
3.41 0.004425600704317885
3.42 0.004740208743040598
3.43 0.005063172434315983
3.44 0.005394157297517981
3.45 0.005732818068500312
3.46 0.006078798834802839
3.47 0.00643173318041498
3.48 0.006791244340582303
3.49 0.007156945367155893
3.5 0.007528439304996842
3.5100000000000002 0.00790531937996059
3.52 0.008287169198997232
3.5300000000000002 0.008673562962915281
3.54 0.009064065692366374
3.5500000000000003 0.009458233467617991
3.56 0.009855613682689472
3.5700000000000003 0.010255745314434971
3.58 0.010658159207162182
3.59 0.01106237837338233
3.6 0.011467918311289807
3.61 0.01187428733957245
3.62 0.01228098695015558
3.63 0.012687512179480111
3.64 0.013093351998914461
3.65 0.013497989724893888
3.66 0.013900903449374937
3.67 0.014301566491183245
3.68 0.014699447868820721
3.69 0.015094012795284798
3.7 0.015484723195433897
3.71 0.01587103824641292
3.72 0.016252414941629087
3.73 0.01662830867873985
3.74 0.016998173872083914
3.75 0.01736146458994966
3.7600000000000002 0.01771763521703584
3.77 0.01806614114241405
3.7800000000000002 0.018406439473252687
3.79 0.01873798977450615
3.8000000000000003 0.019060254834713568
3.81 0.019372701457983116
3.8200000000000003 0.0196748012821655
3.83 0.019966031623141037
3.84 0.020245876345058006
3.85 0.020513826756266566
3.86 0.020769382530591535
3.87 0.021012052653479857
3.88 0.021241356392440586
3.89 0.02145682429107221
3.9 0.021657999185838474
3.91 0.02184443724461281
3.92 0.022015709025861512
3.93 0.022171400557176788
3.94 0.02231111443170388
3.95 0.022434470920829508
3.96 0.022541109101315564
3.97 0.022630687994865853
3.98 0.022702887717915694
3.99 0.022757410639221466
4.0 0.022793982542612154
4.01 0.022812353792041253
4.0200000000000005 0.02281230049584556
4.03 0.02279362566688384
4.04 0.02275616037498779
4.05 0.02269976488791374
4.0600000000000005 0.022624329796738826
4.07 0.02252977712139872
4.08 0.022416061391818936
4.09 0.022283170699849128
4.1 0.022131127716970244
4.11 0.02195999067251561
4.12 0.021769854286921124
4.13 0.021560850654311868
4.14 0.02133315006853333
4.15 0.02108696178655701
4.16 0.020822534723029654
4.17 0.02054015806959901
4.18 0.020240161832539225
4.19 0.01992291728211848
4.2 0.019588837307104957
4.21 0.019238376667797017
4.22 0.018872032140995275
4.23 0.018490342550407282
4.24 0.01809388867610058
4.25 0.017683293036789526
4.26 0.017259219538972463
4.2700000000000005 0.01682237298721817
4.28 0.016373498450244824
4.29 0.01591338047784245
4.3 0.015442842164159223
4.3100000000000005 0.014962744053408458
4.32 0.014473982884656003
4.33 0.013977490173015259
4.34 0.013474230625314443
4.3500000000000005 0.012965200389099159
4.36 0.012451425134697172
4.37 0.011933957970995532
4.38 0.011413877196560193
4.39 0.010892283888758328
4.4 0.0103702993346221
4.41 0.009849062308308211
4.42 0.00932972620115419
4.43 0.008813456011506552
4.44 0.008301425202676583
4.45 0.0077948124385694905
4.46 0.007294798207711058
4.47 0.006802561347556386
4.48 0.006319275482092424
4.49 0.005846105386829109
4.5 0.005384203296298183
4.51 0.00493470517013359
4.5200000000000005 0.004498726934675542
4.53 0.004077360717814077
4.54 0.0036716710954499306
4.55 0.00328269136849433
4.5600000000000005 0.0029114198897384337
4.57 0.0025588164601934955
4.58 0.0022257988146209364
4.59 0.0019132392159360836
4.6000000000000005 0.0016219611779684877
4.61 0.0013527363356986694
4.62 0.0011062814815590081
4.63 0.0008832557856900356
4.64 0.0006842582171812849
4.65 0.0005098251823063843
4.66 0.0003604283945896329
4.67 0.0002364729902256215
4.68 0.0001382959009261612
4.69 6.616449470076348e-05
4.7 2.027549340478745e-05
4.71 7.541741274006312e-07
4.72 7.653859658191638e-06
4.73 4.095570138399677e-05
4.74 0.00010056875604622282
4.75 0.0001863303558528887
4.76 0.00029800676950861516
4.7700000000000005 0.0004352941498200228
4.78 0.0005978197616723892
4.79 0.0007851434823754349
4.8 0.000996759564658469
4.8100000000000005 0.0012320986509759685
4.82 0.001490530026277639
4.83 0.0017713640950173608
4.84 0.0020738550669326303
4.8500000000000005 0.002397203835033381
4.86 0.002740561028300191
4.87 0.003103030220816995
4.88 0.0034836712784511613
4.89 0.003881503823751134
4.9 0.004295510799453149
4.91 0.0047246421108751765
4.92 0.005167818327521322
4.93 0.0056239344244183075
4.94 0.0060918635440503745
4.95 0.006570460760238616
4.96 0.007058566825919227
4.97 0.007555011887494727
4.98 0.00805861914925909
4.99 0.008568208472311394
5.0 0.009082599893366307
5.01 0.009600617049924817
5.0200000000000005 0.010121090499378156
5.03 0.010642860920762567
5.04 0.01116478218905537
5.05 0.011685724313086206
5.0600000000000005 0.01220457622932665
5.07 0.012720248444997705
5.08 0.013231675525097068
5.09 0.01373781841907839
5.1000000000000005 0.014237666624012265
5.11 0.01473024018211294
5.12 0.015214591511519637
5.13 0.01568980707017066
5.14 0.01615500885350295
5.15 0.01660935572753899
5.16 0.017052044599688933
5.17 0.01748231143029916
5.18 0.017899432088608943
5.19 0.018302723057347606
5.2 0.01869154199070528
5.21 0.019065288130846868
5.22 0.019423402588512585
5.23 0.019765368493562467
5.24 0.020090711021574344
5.25 0.02039899730280647
5.26 0.020689836219979045
5.2700000000000005 0.0209628781014287
5.28 0.021217814316240178
5.29 0.021454376777968603
5.3 0.021672337363535913
5.3100000000000005 0.021871507253821268
5.32 0.02205173620236868
5.33 0.022212911738510366
5.34 0.022354958311055644
5.3500000000000005 0.022477836378524834
5.36 0.022581541451717698
5.37 0.022666103094202483
5.38 0.022731583886093285
5.39 0.02277807835625692
5.4 0.022805711887853377
5.41 0.022814639601876636
5.42 0.022805045223113895
5.43 0.022777139932698465
5.44 0.022731161211184323
5.45 0.022667371675825942
5.46 0.02258605791550533
5.47 0.022487529326510394
5.48 0.022372116952135954
5.49 0.02224017232885252
5.5 0.02209206634156603
5.51 0.02192818809028096
5.5200000000000005 0.021748943770271617
5.53 0.021554755567670607
5.54 0.021346060572193456
5.55 0.02112330970853987
5.5600000000000005 0.020886966687837204
5.57 0.020637506980332645
5.58 0.020375416810383698
5.59 0.02010119217465204
5.6000000000000005 0.01981533788426932
5.61 0.019518366631614506
5.62 0.019210798082221932
5.63 0.018893157992227957
5.64 0.0185659773516588
5.65 0.018229791553765223
5.66 0.017885139590520852
5.67 0.01753256327431767
5.68 0.01717260648581517
5.69 0.016805814447832523
5.7 0.016432733025106682
5.71 0.016053908049682108
5.72 0.01566988467164771
5.73 0.01528120673488512
5.74 0.014888416177454008
5.75 0.014492052456198693
5.76 0.014092651995130202
5.7700000000000005 0.01369074765710528
5.78 0.0132868682383006
5.79 0.01288153798495567
5.8 0.012475276131841918
5.8100000000000005 0.012068596461896884
5.82 0.011662006886451286
5.83 0.011256009045465048
5.84 0.01085109792718163
5.8500000000000005 0.010447761506603443
5.86 0.010046480402188102
5.87 0.009647727550163132
5.88 0.009251967895857744
5.89 0.00885965810145099
5.9 0.008471246269539842
5.91 0.0080871716819348
5.92 0.007707864553096592
5.93 0.007333745797635014
5.94 0.006965226811298338
5.95 0.00660270926489151
5.96 0.006246584910570279
5.97 0.005897235399970159
5.98 0.005555032113639633
5.99 0.005220336001259484
6.0 0.0048934974321421364
6.01 0.004574856055518834
6.0200000000000005 0.004264740670135196
6.03 0.0039634691026901
6.04 0.003671348094666636
6.05 0.0033886731971194545
6.0600000000000005 0.0031157286729965104
6.07 0.002852787406589417
6.08 0.0026001108197211877
6.09 0.0023579487942965104
6.1000000000000005 0.00212653960085465
6.11 0.0019061098327816958
6.12 0.0016968743458541467
6.13 0.0014990362028027625
6.140000000000001 0.0013127866226011454
6.15 0.00113830493420031
6.16 0.0009757585344463605
6.17 0.0008253028499355247
6.18 0.0006870813025765793
6.19 0.0005612252786476087
6.2 0.0004478541011505742
6.21 0.00034707500528345615
6.22 0.00025898311686679577
6.23 0.0001836614335776204
6.24 0.0001211808088606775
6.25 7.159993840330068e-05
6.26 3.4965349077136935e-05
6.2700000000000005 1.1311390266359308e-05
6.28 6.602275188093842e-07
6.29 3.021838473078386e-06
6.3 1.8394011031272582e-05
6.3100000000000005 4.6762343763794934e-05
6.32 8.8100248549164e-05
6.33 0.0001423689554685914
6.34 0.00020951751999160806
6.3500000000000005 0.00028948283250578656
6.36 0.00038218963026015245
6.37 0.0004875505118087044
6.38 0.0006054659540568647
6.390000000000001 0.0007358243320305576
6.4 0.0008785019415040416
6.41 0.0010333630246395368
6.42 0.0012002597988078538
6.43 0.0013790324887762533
6.44 0.0015695093624661098
6.45 0.0017715067704994073
6.46 0.0019848291897700187
6.47 0.0022092692712914956
6.48 0.002444607892590231
6.49 0.002690614214928559
6.5 0.0029470457456593564
6.51 0.0032136484060290536
6.5200000000000005 0.0034901566047627246
6.53 0.0037762933177806195
6.54 0.004071770174411536
6.55 0.004376287550483635
6.5600000000000005 0.0046895346686895755
6.57 0.005011189706637166
6.58 0.0053409199130131785
6.59 0.005678381732301048
6.6000000000000005 0.006023220938509276
6.61 0.006375072778380345
6.62 0.006733562124564937
6.63 0.007098303639258026
6.640000000000001 0.007468901948807965
6.65 0.007844951829820769
6.66 0.008226038407294647
6.67 0.008611737365329745
6.68 0.009001615170969436
6.69 0.009395229311738766
6.7 0.009792128547454076
6.71 0.010191853176886121
6.72 0.010593935319864837
6.73 0.01099789921542005
6.74 0.011403261536556372
6.75 0.01180953172226339
6.76 0.012216212327362724
6.7700000000000005 0.012622799390794484
6.78 0.013028782822941544
6.79 0.013433646812587728
6.8 0.013836870254097721
6.8100000000000005 0.01423792719539896
6.82 0.0146362873073337
6.83 0.015031416374936468
6.84 0.015422776811173367
6.8500000000000005 0.015809828193661644
6.86 0.016192027824862974
6.87 0.01656883131621758
6.88 0.016939693196654625
6.890000000000001 0.017304067545880333
6.9 0.01766140865280429
6.91 0.01801117169942174
6.92 0.01835281347041934
6.93 0.018685793088717918
6.94 0.019009572777105823
6.95 0.019323618646050485
6.96 0.019627401507704048
6.97 0.019920397716039814
6.98 0.020202090032972245
6.99 0.020471968520219215
7.0 0.020729531456568105
7.01 0.020974286280096763
7.0200000000000005 0.021205750554788797
7.03 0.02142345296085673
7.04 0.021626934307956782
7.05 0.021815748570337867
7.0600000000000005 0.021989463942819722
7.07 0.022147663916337282
7.08 0.022289948371622535
7.09 0.02241593468942024
7.1000000000000005 0.022525258875449677
7.11 0.022617576698134804
7.12 0.02269256483692195
7.13 0.02274992203879787
7.140000000000001 0.022789370280405542
7.15 0.022810655932930076
7.16 0.022813550926700628
7.17 0.02279785391221819
7.18 0.022763391414079452
7.19 0.022710018974025095
7.2 0.022637622279095358
7.21 0.022546118270628534
7.22 0.022435456229594072
7.23 0.022305618833507193
7.24 0.022156623179934064
7.25 0.02198852177136254
7.26 0.02180140345599102
7.2700000000000005 0.021595394318773213
7.28 0.02137065851685895
7.29 0.021127399053386824
7.3 0.020865858483423254
7.3100000000000005 0.020586319545699398
7.32 0.020289105713686497
7.33 0.019974581659460807
7.34 0.01964315362376089
7.3500000000000005 0.019295269685621327
7.36 0.01893141992499311
7.37 0.018552136471826245
7.38 0.01815799343520678
7.390000000000001 0.017749606706304488
7.4 0.017327633629106075
7.41 0.0168927725331834
7.42 0.01644576212308263
7.43 0.015987380719315263
7.44 0.015518445346391293
7.45 0.015039810663864107
7.46 0.014552367736942818
7.47 0.014057042643892029
7.48 0.01355479491815916
7.49 0.013046615823962491
7.5 0.012533526464923962
7.51 0.012016575726247588
7.5200000000000005 0.011496838051911948
7.53 0.010975411059371585
7.54 0.010453412995329885
7.55 0.009931980037258715
7.5600000000000005 0.009412263446481498
7.57 0.008895426579805975
7.58 0.008382641767874215
7.59 0.007875087069586435
7.6000000000000005 0.0073739429131363075
7.61 0.0068803886353590365
7.62 0.006395598932226361
7.63 0.005920740234416134
7.640000000000001 0.005456967022915086
7.65 0.005005418100583137
7.66 0.004567212836487992
7.67 0.0041434474006109496
7.68 0.003735191007203357
7.69 0.003343482185637241
7.7 0.002969325098025433
7.71 0.002613685923178081
7.72 0.002277489326607552
7.73 0.001961615036280696
7.74 0.0016668945436450744
7.75 0.001394107949117384
7.76 0.001143980970718501
7.7700000000000005 0.000917182133867618
7.78 0.0007143201595132268
7.79 0.0005359415667829945
7.8 0.00038252850518671135
7.8100000000000005 0.0002544968301123986
7.82 0.00015219443392870455
7.83 7.58998434569347e-05
7.84 2.58210929197206e-05
7.8500000000000005 2.0948797242445217e-06
7.86 4.786008614903367e-06
7.87 3.388712785037706e-05
7.88 8.931875914291319e-05
7.890000000000001 0.00017092962116249625
7.9 0.00027849724447552104
7.91 0.0004117288738765469
7.92 0.0005702626522016473
7.930000000000001 0.0007536690779025796
7.94 0.0009614527269294635
7.95 0.0011930542278338803
7.96 0.0014478524774781142
7.97 0.0017251670833356978
7.98 0.002024261017103343
7.99 0.0023443434632265635
8.0 0.002684572844978397
8.01 0.0030440600099279147
8.02 0.0034218715559985514
8.03 0.0038170332788452464
8.040000000000001 0.004228533720975683
8.05 0.0046553278029002965
8.06 0.005096340516617898
8.07 0.005550470661915515
8.08 0.006016594606285539
8.09 0.00649357004972089
8.1 0.006980239776237302
8.11 0.007475435374675493
8.120000000000001 0.007977980912145955
8.13 0.008486696544379571
8.14 0.009000402048230237
8.15 0.009517920262620225
8.16 0.010038080425322235
8.17 0.010559721394111331
8.18 0.011081694741988933
8.19 0.011602867717364112
8.2 0.012122126061266298
8.21 0.012638376674842633
8.22 0.013150550131557545
8.23 0.013657603029650502
8.24 0.014158520181507836
8.25 0.014652316637669426
8.26 0.015138039544201128
8.27 0.015614769833124787
8.28 0.01608162374650012
8.290000000000001 0.01653775419559152
8.3 0.016982351957331252
8.31 0.017414646711001895
8.32 0.017833907918703783
8.33 0.01823944555375429
8.34 0.018630610681675104
8.35 0.01900679589887318
8.36 0.019367435634503088
8.370000000000001 0.019712006321321522
8.38 0.02004002644160786
8.39 0.020351056454432796
8.4 0.02064469861071061
8.41 0.020920596662575848
8.42 0.021178435473683355
8.43 0.021417940537046994
8.44 0.02163887740700716
8.45 0.02184105105186038
8.46 0.022024305133589463
8.47 0.02218852122101659
8.48 0.022333617942553098
8.49 0.02245955008455427
8.5 0.02256630764109963
8.51 0.022653914820818622
8.52 0.02272242901616505
8.53 0.022771939740316795
8.540000000000001 0.022802567536645564
8.55 0.0228144628654587
8.56 0.022807804972472652
8.57 0.02278280074323178
8.58 0.02273968354743993
8.59 0.022678712076925886
8.6 0.02260016918072501
8.61 0.022504360700516965
8.620000000000001 0.022391614309428157
8.63 0.022262278356980296
8.64 0.022116720722741713
8.65 0.02195532768102835
8.66 0.021778502778790846
8.67 0.021586665728627556
8.68 0.021380251318672588
8.69 0.02115970834092622
8.700000000000001 0.020925498539422157
8.71 0.020678095579460896
8.72 0.020417984038984618
8.73 0.02014565842302088
8.74 0.019861622201984345
8.75 0.01956638687449653
8.76 0.019260471055261463
8.77 0.018944399588421847
8.78 0.01861870268671526
8.790000000000001 0.01828391509665025
8.8 0.017940575289833883
8.81 0.01758922468049505
8.82 0.01723040686917482
8.83 0.016864666912480782
8.84 0.01649255061873943
8.85 0.01611460386932235
8.86 0.01573137196536671
8.870000000000001 0.015343398999564528
8.88 0.014951227252650964
8.89 0.014555396614182228
8.9 0.014156444027162646
8.91 0.013754902956046033
8.92 0.013351302877613977
8.93 0.012946168794208329
8.94 0.012540020768777107
8.950000000000001 0.012133373481175656
8.96 0.011726735805153269
8.97 0.01132061040544129
8.98 0.010915493354355025
8.99 0.010511873767311688
9.0 0.010110233456664834
9.01 0.009711046603253542
9.02 0.009314779445064158
9.03 0.008921889982403926
9.040000000000001 0.008532827698989212
9.05 0.00814803329835561
9.06 0.007767938455001399
9.07 0.007392965579685467
9.08 0.007023527598306082
9.09 0.006660027743796976
9.1 0.006302859360487189
9.11 0.0059524057203808895
9.120000000000001 0.005609039850825172
9.13 0.00527312437304584
9.14 0.004945011351042657
9.15 0.00462504215035024
9.16 0.0043135473061825524
9.17 0.004010846400493897
9.18 0.0037172479475029974
9.19 0.003433049287241659
9.200000000000001 0.0031585364867041574
9.21 0.0028939842481889365
9.22 0.0026396558244386474
9.23 0.0023958029402017236
9.24 0.002162665719852636
9.25 0.0019404726207251286
9.26 0.001729440371828045
9.27 0.001529773917629764
9.28 0.001341666366613423
9.290000000000001 0.001165298944321298
9.3 0.0010008409506233982
9.31 0.0008484497209609457
9.32 0.0007082705913331942
9.33 0.0005804368668112348
9.34 0.0004650697933797735
9.35 0.00036227853292417804
9.36 0.00027216014119671927
9.370000000000001 0.00019479954861251745
9.38 0.0001302695437424407
9.39 7.863075938654002e-05
9.4 3.993166112873667e-05
9.41 1.4208538289626093e-05
9.42 1.4854972112294048e-06
9.43 1.7744568240646341e-06
9.44 1.5075146463590398e-05
9.450000000000001 4.1375105919737244e-05
9.46 8.064968771986426e-05
9.47 0.00013286206166224636
9.48 0.00019796322163368737
9.49 0.0002758919947616727
9.5 0.0003665750529680401
9.51 0.0004699269270078266
9.52 0.0005858500230935985
9.53 0.0007142346422222129
9.540000000000001 0.0008549590023376036
9.55 0.001007889263479671
9.56 0.001172879556086425
9.57 0.0013497720126323502
9.58 0.0015383968028032547
9.59 0.001738572172424074
9.6 0.0019501044863725675
9.61 0.0021727882757285586
9.620000000000001 0.0024064062894244794
9.63 0.002650729550679436
9.64 0.00290551741851585
9.65 0.003170517654672673
9.66 0.0034454664962467116
9.67 0.003730088734408556
9.68 0.004024097799556089
9.69 0.004327195853283885
9.700000000000001 0.0046390738875625726
9.71 0.004959411831537246
9.72 0.0052878786663700505
9.73 0.005624132548565271
9.74 0.005967820942231523
9.75 0.00631858076074883
9.76 0.006676038518322544
9.77 0.007039810491919456
9.78 0.0074095028940946795
9.790000000000001 0.007784712057229657
9.8 0.008165024629714138
9.81 0.008550017784616571
9.82 0.008939259441396128
9.83 0.009332308501221543
9.84 0.009728715096469028
9.85 0.010128020854980416
9.86 0.010529759179669
9.870000000000001 0.010933455544066458
9.88 0.011338627804408065
9.89 0.011744786528857812
9.9 0.012151435344474224
9.91 0.012558071302519899
9.92 0.012964185262713769
9.93 0.013369262297022653
9.94 0.013772782113581388
9.950000000000001 0.014174219501323486
9.96 0.01457304479589187
9.97 0.014968724367388223
9.98 0.015360721130499518
9.99 0.0157484950775239
