0.0 0.0
0.01 7.510313046323697e-07
0.02 3.003119140413175e-06
0.03 6.753246294665718e-06
0.04 1.1996387485224715e-05
0.05 1.8725514469069147e-05
0.06 2.6931603194772244e-05
0.07 3.6603642999099456e-05
0.08 4.772864784813218e-05
0.09 6.029166962330792e-05
0.1 7.427581345273586e-05
0.11 8.96622550880655e-05
0.12 0.00010643026032704725
0.13 0.00012455720648171873
0.14 0.0001440186058918748
0.15 0.00016478813148312107
0.16 0.00018683764436837165
0.17 0.00021013722349111355
0.18 0.00023465519730813176
0.19 0.0002603581775086439
0.2 0.0002872110947659543
0.21 0.00031517723651676
0.22 0.0003442182867621715
0.23 0.00037429436788328444
0.24 0.00040536408446280656
0.25 0.00043738456910277074
0.26 0.00047031153022674267
0.27 0.0005040993018531882
0.28 0.0005387008953247638
0.29 0.0005740680529762578
0.3 0.0006101513037217099
0.31 0.0006469000205389137
0.32 0.0006842624798270151
0.33 0.0007221859226102802
0.34 0.0007606166175583456
0.35000000000000003 0.0007994999257902976
0.36 0.0008387803674269
0.37 0.0008784016898520421
0.38 0.0009183069376411326
0.39 0.0009584385241106729
0.4 0.0009987383044396492
0.41000000000000003 0.0010391476503095807
0.42 0.0010796075260062598
0.43 0.001120058565922202
0.44 0.0011604411533947443
0.45 0.0012006955008105709
0.46 0.0012407617309031704
0.47000000000000003 0.001280579959165356
0.48 0.0013200903772946253
0.49 0.0013592333375845938
0.5 0.0013979494381712995
0.51 0.0014361796090385749
0.52 0.0014738651986821493
0.53 0.001510948061327561
0.54 0.0015473706445924443
0.55 0.001583076077479158
0.56 0.0016180082585793305
0.5700000000000001 0.0016521119443673909
0.58 0.0016853328374558721
0.59 0.001717617674680978
0.6 0.001748914314882824
0.61 0.0017791718262406921
0.62 0.0018083405730198736
0.63 0.0018363723015829372
0.64 0.001863220225514807
0.65 0.0018888391097077795
0.66 0.0019131853532495394
0.67 0.0019362170709545006
0.68 0.0019578941733762777
0.6900000000000001 0.001978178445136874
0.7000000000000001 0.0019970336214063305
0.71 0.002014425462364955
0.72 0.00203032182547916
0.73 0.0020446927354210226
0.74 0.0020575104514613195
0.75 0.002068749532165781
0.76 0.0020783868972247188
0.77 0.002086401886247054
0.78 0.0020927763143511542
0.79 0.0020974945243866783
0.8 0.002100543435623939
0.81 0.002101912588750167
0.8200000000000001 0.002101594187015359
0.8300000000000001 0.002099583133374287
0.84 0.0020958770634756543
0.85 0.0020904763743543548
0.86 0.002083384248688263
0.87 0.0020746066744870718
0.88 0.0020641524600873203
0.89 0.0020520332443348284
0.9 0.002038263501843618
0.91 0.0020228605432285073
0.92 0.0020058445102174687
0.93 0.0019872383655591035
0.9400000000000001 0.0019670678776504734
0.9500000000000001 0.0019453615998208172
0.96 0.0019221508442175631
0.97 0.001897469650252287
0.98 0.0018713547475760592
0.99 0.0018438455135657051
1.0 0.0018149839253151219
1.01 0.0017848145061386729
1.02 0.0017533842666069088
1.03 0.0017207426401484314
1.04 0.0016869414132655168
1.05 0.0016520346504251325
1.06 0.0016160786137011784
1.07 0.0015791316772581776
1.08 0.0015412542367810392
1.09 0.001502508613970049
1.1 0.0014629589562347067
1.11 0.0014226711317345568
1.12 0.0013817126199293923
1.1300000000000001 0.0013401523978155635
1.1400000000000001 0.0012980608220390056
1.1500000000000001 0.0012555095070894526
1.16 0.0012125711997936642
1.17 0.0011693196503386688
1.18 0.0011258294800686052
1.19 0.0010821760463110368
1.2 0.001038435304500234
1.21 0.0009946836678760575
1.22 0.000950997865047565
1.23 0.0009074547957202846
1.24 0.0008641313848951577
1.25 0.000821104435855533
1.26 0.0007784504822660767
1.27 0.0007362456397141148
1.28 0.0006945654570297311
1.29 0.0006534847677257512
1.3 0.0006130775419026368
1.31 0.0005734167389661938
1.32 0.0005345741615078675
1.33 0.0004966203106982216
1.34 0.00045962424354395844
1.35 0.0004236534323575396
1.36 0.0003887736267860384
1.37 0.0003550487187424075
1.3800000000000001 0.00032254061057771123
1.3900000000000001 0.00029130908682723335
1.4000000000000001 0.00026141168985658074
1.41 0.00023290359972607643
1.42 0.00020583751858283255
1.43 0.000180263559879969
1.44 0.00015622914271148293
1.45 0.0001337788915393588
1.46 0.00011295454157662487
1.47 9.379485007627518e-05
1.48 7.633551376132612e-05
1.49 6.060909261579278e-05
1.5 4.664494024013095e-05
1.51 3.446914095772274e-05
1.52 2.410445384135998e-05
1.53 1.5570263810455996e-05
1.54 8.882539930954309e-06
1.55 4.053801030670538e-06
1.56 1.093088723166903e-06
1.57 5.947913288241717e-09
1.58 7.944148372547906e-07
1.59 3.4570126697831703e-06
1.6 7.988754710166167e-06
1.61 1.4381155138658037e-05
1.62 2.2622247313959494e-05
1.6300000000000001 3.269660956214891e-05
1.6400000000000001 4.458539838713778e-05
1.6500000000000001 5.826638901271111e-05
1.6600000000000001 7.371402314651843e-05
1.67 9.089946383708004e-05
1.68 0.00010979065727603402
1.69 0.00013035240137952725
1.7 0.00015254642096494504
1.71 0.00017633144932208432
1.72 0.00020166331596152077
1.73 0.00022849504030731714
1.74 0.0002567769310864241
1.75 0.00028645669115320957
1.76 0.00031747952747451433
1.77 0.00034978826598855775
1.78 0.00038332347103991115
1.79 0.0004180235690826609
1.8 0.0004538249763348088
1.81 0.00049066223005897
1.82 0.0005284681231374668
1.83 0.0005671738416040883
1.84 0.0006067091047900084
1.85 0.0006470023077376903
1.86 0.0006879806655340467
1.87 0.0007295703592126277
1.8800000000000001 0.0007716966828742012
1.8900000000000001 0.0008142841916757603
1.9000000000000001 0.0008572568503396789
1.9100000000000001 0.0009005381818374769
1.92 0.0009440514159063561
1.93 0.0009877196370613902
1.94 0.0010314659317718351
1.95 0.0010752135344765865
1.96 0.0011188859721211705
1.97 0.0011624072069068578
1.98 0.001205701776951472
1.99 0.0012486949345711642
2.0 0.0012913127819028014
2.0100000000000002 0.0013334824035976718
2.02 0.001375131996328716
2.0300000000000002 0.001416190994865753
2.04 0.0014565901944856336
2.05 0.0014962618694973771
2.06 0.0015351398876756919
2.07 0.001573159820410004
2.08 0.001610259048390091
2.09 0.0016463768626635788
2.1 0.0016814545609149432
2.11 0.0017154355388300274
2.12 0.0017482653764246572
2.13 0.001779891919230381
2.14 0.0018102653542448536
2.15 0.0018393382805687304
2.16 0.0018670657746651918
2.17 0.0018934054501922619
2.18 0.0019183175123719384
2.19 0.001941764806873708
2.2 0.0019637128632033858
2.21 0.0019841299326010756
2.22 0.002002987020464739
2.23 0.0020202579133280774
2.24 0.0020359192004331702
2.25 0.002049950289949734
2.2600000000000002 0.002062333419903777
2.27 0.0020730536638887713
2.2800000000000002 0.0020820989316424794
2.29 0.0020894599645819092
2.3000000000000003 0.0020951303263977857
2.31 0.0020991063888182453
2.32 0.00210138731265933
2.33 0.0021019750242869885
2.34 0.0021008741876221114
2.35 0.0020980921718262205
2.36 0.0020936390148110088
2.37 0.002087527382719987
2.38 0.0020797725255350453
2.39 0.00207039222896458
2.4 0.002059406762773372
2.41 0.0020468388257172845
2.42 0.0020327134872481934
2.43 0.002017058126156551
2.44 0.0019999023663203365
2.45 0.0019812780097301272
2.46 0.0019612189669605154
2.47 0.0019397611852581742
2.48 0.0019169425744164892
2.49 0.0018928029306059403
2.5 0.0018673838583283166
2.5100000000000002 0.001840728690661273
2.52 0.0018128824079579591
2.5300000000000002 0.0017838915551643278
2.54 0.001753804157914182
2.5500000000000003 0.0017226696375593374
2.56 0.0016905387252893521
2.57 0.001657463375491867
2.58 0.0016234966785013752
2.59 0.001588692772880403
2.6 0.0015531067573733741
2.61 0.0015167946026694527
2.62 0.0014798130631064395
2.63 0.0014422195884437406
2.64 0.0014040722358279203
2.65 0.0013654295820700703
2.66 0.0013263506363496687
2.67 0.0012868947534551349
2.68 0.0012471215476667038
2.69 0.0012070908073827178
2.7 0.001166862410585782
2.71 0.0011264962412408422
2.72 0.001086052106712512
2.73 0.00104558965628473
2.74 0.0010051683008611887
2.75 0.000964847133920805
2.7600000000000002 0.000924684853798074
2.77 0.000884739687354075
2.7800000000000002 0.0008450693150996861
2.79 0.0008057307978286916
2.8000000000000003 0.0007667805048144528
2.81 0.0007282740436201697
2.82 0.0006902661915690221
2.83 0.0006528108289170348
2.84 0.0006159608737681099
2.85 0.0005797682187674006
2.86 0.0005442836696061936
2.87 0.0005095568853683934
2.88 0.0004756363207460206
2.89 0.0004425691701483686
2.9 0.00041040131372705737
2.91 0.00037917726533675774
2.92 0.0003489401224492537
2.93 0.0003197315180363462
2.94 0.0002915915744352706
2.95 0.0002645588592084437
2.96 0.00023867034300780127
2.97 0.0002139613594524084
2.98 0.00019046556702674412
2.99 0.00016821491300575317
3.0 0.0001472395994117242
3.0100000000000002 0.00012756805100700387
3.02 0.00010922688532575131
3.0300000000000002 9.22408847471237e-05
3.04 7.663297061168985e-05
3.0500000000000003 6.242417938226598e-05
3.06 4.9633640849961155e-05
3.0700000000000003 3.827855838580306e-05
3.08 2.837419123807139e-05
3.09 1.9933838875208234e-05
3.1 1.2968827374061014e-05
3.11 7.488497853100722e-06
3.12 3.5001969502259796e-06
3.13 1.0092693447768084e-06
3.14 1.9052323410415697e-08
3.15 5.308723895752179e-07
3.16 2.5440439164020507e-06
3.17 6.055869842941371e-06
3.18 1.1061644413784827e-05
3.19 1.7554657962213547e-05
3.2 2.552620373712005e-05
3.21 3.4965586774017526e-05
3.22 4.5860134810517985e-05
3.23 5.819521124665938e-05
3.24 7.19542301504619e-05
3.25 8.711867330899317e-05
3.2600000000000002 0.00010366810932512394
3.27 0.000121580214759927
3.2800000000000002 0.00014083079732044599
3.29 0.00016139382109217599
3.3000000000000003 0.00018324143381521455
3.31 0.00020634399620247433
3.3200000000000003 0.00023067011329778276
3.33 0.0002561866678709172
3.34 0.0002828588558458555
3.35 0.00031065022375751283
3.36 0.0003395227082312154
3.37 0.00036943667747796463
3.38 0.0004003509747971891
3.39 0.00043222296407729056
3.4 0.00046500857728262653
3.41 0.0004986623639139209
3.42 0.000533137542427133
3.43 0.0005683860535938964
3.44 0.000604358615784365
3.45 0.0006410047821511013
3.46 0.0006782729996900726
3.47 0.0007161106701523198
3.48 0.0007544642127769952
3.49 0.0007932791288136622
3.5 0.000832500067798617
3.5100000000000002 0.0008720708955468623
3.52 0.0009119347638179799
3.5300000000000002 0.0009520341816107282
3.54 0.0009923110880375467
3.5500000000000003 0.0010327069267264577
3.56 0.0010731627216939755
3.5700000000000003 0.0011136191546287342
3.58 0.0011540166435213778
3.59 0.0011942954225722061
3.6 0.0012343956233037351
3.61 0.001274257356801014
3.62 0.0013138207969981834
3.63 0.0013530262649252226
3.64 0.0013918143138244021
3.65 0.0014301258150413517
3.66 0.0014679020445911692
3.67 0.0015050847702953282
3.68 0.0015416163393807158
3.69 0.0015774397664274564
3.7 0.0016124988215478321
3.71 0.0016467381186740383
3.72 0.0016801032038282718
3.73 0.00171254064324431
3.74 0.0017439981112056225
3.75 0.0017744244774609975
3.7600000000000002 0.0018037698940748684
3.77 0.0018319858815657214
3.7800000000000002 0.0018590254141825425
3.79 0.001884843004165893
3.8000000000000003 0.0019093947848372076
3.81 0.0019326385923569942
3.8200000000000003 0.0019545340459901656
3.83 0.0019750426267144015
3.84 0.0019941277540055638
3.85 0.0020117548606325333
3.86 0.002027891465292594
3.87 0.002042507242917689
3.88 0.0020555740924812238
3.89 0.002067066202135223
3.9 0.0020769601115078478
3.91 0.002085234770992157
3.92 0.00209187159785825
3.93 0.002096854529022686
3.94 0.0021001700703112847
3.95 0.002101807342054197
3.96 0.0021017581208553665
3.97 0.0021000168773823115
3.98 0.0020965808100264706
3.99 0.002091449874289223
4.0 0.0020846268077541275
4.01 0.00207611715051191
4.0200000000000005 0.0020659292609111514
4.03 0.00205407432651487
4.04 0.0020405663701506763
4.05 0.0020254222509504035
4.0600000000000005 0.0020086616602838715
4.07 0.001990307112500576
4.08 0.0019703839304029665
4.09 0.001948920225385186
4.1 0.0019259468721818667
4.11 0.0019014974781828686
4.12 0.001875608347281458
4.13 0.0018483184382354935
4.14 0.0018196693175337986
4.15 0.0017897051067725471
4.16 0.0017584724245599164
4.17 0.001726020322980519
4.18 0.0016924002186651332
4.19 0.001657665818525012
4.2 0.0016218730402244336
4.21 0.001585079927479314
4.22 0.0015473465602842973
4.23 0.0015087349601851047
4.24 0.0014693089907275093
4.25 0.0014291342532286872
4.26 0.0013882779780311875
4.2700000000000005 0.0013468089114138772
4.28 0.0013047971983483472
4.29 0.0012623142613029893
4.3 0.0012194326753105541
4.3100000000000005 0.0011762260395280426
4.32 0.0011327688455305975
4.33 0.0010891363425932876
4.34 0.001045404400226524
4.3500000000000005 0.0010016493682419693
4.36 0.0009579479346364698
4.37 0.0009143769815913661
4.38 0.000871013439893896
4.39 0.0008279341420957046
4.4 0.000785215674731219
4.41 0.0007429342299254407
4.42 0.0007011654567265212
4.43 0.0006599843125036635
4.44 0.0006194649147547345
4.45 0.0005796803936711503
4.46 0.0005407027458095308
4.47 0.0005026026892207126
4.48 0.00046544952038656006
4.49 0.00042931097331391375
4.5 0.0003942530811327567
4.51 0.0003603400405424371
4.5200000000000005 0.0003276340794452761
4.53 0.00029619532810147055
4.54 0.00026608169413251854
4.55 0.00023734874169284111
4.5600000000000005 0.00021004957512042993
4.57 0.00018423472736766607
4.58 0.00015995205350259232
4.59 0.0001372466295592369
4.6000000000000005 0.000116160657002769
4.61 9.67333730616892e-05
4.62 7.900096716467956e-05
4.63 6.299650370445693e-05
4.64 4.8749851334782764e-05
4.65 3.62876189899655e-05
4.66 2.563309879866246e-05
4.67 1.680621604563654e-05
4.68 9.823486316478775e-06
4.69 4.6979799411082895e-06
4.7 1.4392938323097458e-06
4.71 5.3530795629662563e-08
4.72 5.432863667731601e-07
4.73 2.9076432122282063e-06
4.74 7.142173108325589e-06
4.75 1.3238946493362557e-05
4.76 2.1186549566848206e-05
4.7700000000000005 3.097010888946742e-05
4.78 4.257132341704808e-05
4.79 5.596850388177396e-05
4.8 7.113661941410366e-05
4.8100000000000005 8.804735127952041e-05
4.82 0.00010666915358528764
4.83 0.00012696732079402396
4.84 0.00014890406186303195
4.8500000000000005 0.00017243858081119262
4.86 0.0001975271634987067
4.87 0.0002241232703892941
4.88 0.0002521776350494644
4.89 0.00028163836812547874
4.9 0.0003124510665254047
4.91 0.0003445589275214402
4.92 0.00037790286747645585
4.93 0.0004124216448883689
4.94 0.0004480519874368169
4.95 0.00048472872270835244
4.96 0.0005223849122693454
4.97 0.000560951988749658
4.98 0.0006003598955953132
4.99 0.0006405372291444757
5.0 0.000681411382678379
5.01 0.000722908692097086
5.0200000000000005 0.0007649545828694872
5.03 0.0008074737179073605
5.04 0.0008503901460149212
5.05 0.0008936274505677528
5.0600000000000005 0.0009371088980786987
5.07 0.0009807575863127016
5.08 0.0010244965916182034
5.09 0.0010682491151489453
5.1000000000000005 0.0011119386276573556
5.11 0.0011554890125487602
5.12 0.0011988247068945347
5.13 0.0012418708401117958
5.14 0.0012845533700276781
5.15 0.0013267992160570306
5.16 0.0013685363892339038
5.17 0.0014096941188493134
5.18 0.001450202975460182
5.19 0.0014899949900473981
5.2 0.0015290037691142657
5.21 0.0015671646055302477
5.22 0.0016044145849388543
5.23 0.0016406926875627023
5.24 0.0016759398852530044
5.25 0.0017100992336453412
5.26 0.001743115959297831
5.2700000000000005 0.0017749375417025273
5.28 0.0018055137900752042
5.29 0.0018347969148431661
5.3 0.0018627415937648851
5.3100000000000005 0.001889305032629458
5.32 0.0019144470204976616
5.33 0.0019381299794601222
5.34 0.0019603190089013058
5.3500000000000005 0.0019809819242712252
5.36 0.002000089290379269
5.37 0.002017614449236993
5.38 0.002033533542488434
5.39 0.0020478255284780674
5.4 0.002060472194017413
5.41 0.0020714581609218756
5.42 0.002080770887399343
5.43 0.0020884006643815626
5.44 0.002094340606898321
5.45 0.002098586640602857
5.46 0.002101137483564815
5.47 0.0021019946234544064
5.48 0.0021011622902482293
5.49 0.0020986474245934194
5.5 0.002094459641972504
5.51 0.002088611192816449
5.5200000000000005 0.0020811169187179733
5.53 0.0020719942049012667
5.54 0.002061262929107718
5.55 0.0020489454070603346
5.5600000000000005 0.0020350663346718947
5.57 0.0020196527271639725
5.58 0.002002733855265404
5.59 0.0019843411786597764
5.6000000000000005 0.0019645082768521595
5.61 0.0019432707776253645
5.62 0.0019206662832557406
5.63 0.0018967342946578582
5.64 0.0018715161336263376
5.65 0.0018450548633416062
5.66 0.0018173952073046557
5.67 0.001788583466863706
5.68 0.0017586674374933022
5.69 0.001727696323983677
5.7 0.0016957206546952615
5.71 0.0016627921950299932
5.72 0.0016289638602677474
5.73 0.0015942896279124872
5.74 0.0015588244496890628
5.75 0.0015226241633274744
5.76 0.001485745404267524
5.7700000000000005 0.0014482455174123624
5.78 0.0014101824690553161
5.79 0.0013716147590997541
5.8 0.001332601333687552
5.8100000000000005 0.0012932014983469777
5.82 0.0012534748317663872
5.83 0.0012134811002955173
5.84 0.0011732801732716256
5.8500000000000005 0.0011329319392631568
5.86 0.0010924962233190946
5.87 0.0010520327053076533
5.88 0.0010116008394235934
5.89 0.0009712597749390057
5.9 0.000931068278268158
5.91 0.000891084656412789
5.92 0.0008513666818500702
5.93 0.0008119715189215422
5.94 0.0007729556517773273
5.95 0.0007343748139262147
5.96 0.0006962839194384672
5.97 0.0006587369958447885
5.98 0.0006217871187713696
5.99 0.000585486348347763
6.0 0.0005498856674211324
6.01 0.0005150349216075502
6.0200000000000005 0.00048098276120809365
6.03 0.00044777658501488077
6.04 0.0004154624860295703
6.05 0.00038408519911459026
6.0600000000000005 0.00035368805059499505
6.07 0.00032431290982685534
6.08 0.00029600014274607043
6.09 0.0002687885674097817
6.1000000000000005 0.00024271541154081364
6.11 0.00021781627208412846
6.12 0.00019412507678282848
6.13 0.0001716740477800641
6.140000000000001 0.0001504936672520085
6.15 0.00013061264507611322
6.16 0.00011205788853791694
6.17 9.485447407898035e-05
6.18 7.902562108778325e-05
6.19 6.459266773489551e-05
6.2 5.157504885325801e-05
6.21 3.999027586400046e-05
6.22 2.9853918747969135e-05
6.23 2.117959006286224e-05
6.24 1.3978931005746194e-05
6.25 8.261599520600218e-06
6.26 4.035260450519673e-06
6.2700000000000005 1.3055777341799845e-06
6.28 7.62086462179006e-08
6.29 3.488000812436063e-07
6.3 2.122986881295285e-06
6.3100000000000005 5.396392206642684e-06
6.32 1.016462994995945e-05
6.33 1.6421309193997226e-05
6.34 2.4158040712983137e-05
6.3500000000000005 3.336444551805561e-05
6.36 4.402816544709786e-05
6.37 5.6134875799372865e-05
6.38 6.966830001531765e-05
6.390000000000001 8.461022640181946e-05
6.4 0.00010094052690315146
6.41 0.00011863717791759472
6.42 0.00013767628315947486
6.43 0.00015803209856605441
6.44 0.00017967705924828775
6.45 0.00020258180848393065
6.46 0.00022671522875093963
6.47 0.00025204447479831865
6.48 0.00027853500875083903
6.49 0.0003061506372430554
6.5 0.00033485355057707967
6.51 0.00036460436389730317
6.5200000000000005 0.0003953621603740464
6.53 0.00042708453638662624
6.54 0.0004597276486948163
6.55 0.0004932462635858899
6.5600000000000005 0.0005275938079826706
6.57 0.0005627224224959428
6.58 0.0005985830164025297
6.59 0.0006351253245279174
6.6000000000000005 0.0006722979660100189
6.61 0.000710048504917954
6.62 0.00074832351269711
6.63 0.0007870686324087321
6.640000000000001 0.0008262286447293869
6.65 0.0008657475356723811
6.66 0.0009055685659899971
6.67 0.0009456343422118504
6.68 0.000985886889271192
6.69 0.0010262677246672168
6.7 0.001066717934107631
6.71 0.00110717824857181
6.72 0.001147589122730752
6.73 0.0011878908146559903
6.74 0.001228023466745287
6.75 0.0012679271877887146
6.76 0.0013075421360941985
6.7700000000000005 0.001346808603587302
6.78 0.0013856671007953878
6.79 0.001424058442621895
6.8 0.001461923834811775
6.8100000000000005 0.0014992049610046663
6.82 0.0015358440702677803
6.83 0.0015717840649959634
6.84 0.0016069685890618681
6.8500000000000005 0.0016413421160947398
6.86 0.0016748500377619566
6.87 0.0017074387519232122
6.88 0.0017390557505229556
6.890000000000001 0.001769649707082794
6.9 0.0017991705636515422
6.91 0.0018275696170670015
6.92 0.0018547996043798533
6.93 0.0018808147872868596
6.94 0.0019055710354173698
6.95 0.001929025908314288
6.96 0.0019511387359481044
6.97 0.0019718706976002177
6.98 0.0019911848989498738
6.99 0.002009046447197286
7.0 0.0020254225240543306
7.01 0.0020402824564331027
7.0200000000000005 0.0020535977846622266
7.03 0.0020653423280605756
7.04 0.002075492247698394
7.05 0.0020840261061765286
7.0600000000000005 0.002090924924255668
7.07 0.0020961722341691783
7.08 0.00209975412945525
7.09 0.002101659311146769
7.1000000000000005 0.0021018791301604983
7.11 0.0021004076257308095
7.12 0.0020972415597375494
7.13 0.002092380446782287
7.140000000000001 0.0020858265798726306
7.15 0.002077585051580095
7.16 0.002067663770543459
7.17 0.0020560734731966167
7.18 0.002042827730607333
7.19 0.0020279429503214986
7.2 0.0020114383731160935
7.21 0.0019933360645731637
7.22 0.0019736609013968763
7.23 0.001952440552405853
7.24 0.001929705454143665
7.25 0.0019054887810614853
7.26 0.0018798264102385942
7.2700000000000005 0.001852756880618324
7.28 0.0018243213467495547
7.29 0.0017945635270365996
7.3 0.001763529646513548
7.3100000000000005 0.0017312683741724623
7.32 0.0016978307548886854
7.33 0.0016632701360003313
7.34 0.0016276420886133477
7.3500000000000005 0.001591004323717669
7.36 0.001553416603214606
7.37 0.001514940645969861
7.38 0.0014756400290213234
7.390000000000001 0.001435580084085059
7.4 0.0013948277895174353
7.41 0.0013534516579054826
7.42 0.0013115216194718008
7.43 0.0012691089014940078
7.44 0.0012262859039524013
7.45 0.0011831260716326604
7.46 0.001139703762923179
7.47 0.0010960941155591121
7.48 0.0010523729095769261
7.49 0.0010086164277546502
7.5 0.0009649013138236225
7.51 0.0009213044287476903
7.5200000000000005 0.0008779027053750168
7.53 0.0008347730017763209
7.54 0.0007919919535910732
7.55 0.0007496358257102106
7.5600000000000005 0.0007077803636298904
7.57 0.0006665006448160163
7.58 0.0006258709304233847
7.59 0.0005859645177165997
7.6000000000000005 0.0005468535935420161
7.61 0.000508609089201175
7.62 0.00047130053707623626
7.63 0.0004349959293570776
7.640000000000001 0.0003997615792175094
7.65 0.00036566198478506223
7.66 0.00033275969624442666
7.67 0.00030111518640944747
7.68 0.0002707867250920121
7.69 0.00024183025758876234
7.7 0.0002142992875979776
7.71 0.00018824476486932536
7.72 0.0001637149778786435
7.73 0.00014075545180819763
7.74 0.00011940885210035098
7.75 9.97148938390258e-05
7.76 8.171025719901846e-05
7.7700000000000005 6.542850918794249e-05
7.78 5.0900031889619536e-05
7.79 3.8151957400950546e-05
7.8 2.720810963693328e-05
7.8100000000000005 1.808895316039918e-05
7.82 1.0811549174483407e-05
7.83 5.3895187967227264e-06
7.84 1.8330137141929444e-06
7.8500000000000005 1.486942991941223e-07
7.86 3.397152448545274e-07
7.87 2.4057187596435126e-06
7.88 6.342835339278104e-06
7.890000000000001 1.2143692113924671e-05
7.9 1.97974287480264e-05
7.91 2.9289720849608354e-05
7.92 4.060281082556004e-05
7.930000000000001 5.371554609930924e-05
7.94 6.860342458747696e-05
7.95 8.523864731269783e-05
7.96 0.00010359017801075317
7.97 0.00012362380957171604
7.98 0.00014530223713686663
7.99 0.0001685851376558449
8.0 0.00019342925569194739
8.01 0.00021978849524756106
8.02 0.0002476140173667393
8.03 0.00027685434325767455
8.040000000000001 0.00030745546266453097
8.05 0.0003393609472056669
8.06 0.00037251206838398015
8.07 0.0004068479199644832
8.08 0.0004423055444050288
8.09 0.0004788200630176326
8.1 0.000516324809530602
8.11 0.0005547514667154722
8.120000000000001 0.0005940302057376591
8.13 0.0006340898278856642
8.14 0.0006748579083308969
8.15 0.0007162609415681081
8.16 0.000758224488185916
8.17 0.0008006733226171006
8.18 0.0008435315815197238
8.19 0.0008867229124425773
8.2 0.0009301706224318165
8.21 0.000973797826240077
8.22 0.00101752759380461
8.23 0.001061283096667389
8.24 0.0011049877530170027
8.25 0.0011485653710403133
8.26 0.0011919402902804887
8.27 0.0012350375207075086
8.28 0.0012777828792174184
8.290000000000001 0.0013201031232874516
8.3 0.0013619260815254696
8.31 0.0014031807808643267
8.32 0.0014437975701639388
8.33 0.0014837082399969939
8.34 0.0015228461384073698
8.35 0.001561146282443993
8.36 0.0015985454652867567
8.370000000000001 0.0016349823587952467
8.38 0.0016703976113252516
8.39 0.0017047339406726042
8.4 0.001737936222018172
8.41 0.0017699515707624818
8.42 0.0018007294201529
8.43 0.0018302215936206296
8.44 0.0018583823717591812
8.45 0.0018851685538899838
8.46 0.001910539514174778
8.47 0.001934457252248078
8.48 0.0019568864383564446
8.49 0.0019777944530042506
8.5 0.0019971514211184825
8.51 0.0020149302407574026
8.52 0.002031106606399816
8.53 0.0020456590268632655
8.540000000000001 0.002058568837910434
8.55 0.0020698202096136945
8.56 0.0020794001485577953
8.57 0.0020872984949701955
8.58 0.002093507914877722
8.59 0.002098023887396629
8.6 0.002100844687271155
8.61 0.002101971362783175
8.620000000000001 0.0021014077091622337
8.63 0.0020991602376318036
8.64 0.0020952381402331885
8.65 0.0020896532505738094
8.66 0.0020824200006512644
8.67 0.0020735553739086587
8.68 0.002063078854680335
8.69 0.0020510123741901785
8.700000000000001 0.0020373802532672514
8.71 0.002022209141945553
8.72 0.0020055279561162756
8.73 0.001987367811402078
8.74 0.001967761954423419
8.75 0.0019467456916273244
8.76 0.0019243563158486562
8.77 0.0019006330307733607
8.78 0.0018756168734721417
8.790000000000001 0.0018493506351716063
8.8 0.0018218787804282867
8.81 0.0017932473648687203
8.82 0.0017635039516566225
8.83 0.001732697526845357
8.84 0.0017008784137710737
8.85 0.0016680981866387713
8.86 0.0016344095834500334
8.870000000000001 0.0015998664184177435
8.88 0.0015645234940092625
8.89 0.0015284365127555197
8.9 0.001491661988959643
8.91 0.0014542571604342837
8.92 0.00141627990039268
8.93 0.0013777886296140456
8.94 0.0013388422289993952
8.950000000000001 0.0012994999526294588
8.96 0.001259821341431805
8.97 0.0012198661375595833
8.98 0.001179694199579999
8.99 0.0011393654185658287
9.0 0.0010989396351788682
9.01 0.0010584765578297295
9.02 0.0010180356819938998
9.03 0.0009776762107596535
9.040000000000001 0.0009374569766790498
9.05 0.0008974363649891235
9.06 0.0008576722382660415
9.07 0.0008182218625712742
9.08 0.0007791418351446213
9.09 0.0007404880136952841
9.1 0.000702315447338485
9.11 0.0006646783092215179
9.120000000000001 0.0006276298308797532
9.13 0.0005912222383598546
9.14 0.0005555066901441795
9.15 0.0005205332169075913
9.16 0.0004863506631348002
9.17 0.0004530066306238155
9.18 0.0004205474238984593
9.19 0.0003890179975505099
9.200000000000001 0.00035846190552977304
9.21 0.000328921252398308
9.22 0.00030043664656294745
9.23 0.00027304715549863074
9.24 0.000246790262973193
9.25 0.00022170182828282873
9.26 0.0001978160475060043
9.27 0.00017516541678233005
9.28 0.00015378069762175356
9.290000000000001 0.00013369088424841245
9.3 0.00011492317298260732
9.31 9.750293366348866e-05
9.32 8.1453683114495e-05
9.33 6.679706065287357e-05
9.34 5.35528056442023e-05
9.35 4.1738737102413956e-05
9.36 3.1370735335510364e-05
9.370000000000001 2.2462725636915328e-05
9.38 1.502666402225752e-05
9.39 9.072525011231765e-06
9.4 4.6082914541902336e-06
9.41 1.6399464030496605e-06
9.42 1.714670261678737e-07
9.43 2.048205668928113e-07
9.44 1.7399623455756073e-06
9.450000000000001 4.774835804941423e-06
9.46 9.305374598816728e-06
9.47 1.532550672433343e-05
9.48 2.282716069781197e-05
9.49 3.180027377462868e-05
9.5 4.223280221342451e-05
9.51 5.411073358504409e-05
9.52 6.741810112658593e-05
9.53 8.21370001408866e-05
9.540000000000001 9.82476064416546e-05
9.55 0.00011572819684427695
9.56 0.0001345551717021417
9.57 0.00015470307948789864
9.58 0.0001761446434187846
9.59 0.00019885079012458648
9.6 0.00022279068035625175
9.61 0.00024793174173246636
9.620000000000001 0.00027423970352072823
9.63 0.00030167863344850155
9.64 0.000330210976539114
9.65 0.00035979759596574076
9.66 0.00039039781591569884
9.67 0.0004219694664557846
9.68 0.0004544689303878476
9.69 0.0004878511920821267
9.700000000000001 0.0005220698882740429
9.71 0.0005570773608081228
9.72 0.0005928247113107561
9.73 0.0006292618577709814
9.74 0.0006663375930063282
9.75 0.0007039996449880229
9.76 0.0007421947389972195
9.77 0.0007808686615810283
9.78 0.0008199663262741493
9.790000000000001 0.0008594318410487245
9.8 0.0008992085774517383
9.81 0.0009392392413859748
9.82 0.0009794659454867673
9.83 0.0010198302830433175
9.84 0.0010602734034094018
9.85 0.0011007360888444307
9.86 0.0011411588327217559
9.870000000000001 0.00118148191903702
9.88 0.001221645503145047
9.89 0.001261589693649618
9.9 0.0013012546353658604
9.91 0.0013405805932707707
9.92 0.0013795080373527231
9.93 0.0014179777282664094
9.94 0.0014559308036950006
9.950000000000001 0.001493308865316842
9.96 0.0015300540662693358
9.97 0.0015661091989982703
9.98 0.0016014177833761603
9.99 0.0016359241549688606
