0.0 0.0
0.01 1.2490967316576893e-07
0.02 4.994658904687535e-07
0.03 1.1231504375119685e-06
0.04 1.995100264204616e-06
0.05 3.1141084454459383e-06
0.06 4.478625525735627e-06
0.07 6.086761247358706e-06
0.08 7.936286661685054e-06
0.09 1.0024636623010584e-05
0.1 1.2348912664247295e-05
0.11 1.4905886253642174e-05
0.12 1.7692002431568733e-05
0.13 2.070338382628917e-05
0.14 2.3935835047427815e-05
0.15 2.7384847455728545e-05
0.16 3.1045604307486754e-05
0.17 3.491298627185094e-05
0.18 3.898157731898008e-05
0.19 4.324567097681623e-05
0.2 4.769927695399162e-05
0.21 5.233612812612998e-05
0.22 5.714968788252745e-05
0.23 6.213315782990294e-05
0.24 6.727948584959713e-05
0.25 7.258137450426801e-05
0.26 7.803128978977835e-05
0.27 8.362147022760505e-05
0.28 8.934393629270651e-05
0.29 9.51905001713798e-05
0.3 0.00010115277584320562
0.31 0.00010722218948073869
0.32 0.00011338999016012572
0.33 0.00011964726087535572
0.34 0.00012598492984833737
0.35000000000000003 0.0001323937821264771
0.36 0.00013886447145889736
0.37 0.00014538753244187105
0.38 0.0001519533929234855
0.39 0.00015855238665695465
0.4 0.0001651747661914097
0.41000000000000003 0.00017181071598837698
0.42 0.0001784503657515354
0.43 0.00018508380395671563
0.44 0.00019170109156845495
0.45 0.00019829227592878734
0.46 0.00020484740480328754
0.47000000000000003 0.00021135654056874184
0.48 0.00021780977452615712
0.49 0.00022419724132217628
0.5 0.0002305091334613083
0.51 0.00023673571589074508
0.52 0.00024286734063889694
0.53 0.0002488944614881573
0.54 0.0002548076486617894
0.55 0.0002605976035042348
0.56 0.0002662551731335605
0.5700000000000001 0.000271771365044209
0.58 0.0002771373616376705
0.59 0.00028234453465819637
0.6 0.0002873844595101895
0.61 0.000292248929433452
0.62 0.0002969299695120696
0.63 0.00030141985049232016
0.64 0.0003057111023846671
0.65 0.00030979652782459803
0.66 0.00031366921516682314
0.67 0.00031732255128714303
0.68 0.0003207502340661524
0.6900000000000001 0.00032394628452883846
0.7000000000000001 0.0003269050586141054
0.71 0.0003296212585482588
0.72 0.0003320899437965735
0.73 0.00033430654156720366
0.74 0.00033626685684189604
0.75 0.0003379670819082465
0.76 0.0003394038053685704
0.77 0.0003405740206008732
0.78 0.0003414751336478855
0.79 0.00034210497051068584
0.8 0.000342461783824045
0.81 0.00034254425889134783
0.8200000000000001 0.0003423515190577021
0.8300000000000001 0.0003418831304007127
0.84 0.0003411391057193043
0.85 0.00034011990780199666
0.86 0.0003388264519570855
0.87 0.00033726010778835336
0.88 0.00033542270020113166
0.89 0.00033331650962483935
0.9 0.0003309442714394796
0.91 0.0003283091745949967
0.92 0.00032541485941388977
0.93 0.00032226541456904236
0.9400000000000001 0.00031886537323032814
0.9500000000000001 0.0003152197083752322
0.96 0.00031133382726044565
0.97 0.000307213565053175
0.98 0.0003028651776227161
0.99 0.0002982953334947092
1.0 0.00029351110497239025
1.01 0.00028851995843108183
1.02 0.0002833297437941239
1.03 0.000277948683200426
1.04 0.00027238535887581615
1.05 0.00026664870022237246
1.06 0.00026074797014192575
1.07 0.0002546927506119453
1.08 0.0002484929275340108
1.09 0.00024215867487706994
1.1 0.00023570043813965141
1.11 0.0002291289171571447
1.12 0.00022245504828216438
1.1300000000000001 0.00021568998596790042
1.1400000000000001 0.00020884508378616755
1.1500000000000001 0.0002019318749136477
1.16 0.00019496205212152885
1.17 0.00018794744730539617
1.18 0.00018090001059380275
1.19 0.00017383178907544577
1.2 0.00016675490518629362
1.21 0.00015968153479932337
1.22 0.00015262388506076592
1.23 0.00014559417201787605
1.24 0.0001386045980842683
1.25 0.0001316673293897686
1.26 0.00012479447306252515
1.27 0.00011799805449179526
1.28 0.00011128999462037308
1.29 0.00010468208731604942
1.3 9.818597687178216e-05
1.31 9.181313568441827e-05
1.32 8.557484216182758e-05
1.33 7.948215890819934e-05
1.34 7.35459112369956e-05
1.35 6.777666606066929e-05
1.36 6.218471120571692e-05
1.37 5.678003520097265e-05
1.3800000000000001 5.157230758623496e-05
1.3900000000000001 4.6570859787374356e-05
1.4000000000000001 4.178466660298593e-05
1.41 3.7222328346433935e-05
1.42 3.289205368578891e-05
1.43 2.880164322268271e-05
1.44 2.495847384950512e-05
1.45 2.1369483922649455e-05
1.46 1.8041159287677085e-05
1.47 1.497952019032702e-05
1.48 1.2190109105246132e-05
1.49 9.677979512167323e-06
1.5 7.447685647020799e-06
1.51 5.503273253137181e-06
1.52 3.848271355294487e-06
1.53 2.4856850768837165e-06
1.54 1.4179895179260795e-06
1.55 6.471247090775961e-07
1.56 1.7449165411122436e-07
1.57 9.49470681872836e-10
1.58 1.2681363646349957e-07
1.59 5.518553450089714e-07
1.6 1.2753019729309426e-06
1.61 2.2958386572445567e-06
1.62 3.6116109789589405e-06
1.6300000000000001 5.22022874626319e-06
1.6400000000000001 7.118770867932191e-06
1.6500000000000001 9.303791304887293e-06
1.6600000000000001 1.177132608519447e-05
1.67 1.451690136517695e-05
1.68 1.7535542516768797e-05
1.69 2.082178421874616e-05
1.7 2.4369681527057354e-05
1.71 2.8172821897130216e-05
1.72 3.222433812878095e-05
1.73 3.6516922202184755e-05
1.74 4.104283997130172e-05
1.75 4.579394667918968e-05
1.76 5.076170325778333e-05
1.77 5.5937193372979525e-05
1.78 6.13111411742512e-05
1.79 6.687392970651591e-05
1.8 7.261561994061772e-05
1.81 7.852597037754226e-05
1.82 8.459445718038224e-05
1.83 9.081029478710103e-05
1.84 9.716245695631085e-05
1.85 0.00010363969819758803
1.86 0.00011023057553729876
1.87 0.00011692347057048792
1.8800000000000001 0.00012370661174911733
1.8900000000000001 0.00013056809685679628
1.9000000000000001 0.00013749591562015512
1.9100000000000001 0.00014447797240714548
1.92 0.00015150210896282347
1.93 0.00015855612713357425
1.94 0.0001656278115312641
1.95 0.00017270495208946215
1.96 0.00017977536646464784
1.97 0.0001868269222362112
1.98 0.00019384755886005524
1.99 0.00020082530933172418
2.0 0.00020774832151618626
2.0100000000000002 0.00021460487910271848
2.02 0.0002213834221447287
2.0300000000000002 0.00022807256714584803
2.04 0.00023466112665518053
2.05 0.0002411381283362391
2.06 0.0002474928334758002
2.07 0.00025371475490066904
2.08 0.00025979367427217306
2.09 0.00026571965873005475
2.1 0.0002714830768593497
2.11 0.0002770746139557664
2.12 0.0002824852865670604
2.13 0.0002877064562898687
2.14 0.0002927298428034862
2.15 0.00029754753612406615
2.16 0.000302152008064742
2.17 0.0003065361228891778
2.18 0.00031069314714804474
2.19 0.00031461675868991144
2.2 0.0003183010548399977
2.21 0.00032174055974216667
2.22 0.0003249302308614397
2.23 0.00032786546464619353
2.24 0.00033054210135100725
2.25 0.0003329564290229255
2.2600000000000002 0.0003351051866556284
2.27 0.00033698556651767515
2.2800000000000002 0.00033859521566262585
2.29 0.0003399322366303874
2.3000000000000003 0.00034099518735065796
2.31 0.00034178308026075287
2.32 0.00034229538065149465
2.33 0.00034253200425612247
2.34 0.00034249331409842677
2.35 0.0003421801166174641
2.36 0.0003415936570872959
2.37 0.0003407356143511936
2.38 0.00033960809489071804
2.39 0.00033821362625090093
2.4 0.00033655514984358474
2.41 0.00033463601315165785
2.42 0.00033245996135757624
2.43 0.0003300311284201263
2.44 0.0003273540276238665
2.45 0.0003244335416261174
2.46 0.00032127491202671183
2.47 0.00031788372848600555
2.48 0.0003142659174168574
2.49 0.00031042773027644544
2.5 0.0003063757314838693
2.5100000000000002 0.000302116785989512
2.52 0.0002976580465221103
2.5300000000000002 0.00029300694053939344
2.54 0.00028817115690799527
2.5500000000000003 0.0002831586323381737
2.56 0.0002779775375986117
2.57 0.00027263626353629216
2.58 0.0002671434069261139
2.59 0.0002615077561745326
2.6 0.00025573827690111904
2.61 0.00024984409742146287
2.62 0.000243834494154391
2.63 0.00023771887697596083
2.64 0.00023150677454214703
2.65 0.00022520781960160374
2.66 0.00021883173431928724
2.67 0.0002123883156311494
2.68 0.0002058874206494849
2.69 0.0001993389521379035
2.7 0.00019275284407425735
2.71 0.00018613904731921586
2.72 0.000179507515407525
2.73 0.0001728681904783439
2.74 0.00016623098936039088
2.75 0.00015960578982698021
2.7600000000000002 0.00015300241703537909
2.77 0.00014643063016426996
2.7800000000000002 0.00013990010926245562
2.79 0.0001334204423213219
2.8000000000000003 0.00012700111258293667
2.81 0.00012065148609506419
2.82 0.00011438079952375814
2.83 0.00010819814823362246
2.84 0.00010211247464524862
2.85 9.613255687877589e-05
2.86 9.026699769199345e-05
2.87 8.452421372085955e-05
2.88 7.891242502982578e-05
2.89 7.343964497884652e-05
2.9 6.811367041350203e-05
2.91 6.29420721841961e-05
2.92 5.793218599997254e-05
2.93 5.3091103622069527e-05
2.94 4.8425664401951734e-05
2.95 4.394244716817329e-05
2.96 3.964776246608621e-05
2.97 3.5547645154059594e-05
2.98 3.1647847359574675e-05
2.99 2.7953831798249767e-05
3.0 2.4470765458583875e-05
3.0100000000000002 2.1203513654934447e-05
3.02 1.8156634451011964e-05
3.0300000000000002 1.533437345593557e-05
3.04 1.2740658994691398e-05
3.0500000000000003 1.0379097654628982e-05
3.06 8.252970209455236e-06
3.0700000000000003 6.365227922007437e-06
3.08 4.718489226935043e-06
3.09 3.3150367942659606e-06
3.1 2.156814974700827e-06
3.11 1.2454276273465812e-06
3.12 5.821363304807103e-07
3.13 1.6785897582472605e-07
3.14 3.1687466946157156e-09
3.15 8.829348029388618e-08
3.16 4.2311541431238e-07
3.17 1.0071713178958315e-06
3.18 1.8396530069528466e-06
3.19 2.9194082436667817e-06
3.2 4.244942019981087e-06
3.21 5.8144182247216244e-06
3.22 7.625661693915156e-06
3.23 9.676160643747476e-06
3.24 1.1963069485490358e-05
3.25 1.4483212021595417e-05
3.2600000000000002 1.723308502202391e-05
3.27 2.0208862179731255e-05
3.2800000000000002 2.340639844407613e-05
3.29 2.68212347307508e-05
3.3000000000000003 3.0448603006657093e-05
3.31 3.428343174795077e-05
3.3200000000000003 3.832035176927982e-05
3.33 4.255370242200754e-05
3.34 4.6977538158984966e-05
3.35 5.158563546317003e-05
3.36 5.637150013712583e-05
3.37 6.132837495013722e-05
3.38 6.644924763937267e-05
3.39 7.172685926119698e-05
3.4 7.715371288838297e-05
3.41 8.272208264861815e-05
3.42 8.84240230992986e-05
3.43 9.425137893321566e-05
3.44 0.00010019579500929654
3.45 0.00010624872670213377
3.46 0.00011240145056355826
3.47 0.00011864507528904191
3.48 0.00012497055298120154
3.49 0.00013136869070216957
3.5 0.00013783016230604913
3.5100000000000002 0.00014434552054212713
3.52 0.00015090520941894248
3.5300000000000002 0.0001574995768187321
3.54 0.00016411888735117105
3.5500000000000003 0.0001707533354347217
3.56 0.00017739305859327918
3.5700000000000003 0.00018402815095517895
3.58 0.00019064867694098089
3.59 0.00019724468512581568
3.6 0.00020380622226141303
3.61 0.0002103233474422872
3.62 0.000216786146399905
3.63 0.00022318474590799308
3.64 0.0002295093282815112
3.65 0.00023575014595115195
3.66 0.00024189753609461318
3.67 0.000247941935305239
3.68 0.0002538738942780297
3.69 0.00025968409249240527
3.7 0.00026536335287054275
3.71 0.0002709026563895201
3.72 0.00027629315662499167
3.73 0.0002815261942035744
3.74 0.0002865933111406687
3.75 0.0002914862650399541
3.7600000000000002 0.000296197043130409
3.77 0.000300717876116296
3.7800000000000002 0.0003050412518152266
3.79 0.00030915992855910687
3.8000000000000003 0.0003130669483325181
3.81 0.000316755649622869
3.8200000000000003 0.0003202196799565075
3.83 0.00032345300809486096
3.84 0.00032644993586463885
3.85 0.0003292051095961303
3.86 0.0003317135311436938
3.87 0.00033397056846268226
3.88 0.0003359719657172176
3.89 0.00033771385289351244
3.9 0.00033919275489375047
3.91 0.00034040560008594177
3.92 0.00034134972828563483
3.93 0.00034202289814591483
3.94 0.00034242329393271883
3.95 0.00034254953166320954
3.96 0.0003424006645856847
3.97 0.00034197618798035954
3.98 0.0003412760432612627
3.99 0.0003403006213604661
4.0 0.000339050765376952
4.01 0.00033752777247352965
4.0200000000000005 0.00033573339500643967
4.03 0.00033366984087355664
4.04 0.0003313397730684462
4.05 0.0003287463084289532
4.0600000000000005 0.00032589301557047623
4.07 0.0003227839119956292
4.08 0.0003194234603735937
4.09 0.0003158165639841329
4.1 0.0003119685613229465
4.11 0.00030788521986681674
4.12 0.00030357272899881265
4.13 0.00029903769209565855
4.14 0.00029428711778128886
4.15 0.00028932841035251325
4.16 0.00028416935938468794
4.17 0.00027881812852724767
4.18 0.000273283243500969
4.19 0.0002675735793108128
4.2 0.0002616983466902362
4.21 0.0002556670777948413
4.22 0.00024948961116526616
4.23 0.0002431760759811908
4.24 0.00023673687563032127
4.25 0.00023018267061814606
4.26 0.00022352436084619546
4.2700000000000005 0.00021677306728839861
4.28 0.00020994011309696928
4.29 0.00020303700417103042
4.3 0.0001960754092229223
4.3100000000000005 0.00018906713937878064
4.32 0.00018202412735157604
4.33 0.00017495840622629795
4.34 0.00016788208789841796
4.3500000000000005 0.0001608073412080832
4.36 0.00015374636981374922
4.37 0.000146711389850092
4.38 0.00013971460741609616
4.39 0.00013276819594012053
4.4 0.00012588427346957228
4.41 0.00011907487993350718
4.42 0.00011235195442703703
4.43 0.00010572731256688367
4.44 9.921262396771571e-05
4.45 9.281938988909576e-05
4.46 8.655892110289782e-05
4.47 8.044231603098205e-05
4.48 7.448043920266423e-05
4.49 6.868390008116156e-05
4.5 6.306303230767637e-05
4.51 5.762787341114497e-05
4.5200000000000005 5.238814503087701e-05
4.53 4.7353233698397635e-05
4.54 4.2532172223730596e-05
4.55 3.793362173018163e-05
4.5600000000000005 3.356585438033861e-05
4.57 2.9436736834561252e-05
4.58 2.5553714481642714e-05
4.59 2.19237964796379e-05
4.6000000000000005 1.855354164302315e-05
4.61 1.5449045210434274e-05
4.62 1.2615926525187028e-05
4.63 1.0059317658661548e-05
4.64 7.783853004394703e-06
4.65 5.7936598684167265e-06
4.66 4.092350078972952e-06
4.67 2.683012636301986e-06
4.68 1.568207420615651e-06
4.69 7.499599738306022e-07
4.7 2.2975736796763635e-07
4.71 8.54517045264378e-09
4.72 8.672551384420478e-08
4.73 4.641562747747024e-07
4.74 1.1401513641423683e-06
4.75 2.1134821278346957e-06
4.76 3.3823798545075167e-06
4.7700000000000005 4.944539384201402e-06
4.78 6.79712380885122e-06
4.79 8.936770253052145e-06
4.8 1.1359596720781473e-05
4.8100000000000005 1.4061209991167224e-05
4.82 1.7036714543829376e-05
4.83 2.0280722491827388e-05
4.84 2.378736449780871e-05
4.8500000000000005 2.7550301646609152e-05
4.86 3.15627382452788e-05
4.87 3.581743551933689e-05
4.88 4.030672617196538e-05
4.89 4.502252977088274e-05
4.9 4.995636892576337e-05
4.91 5.509938621730923e-05
4.92 6.044236183745259e-05
4.93 6.59757318986366e-05
4.94 7.168960736874818e-05
4.95 7.757379358700752e-05
4.96 8.361781031500399e-05
4.97 8.981091227606237e-05
4.98 9.614211013528707e-05
4.99 0.00010260019187190209
5.0 0.00010917374449494527
5.01 0.00011585117605291897
5.0200000000000005 0.00012262073788772248
5.03 0.0001294705470830174
5.04 0.00013638860905717707
5.05 0.00014336284025105725
5.0600000000000005 0.00015038109086110737
5.07 0.0001574311675686963
5.08 0.00016450085621705707
5.09 0.00017157794438787168
5.1000000000000005 0.00017865024383028277
5.11 0.00018570561269599088
5.12 0.00019273197753508431
5.13 0.00019971735500832856
5.14 0.0002066498732728592
5.15 0.00021351779299950022
5.16 0.00022030952798131705
5.17 0.00022701366529450325
5.18 0.0002336189849742185
5.19 0.00024011447916965592
5.2 0.00024648937074428436
5.21 0.00025273313128898554
5.22 0.00025883549851759625
5.23 0.00026478649301623904
5.24 0.00027057643431971276
5.25 0.00027619595629015787
5.26 0.00028163602177516374
5.2700000000000005 0.0002868879365244744
5.28 0.0002919433623464516
5.29 0.000296794329487459
5.3 0.0003014332482193413
5.3100000000000005 0.00030585291962218576
5.32 0.0003100465455515523
5.33 0.00031400773778134355
5.34 0.000317730526315444
5.3500000000000005 0.00032120936686321107
5.36 0.0003244391474757947
5.37 0.00032741519434215067
5.38 0.0003301332767454244
5.39 0.0003325896111822003
5.4 0.00033478086464882006
5.41 0.00033670415710069406
5.42 0.0003383570630921272
5.43 0.0003397376126057921
5.44 0.00034084429108246074
5.45 0.00034167603866307324
5.46 0.000342232248656601
5.47 0.0003425127652484627
5.48 0.00034251788046550836
5.49 0.00034224833041474013
5.5 0.0003417052908140502
5.51 0.0003408903718342721
5.5200000000000005 0.000339805612272784
5.53 0.0003384534730797895
5.54 0.0003368368302591865
5.55 0.00033495896716667043
5.5600000000000005 0.00033282356622835717
5.57 0.00033043470010379834
5.58 0.00032779682231774985
5.59 0.0003249147573855068
5.6000000000000005 0.0003217936904569614
5.61 0.00031843915650484197
5.62 0.00031485702908281725
5.63 0.00031105350867930955
5.64 0.00030703511069295566
5.65 0.0003028086530556944
5.66 0.00029838124352943275
5.67 0.0002937602667021672
5.68 0.00028895337070930353
5.69 0.00028396845370572317
5.7 0.00027881365011393186
5.71 0.00027349731667331706
5.72 0.0002680280183152441
5.73 0.00026241451388833703
5.74 0.0002566657417578997
5.75 0.0002507908053029787
5.76 0.00024479895833412333
5.7700000000000005 0.00023869959045436806
5.78 0.0002325022123854676
5.79 0.00022621644128082373
5.8 0.00021985198604601688
5.8100000000000005 0.0002134186326872192
5.82 0.00020692622970719263
5.83 0.00020038467356792383
5.84 0.00019380389423834536
5.8500000000000005 0.00018719384084492466
5.86 0.00018056446744227347
5.87 0.00017392571892025933
5.88 0.00016728751706347208
5.89 0.00016065974677821862
5.9 0.000154052242501586
5.91 0.0001474747748064565
5.92 0.00014093703721571255
5.93 0.00013444863323825273
5.94 0.0001280190636387919
5.95 0.00012165771395282097
5.96 0.00011537384225748452
5.97 0.00010917656720856236
5.98 0.00010307485635314604
5.99 9.707751472705729e-05
6.0 9.119317374549246e-05
6.01 8.543028039487556e-05
6.0200000000000005 7.97970867333635e-05
6.03 7.430163970698159e-05
6.04 6.895177128786956e-05
6.05 6.375508894069078e-05
6.0600000000000005 5.8718966422800295e-05
6.07 5.385053492336654e-05
6.08 4.915667454623452e-05
6.09 4.464400614095877e-05
6.1000000000000005 4.031888348605862e-05
6.11 3.618738582822778e-05
6.12 3.225531078089809e-05
6.13 2.8528167585271254e-05
6.140000000000001 2.5011170736639235e-05
6.15 2.1709233978558742e-05
6.16 1.8626964667189568e-05
6.17 1.5768658507887862e-05
6.18 1.3138294665919522e-05
6.19 1.0739531252964963e-05
6.2 8.575701190900893e-06
6.21 6.649808454166705e-06
6.22 4.964524691871174e-06
6.23 3.522186230637305e-06
6.24 2.324791459050021e-06
6.25 1.3739985944367894e-06
6.26 6.711238325943218e-07
6.2700000000000005 2.1713988095448753e-07
6.28 1.2674875576357801e-08
6.29 5.801168224477769e-08
6.3 3.530875818559107e-07
6.3100000000000005 8.974943401695947e-07
6.32 1.6904786619106495e-06
6.33 2.7309430291036007e-06
6.34 4.017446923423705e-06
6.3500000000000005 5.548208432246439e-06
6.36 7.321106237969354e-06
6.37 9.333681990072136e-06
6.38 1.158314305925828e-05
6.390000000000001 1.4066365672902068e-05
6.4 1.677989843088689e-05
6.41 1.9719966200783754e-05
6.42 2.288247439115803e-05
6.43 2.6263013601634693e-05
6.44 2.985686464817167e-05
6.45 3.365900396179777e-05
6.46 3.766410935887535e-05
6.47 4.186656618071361e-05
6.48 4.6260473800136184e-05
6.49 5.0839652492342294e-05
6.5 5.559765066714281e-05
6.51 6.052775245934933e-05
6.5200000000000005 6.562298567380265e-05
6.53 7.087613008119079e-05
6.54 7.627972606047425e-05
6.55 8.182608358335702e-05
6.5600000000000005 8.750729153587589e-05
6.57 9.331522737176147e-05
6.58 9.924156709182309e-05
6.59 0.00010527779554314135
6.6000000000000005 0.00011141521703141589
6.61 0.00011764496623932038
6.62 0.00012395801944323068
6.63 0.0001303452060201593
6.640000000000001 0.00013679722023621525
6.65 0.00014330463330733894
6.66 0.00014985790572251642
6.67 0.00015644739981907196
6.68 0.00016306339259906496
6.69 0.00016969608877519558
6.7 0.00017633563403401137
6.71 0.0001829721285035785
6.72 0.00018959564041213595
6.73 0.000196196219923618
6.74 0.0002027639131352722
6.75 0.00020928877622195598
6.76 0.0002157608897110282
6.7700000000000005 0.00022217037287111118
6.78 0.00022850739819733998
6.79 0.0002347622059750795
6.8 0.0002409251189034314
6.8100000000000005 0.00024698655675925153
6.82 0.0002529370510817542
6.83 0.00025876725985720045
6.84 0.0002644679821825644
6.8500000000000005 0.0002700301728865159
6.86 0.00027544495708551003
6.87 0.0002807036446522658
6.88 0.00028579774457340604
6.890000000000001 0.00029071897917259514
6.9 0.0002954592981750652
6.91 0.00030001089258905255
6.92 0.0003043662083792893
6.93 0.00030851795990741426
6.94 0.0003124591431138829
6.95 0.0003161830484157501
6.96 0.0003196832732945304
6.97 0.00032295373454822347
6.98 0.0003259886801815355
6.99 0.00032878270090833095
7.0 0.00033133074124039525
7.01 0.00033362811013671863
7.0200000000000005 0.0003356704911876962
7.03 0.0003374539523088783
7.04 0.0003389749549192384
7.05 0.0003402303625793
7.0600000000000005 0.0003412174490649271
7.07 0.0003419339058531145
7.08 0.0003423778489967144
7.09 0.00034254782536570933
7.1000000000000005 0.00034244281823340224
7.11 0.00034206225218670546
7.12 0.00034140599734062765
7.13 0.00034047437283801893
7.140000000000001 0.0003392681496166952
7.15 0.00033778855242717453
7.16 0.00033603726108546555
7.17 0.00033401641094660977
7.18 0.00033172859258601275
7.19 0.0003291768506770139
7.2 0.00032636468205461113
7.21 0.0003232960329567819
7.22 0.00031997529543645835
7.23 0.00031640730293884756
7.24 0.0003125973250405071
7.25 0.0003085510613483367
7.26 0.0003042746345584602
7.2700000000000005 0.0002997745826768173
7.28 0.000295057850405168
7.29 0.0002901317796981319
7.3 0.0002850040994988494
7.3100000000000005 0.00027968291466279804
7.32 0.000274176694081317
7.33 0.0002684942580183696
7.34 0.0002626447646761079
7.3500000000000005 0.00025663769600679933
7.36 0.00025048284279068783
7.37 0.00024419028900135386
7.38 0.00023777039548211857
7.390000000000001 0.0002312337829589894
7.4 0.00022459131441756198
7.41 0.0002178540768731776
7.42 0.00021103336256548985
7.43 0.0002041406496103617
7.44 0.00019718758214376487
7.45 0.00019018594999402143
7.46 0.00018314766792030821
7.47 0.00017608475445690216
7.48 0.00016900931040405204
7.49 0.00016193349700773912
7.5 0.00015486951387182844
7.51 0.00014782957664729812
7.5200000000000005 0.00014082589454425773
7.53 0.00013387064771344334
7.54 0.0001269759645446762
7.55 0.00012015389893051554
7.5600000000000005 0.00011341640754390184
7.57 0.00010677532717906411
7.58 0.00010024235220528393
7.59 9.382901218333163e-05
7.6000000000000005 8.75466496944359e-05
7.61 8.140639843159195e-05
7.62 7.541916160279188e-05
7.63 6.959559069543355e-05
7.640000000000001 6.394606465065648e-05
7.65 5.848066949574313e-05
7.66 5.3209178481944134e-05
7.67 4.8141032774201266e-05
7.68 4.3285322738183986e-05
7.69 3.865076986889112e-05
7.7 3.4245709403764595e-05
7.71 3.0078073661815518e-05
7.72 2.6155376148720376e-05
7.73 2.2484696466146125e-05
7.74 1.9072666061776635e-05
7.75 1.5925454854591862e-05
7.76 1.3048758767946556e-05
7.7700000000000005 1.0447788200864672e-05
7.78 8.127257465762145e-06
7.79 6.091375218503049e-06
7.8 4.343835904320244e-06
7.8100000000000005 2.887812240668203e-06
7.82 1.7259487555592364e-06
7.83 8.603563973495902e-07
7.84 2.92608229315589e-07
7.8500000000000005 2.3736219682154714e-08
7.86 5.422913506180814e-08
7.87 3.840315425286584e-07
7.88 1.0125439228037916e-06
7.890000000000001 1.938623894270882e-06
7.9 3.160588544784929e-06
7.91 4.6762178654923075e-06
7.92 6.482759278149632e-06
7.930000000000001 8.576933244730898e-06
7.94 1.095493994544428e-05
7.95 1.3612467008662782e-05
7.96 1.654469827369745e-05
7.97 1.974632356483869e-05
7.98 2.3211549452647092e-05
7.99 2.6934110976108067e-05
8.0 3.0907284296987394e-05
8.01 3.512390025552095e-05
8.02 3.957635879448426e-05
8.03 4.42566442166841e-05
8.040000000000001 4.915634123903169e-05
8.05 5.426665180457258e-05
8.06 5.9578412612211086e-05
8.07 6.508211332230092e-05
8.08 7.076791539489532e-05
8.09 7.662567151615069e-05
8.1 8.264494556724064e-05
8.11 8.881503308911968e-05
8.120000000000001 9.512498219560436e-05
8.13 0.00010156361488649642
8.14 0.00010811954871189259
8.15 0.00011478121873833658
8.16 0.0001215368997671793
8.17 0.00012837472875532106
8.18 0.00013528272738846356
8.19 0.00014224882475710426
8.2 0.00014926088008572426
8.21 0.00015630670546598935
8.22 0.00016337408854525916
8.23 0.0001704508151223464
8.24 0.00017752469160315306
8.25 0.00018458356726971817
8.26 0.00019161535631714432
8.27 0.00019860805961396298
8.28 0.0002055497861426737
8.290000000000001 0.0002124287740784729
8.3 0.00021923341146555094
8.31 0.00022595225645182367
8.32 0.00023257405704445378
8.33 0.00023908777035018368
8.34 0.00024548258126615066
8.35 0.0002517479205886168
8.36 0.00025787348250883827
8.370000000000001 0.0002638492414671533
8.38 0.0002696654683382579
8.39 0.00027531274592257674
8.4 0.00028078198372057475
8.41 0.000286064431968858
8.42 0.00029115169491889567
8.43 0.0002960357433412092
8.44 0.00030070892623988504
8.45 0.0003051639817642753
8.46 0.00030939404730675953
8.47 0.0003133926687774083
8.48 0.00031715380904839797
8.49 0.0003206718555629159
8.5 0.0003239416271052586
8.51 0.0003269583797306748
8.52 0.0003297178118553564
8.53 0.00033221606850877144
8.540000000000001 0.0003344497447522934
8.55 0.0003364158882697554
8.56 0.0003381120011372288
8.57 0.000339536040780879
8.58 0.0003406864201332989
8.59 0.00034156200700016033
8.6 0.00034216212265042326
8.61 0.0003424865396446673
8.620000000000001 0.0003425354789173559
8.63 0.00034230960613003153
8.64 0.000341810027313545
8.65 0.0003410382838184559
8.66 0.00033999634659370807
8.67 0.00033868660981455567
8.68 0.00033711188388154317
8.69 0.00033527538781306243
8.700000000000001 0.00033318074105468564
8.71 0.0003308319547290479
8.72 0.00032823342235057627
8.73 0.00032538991002980464
8.74 0.00032230654619238615
8.75 0.00031898881083821214
8.76 0.0003154425243662979
8.77 0.00031167383599124823
8.78 0.0003076892117772377
8.790000000000001 0.00030349542231548107
8.8 0.0002990995300711536
8.81 0.0002945088764256476
8.82 0.00028973106843994506
8.83 0.00028477396536467903
8.84 0.00027964566492225823
8.85 0.0002743544893861403
8.86 0.0002689089714820236
8.870000000000001 0.0002633178401353747
8.88 0.0002575900060893089
8.89 0.0002517345474163994
8.9 0.00024576069494754534
8.91 0.0002396778176405108
8.92 0.00023349540791023826
8.93 0.0002272230669424876
8.94 0.00022087049001177683
8.950000000000001 0.00021444745182402317
8.96 0.00020796379190367038
8.97 0.0002014294000444569
8.98 0.0001948542018423806
8.99 0.00018824814432874
9.0 0.0001816211817205045
9.01 0.00017498326130461223
9.02 0.00016834430947213543
9.03 0.0001617142179176062
9.040000000000001 0.000155102830018133
9.05 0.00014851992740630855
9.06 0.00014197521675023286
9.07 0.00013547831675338705
9.08 0.00012903874538642245
9.09 0.00012266590736233673
9.1 0.00011636908186589919
9.11 0.00011015741054759217
9.120000000000001 0.00010403988579175902
9.13 9.802533926809246e-05
9.14 9.212243077502848e-05
9.15 8.633963738311684e-05
9.16 8.068524288588991e-05
9.17 7.516732756528095e-05
9.18 6.979375827815518e-05
9.19 6.457217887006692e-05
9.200000000000001 5.951000092191234e-05
9.21 5.461439483473962e-05
9.22 4.989228125755694e-05
9.23 4.53503228626355e-05
9.24 4.099491647240981e-05
9.25 3.683218554175896e-05
9.26 3.286797299912351e-05
9.27 2.9107834449611664e-05
9.28 2.555703174296405e-05
9.290000000000001 2.2220526908979136e-05
9.3 1.9102976462755533e-05
9.31 1.620872608186317e-05
9.32 1.3541805657357981e-05
9.33 1.1105924720331757e-05
9.34 8.904468245513841e-06
9.35 6.940492833262152e-06
9.36 5.216723271118978e-06
9.370000000000001 3.7355494759561597e-06
9.38 2.4990238175949903e-06
9.39 1.5088588246495021e-06
9.4 7.664252732278593e-07
9.41 2.7275065900082767e-07
9.42 2.8518053042053093e-08
9.43 3.406534173732565e-08
9.44 2.893848509584742e-07
9.450000000000001 7.941233545981339e-07
9.46 1.5475824674625838e-06
9.47 2.548719422423582e-06
9.48 3.796148231627339e-06
9.49 5.2881412314597e-06
9.5 7.022631010859415e-06
9.51 8.99721272246129e-06
9.52 1.1209146775934631e-05
9.53 1.3655361912758799e-05
9.540000000000001 1.633245866154625e-05
9.55 1.9236713172879293e-05
9.56 2.2364081432484824e-05
9.57 2.571020385139225e-05
9.58 2.9270410231560577e-05
9.59 3.3039725105262455e-05
9.6 3.701287344631342e-05
9.61 4.118428675101573e-05
9.620000000000001 4.5548109486454304e-05
9.63 5.0098205903525316e-05
9.64 5.4828167211828115e-05
9.65 5.97313191132384e-05
9.66 6.480072969070391e-05
9.67 7.002921764846673e-05
9.68 7.540936089957864e-05
9.69 8.093350549621855e-05
9.700000000000001 8.659377489793628e-05
9.71 9.238207957254737e-05
9.72 9.82901269240001e-05
9.73 0.00010430943154106499
9.74 0.00011043132576027406
9.75 0.00011664697053603948
9.76 0.00012294736661039093
9.77 0.00012932336597426026
9.78 0.000135765683611707
9.790000000000001 0.00014226490951793413
9.8 0.00014881152098137194
9.81 0.00015539589511955117
9.82 0.00016200832165785492
9.83 0.00016863901593967544
9.84 0.00017527813215585468
9.85 0.00018191577678067653
9.86 0.00018854202220103277
9.870000000000001 0.00019514692052474995
9.88 0.00020172051755340322
9.89 0.00020825286690431637
9.9 0.00021473404426575323
9.91 0.00022115416176869267
9.92 0.0002275033824579022
9.93 0.00023377193484438815
9.94 0.00023995012752065794
9.950000000000001 0.00024602836381960224
9.96 0.00025199715649717623
9.97 0.0002578471424184776
9.98 0.00026356909722619136
9.99 0.00026915394996984655
