0.0 0.007353272050468311
0.01 0.007304207149989033
0.02 0.007255508030382389
0.03 0.007207213377069298
0.04 0.007159317652863668
0.05 0.0071118165207105545
0.06 0.007064706322673029
0.07 0.0070179826877171374
0.08 0.006971641297243343
0.09 0.006925678990104645
0.1 0.006880091455637013
0.11 0.006834874486544794
0.12 0.006790024542796226
0.13 0.00674553785957627
0.14 0.006701410734305268
0.15 0.006657639506941979
0.16 0.006614220548472758
0.17 0.006571150282237349
0.18 0.006528425191942919
0.19 0.006486041801617375
0.2 0.0064439966602124876
0.21 0.006402286367831503
0.22 0.006360907582731954
0.23 0.0063198570027685926
0.24 0.006279131344914332
0.25 0.00623872737594903
0.26 0.006198641916627177
0.27 0.0061588718269721485
0.28 0.006119413983141716
0.29 0.00608026530864006
0.3 0.006041422774440658
0.31 0.006002883392936938
0.32 0.00596464419631806
0.33 0.0059267022599701616
0.34 0.005889054694817968
0.35000000000000003 0.005851698646787664
0.36 0.005814631296274357
0.37 0.00577784985726516
0.38 0.005741351576711202
0.39 0.005705133735839495
0.4 0.005669193647856108
0.41000000000000003 0.005633528657964507
0.42 0.005598136142950036
0.43 0.005563013510716805
0.44 0.005528158199332165
0.45 0.005493567675338006
0.46 0.005459239438245366
0.47000000000000003 0.00542517101592255
0.48 0.0053913599649828585
0.49 0.0053578038705769365
0.5 0.00532450034600033
0.51 0.005291447032066063
0.52 0.0052586415951232125
0.53 0.005226081731049574
0.54 0.005193765161880834
0.55 0.005161689635515105
0.56 0.005129852925696056
0.5700000000000001 0.0050982528316681625
0.58 0.0050668871777246275
0.59 0.005035753810675289
0.6 0.005004850604207738
0.61 0.0049741754564598135
0.62 0.004943726288624382
0.63 0.004913501045340975
0.64 0.004883497694388017
0.65 0.004853714226357955
0.66 0.004824148652708926
0.67 0.004794799008121901
0.68 0.004765663350445341
0.6900000000000001 0.004736739758225852
0.7000000000000001 0.004708026331325753
0.71 0.00467952119063017
0.72 0.004651222477790554
0.73 0.00462312835376245
0.74 0.004595236999435667
0.75 0.00456754661799998
0.76 0.00454005543110058
0.77 0.004512761679782836
0.78 0.004485663624231863
0.79 0.0044587595435385315
0.8 0.004432047734810993
0.81 0.00440552651247527
0.8200000000000001 0.004379194211732425
0.8300000000000001 0.004353049184667648
0.84 0.004327089800973697
0.85 0.00430131444781699
0.86 0.004275721529598248
0.87 0.004250309467401399
0.88 0.004225076697533811
0.89 0.004200021675531913
0.9 0.004175142872545251
0.91 0.004150438775683786
0.92 0.0041259078880029245
0.93 0.004101548728318721
0.9400000000000001 0.004077359830859259
0.9500000000000001 0.004053339743618856
0.96 0.004029487031829201
0.97 0.004005800275499834
0.98 0.003982278069056496
0.99 0.003958919021525299
1.0 0.003935721756345693
1.01 0.003912684911170275
1.02 0.0038898071362301646
1.03 0.003867087097043213
1.04 0.0038445234732867504
1.05 0.003822114957632235
1.06 0.003799860256116229
1.07 0.003777758087995711
1.08 0.0037558071855773407
1.09 0.003734006292977113
1.1 0.003712354167488512
1.11 0.0036908495801490516
1.12 0.0036694913136916937
1.1300000000000001 0.00364827816310963
1.1400000000000001 0.0036272089355360417
1.1500000000000001 0.0036062824500678525
1.16 0.0035854975369662466
1.17 0.0035648530377552436
1.18 0.003544347807283861
1.19 0.003523980710976228
1.2 0.003503750625509265
1.21 0.0034836564386975643
1.22 0.0034636970493705675
1.23 0.0034438713668429885
1.24 0.0034241783102708398
1.25 0.003404616811342477
1.26 0.0033851858115420347
1.27 0.0033658842626342724
1.28 0.0033467111266378717
1.29 0.0033276653757058575
1.3 0.00330874599180596
1.31 0.0032899519656598257
1.32 0.0032712822995468165
1.33 0.0032527360049861296
1.34 0.003234312102870981
1.35 0.0032160096235370975
1.36 0.0031978276066540715
1.37 0.003179765101040938
1.3800000000000001 0.003161821163370041
1.3900000000000001 0.003143994860845518
1.4000000000000001 0.003126285269578394
1.41 0.0031086914741523175
1.42 0.0030912125678542353
1.43 0.0030738476525876885
1.44 0.003056595838769707
1.45 0.003039456245234367
1.46 0.003022427999145819
1.47 0.003005510235899925
1.48 0.0029887020990383164
1.49 0.0029720027391250013
1.5 0.002955411312679983
1.51 0.002938926989210927
1.52 0.002922548943907791
1.53 0.0029062763594235636
1.54 0.0028901084260200983
1.55 0.002874044341483766
1.56 0.0028580833110448825
1.57 0.0028422245472943344
1.58 0.00282646727010058
1.59 0.0028108107065468084
1.6 0.002795254090824443
1.61 0.0027797966606358765
1.62 0.0027644376631010166
1.6300000000000001 0.0027491763556465178
1.6400000000000001 0.0027340119999255228
1.6500000000000001 0.0027189438643205575
1.6600000000000001 0.0027039712238893805
1.67 0.002689093360278316
1.68 0.0026743095616633752
1.69 0.0026596191226744307
1.7 0.0026450213443338865
1.71 0.002630515533977829
1.72 0.0026161010046829337
1.73 0.0026017770708790765
1.74 0.0025875430608155235
1.75 0.0025733983073624304
1.76 0.00255934214816773
1.77 0.002545373926807571
1.78 0.002531492992717171
1.79 0.0025176987011276903
1.8 0.0025039904130041576
1.81 0.0024903674935594284
1.82 0.0024768293130115826
1.83 0.002463375250888423
1.84 0.0024500046903173684
1.85 0.0024367170198224546
1.86 0.0024235116333057596
1.87 0.002410387929993089
1.8800000000000001 0.002397345314384492
1.8900000000000001 0.0023843831960861967
1.9000000000000001 0.0023715009879507394
1.9100000000000001 0.002358698110374331
1.92 0.0023459739887725316
1.93 0.0023333280529990847
1.94 0.0023207597378599367
1.95 0.0023082684830510367
1.96 0.002295853733128098
1.97 0.002283514937437396
1.98 0.0022712515494864795
1.99 0.0022590630267545573
2.0 0.0022469488335682786
2.0100000000000002 0.0022349084378940707
2.02 0.002222941312198893
2.0300000000000002 0.002211046933457953
2.04 0.00219922478311485
2.05 0.002187474347033834
2.06 0.0021757951154256043
2.07 0.002164186581579746
2.08 0.002152648244415964
2.09 0.0021411796073905866
2.1 0.002129780177684607
2.11 0.0021184494666414743
2.12 0.002107186989721944
2.13 0.0020959922664667867
2.14 0.002084864820456463
2.15 0.0020738041788995664
2.16 0.0020628098721301486
2.17 0.00205188143629719
2.18 0.0020410184107015165
2.19 0.0020302203384022126
2.2 0.002019486766255279
2.21 0.002008817244887535
2.22 0.00199821132865704
2.23 0.001987668575603028
2.24 0.0019771885464219367
2.25 0.0019667708062759423
2.2600000000000002 0.0019564149244811597
2.27 0.001946120473388377
2.2800000000000002 0.001935887028869297
2.29 0.0019257141702748598
2.3000000000000003 0.0019156014804040142
2.31 0.001905548545478416
2.32 0.0018955549548587147
2.33 0.0018856203003728476
2.34 0.001875744178844068
2.35 0.0018659261898455529
2.36 0.0018561659360799936
2.37 0.0018464630234714173
2.38 0.0018368170611368045
2.39 0.0018272276613587634
2.4 0.0018176944395494267
2.41 0.0018082170134571362
2.42 0.0017987950043136312
2.43 0.0017894280371924375
2.44 0.0017801157396384758
2.45 0.0017708577421862554
2.46 0.0017616536783239068
2.47 0.0017525031844762813
2.48 0.0017434058999686304
2.49 0.0017343614668534992
2.5 0.0017253695291686052
2.5100000000000002 0.0017164297351982632
2.52 0.0017075417356733516
2.5300000000000002 0.0016987051839366459
2.54 0.0016899197360742235
2.5500000000000003 0.0016811850508934305
2.56 0.0016725007898868566
2.57 0.0016638666172295153
2.58 0.0016552821991721283
2.59 0.0016467472046433353
2.6 0.0016382613061301423
2.61 0.0016298241781382292
2.62 0.0016214354977242035
2.63 0.0016130949444670977
2.64 0.0016048022004442586
2.65 0.0015965569502126515
2.66 0.0015883588807044558
2.67 0.0015802076804733492
2.68 0.0015721030416509106
2.69 0.0015640446585889797
2.7 0.0015560322278142123
2.71 0.001548065448203534
2.72 0.001540144020957107
2.73 0.0015322676495755413
2.74 0.0015244360398462607
2.75 0.0015166488994257331
2.7600000000000002 0.0015089059380259348
2.77 0.0015012068685984303
2.7800000000000002 0.0014935514057929393
2.79 0.001485939266426226
2.8000000000000003 0.0014783701694776957
2.81 0.0014708438360681913
2.82 0.0014633599894449882
2.83 0.0014559183549180152
2.84 0.0014485186591633504
2.85 0.0014411606318355434
2.86 0.0014338440046268242
2.87 0.0014265685110532178
2.88 0.001419333886639029
2.89 0.0014121398689063208
2.9 0.0014049861973562789
2.91 0.0013978726134502078
2.92 0.0013907988603206476
2.93 0.0013837646826947317
2.94 0.001376769828211917
2.95 0.0013698140459649502
2.96 0.0013628970868937193
2.97 0.0013560187037966655
2.98 0.001349178651319759
2.99 0.0013423766859310148
3.0 0.0013356125658989695
3.0100000000000002 0.0013288860506705628
3.02 0.0013221969021345937
3.0300000000000002 0.0013155448840845567
3.04 0.0013089297618298376
3.0500000000000003 0.0013023513024150483
3.06 0.0012958092746036287
3.0700000000000003 0.0012893034488651676
3.08 0.0012828335973557538
3.09 0.0012763994937338113
3.1 0.001270000912898044
3.11 0.001263637632335142
3.12 0.0012573094308073345
3.13 0.0012510160886484818
3.14 0.001244757387798115
3.15 0.0012385331117914992
3.16 0.001232343045736559
3.17 0.001226186976305972
3.18 0.0012200646912238552
3.19 0.001213975980175658
3.2 0.0012079206346487744
3.21 0.0012018984473907604
3.22 0.0011959092126489713
3.23 0.0011899527261551692
3.24 0.0011840287851186944
3.25 0.0011781371882107206
3.2600000000000002 0.0011722777354373636
3.27 0.0011664502277948302
3.2800000000000002 0.0011606544685494758
3.29 0.001154890262106468
3.3000000000000003 0.0011491574142122693
3.31 0.0011434557320082741
3.3200000000000003 0.001137785024010275
3.33 0.0011321451001052136
3.34 0.0011265357715329071
3.35 0.0011209568504993639
3.36 0.001115408150748003
3.37 0.0011098894877402145
3.38 0.0011044006779815936
3.39 0.001098941539280242
3.4 0.0010935118907315783
3.41 0.001088111552711635
3.42 0.0010827403468679096
3.43 0.001077398096034614
3.44 0.0010720846238558364
3.45 0.0010667997559342785
3.46 0.0010615433189200517
3.47 0.0010563151406053546
3.48 0.001051115049992985
3.49 0.0010459428772788505
3.5 0.0010407984538521207
3.5100000000000002 0.001035681612282973
3.52 0.0010305921860292288
3.5300000000000002 0.0010255300097375072
3.54 0.0010204949196870772
3.5500000000000003 0.0010154867530244405
3.56 0.0010105053480284744
3.5700000000000003 0.0010055505441008924
3.58 0.0010006221817551524
3.59 0.0009957201026164996
3.6 0.0009908441493581698
3.61 0.0009859941653378723
3.62 0.0009811699955821658
3.63 0.0009763714860963332
3.64 0.0009715984838541917
3.65 0.0009668508368860473
3.66 0.0009621283942652453
3.67 0.0009574310061015486
3.68 0.0009527585235333455
3.69 0.0009481107985248537
3.7 0.0009434876839558299
3.71 0.0009388890342243884
3.72 0.0009343147044705791
3.73 0.0009297645508159804
3.74 0.0009252384303638602
3.75 0.0009207362011880018
3.7600000000000002 0.0009162577223288514
3.77 0.0009118028537674856
3.7800000000000002 0.0009073714560656281
3.79 0.0009029633911905341
3.8000000000000003 0.0008985785220396792
3.81 0.0008942167123325998
3.8200000000000003 0.0008898778267081469
3.83 0.0008855617307192611
3.84 0.0008812682908274124
3.85 0.000876997374391827
3.86 0.0008727488495281247
3.87 0.0008685225850668923
3.88 0.0008643184512318997
3.89 0.0008601363188885184
3.9 0.0008559760597578698
3.91 0.0008518375464169861
3.92 0.0008477206522983835
3.93 0.0008436252516765747
3.94 0.00083955121965975
3.95 0.0008354984318744348
3.96 0.0008314667651097805
3.97 0.0008274560970448708
3.98 0.0008234663060570375
3.99 0.0008194972713258423
4.0 0.0008155488728355649
4.01 0.0008116209913642947
4.0200000000000005 0.0008077135084805247
4.03 0.0008038263064408115
4.04 0.0007999592680739338
4.05 0.0007961122774512119
4.0600000000000005 0.0007922852192268471
4.07 0.0007884779787991879
4.08 0.0007846904423108793
4.09 0.0007809224966580916
4.1 0.000777174029479424
4.11 0.0007734449291461747
4.12 0.0007697350845091181
4.13 0.0007660443853593571
4.14 0.0007623727223480564
4.15 0.0007587199867148565
4.16 0.0007550860704086812
4.17 0.0007514708660787242
4.18 0.0007478742670797753
4.19 0.0007442961674557018
4.2 0.0007407364618802554
4.21 0.0007371950454876218
4.22 0.0007336718145137228
4.23 0.0007301666657324151
4.24 0.0007266794965567351
4.25 0.0007232102050572312
4.26 0.0007197586899692898
4.2700000000000005 0.0007163248506793354
4.28 0.0007129085872224457
4.29 0.0007095098000817081
4.3 0.0007061283904880041
4.3100000000000005 0.0007027642605048485
4.32 0.0006994173126900818
4.33 0.000696087450227655
4.34 0.000692774576921791
4.3500000000000005 0.0006894785971917961
4.36 0.0006861994160693537
4.37 0.0006829369391587674
4.38 0.000679691072437099
4.39 0.0006764617228542932
4.4 0.0006732487978613536
4.41 0.0006700522054549013
4.42 0.0006668718542219711
4.43 0.0006637076533282133
4.44 0.0006605595125168213
4.45 0.0006574273421044318
4.46 0.0006543110528313246
4.47 0.0006512105560188487
4.48 0.0006481257637944014
4.49 0.0006450565887018958
4.5 0.0006420029438357701
4.51 0.0006389647428400342
4.5200000000000005 0.0006359418999021993
4.53 0.0006329343297517467
4.54 0.0006299419476321481
4.55 0.0006269646691095796
4.5600000000000005 0.0006240024105847243
4.57 0.0006210550889339853
4.58 0.0006181226215114975
4.59 0.0006152049261846155
4.6000000000000005 0.0006123019213394465
4.61 0.0006094135258669876
4.62 0.0006065396591706461
4.63 0.000603680241050201
4.64 0.0006008351917596176
4.65 0.000598004432313757
4.66 0.0005951878840848532
4.67 0.0005923854689364055
4.68 0.0005895971092123275
4.69 0.0005868227277397772
4.7 0.0005840622478281472
4.71 0.0005813155932454258
4.72 0.0005785826880469193
4.73 0.0005758634569965408
4.74 0.0005731578253145352
4.75 0.0005704657186340388
4.76 0.0005677870630436738
4.7700000000000005 0.0005651217850890065
4.78 0.0005624698117655737
4.79 0.0005598310705233602
4.8 0.0005572054891814145
4.8100000000000005 0.0005545929959177585
4.82 0.0005519935196134367
4.83 0.0005494069894715878
4.84 0.0005468333351167825
4.8500000000000005 0.0005442724866113318
4.86 0.0005417243744406121
4.87 0.0005391889295167866
4.88 0.0005366660831687205
4.89 0.0005341557669823053
4.9 0.0005316579131338316
4.91 0.0005291724542496933
4.92 0.000526699323305137
4.93 0.0005242384536820999
4.94 0.0005217897791681182
4.95 0.0005193532339532566
4.96 0.0005169287526228857
4.97 0.0005145162701160337
4.98 0.0005121157216523679
4.99 0.0005097270430925085
5.0 0.0005073501705893685
5.01 0.0005049850406694653
5.0200000000000005 0.0005026315902441605
5.03 0.0005002897566026425
5.04 0.000497959477413618
5.05 0.000495640690719015
5.0600000000000005 0.0004933333348015001
5.07 0.0004910373484265296
5.08 0.0004887526707980036
5.09 0.00048647924142317643
5.1000000000000005 0.0004842170001641616
5.11 0.0004819658872515944
5.12 0.00047972584326789016
5.13 0.00047749680915188015
5.14 0.00047527872616645714
5.15 0.0004730715358041721
5.16 0.0004708751801311221
5.17 0.00046868960148574305
5.18 0.00046651474253429426
5.19 0.00046435054628495443
5.2 0.00046219695608381927
5.21 0.00046005391561281705
5.22 0.0004579213688906377
5.23 0.00045579926016349985
5.24 0.00045368753406309007
5.25 0.00045158613565520476
5.26 0.0004494950102594957
5.2700000000000005 0.00044741410351729167
5.28 0.00044534336139317624
5.29 0.0004432827301688455
5.3 0.00044123215644506644
5.3100000000000005 0.00043919158711453306
5.32 0.00043716096926923066
5.33 0.0004351402505019372
5.34 0.0004331293786674004
5.3500000000000005 0.0004311283019061027
5.36 0.00042913696866175936
5.37 0.00042715532768124463
5.38 0.0004251833280128069
5.39 0.00042322091900274405
5.4 0.0004212680502173696
5.41 0.000419324671526761
5.42 0.0004173907332223359
5.43 0.0004154661858134439
5.44 0.000413550980097558
5.45 0.00041164506715831204
5.46 0.00040974839836525494
5.47 0.0004078609253709775
5.48 0.0004059826000981472
5.49 0.00040411337463732415
5.5 0.00040225320151752607
5.51 0.0004004020335213352
5.5200000000000005 0.00039855982367485786
5.53 0.0003967265252831101
5.54 0.0003949020919154238
5.55 0.0003930864774150898
5.5600000000000005 0.00039127963588863506
5.57 0.00038948152165457545
5.58 0.0003876920892716499
5.59 0.00038591129369761805
5.6000000000000005 0.0003841390900836835
5.61 0.0003823754338340998
5.62 0.0003806202806137244
5.63 0.0003788735863399406
5.64 0.00037713530718397055
5.65 0.00037540539956387937
5.66 0.0003736838200480233
5.67 0.0003719705255779723
5.68 0.0003702654733431359
5.69 0.00036856862074802313
5.7 0.000366879925441422
5.71 0.00036519934531224914
5.72 0.0003635268384936482
5.73 0.0003618623633547569
5.74 0.0003602058784663043
5.75 0.0003585573425891641
5.76 0.0003569167148568189
5.7700000000000005 0.0003552839545759223
5.78 0.0003536590212804614
5.79 0.00035204187473595027
5.8 0.00035043247493332804
5.8100000000000005 0.0003488307820938963
5.82 0.00034723675666155883
5.83 0.00034565035921646644
5.84 0.00034407155065754847
5.8500000000000005 0.00034250029212335944
5.86 0.0003409365449385806
5.87 0.0003393802706496636
5.88 0.0003378314310164886
5.89 0.00033628998801959304
5.9 0.00033475590384922615
5.91 0.00033322914088697807
5.92 0.0003317096616656353
5.93 0.00033019742906367306
5.94 0.00032869240611418216
5.95 0.0003271945560566848
5.96 0.00032570384233304245
5.97 0.00032422022859275075
5.98 0.00032274367868956766
5.99 0.0003212741566782379
6.0 0.0003198116267446814
6.01 0.00031835605333512896
6.0200000000000005 0.0003169074011338737
6.03 0.0003154656349885171
6.04 0.0003140307199404731
6.05 0.0003126026212286817
6.0600000000000005 0.0003111813042859879
6.07 0.00030976673473685984
6.08 0.00030835887838054354
6.09 0.00030695770114620913
6.1000000000000005 0.0003055631692692798
6.11 0.00030417524913490623
6.12 0.00030279390730869203
6.13 0.00030141911054033197
6.140000000000001 0.0003000508257632736
6.15 0.0002986890200966822
6.16 0.00029733366084167077
6.17 0.00029598471542319584
6.18 0.0002946421514790321
6.19 0.0002933059368814846
6.2 0.00029197603964237196
6.21 0.0002906524279495858
6.22 0.0002893350701688337
6.23 0.000288023934837856
6.24 0.00028671899066958574
6.25 0.0002854202065384783
6.26 0.0002841275514282145
6.2700000000000005 0.00028284099459590555
6.28 0.00028156050544185664
6.29 0.0002802860535239855
6.3 0.00027901760856902493
6.3100000000000005 0.0002777551404668305
6.32 0.0002764986192758886
6.33 0.0002752480152161555
6.34 0.00027400329863229173
6.3500000000000005 0.00027276444003484325
6.36 0.0002715314101641354
6.37 0.00027030417988439646
6.38 0.00026908272021446063
6.390000000000001 0.00026786700233691525
6.4 0.00026665699758618205
6.41 0.00026545267745836843
6.42 0.00026425401359519285
6.43 0.00026306097773374777
6.44 0.00026187354185401996
6.45 0.00026069167807272087
6.46 0.00025951535864518856
6.47 0.00025834455597889517
6.48 0.00025717924263104385
6.49 0.00025601939130644896
6.5 0.00025486497485973427
6.51 0.00025371596626264017
6.5200000000000005 0.0002525723386199412
6.53 0.0002514340652583241
6.54 0.00025030111960984907
6.55 0.000249173475252035
6.5600000000000005 0.00024805110590208316
6.57 0.0002469339854218891
6.58 0.00024582208781405706
6.59 0.00024471538721676565
6.6000000000000005 0.000243613857855742
6.61 0.00024251747416280072
6.62 0.00024142621070714253
6.63 0.00024034004217924663
6.640000000000001 0.00023925894340578254
6.65 0.00023818288934769524
6.66 0.0002371118551035145
6.67 0.00023604581590267249
6.68 0.00023498474708820528
6.69 0.00023392862411048755
6.7 0.0002328774226266684
6.71 0.00023183111839226707
6.72 0.00023078968728977833
6.73 0.0002297531053314281
6.74 0.00022872134865713022
6.75 0.0002276943935346535
6.76 0.00022667221635882588
6.7700000000000005 0.00022565479360036613
6.78 0.00022464210190926038
6.79 0.0002236341180693659
6.8 0.00022263081897067166
6.8100000000000005 0.00022163218162598761
6.82 0.00022063818317192953
6.83 0.00021964880086500086
6.84 0.00021866401208474733
6.8500000000000005 0.00021768379431490073
6.86 0.0002167081251293624
6.87 0.00021573698229039747
6.88 0.00021477034365422715
6.890000000000001 0.00021380818718773565
6.9 0.000212850490978052
6.91 0.00021189723322515255
6.92 0.00021094839224691943
6.93 0.00021000394647484804
6.94 0.00020906387441592742
6.95 0.00020812815472293092
6.96 0.00020719676618428424
6.97 0.00020626968767913353
6.98 0.00020534689820095892
6.99 0.0002044283768507928
7.0 0.0002035141028410495
7.01 0.00020260405549642497
7.0200000000000005 0.00020169821423700855
7.03 0.0002007965585588889
7.04 0.00019989906813146582
7.05 0.0001990057227104647
7.0600000000000005 0.00019811650215200853
7.07 0.00019723138641911884
7.08 0.00019635035557932128
7.09 0.00019547338980558336
7.1000000000000005 0.00019460046937434838
7.11 0.00019373157463512873
7.12 0.00019286668605666025
7.13 0.00019200578424164607
7.140000000000001 0.00019114884987307635
7.15 0.00019029586373438612
7.16 0.00018944680671081587
7.17 0.00018860165978535837
7.18 0.00018776040404341654
7.19 0.0001869230206599235
7.2 0.00018608949087609098
7.21 0.00018525979608606503
7.22 0.00018443391776920814
7.23 0.00018361183749222105
7.24 0.00018279353692027958
7.25 0.00018197899781296348
7.26 0.00018116820202424008
7.2700000000000005 0.0001803611315044215
7.28 0.00017955776827277214
7.29 0.0001787580944452703
7.3 0.000177962092269995
7.3100000000000005 0.00017716974406435632
7.32 0.00017638103223730089
7.33 0.00017559593928995573
7.34 0.00017481444781277072
7.3500000000000005 0.00017403654048748238
7.36 0.00017326220008237017
7.37 0.0001724914094200016
7.38 0.00017172415146114278
7.390000000000001 0.00017096040924662569
7.4 0.00017020016589833944
7.41 0.00016944340462408315
7.42 0.00016869010871905677
7.43 0.0001679402615648331
7.44 0.00016719384662786354
7.45 0.00016645084744474102
7.46 0.0001657112476275008
7.47 0.00016497503091637508
7.48 0.00016424218111313644
7.49 0.000163512682103334
7.5 0.00016278651785453177
7.51 0.00016206367241706175
7.5200000000000005 0.00016134412992320518
7.53 0.00016062787458480995
7.54 0.0001599148906644157
7.55 0.00015920516254375728
7.5600000000000005 0.00015849867468421857
7.57 0.0001577954116168301
7.58 0.00015709535795394554
7.59 0.00015639849838482817
7.6000000000000005 0.00015570481767805615
7.61 0.00015501430067953566
7.62 0.00015432693230126376
7.63 0.00015364269751923186
7.640000000000001 0.00015296158142643186
7.65 0.00015228356917569295
7.66 0.00015160864599282712
7.67 0.00015093679717961413
7.68 0.00015026800811272344
7.69 0.00014960226424339684
7.7 0.00014893955109548175
7.71 0.00014827985424152885
7.72 0.00014762315935481655
7.73 0.00014696945218741872
7.74 0.00014631871855404834
7.75 0.0001456709443422438
7.76 0.0001450261155097077
7.7700000000000005 0.00014438421808670026
7.78 0.00014374523817358082
7.79 0.0001431091619338616
7.8 0.00014247597558310685
7.8100000000000005 0.00014184566544711075
7.82 0.00014121821790530733
7.83 0.000140593619405131
7.84 0.00013997185646109678
7.8500000000000005 0.00013935291565642503
7.86 0.00013873678364359653
7.87 0.00013812344714030813
7.88 0.00013751289291025112
7.890000000000001 0.0001369051078029731
7.9 0.00013630007874588712
7.91 0.00013569779272150774
7.92 0.0001350982367775574
7.930000000000001 0.00013450139802798428
7.94 0.00013390726365055327
7.95 0.0001333158208884152
7.96 0.00013272705704287546
7.97 0.00013214095946129784
7.98 0.00013155751558919924
7.99 0.00013097671292476232
8.0 0.00013039853902669692
8.01 0.00012982298151487375
8.02 0.00012925002807248403
8.03 0.00012867966644383125
8.040000000000001 0.00012811188443512156
8.05 0.0001275466698959205
8.06 0.00012698401074668237
8.07 0.0001264238949855809
8.08 0.00012586631065880335
8.09 0.0001253112458723063
8.1 0.00012475868879287822
8.11 0.00012420862764405004
8.120000000000001 0.0001236610507101764
8.13 0.00012311594633011635
8.14 0.0001225733028815984
8.15 0.00012203310883235848
8.16 0.00012149535269967136
8.17 0.00012096002305490774
8.18 0.00012042710852607587
8.19 0.00011989659779828568
8.2 0.00011936847961271719
8.21 0.0001188427427665729
8.22 0.00011831937610047073
8.23 0.00011779836851073748
8.24 0.00011727970897238179
8.25 0.0001167633865022867
8.26 0.00011624939017057976
8.27 0.00011573770910390304
8.28 0.00011522833248101231
8.290000000000001 0.00011472124953513477
8.3 0.00011421644955130375
8.31 0.00011371392184805061
8.32 0.00011321365582455334
8.33 0.0001127156409290497
8.34 0.00011221986665607686
8.35 0.00011172632255416969
8.36 0.00011123499822183664
8.370000000000001 0.0001107458833102346
8.38 0.00011025896752160083
8.39 0.00010977424059878746
8.4 0.00010929169233271162
8.41 0.00010881131258669374
8.42 0.00010833309126412753
8.43 0.0001078570183163362
8.44 0.00010738308374551905
8.45 0.00010691127760199283
8.46 0.00010644158998627497
8.47 0.00010597401104606508
8.48 0.00010550853096006104
8.49 0.00010504513997765991
8.5 0.00010458382839632587
8.51 0.00010412458655461064
8.52 0.00010366740484102192
8.53 0.00010321227368871198
8.540000000000001 0.00010275918358021328
8.55 0.00010230812504298283
8.56 0.00010185908864569605
8.57 0.0001014120649945843
8.58 0.00010096704476650861
8.59 0.0001005240186728405
8.6 0.00010008297747159795
8.61 9.964391196350318e-05
8.620000000000001 9.920681299645842e-05
8.63 9.877167146213838e-05
8.64 9.833847829722343e-05
8.65 9.790722446628898e-05
8.66 9.747790099609211e-05
8.67 9.705049895919016e-05
8.68 9.662500946703712e-05
8.69 9.620142367411331e-05
8.700000000000001 9.577973277840102e-05
8.71 9.53599280200051e-05
8.72 9.494200068330252e-05
8.73 9.452594208885425e-05
8.74 9.411174359139327e-05
8.75 9.369939660928103e-05
8.76 9.3288892594462e-05
8.77 9.288022304013984e-05
8.78 9.247337947953867e-05
8.790000000000001 9.206835348854003e-05
8.8 9.1665136682696e-05
8.81 9.126372071965659e-05
8.82 9.086409728406777e-05
8.83 9.046625811146186e-05
8.84 9.007019498584711e-05
8.85 8.967589972353573e-05
8.86 8.928336418097239e-05
8.870000000000001 8.889258025402694e-05
8.88 8.850353987875359e-05
8.89 8.811623502855671e-05
8.9 8.773065771503257e-05
8.91 8.734679997517893e-05
8.92 8.696465390728095e-05
8.93 8.658421164043866e-05
8.94 8.620546534026534e-05
8.950000000000001 8.582840721109966e-05
8.96 8.545302949387792e-05
8.97 8.507932446789328e-05
8.98 8.470728444950887e-05
8.99 8.433690178218147e-05
9.0 8.39681688522497e-05
9.01 8.360107809225726e-05
9.02 8.323562196535893e-05
9.03 8.287179297001963e-05
9.040000000000001 8.250958364208981e-05
9.05 8.214898655177426e-05
9.06 8.178999430735448e-05
9.07 8.143259954895135e-05
9.08 8.107679494162206e-05
9.09 8.072257320441817e-05
9.1 8.036992708681304e-05
9.11 8.001884937084737e-05
9.120000000000001 7.966933287398834e-05
9.13 7.932137044792565e-05
9.14 7.897495497835396e-05
9.15 7.86300793854045e-05
9.16 7.828673661677062e-05
9.17 7.794491965343402e-05
9.18 7.760462152326304e-05
9.19 7.726583528099507e-05
9.200000000000001 7.692855401400028e-05
9.21 7.659277084287567e-05
9.22 7.625847892198939e-05
9.23 7.592567143757775e-05
9.24 7.559434160750194e-05
9.25 7.526448267233834e-05
9.26 7.493608791942263e-05
9.27 7.460915066695212e-05
9.28 7.428366426188789e-05
9.290000000000001 7.395962208343637e-05
9.3 7.363701754234998e-05
9.31 7.33158440812154e-05
9.32 7.29960951736655e-05
9.33 7.267776431907954e-05
9.34 7.236084504565974e-05
9.35 7.204533092647572e-05
9.36 7.173121555828764e-05
9.370000000000001 7.141849256792017e-05
9.38 7.110715561328605e-05
9.39 7.079719838206939e-05
9.4 7.048861459238686e-05
9.41 7.018139799159354e-05
9.42 6.98755423465625e-05
9.43 6.957104146721227e-05
9.44 6.926788919178146e-05
9.450000000000001 6.896607938638661e-05
9.46 6.866560594478318e-05
9.47 6.836646279131375e-05
9.48 6.806864387791088e-05
9.49 6.777214318603939e-05
9.5 6.747695472220307e-05
9.51 6.718307251642345e-05
9.52 6.68904906411435e-05
9.53 6.659920319035799e-05
9.540000000000001 6.630920428659486e-05
9.55 6.6020488080179e-05
9.56 6.573304874825671e-05
9.57 6.544688049664387e-05
9.58 6.51619775581692e-05
9.59 6.487833418279549e-05
9.6 6.459594465884191e-05
9.61 6.43148033033659e-05
9.620000000000001 6.403490445696308e-05
9.63 6.375624248770815e-05
9.64 6.347881178898174e-05
9.65 6.320260678138815e-05
9.66 6.292762191266297e-05
9.67 6.265385165321275e-05
9.68 6.238129049584904e-05
9.69 6.210993296978563e-05
9.700000000000001 6.183977362671461e-05
9.71 6.157080704260044e-05
9.72 6.130302782007523e-05
9.73 6.103643058623583e-05
9.74 6.077100999458088e-05
9.75 6.050676072296615e-05
9.76 6.0243677465582445e-05
9.77 5.998175495013264e-05
9.78 5.972098793267333e-05
9.790000000000001 5.9461371190714496e-05
9.8 5.920289952558938e-05
9.81 5.8945567763682754e-05
9.82 5.86893707552193e-05
9.83 5.843430337541447e-05
9.84 5.818036052140942e-05
9.85 5.7927537109581694e-05
9.86 5.767582809012498e-05
9.870000000000001 5.742522843380916e-05
9.88 5.717573313417515e-05
9.89 5.6927337209112385e-05
9.9 5.668003569840367e-05
9.91 5.643382366649587e-05
9.92 5.6188696200851714e-05
9.93 5.594464840417659e-05
9.94 5.570167540666043e-05
9.950000000000001 5.545977236897228e-05
9.96 5.521893446838002e-05
9.97 5.497915690597862e-05
9.98 5.474043490464281e-05
9.99 5.4502763710006254e-05
10.0 5.426613858984343e-05
10.01 5.4030554833195036e-05
10.02 5.379600774476939e-05
10.03 5.356249266166823e-05
10.040000000000001 5.333000494020553e-05
10.05 5.309853995772574e-05
10.06 5.286809311224665e-05
10.07 5.263865982459759e-05
10.08 5.241023553593138e-05
10.09 5.218281570981172e-05
10.1 5.195639582971577e-05
10.11 5.17309714014742e-05
10.120000000000001 5.1506537951583125e-05
10.13 5.128309102697701e-05
10.14 5.106062619399594e-05
10.15 5.083913901983348e-05
10.16 5.061862512438407e-05
10.17 5.039908014074744e-05
10.18 5.018049971850713e-05
10.19 4.996287952735031e-05
10.200000000000001 4.974621525643065e-05
10.21 4.953050261671177e-05
10.22 4.931573733748898e-05
10.23 4.91019151689285e-05
10.24 4.8889031881094836e-05
10.25 4.867708326354828e-05
10.26 4.846606512479178e-05
10.27 4.825597329242983e-05
10.28 4.804680359078631e-05
10.290000000000001 4.7838551896685604e-05
10.3 4.76312141031161e-05
10.31 4.742478611436985e-05
10.32 4.721926385475827e-05
10.33 4.701464326702993e-05
10.34 4.681092031350591e-05
10.35 4.660809097459423e-05
10.36 4.640615124981053e-05
10.370000000000001 4.6205097149716964e-05
10.38 4.600492469965299e-05
10.39 4.580562996402653e-05
10.4 4.560720901631796e-05
10.41 4.540965794648382e-05
10.42 4.521297286365856e-05
10.43 4.501714989465277e-05
10.44 4.482218518383295e-05
10.450000000000001 4.462807489420243e-05
10.46 4.4434815205996364e-05
10.47 4.4242402305267077e-05
10.48 4.405083241063356e-05
10.49 4.386010175821079e-05
10.5 4.3670206597825084e-05
10.51 4.34811431973148e-05
10.52 4.329290784075181e-05
10.53 4.310549683074045e-05
10.540000000000001 4.291890648583931e-05
10.55 4.2733133142007584e-05
10.56 4.254817314923132e-05
10.57 4.236402286952326e-05
10.58 4.2180678694704e-05
10.59 4.1998137028400786e-05
10.6 4.181639428979137e-05
10.61 4.1635446914402394e-05
10.620000000000001 4.1455291355399505e-05
10.63 4.1275924080560654e-05
10.64 4.10973415753499e-05
10.65 4.0919540341399777e-05
10.66 4.0742516887282444e-05
10.67 4.056626774830771e-05
10.68 4.039078947529258e-05
10.69 4.0216078633841804e-05
10.700000000000001 4.0042131804321926e-05
10.71 3.98689455830701e-05
10.72 3.969651658230049e-05
10.73 3.9524841429770874e-05
10.74 3.935391676874469e-05
10.75 3.918373925583826e-05
10.76 3.9014305557583457e-05
10.77 3.884561236812564e-05
10.78 3.86776563926124e-05
10.790000000000001 3.8510434349669095e-05
10.8 3.834394297415007e-05
10.81 3.81781790153532e-05
10.82 3.8013139237250185e-05
10.83 3.7848820419943625e-05
10.84 3.7685219356737075e-05
10.85 3.752233285019562e-05
10.86 3.7360157723232046e-05
10.870000000000001 3.719869081667489e-05
10.88 3.703792898234479e-05
10.89 3.6877869087027163e-05
10.9 3.671850801146269e-05
10.91 3.655984265079279e-05
10.92 3.6401869914510184e-05
10.93 3.6244586726640363e-05
10.94 3.608799002285815e-05
10.950000000000001 3.593207674834983e-05
10.96 3.577684387253327e-05
10.97 3.562228837587027e-05
10.98 3.5468407251078746e-05
10.99 3.531519750472083e-05
11.0 3.516265615783072e-05
11.01 3.5010780244426304e-05
11.02 3.485956681232093e-05
11.03 3.470901292265497e-05
11.040000000000001 3.455911564526228e-05
11.05 3.440987206643656e-05
11.06 3.4261279290930284e-05
11.07 3.411333443263671e-05
11.08 3.396603461897952e-05
11.09 3.38193769910181e-05
11.1 3.367335870190916e-05
11.11 3.352797691865464e-05
11.120000000000001 3.33832288210025e-05
11.13 3.3239111600168286e-05
11.14 3.3095622455111394e-05
11.15 3.295275860716463e-05
11.16 3.281051728762848e-05
11.17 3.26688957395195e-05
11.18 3.252789121861668e-05
11.19 3.238750099277205e-05
11.200000000000001 3.224772234287303e-05
11.21 3.210855256181928e-05
11.22 3.1969988955274665e-05
11.23 3.183202883647444e-05
11.24 3.169466953289189e-05
11.25 3.1557908389959935e-05
11.26 3.142174276100643e-05
11.27 3.12861700124972e-05
11.28 3.1151187521213266e-05
11.290000000000001 3.101679267815913e-05
11.3 3.088298288413991e-05
11.31 3.0749755552923184e-05
11.32 3.0617108109546145e-05
11.33 3.048503798388717e-05
11.34 3.0353542628470578e-05
11.35 3.0222619503305056e-05
11.36 3.009226608022536e-05
11.370000000000001 2.9962479841960296e-05
11.38 2.9833258283101846e-05
11.39 2.970459890925489e-05
11.4 2.9576499237643433e-05
11.41 2.944895679658495e-05
11.42 2.932196912291743e-05
11.43 2.9195533763888304e-05
11.44 2.906964828469374e-05
11.450000000000001 2.8944310258096096e-05
11.46 2.881951726752542e-05
11.47 2.869526690785147e-05
11.48 2.857155678458625e-05
11.49 2.8448384514129402e-05
11.5 2.8325747723409635e-05
11.51 2.820364405062326e-05
11.52 2.8082071138778113e-05
11.53 2.7961026648745614e-05
11.540000000000001 2.7840508252015613e-05
11.55 2.7720513628288287e-05
11.56 2.7601040468492566e-05
11.57 2.7482086473815998e-05
11.58 2.736364935577766e-05
11.59 2.724572683642181e-05
11.6 2.712831664819816e-05
11.61 2.701141653081864e-05
11.620000000000001 2.6895024234397867e-05
11.63 2.6779137523854733e-05
11.64 2.6663754172752472e-05
11.65 2.654887196370168e-05
11.66 2.643448868937312e-05
11.67 2.6320602152909754e-05
11.68 2.6207210166897037e-05
11.69 2.609431055410976e-05
11.700000000000001 2.5981901146735982e-05
11.71 2.5869979782646053e-05
11.72 2.5758544314588244e-05
11.73 2.5647592605775527e-05
11.74 2.553712252693577e-05
11.75 2.5427131959412404e-05
11.76 2.5317618792754973e-05
11.77 2.5208580927523442e-05
11.78 2.510001627257325e-05
11.790000000000001 2.4991922746841188e-05
11.8 2.4884298276898922e-05
11.81 2.477714079646238e-05
11.82 2.4670448254843257e-05
11.83 2.4564218608380432e-05
11.84 2.445844982190162e-05
11.85 2.4353139869688147e-05
11.86 2.4248286734733276e-05
11.870000000000001 2.414388841003739e-05
11.88 2.403994289637871e-05
11.89 2.3936448204772995e-05
11.9 2.3833402350206816e-05
11.91 2.373080336158838e-05
11.92 2.3628649277376633e-05
11.93 2.3526938143222227e-05
11.94 2.342566801425366e-05
11.950000000000001 2.3324836953007322e-05
11.96 2.322444303229594e-05
11.97 2.3124484332493637e-05
11.98 2.302495894313295e-05
11.99 2.292586496120905e-05
12.0 2.2827200488983183e-05
12.01 2.2728963644620053e-05
12.02 2.263115255097412e-05
12.030000000000001 2.2533765340434626e-05
12.040000000000001 2.2436800152868205e-05
12.05 2.234025513669205e-05
12.06 2.2244128448662618e-05
12.07 2.2148418253997234e-05
12.08 2.2053122726256614e-05
12.09 2.1958240043025444e-05
12.1 2.1863768394266357e-05
12.11 2.1769705978912606e-05
12.120000000000001 2.1676051003009976e-05
12.13 2.1582801680111995e-05
12.14 2.1489956231640508e-05
12.15 2.1397512887977276e-05
12.16 2.130546988625235e-05
12.17 2.1213825472534577e-05
12.18 2.1122577899224912e-05
12.19 2.1031725423922154e-05
12.200000000000001 2.094126631801285e-05
12.21 2.0851198858249712e-05
12.22 2.076152132921944e-05
12.23 2.067223202283579e-05
12.24 2.0583329238997857e-05
12.25 2.04948112847903e-05
12.26 2.0406676475190915e-05
12.27 2.0318923132764638e-05
12.280000000000001 2.0231549584799334e-05
12.290000000000001 2.0144554167649546e-05
12.3 2.0057935228045226e-05
12.31 1.997169111781938e-05
12.32 1.9885820196759957e-05
12.33 1.9800320831361437e-05
12.34 1.9715191395941607e-05
12.35 1.9630430271987974e-05
12.36 1.9546035847764182e-05
12.370000000000001 1.946200651899893e-05
12.38 1.9378340685055406e-05
12.39 1.9295036757735165e-05
12.4 1.9212093154962746e-05
12.41 1.9129508300258105e-05
12.42 1.9047280625461985e-05
12.43 1.8965408568438303e-05
12.44 1.888389057445124e-05
12.450000000000001 1.880272509556481e-05
12.46 1.8721910590910962e-05
12.47 1.864144552438192e-05
12.48 1.8561328367174293e-05
12.49 1.848155760089915e-05
12.5 1.840213171139026e-05
12.51 1.8323049191714233e-05
12.52 1.8244308541792352e-05
12.530000000000001 1.8165908267778946e-05
12.540000000000001 1.808784688281023e-05
12.55 1.8010122906536208e-05
12.56 1.793273486475016e-05
12.57 1.7855681287566937e-05
12.58 1.777896071521837e-05
12.59 1.770257169446282e-05
12.6 1.7626512777282275e-05
12.61 1.75507825223834e-05
12.620000000000001 1.74753794947835e-05
12.63 1.7400302266199035e-05
12.64 1.732554941428905e-05
12.65 1.7251119523557062e-05
12.66 1.7177011182546834e-05
12.67 1.7103222986533937e-05
12.68 1.702975354032541e-05
12.69 1.6956601452851575e-05
12.700000000000001 1.68837653394787e-05
12.71 1.681124382163561e-05
12.72 1.6739035526808045e-05
12.73 1.6667139089083748e-05
12.74 1.6595553147770765e-05
12.75 1.652427634887705e-05
12.76 1.6453307341103115e-05
12.77 1.6382644783409553e-05
12.780000000000001 1.6312287340033693e-05
12.790000000000001 1.6242233680854548e-05
12.8 1.6172482481053716e-05
12.81 1.6103032422258158e-05
12.82 1.603388219157846e-05
12.83 1.5965030482296565e-05
12.84 1.5896475993310466e-05
12.85 1.58282174280309e-05
12.86 1.57602534953163e-05
12.870000000000001 1.5692582912310504e-05
12.88 1.5625204401526853e-05
12.89 1.5558116689972588e-05
12.9 1.5491318510879443e-05
12.91 1.5424808603013354e-05
12.92 1.5358585710341485e-05
12.93 1.529264858315157e-05
12.94 1.5226995976405986e-05
12.950000000000001 1.5161626648996863e-05
12.96 1.5096539367525323e-05
12.97 1.5031732904777827e-05
12.98 1.4967206037763166e-05
12.99 1.490295754934138e-05
13.0 1.483898622739114e-05
13.01 1.477529086561081e-05
13.02 1.4711870262460645e-05
13.030000000000001 1.4648723222371343e-05
13.040000000000001 1.4585848553651629e-05
13.05 1.4523245069089989e-05
13.06 1.4460911590052274e-05
13.07 1.4398846941836967e-05
13.08 1.4337049954449423e-05
13.09 1.4275519463543691e-05
13.1 1.4214254309579549e-05
13.11 1.4153253338381845e-05
13.120000000000001 1.4092515400679502e-05
13.13 1.4032039352488035e-05
13.14 1.3971824052766208e-05
13.15 1.3911868367348047e-05
13.16 1.385217116828627e-05
13.17 1.3792731331651592e-05
13.18 1.3733547738029873e-05
13.19 1.3674619273544914e-05
13.200000000000001 1.361594482880349e-05
13.21 1.3557523299709286e-05
13.22 1.349935358674648e-05
13.23 1.3441434594555946e-05
13.24 1.3383765231932329e-05
13.25 1.3326344414715109e-05
13.26 1.3269171063279123e-05
13.27 1.3212244102109133e-05
13.280000000000001 1.3155562460353719e-05
13.290000000000001 1.3099125072141884e-05
13.3 1.3042930876458323e-05
13.31 1.298697881658854e-05
13.32 1.2931267840518612e-05
13.33 1.28757968996571e-05
13.34 1.2820564950890795e-05
13.35 1.2765570957119678e-05
13.36 1.2710813884784385e-05
13.370000000000001 1.2656292705202524e-05
13.38 1.2602006393628606e-05
13.39 1.254795393042361e-05
13.4 1.249413430010286e-05
13.41 1.2440546491714589e-05
13.42 1.2387189498596118e-05
13.43 1.2334062316789928e-05
13.44 1.2281163949448252e-05
13.450000000000001 1.2228493404008945e-05
13.46 1.2176049691460597e-05
13.47 1.2123831827208206e-05
13.48 1.2071838830945387e-05
13.49 1.2020069727036824e-05
13.5 1.196852354395916e-05
13.51 1.1917199314272865e-05
13.52 1.1866096073760497e-05
13.530000000000001 1.181521286299361e-05
13.540000000000001 1.1764548728691508e-05
13.55 1.1714102719944523e-05
13.56 1.1663873890987489e-05
13.57 1.1613861299313457e-05
13.58 1.156406400738728e-05
13.59 1.1514481081380817e-05
13.6 1.1465111591603834e-05
13.61 1.1415954612120538e-05
13.620000000000001 1.1367009219564729e-05
13.63 1.1318274497355207e-05
13.64 1.1269749532479136e-05
13.65 1.1221433415276414e-05
13.66 1.1173325240482656e-05
13.67 1.1125424106609104e-05
13.68 1.1077729116059216e-05
13.69 1.10302393752809e-05
13.700000000000001 1.0982953994722855e-05
13.71 1.0935872087807406e-05
13.72 1.0888992771854131e-05
13.73 1.0842315169969537e-05
13.74 1.0795838407939494e-05
13.75 1.0749561615493506e-05
13.76 1.070348392609026e-05
13.77 1.0657604477188293e-05
13.780000000000001 1.061192240981398e-05
13.790000000000001 1.0566436869294245e-05
13.8 1.0521147003456838e-05
13.81 1.047605196338052e-05
13.82 1.0431150905604116e-05
13.83 1.0386442990395872e-05
13.84 1.0341927381404913e-05
13.85 1.0297603245562711e-05
13.86 1.0253469753775614e-05
13.870000000000001 1.0209526080354425e-05
13.88 1.0165771403380834e-05
13.89 1.0122204904793917e-05
13.9 1.007882576873596e-05
13.91 1.0035633183759186e-05
13.92 9.992626342660285e-06
13.93 9.949804441502827e-06
13.94 9.907166679708852e-06
13.950000000000001 9.864712260265701e-06
13.96 9.822440389682409e-06
13.97 9.780350277703965e-06
13.98 9.738441137760133e-06
13.99 9.696712186962856e-06
14.0 9.655162643240249e-06
14.01 9.613791731181742e-06
14.02 9.572598678426602e-06
14.030000000000001 9.531582714933236e-06
14.040000000000001 9.490743074970447e-06
14.05 9.450078995479558e-06
14.06 9.409589716798786e-06
14.07 9.36927448317232e-06
14.08 9.329132541392936e-06
14.09 9.289163141669221e-06
14.1 9.249365536601468e-06
14.11 9.209738984123683e-06
14.120000000000001 9.170282744371863e-06
14.13 9.13099608095722e-06
14.14 9.091878260469443e-06
14.15 9.052928552858067e-06
14.16 9.014146231021357e-06
14.17 8.975530571749885e-06
14.18 8.937080853944218e-06
14.19 8.898796358839394e-06
14.200000000000001 8.860676372512196e-06
14.21 8.822720184377698e-06
14.22 8.784927086125322e-06
14.23 8.74729637306543e-06
14.24 8.709827343033952e-06
14.25 8.672519297368325e-06
14.26 8.635371540400952e-06
14.27 8.598383379208921e-06
14.280000000000001 8.561554123992598e-06
14.290000000000001 8.524883086962983e-06
14.3 8.488369585214789e-06
14.31 8.452012938079612e-06
14.32 8.415812468023768e-06
14.33 8.379767499997313e-06
14.34 8.343877362423364e-06
14.35 8.308141386269621e-06
14.36 8.272558905816107e-06
14.370000000000001 8.2371292578914e-06
14.38 8.201851780961194e-06
14.39 8.166725817980587e-06
14.4 8.131750715184384e-06
14.41 8.096925820691902e-06
14.42 8.062250486110195e-06
14.43 8.027724065327431e-06
14.44 7.993345915449513e-06
14.450000000000001 7.95911539606441e-06
14.46 7.925031869893055e-06
14.47 7.89109470192247e-06
14.48 7.857303259162471e-06
14.49 7.823656913154047e-06
14.5 7.790155037894359e-06
14.51 7.7567970092814e-06
14.52 7.72358220637734e-06
14.530000000000001 7.69051001134735e-06
14.540000000000001 7.657579808182775e-06
14.55 7.6247909842802465e-06
14.56 7.59214292941448e-06
14.57 7.5596350349670866e-06
14.58 7.527266696030977e-06
14.59 7.495037310798867e-06
14.6 7.462946279678385e-06
14.61 7.430993005607475e-06
14.620000000000001 7.399176894238559e-06
14.63 7.36749735366947e-06
14.64 7.3359537946764215e-06
14.65 7.304545630638239e-06
14.66 7.27327227719958e-06
14.67 7.242133151769737e-06
14.68 7.211127676079642e-06
14.69 7.1802552735246755e-06
14.700000000000001 7.149515370176967e-06
14.71 7.118907394458496e-06
14.72 7.0884307773887194e-06
14.73 7.058084952513102e-06
14.74 7.027869355527349e-06
14.75 6.997783425184646e-06
14.76 6.967826601057412e-06
14.77 6.937998326387456e-06
14.780000000000001 6.908298047264881e-06
14.790000000000001 6.878725211859528e-06
14.8 6.849279270639589e-06
14.81 6.819959676489247e-06
14.82 6.790765884617913e-06
14.83 6.76169735264796e-06
14.84 6.732753540596302e-06
14.85 6.7039339108864825e-06
14.86 6.675237926902616e-06
14.870000000000001 6.646665056650857e-06
14.88 6.618214769038181e-06
14.89 6.589886536182061e-06
14.9 6.5616798316601466e-06
14.91 6.533594131793746e-06
14.92 6.505628915227992e-06
14.93 6.4777836626507494e-06
14.94 6.450057857053886e-06
14.950000000000001 6.422450983055032e-06
14.96 6.394962527698245e-06
14.97 6.367591981427598e-06
14.98 6.340338836065657e-06
14.99 6.313202585806863e-06
15.0 6.286182726975484e-06
15.01 6.259278758194503e-06
15.02 6.232490180090555e-06
15.030000000000001 6.205816495725298e-06
15.040000000000001 6.179257209896803e-06
15.05 6.152811829078193e-06
15.06 6.126479863063135e-06
15.07 6.1002608233684455e-06
15.08 6.07415422371259e-06
15.09 6.048159579660938e-06
15.1 6.022276409212294e-06
15.11 5.996504231978363e-06
15.120000000000001 5.970842570397069e-06
15.13 5.9452909482522695e-06
15.14 5.91984889125595e-06
15.15 5.894515926984745e-06
15.16 5.869291586335123e-06
15.17 5.8441754015830745e-06
15.18 5.8191669070621574e-06
15.19 5.794265639017971e-06
15.200000000000001 5.769471135884229e-06
15.21 5.74478293803943e-06
15.22 5.7202005875537965e-06
15.23 5.695723629149153e-06
15.24 5.671351608083033e-06
15.25 5.647084073114961e-06
15.26 5.622920574449406e-06
15.27 5.598860664573189e-06
15.280000000000001 5.57490389714333e-06
15.290000000000001 5.551049828713609e-06
15.3 5.527298016993624e-06
15.31 5.503648022048446e-06
15.32 5.480099405666299e-06
15.33 5.456651731135126e-06
15.34 5.433304563413955e-06
15.35 5.410057470636095e-06
15.36 5.3869100221799235e-06
15.370000000000001 5.363861789228766e-06
15.38 5.340912344947921e-06
15.39 5.318061264145157e-06
15.4 5.2953081237456514e-06
15.41 5.272652502409046e-06
15.42 5.250093980380426e-06
15.43 5.227632139428846e-06
15.44 5.205266563790626e-06
15.450000000000001 5.182996839507623e-06
15.46 5.160822554327871e-06
15.47 5.1387432975915046e-06
15.48 5.116758660641818e-06
15.49 5.0948682363756656e-06
15.5 5.07307161977564e-06
15.51 5.051368407217853e-06
15.52 5.029758196885839e-06
15.530000000000001 5.008240587940144e-06
15.540000000000001 4.986815182715588e-06
15.55 4.965481584747105e-06
15.56 4.94423939936536e-06
15.57 4.923088233127022e-06
15.58 4.9020276950019185e-06
15.59 4.881057394991598e-06
15.6 4.860176945478849e-06
15.610000000000001 4.839385959682735e-06
15.620000000000001 4.818684052682644e-06
15.63 4.798070841407641e-06
15.64 4.777545944864385e-06
15.65 4.75710898313915e-06
15.66 4.736759578496863e-06
15.67 4.716497354379262e-06
15.68 4.696321935907479e-06
15.69 4.676232950178187e-06
15.700000000000001 4.656230025549877e-06
15.71 4.636312791902545e-06
15.72 4.616480880254268e-06
15.73 4.59673392437659e-06
15.74 4.577071559134533e-06
15.75 4.5574934209138565e-06
15.76 4.537999147875329e-06
15.77 4.518588379470859e-06
15.780000000000001 4.499260756780775e-06
15.790000000000001 4.480015922634999e-06
15.8 4.460853521224753e-06
15.81 4.44177319771441e-06
15.82 4.422774599626615e-06
15.83 4.403857375662293e-06
15.84 4.385021176595274e-06
15.85 4.366265653869907e-06
15.860000000000001 4.347590461130019e-06
15.870000000000001 4.328995253159781e-06
15.88 4.31047968635761e-06
15.89 4.292043418526414e-06
15.9 4.27368610886377e-06
15.91 4.25540741749554e-06
15.92 4.237207007130397e-06
15.93 4.219084541507782e-06
15.94 4.201039685836458e-06
15.950000000000001 4.183072106674721e-06
15.96 4.165181472159867e-06
15.97 4.147367451726244e-06
15.98 4.12962971628892e-06
15.99 4.111967938348295e-06
16.0 4.0943817915168754e-06
16.01 4.07687095108716e-06
16.02 4.0594350936733495e-06
16.03 4.042073896938915e-06
16.04 4.024787039257536e-06
16.05 4.0075742020672804e-06
16.06 3.99043506756306e-06
16.07 3.97336931939522e-06
16.080000000000002 3.9563766424712905e-06
16.09 3.9394567228047944e-06
16.1 3.922609248220267e-06
16.11 3.905833907571418e-06
16.12 3.889130391162775e-06
16.13 3.872498390771529e-06
16.14 3.855937599144151e-06
16.15 3.83944771081967e-06
16.16 3.823028421061413e-06
16.17 3.8066794254737334e-06
16.18 3.7904004228945356e-06
16.19 3.7741911133297555e-06
16.2 3.7580511975574565e-06
16.21 3.7419803776933356e-06
16.22 3.725978357112447e-06
16.23 3.7100448406620732e-06
16.240000000000002 3.694179534231232e-06
16.25 3.6783821448841112e-06
16.26 3.662652381457267e-06
16.27 3.6469899535203275e-06
16.28 3.631394572278411e-06
16.29 3.615865949760283e-06
16.3 3.6004037978634827e-06
16.31 3.5850078318354893e-06
16.32 3.5696777684674717e-06
16.330000000000002 3.5544133246889595e-06
16.34 3.539214218911652e-06
16.35 3.524080171064356e-06
16.36 3.5090109016041914e-06
16.37 3.4940061328142377e-06
16.38 3.4790655878810736e-06
16.39 3.4641889912456842e-06
16.4 3.4493760686749946e-06
16.41 3.4346265468279053e-06
16.42 3.4199401538920023e-06
16.43 3.405316617195152e-06
16.44 3.390755667599021e-06
16.45 3.3762570372703417e-06
16.46 3.361820458761082e-06
16.47 3.3474456658563836e-06
16.48 3.333132393746984e-06
16.490000000000002 3.3188803781715245e-06
16.5 3.304689356592157e-06
16.51 3.2905590674435684e-06
16.52 3.276489250007435e-06
16.53 3.262479645140057e-06
16.54 3.248529994472478e-06
16.55 3.2346400409728486e-06
16.56 3.2208095271820613e-06
16.57 3.2070381981111454e-06
16.580000000000002 3.19332580084715e-06
16.59 3.179672082554011e-06
16.6 3.1660767915902196e-06
16.61 3.152539677369131e-06
16.62 3.1390604904562176e-06
16.63 3.1256389824138645e-06
16.64 3.1122749057409965e-06
16.65 3.0989680144942333e-06
16.66 3.085718063222345e-06
16.67 3.0725248079265097e-06
16.68 3.059388005459406e-06
16.69 3.04630741265982e-06
16.7 3.0332827881988538e-06
16.71 3.0203138930512074e-06
16.72 3.0074004881131643e-06
16.73 2.9945423356098953e-06
16.740000000000002 2.981739198570513e-06
16.75 2.968990841148124e-06
16.76 2.9562970285050754e-06
16.77 2.943657526817838e-06
16.78 2.9310721031376237e-06
16.79 2.9185405257822527e-06
16.8 2.906062563993135e-06
16.81 2.8936379878745894e-06
16.82 2.881266567676531e-06
16.830000000000002 2.8689480749451146e-06
16.84 2.856682283783769e-06
16.85 2.8444689682473164e-06
16.86 2.8323079035451986e-06
16.87 2.8201988654711614e-06
16.88 2.8081416311713736e-06
16.89 2.7961359786393062e-06
16.9 2.7841816867175354e-06
16.91 2.7722785352680854e-06
16.92 2.760426305212738e-06
16.93 2.748624778276477e-06
16.94 2.7368737371673033e-06
16.95 2.7251729650010654e-06
16.96 2.7135222453086343e-06
16.97 2.7019213646920834e-06
16.98 2.6903701095466264e-06
16.990000000000002 2.6788682672385805e-06
17.0 2.66741562596891e-06
17.01 2.6560119748911164e-06
17.02 2.6446571041457618e-06
17.03 2.6333508046776407e-06
17.04 2.622092868314478e-06
17.05 2.6108830879328687e-06
17.06 2.599721257189625e-06
17.07 2.588607170616574e-06
17.080000000000002 2.57754062319189e-06
17.09 2.5665214102506657e-06
17.1 2.5555493298898276e-06
17.11 2.544624180375913e-06
17.12 2.5337457604011683e-06
17.13 2.522913869890618e-06
17.14 2.5121283095808073e-06
17.150000000000002 2.501388880732384e-06
17.16 2.490695385997491e-06
17.17 2.4800476284477183e-06
17.18 2.469445412177243e-06
17.19 2.458888542170283e-06
17.2 2.4483768241315903e-06
17.21 2.4379100643771855e-06
17.22 2.4274880691957085e-06
17.23 2.417110647664202e-06
17.240000000000002 2.40677760906052e-06
17.25 2.3964887632272147e-06
17.26 2.3862439207904844e-06
17.27 2.3760428933612264e-06
17.28 2.3658854932555e-06
17.29 2.3557715335239842e-06
17.3 2.345700828244351e-06
17.31 2.33567319208333e-06
17.32 2.3256884406913246e-06
17.330000000000002 2.3157463902681398e-06
17.34 2.3058468578667113e-06
17.35 2.295989660172569e-06
17.36 2.286174616720853e-06
17.37 2.2764015471006984e-06
17.38 2.2666702715575e-06
17.39 2.256980611093588e-06
17.400000000000002 2.2473323875130804e-06
17.41 2.2377254233147055e-06
17.42 2.2281595418620354e-06
17.43 2.2186345672759167e-06
17.44 2.2091503243620877e-06
17.45 2.1997066386328217e-06
17.46 2.190303336621169e-06
17.47 2.1809402451249343e-06
17.48 2.1716171909337674e-06
17.490000000000002 2.1623340032502417e-06
17.5 2.153090511551709e-06
17.51 2.1438865459503406e-06
17.52 2.13472193708197e-06
17.53 2.12559651647542e-06
17.54 2.1165101164126662e-06
17.55 2.10746256970211e-06
17.56 2.098453710216783e-06
17.57 2.0894833720383828e-06
17.580000000000002 2.0805513905514787e-06
17.59 2.0716576013585938e-06
17.6 2.0628018410535945e-06
17.61 2.0539839456085252e-06
17.62 2.0452037535421907e-06
17.63 2.036461103686642e-06
17.64 2.0277558352771647e-06
17.650000000000002 2.01908778825978e-06
17.66 2.010456803441813e-06
17.67 2.0018627220117055e-06
17.68 1.9933053860498715e-06
17.69 1.984784638312535e-06
17.7 1.9763003221364546e-06
17.71 1.9678522815928657e-06
17.72 1.9594403615230136e-06
17.73 1.951064407096794e-06
17.740000000000002 1.9427242636686805e-06
17.75 1.934419778050368e-06
17.76 1.9261507980245e-06
17.77 1.9179171717154354e-06
17.78 1.909718747611752e-06
17.79 1.901555375184451e-06
17.8 1.8934269043587855e-06
17.81 1.885333185728865e-06
17.82 1.8772740706690105e-06
17.830000000000002 1.8692494109589456e-06
17.84 1.8612590592981392e-06
17.85 1.8533028687316996e-06
17.86 1.8453806931364175e-06
17.87 1.837492386138001e-06
17.88 1.829637802816623e-06
17.89 1.8218167994032962e-06
17.900000000000002 1.8140292320196527e-06
17.91 1.8062749576612317e-06
17.92 1.7985538338510934e-06
17.93 1.7908657186873404e-06
17.94 1.7832104709728745e-06
17.95 1.7755879499994324e-06
17.96 1.7679980158054514e-06
17.97 1.7604405289601398e-06
17.98 1.7529153505547254e-06
17.990000000000002 1.7454223424309475e-06
18.0 1.7379613662440378e-06
18.01 1.7305322848194696e-06
18.02 1.723134962131094e-06
18.03 1.7157692623423456e-06
18.04 1.7084350501149787e-06
18.05 1.7011321907251229e-06
18.06 1.693860549971579e-06
18.07 1.6866199943901942e-06
18.080000000000002 1.6794103908336576e-06
18.09 1.6722316070724048e-06
18.1 1.6650835110869996e-06
18.11 1.6579659717094642e-06
18.12 1.650878858174668e-06
18.13 1.6438220398212453e-06
18.14 1.6367953866951182e-06
18.150000000000002 1.6297987702603015e-06
18.16 1.6228320621227385e-06
18.17 1.615895134218529e-06
18.18 1.6089878591896952e-06
18.19 1.6021101101103946e-06
18.2 1.5952617607740784e-06
18.21 1.588442685364307e-06
18.22 1.5816527586351282e-06
18.23 1.5748918559431828e-06
18.240000000000002 1.5681598531972569e-06
18.25 1.561456626605501e-06
18.26 1.5547820528511786e-06
18.27 1.5481360089020882e-06
18.28 1.5415183731863193e-06
18.29 1.5349290242744994e-06
18.3 1.5283678411269757e-06
18.31 1.5218347032445757e-06
18.32 1.515329490714348e-06
18.330000000000002 1.5088520840407676e-06
18.34 1.5024023643320756e-06
18.35 1.4959802131866656e-06
18.36 1.489585512602141e-06
18.37 1.4832181452844698e-06
18.38 1.4768779943058968e-06
18.39 1.4705649429127274e-06
18.400000000000002 1.4642788747413585e-06
18.41 1.4580196748969277e-06
18.42 1.4517872284948752e-06
18.43 1.445581421059023e-06
18.44 1.4394021387020377e-06
18.45 1.4332492679914008e-06
18.46 1.4271226959323164e-06
18.47 1.4210223100616886e-06
18.48 1.4149479983911522e-06
18.490000000000002 1.4088996494646298e-06
18.5 1.4028771521496312e-06
18.51 1.3968803960784003e-06
18.52 1.3909092708183103e-06
18.53 1.384963666143869e-06
18.54 1.379043473535512e-06
18.55 1.3731485843441782e-06
18.56 1.3672788902733512e-06
18.57 1.3614342836703556e-06
18.580000000000002 1.3556146571913163e-06
18.59 1.3498199040303528e-06
18.6 1.3440499178294088e-06
18.61 1.338304592670174e-06
18.62 1.3325838231722552e-06
18.63 1.3268875042731753e-06
18.64 1.321215531420884e-06
18.650000000000002 1.3155678004025713e-06
18.66 1.3099442069378372e-06
18.67 1.3043446482919681e-06
18.68 1.2987690217469265e-06
18.69 1.293217224925522e-06
18.7 1.2876891560000443e-06
18.71 1.2821847134537485e-06
18.72 1.2767037963268785e-06
18.73 1.271246303930942e-06
18.740000000000002 1.2658121362651291e-06
18.75 1.2604011934482444e-06
18.76 1.2550133762897817e-06
18.77 1.2496485858753724e-06
18.78 1.2443067237264968e-06
18.79 1.238987691141708e-06
18.8 1.233691390879853e-06
18.81 1.2284177259180842e-06
18.82 1.2231665993839775e-06
18.830000000000002 1.2179379149986653e-06
18.84 1.2127315767968e-06
18.85 1.2075474891970867e-06
18.86 1.202385557110994e-06
18.87 1.1972456858440092e-06
18.88 1.192127780943447e-06
18.89 1.1870317487291706e-06
18.900000000000002 1.1819574955753551e-06
18.91 1.1769049282866681e-06
18.92 1.1718739536498869e-06
18.93 1.1668644796138928e-06
18.94 1.1618764144128113e-06
18.95 1.1569096664892738e-06
18.96 1.1519641447559836e-06
18.97 1.147039758438468e-06
18.98 1.1421364171563937e-06
18.990000000000002 1.1372540310244173e-06
19.0 1.1323925104019935e-06
19.01 1.1275517661180698e-06
19.02 1.122731709336115e-06
19.03 1.1179322517073444e-06
19.04 1.1131533050939956e-06
19.05 1.108394781266931e-06
19.06 1.1036565931851727e-06
19.07 1.0989386540291002e-06
19.080000000000002 1.0942408772609785e-06
19.09 1.089563176706609e-06
19.1 1.084905466535363e-06
19.11 1.0802676613101671e-06
19.12 1.0756496758851175e-06
19.13 1.0710514256471496e-06
19.14 1.0664728261785926e-06
19.150000000000002 1.0619137934654706e-06
19.16 1.057374243988448e-06
19.17 1.0528540943634928e-06
19.18 1.0483532612476288e-06
19.19 1.0438716620827972e-06
19.2 1.0394092149875755e-06
19.21 1.0349658380474565e-06
19.22 1.0305414497269322e-06
19.23 1.0261359688635501e-06
19.240000000000002 1.021749314654008e-06
19.25 1.0173814067013758e-06
19.26 1.0130321647492528e-06
19.27 1.0087015091287728e-06
19.28 1.004389360367143e-06
19.29 1.0000956393584973e-06
19.3 9.958202674124117e-07
19.31 9.915631656167722e-07
19.32 9.873242559357282e-07
19.330000000000002 9.831034608253512e-07
19.34 9.789007028979693e-07
19.35 9.747159050137905e-07
19.36 9.705489904564257e-07
19.37 9.663998827623103e-07
19.38 9.622685058551544e-07
19.39 9.581547839528311e-07
19.400000000000002 9.540586415906339e-07
19.41 9.499800036639252e-07
19.42 9.459187953405867e-07
19.43 9.418749422141606e-07
19.44 9.378483697189442e-07
19.45 9.338390038864978e-07
19.46 9.298467715390589e-07
19.47 9.258715993195208e-07
19.48 9.219134144363174e-07
19.490000000000002 9.17972144212015e-07
19.5 9.140477164665738e-07
19.51 9.10140059068603e-07
19.52 9.062491004692291e-07
19.53 9.023747692722102e-07
19.54 8.98516994459164e-07
19.55 8.946757052424649e-07
19.56 8.908508312222596e-07
19.57 8.870423019617439e-07
19.580000000000002 8.832500474176323e-07
19.59 8.794739983438966e-07
19.6 8.757140855138653e-07
19.61 8.719702399308259e-07
19.62 8.682423929735844e-07
19.63 8.645304762098457e-07
19.64 8.608344216650284e-07
19.650000000000002 8.571541614628521e-07
19.66 8.534896281709673e-07
19.67 8.498407545961159e-07
19.68 8.462074738080196e-07
19.69 8.42589719154646e-07
19.7 8.389874241913541e-07
19.71 8.354005225008965e-07
19.72 8.318289486479499e-07
19.73 8.282726371293487e-07
19.740000000000002 8.247315227589473e-07
19.75 8.212055405516599e-07
19.76 8.176946258524923e-07
19.77 8.141987143567839e-07
19.78 8.107177418534664e-07
19.79 8.072516445477068e-07
19.8 8.038003589204723e-07
19.81 8.003638216716795e-07
19.82 7.96941969741843e-07
19.830000000000002 7.935347403261657e-07
19.84 7.90142070587146e-07
19.85 7.867638986128726e-07
19.86 7.83400162492024e-07
19.87 7.800508004938199e-07
19.88 7.767157512482942e-07
19.89 7.733949535871464e-07
19.900000000000002 7.700883465955765e-07
19.91 7.667958696694292e-07
19.92 7.635174624466699e-07
19.93 7.602530647740919e-07
19.94 7.570026168546843e-07
19.95 7.537660590357709e-07
19.96 7.505433319325483e-07
19.97 7.473343760686667e-07
19.98 7.441391329265242e-07
19.990000000000002 7.40957543876184e-07
20.0 7.377895506481804e-07
20.01 7.346350951116147e-07
20.02 7.314941194264226e-07
20.03 7.283665660348499e-07
20.04 7.252523775249066e-07
20.05 7.221514968815398e-07
20.06 7.190638672013253e-07
20.07 7.159894318649068e-07
20.080000000000002 7.12928134561856e-07
20.09 7.09879919047577e-07
20.1 7.068447291341252e-07
20.11 7.038225093485477e-07
20.12 7.00813204359571e-07
20.13 6.978167590029556e-07
20.14 6.948331183184582e-07
20.150000000000002 6.918622275853216e-07
20.16 6.88904032333109e-07
20.17 6.85958478348002e-07
20.18 6.830255116389166e-07
20.19 6.801050783984001e-07
20.2 6.771971250930844e-07
20.21 6.743015984010825e-07
20.22 6.714184452315759e-07
20.23 6.685476124024647e-07
20.240000000000002 6.656890473749985e-07
20.25 6.628426978997742e-07
20.26 6.600085117513786e-07
20.27 6.571864369627517e-07
20.28 6.54376421786638e-07
20.29 6.515784147230409e-07
20.3 6.487923644514289e-07
20.31 6.460182199091314e-07
20.32 6.432559302618907e-07
20.330000000000002 6.405054448032634e-07
20.34 6.377667131498993e-07
20.35 6.35039685063944e-07
20.36 6.323243102786504e-07
20.37 6.296205391017523e-07
20.38 6.269283220184941e-07
20.39 6.242476097371046e-07
20.400000000000002 6.215783530650802e-07
20.41 6.189205030764285e-07
20.42 6.162740110448089e-07
20.43 6.136388284264785e-07
20.44 6.11014906956037e-07
20.45 6.084021984805549e-07
20.46 6.058006551344777e-07
20.47 6.032102292037112e-07
20.48 6.00630873269243e-07
20.490000000000002 5.980625396136867e-07
20.5 5.955051813451877e-07
20.51 5.929587516842262e-07
20.52 5.904232038558932e-07
20.53 5.878984914726892e-07
20.54 5.853845681829548e-07
20.55 5.828813878957871e-07
20.56 5.803889048035987e-07
20.57 5.77907073074656e-07
20.580000000000002 5.754358473471954e-07
20.59 5.729751822188355e-07
20.6 5.705250326605967e-07
20.61 5.680853536539444e-07
20.62 5.656561003594494e-07
20.63 5.632372281458569e-07
20.64 5.608286928659821e-07
20.650000000000002 5.584304503113132e-07
20.66 5.56042456544323e-07
20.67 5.536646677766195e-07
20.68 5.512970404190461e-07
20.69 5.489395310563124e-07
20.7 5.46592096469326e-07
20.71 5.442546936516812e-07
20.72 5.419272796922987e-07
20.73 5.396098120149483e-07
20.740000000000002 5.373022480545586e-07
20.75 5.350045453549669e-07
20.76 5.327166617398799e-07
20.77 5.304385554031161e-07
20.78 5.28170184596698e-07
20.79 5.259115077180454e-07
20.8 5.236624833658332e-07
20.81 5.214230702783046e-07
20.82 5.191932274583141e-07
20.830000000000002 5.169729139626709e-07
20.84 5.147620891415021e-07
20.85 5.12560712441154e-07
20.86 5.103687435290771e-07
20.87 5.081861421720162e-07
20.88 5.060128682508638e-07
20.89 5.038488818423554e-07
20.900000000000002 5.016941433694915e-07
20.91 4.995486133748897e-07
20.92 4.974122525315982e-07
20.93 4.952850216161657e-07
20.94 4.931668817186976e-07
20.95 4.910577938963643e-07
20.96 4.889577195944402e-07
20.97 4.868666202443309e-07
20.98 4.847844575459746e-07
20.990000000000002 4.827111932897973e-07
21.0 4.80646789517557e-07
21.01 4.785912082514012e-07
21.02 4.765444116646269e-07
21.03 4.745063623723547e-07
21.04 4.7247702307801153e-07
21.05 4.704563564835048e-07
21.06 4.6844432567604526e-07
21.07 4.664408936326898e-07
21.080000000000002 4.6444602368574933e-07
21.09 4.624596792822537e-07
21.1 4.6048182397458594e-07
21.11 4.5851242152311737e-07
21.12 4.565514357938073e-07
21.13 4.54598830911031e-07
21.14 4.5265457089710453e-07
21.150000000000002 4.507186200363554e-07
21.16 4.487909429141001e-07
21.17 4.468715042565296e-07
21.18 4.449602688364327e-07
21.19 4.430572016517849e-07
21.2 4.411622677771286e-07
21.21 4.3927543250363605e-07
21.22 4.3739666118606587e-07
21.23 4.3552591944635243e-07
21.240000000000002 4.3366317296906207e-07
21.25 4.3180838757644994e-07
21.26 4.2996152929957333e-07
21.27 4.2812256422178195e-07
21.28 4.262914584364801e-07
21.29 4.244681785415939e-07
21.3 4.2265269108976173e-07
21.31 4.208449628429872e-07
21.32 4.190449606144084e-07
21.330000000000002 4.17252651432728e-07
21.34 4.154680024192875e-07
21.35 4.1369098088183674e-07
21.36 4.119215542179383e-07
21.37 4.101596899951731e-07
21.38 4.0840535593204946e-07
21.39 4.066585198525599e-07
21.400000000000002 4.0491914968938057e-07
21.41 4.031872133342619e-07
21.42 4.0146267919232786e-07
21.43 3.997455157082851e-07
21.44 3.980356913255305e-07
21.45 3.963331747444998e-07
21.46 3.946379347309249e-07
21.47 3.929499402235985e-07
21.48 3.912691602713173e-07
21.490000000000002 3.8959556403067567e-07
21.5 3.879291208379707e-07
21.51 3.862698001569173e-07
21.52 3.8461757155692833e-07
21.53 3.82972404719019e-07
21.54 3.81334269327276e-07
21.55 3.797031354379269e-07
21.56 3.780789731830705e-07
21.57 3.764617527717246e-07
21.580000000000002 3.7485144455331426e-07
21.59 3.732480190472781e-07
21.6 3.71651446784078e-07
21.61 3.7006169853146604e-07
21.62 3.6847874515331574e-07
21.63 3.6690255762149316e-07
21.64 3.653331070220588e-07
21.650000000000002 3.6377036460504493e-07
21.66 3.622143017061698e-07
21.67 3.6066488955294613e-07
21.68 3.5912209987276014e-07
21.69 3.5758590442607206e-07
21.7 3.560562750201089e-07
21.71 3.545331836293697e-07
21.72 3.530166023397036e-07
21.73 3.5150650328811674e-07
21.740000000000002 3.50002858863995e-07
21.75 3.4850564142863637e-07
21.76 3.470148235972513e-07
21.77 3.4553037795259235e-07
21.78 3.440522773727705e-07
21.79 3.425804946884515e-07
21.8 3.4111500281223313e-07
21.81 3.396557748939032e-07
21.82 3.3820278423941215e-07
21.830000000000002 3.367560041943499e-07
21.84 3.3531540825107484e-07
21.85 3.3388096998092894e-07
21.86 3.3245266310833055e-07
21.87 3.3103046138769974e-07
21.88 3.296143387952008e-07
21.89 3.282042693667426e-07
21.900000000000002 3.2680022720420246e-07
21.91 3.2540218662537436e-07
21.92 3.240101219628681e-07
21.93 3.2262400752916874e-07
21.94 3.2124381792861547e-07
21.95 3.1986952793962084e-07
21.96 3.1850111235246985e-07
21.97 3.171385460860387e-07
21.98 3.1578180416033907e-07
21.990000000000002 3.144308616800769e-07
22.0 3.1308569386604725e-07
22.01 3.117462760998169e-07
22.02 3.104125837509996e-07
22.03 3.090845924395187e-07
22.04 3.0776227776531777e-07
22.05 3.064456154961691e-07
22.06 3.05134581393232e-07
22.07 3.0382915140676976e-07
22.080000000000002 3.0252930163721966e-07
22.09 3.0123500829397444e-07
22.1 2.9994624761465e-07
22.11 2.98662995948378e-07
22.12 2.973852298309846e-07
22.13 2.9611292578096363e-07
22.14 2.948460604418411e-07
22.150000000000002 2.935846106509653e-07
22.16 2.923285532415369e-07
22.17 2.9107786519081955e-07
22.18 2.898325235619051e-07
22.19 2.8859250541369073e-07
22.2 2.873577880013155e-07
22.21 2.861283487238746e-07
22.22 2.84904165062672e-07
22.23 2.836852145678164e-07
22.240000000000002 2.824714748782347e-07
22.25 2.812629237303887e-07
22.26 2.800595389774006e-07
22.27 2.788612985601534e-07
22.28 2.7766818045684747e-07
22.29 2.764801628625021e-07
22.3 2.7529722393578593e-07
22.31 2.7411934200058135e-07
22.32 2.729464954018191e-07
22.330000000000002 2.717786625335676e-07
22.34 2.7061582207504586e-07
22.35 2.69457952720079e-07
22.36 2.6830503319924585e-07
22.37 2.6715704241089074e-07
22.38 2.660139592811149e-07
22.39 2.6487576286484907e-07
22.400000000000002 2.637424322397241e-07
22.41 2.626139466741457e-07
22.42 2.614902854498236e-07
22.43 2.603714279807503e-07
22.44 2.5925735371229143e-07
22.45 2.5814804222152787e-07
22.46 2.5704347302079305e-07
22.47 2.5594362598993966e-07
22.48 2.54848480936164e-07
22.490000000000002 2.5375801776584767e-07
22.5 2.52672216511291e-07
22.51 2.51591057228e-07
22.52 2.5051452010009385e-07
22.53 2.4944258540010437e-07
22.54 2.483752334310758e-07
22.55 2.4731244465899384e-07
22.56 2.462541995699339e-07
22.57 2.4520047877346166e-07
22.580000000000002 2.4415126289149386e-07
22.59 2.431065325591896e-07
22.6 2.4206626872375176e-07
22.61 2.410304523214827e-07
22.62 2.399990643393014e-07
22.63 2.389720858675998e-07
22.64 2.3794949807712745e-07
22.650000000000002 2.369312821873198e-07
22.66 2.3591741956005423e-07
22.67 2.349078915510527e-07
22.68 2.3390267971494734e-07
22.69 2.3290176553955903e-07
22.7 2.3190513070960654e-07
22.71 2.309127569436769e-07
22.72 2.299246258956003e-07
22.73 2.2894071955214737e-07
22.740000000000002 2.27961019852529e-07
22.75 2.2698550885290377e-07
22.76 2.2601416862239814e-07
22.77 2.250469813949725e-07
22.78 2.2408392937605207e-07
22.79 2.231249949355101e-07
22.8 2.2217016048230975e-07
22.81 2.21219408487636e-07
22.82 2.202727215556902e-07
22.830000000000002 2.1933008226466505e-07
22.84 2.1839147333841908e-07
22.85 2.1745687743548962e-07
22.86 2.165262775212195e-07
22.87 2.1559965648174456e-07
22.88 2.1467699735652212e-07
22.89 2.1375828323312027e-07
22.900000000000002 2.1284349721165633e-07
22.91 2.1193262256805659e-07
22.92 2.110256425625476e-07
22.93 2.1012254055956922e-07
22.94 2.092232999916048e-07
22.95 2.0832790438226574e-07
22.96 2.074363372795223e-07
22.97 2.065485823503409e-07
22.98 2.0566462319574782e-07
22.990000000000002 2.0478444363937878e-07
23.0 2.0390802759522204e-07
23.01 2.0303535894187967e-07
23.02 2.0216642168402726e-07
23.03 2.013011998960709e-07
23.04 2.0043967768140535e-07
23.05 1.995818392708787e-07
23.06 1.9872766889048126e-07
23.07 1.9787715090156104e-07
23.080000000000002 1.9703026967247003e-07
23.09 1.9618700968516097e-07
23.1 1.9534735548920433e-07
23.11 1.9451129155242045e-07
23.12 1.9367880258168227e-07
23.13 1.9284987333556044e-07
23.14 1.9202448861935978e-07
23.150000000000002 1.912026332825529e-07
23.16 1.9038429224332617e-07
23.17 1.89569450470952e-07
23.18 1.8875809306762586e-07
23.19 1.879502050909413e-07
23.2 1.871457717727577e-07
23.21 1.863447782981408e-07
23.22 1.8554721003913007e-07
23.23 1.8475305229280305e-07
23.240000000000002 1.8396229045329345e-07
23.25 1.8317491001582373e-07
23.26 1.823908965580282e-07
23.27 1.8161023571045074e-07
23.28 1.8083291313351308e-07
23.29 1.8005891457673247e-07
23.3 1.792882258559348e-07
23.31 1.7852083279818259e-07
23.32 1.7775672135126413e-07
23.330000000000002 1.7699587747284988e-07
23.34 1.7623828720334021e-07
23.35 1.7548393668905253e-07
23.36 1.7473281203552484e-07
23.37 1.739848994286745e-07
23.38 1.7324018511299903e-07
23.39 1.724986554962266e-07
23.400000000000002 1.7176029695834582e-07
23.41 1.710250959573561e-07
23.42 1.702930389902488e-07
23.43 1.6956411264851763e-07
23.44 1.6883830350744887e-07
23.45 1.6811559831874243e-07
23.46 1.6739598376734265e-07
23.47 1.6667944666526252e-07
23.48 1.6596597388216848e-07
23.490000000000002 1.652555523121351e-07
23.5 1.6454816886735663e-07
23.51 1.638438105279377e-07
23.52 1.6314246442723723e-07
23.53 1.6244411770708116e-07
23.54 1.617487575397832e-07
23.55 1.6105637115998364e-07
23.56 1.6036694589626095e-07
23.57 1.5968046904911904e-07
23.580000000000002 1.5899692805526181e-07
23.59 1.5831631036054795e-07
23.6 1.5763860346889517e-07
23.61 1.5696379494666742e-07
23.62 1.562918724367144e-07
23.63 1.5562282357123149e-07
23.64 1.5495663609277576e-07
23.650000000000002 1.5429329779612156e-07
23.66 1.536327964806443e-07
23.67 1.529751200353855e-07
23.68 1.5232025640527388e-07
23.69 1.516681935769677e-07
23.7 1.5101891954562517e-07
23.71 1.5037242218222785e-07
23.72 1.4972868977428996e-07
23.73 1.4908771051397737e-07
23.740000000000002 1.4844947269529975e-07
23.75 1.478139645648467e-07
23.76 1.4718117448449506e-07
23.77 1.465510908228225e-07
23.78 1.4592370203393694e-07
23.79 1.45298996579883e-07
23.8 1.446769630509737e-07
23.81 1.4405758994613228e-07
23.82 1.434408659778758e-07
23.830000000000002 1.4282677979688876e-07
23.84 1.4221532013034098e-07
23.85 1.4160647576354163e-07
23.86 1.4100023553539381e-07
23.87 1.4039658831131438e-07
23.88 1.397955230274205e-07
23.89 1.3919702862770054e-07
23.900000000000002 1.3860109417474786e-07
23.91 1.3800770859680867e-07
23.92 1.3741686076069211e-07
23.93 1.3682854010532006e-07
23.94 1.3624273584102534e-07
23.95 1.3565943719254558e-07
23.96 1.3507863348428662e-07
23.97 1.3450031403358467e-07
23.98 1.3392446825940808e-07
23.990000000000002 1.3335108554584347e-07
24.0 1.3278015541246183e-07
24.01 1.3221166735767163e-07
24.02 1.3164561095450857e-07
24.03 1.310819758277542e-07
24.04 1.3052075160712643e-07
24.05 1.299619280227907e-07
24.060000000000002 1.2940549480690773e-07
24.07 1.2885144174788237e-07
24.080000000000002 1.2829975867958578e-07
24.09 1.277504354894012e-07
24.1 1.2720346210326617e-07
24.11 1.2665882844234327e-07
24.12 1.2611652428629773e-07
24.13 1.2557653963453386e-07
24.14 1.2503886479537942e-07
24.150000000000002 1.245034899003763e-07
24.16 1.2397040513153805e-07
24.17 1.2343960069407137e-07
24.18 1.2291106684080827e-07
24.19 1.2238479387421753e-07
24.2 1.2186077214774335e-07
24.21 1.2133899201202972e-07
24.22 1.2081944394592366e-07
24.23 1.2030211832948999e-07
24.240000000000002 1.1978700576425404e-07
24.25 1.1927409671147559e-07
24.26 1.1876338182248161e-07
24.27 1.1825485168846913e-07
24.28 1.1774849699042268e-07
24.29 1.1724430844935231e-07
24.3 1.1674227677016854e-07
24.310000000000002 1.1624239278590873e-07
24.32 1.1574464727489102e-07
24.330000000000002 1.1524903071091404e-07
24.34 1.1475553428628224e-07
24.35 1.1426414896607697e-07
24.36 1.1377486577360714e-07
24.37 1.1328767571195286e-07
24.38 1.1280256981075825e-07
24.39 1.1231953920115464e-07
24.400000000000002 1.1183857500457426e-07
24.41 1.1135966837838574e-07
24.42 1.1088281055034204e-07
24.43 1.1040799275596807e-07
24.44 1.0993520628092134e-07
24.45 1.0946444245055843e-07
24.46 1.0899569262615919e-07
24.47 1.0852894818422222e-07
24.48 1.0806420059727069e-07
24.490000000000002 1.0760144129596886e-07
24.5 1.07140661808655e-07
24.51 1.0668185367666131e-07
24.52 1.0622500848235802e-07
24.53 1.057701176780386e-07
24.54 1.0531717275136167e-07
24.55 1.048661655921074e-07
24.560000000000002 1.0441708796162503e-07
24.57 1.0396993162097453e-07
24.580000000000002 1.0352468833778938e-07
24.59 1.0308134996305034e-07
24.6 1.0263990832390966e-07
24.61 1.0220035534688002e-07
24.62 1.0176268295172035e-07
24.63 1.0132688309065578e-07
24.64 1.008929477672036e-07
24.650000000000002 1.0046086903900808e-07
24.66 1.000306389363068e-07
24.67 9.960224959740964e-08
24.68 9.917569313043628e-08
24.69 9.875096171678501e-08
24.7 9.832804756766989e-08
24.71 9.790694291175841e-08
24.72 9.748764000554302e-08
24.73 9.707013118838125e-08
24.740000000000002 9.66544084901138e-08
24.75 9.624046435089407e-08
24.76 9.582829131008603e-08
24.77 9.541788180314913e-08
24.78 9.500922829365312e-08
24.79 9.460232325933377e-08
24.8 9.419715926293987e-08
24.810000000000002 9.379372882958038e-08
24.82 9.339202457434774e-08
24.830000000000002 9.299203909898087e-08
24.84 9.259376507974806e-08
24.85 9.219719519554503e-08
24.86 9.180232217183474e-08
24.87 9.140913873705897e-08
24.88 9.1017637705115e-08
24.89 9.062781184645904e-08
24.900000000000002 9.023965405666941e-08
24.91 8.98531571702875e-08
24.92 8.946831409831635e-08
24.93 8.90851177846977e-08
24.94 8.870356113910377e-08
24.95 8.832363690899928e-08
24.96 8.794533829841759e-08
24.97 8.756865840817315e-08
24.98 8.719359032868171e-08
24.990000000000002 8.682012716052944e-08
25.0 8.6448262060214e-08
25.01 8.607798818117942e-08
25.02 8.570929874075983e-08
25.03 8.53421869406858e-08
25.04 8.497664605697195e-08
25.05 8.461266939293216e-08
25.060000000000002 8.425025022953282e-08
25.07 8.388938193555192e-08
25.080000000000002 8.353005787346668e-08
25.09 8.317227144676658e-08
25.1 8.281601609607024e-08
25.11 8.246128527059631e-08
25.12 8.210807244951749e-08
25.13 8.175637116744665e-08
25.14 8.140617495213639e-08
25.150000000000002 8.105747724550868e-08
25.16 8.071027151692437e-08
25.17 8.036455157999274e-08
25.18 8.002031109932185e-08
25.19 7.967754374226182e-08
25.2 7.933624321048769e-08
25.21 7.899640324863229e-08
25.22 7.865801758963039e-08
25.23 7.832108003487676e-08
25.240000000000002 7.798558440326461e-08
25.25 7.765152450906869e-08
25.26 7.73188942361117e-08
25.27 7.698768746278654e-08
25.28 7.665789811121552e-08
25.29 7.63295201244775e-08
25.3 7.600254748489449e-08
25.310000000000002 7.56769741537199e-08
25.32 7.535279418160489e-08
25.330000000000002 7.50300016052051e-08
25.34 7.470859050787748e-08
25.35 7.438855496279925e-08
25.36 7.406988888578832e-08
25.37 7.375258649234313e-08
25.38 7.343664204504358e-08
25.39 7.31220497584956e-08
25.400000000000002 7.280880383773994e-08
25.41 7.249689852259417e-08
25.42 7.218632809127736e-08
25.43 7.187708683709346e-08
25.44 7.156916907905873e-08
25.45 7.126256916100171e-08
25.46 7.095728144505306e-08
25.47 7.065330032354076e-08
25.48 7.035062022246258e-08
25.490000000000002 7.004923555967758e-08
25.5 6.97491408391625e-08
25.51 6.945033050828946e-08
25.52 6.915279909258356e-08
25.53 6.885654113165397e-08
25.54 6.856155118898023e-08
25.55 6.826782382893889e-08
25.560000000000002 6.79753536202519e-08
25.57 6.768413500226497e-08
25.580000000000002 6.739416278317384e-08
25.59 6.710543164891504e-08
25.6 6.681793631512679e-08
25.61 6.653167149312718e-08
25.62 6.624663190186685e-08
25.63 6.596281233788881e-08
25.64 6.568020755944072e-08
25.650000000000002 6.53988123872231e-08
25.66 6.511862164491936e-08
25.67 6.483963018871747e-08
25.68 6.456183288809137e-08
25.69 6.428522463770674e-08
25.7 6.400980037234648e-08
25.71 6.373555500280758e-08
25.72 6.346248352004781e-08
25.73 6.319058088477144e-08
25.740000000000002 6.291984211764427e-08
25.75 6.265026223783583e-08
25.76 6.238183629454902e-08
25.77 6.211455924277374e-08
25.78 6.18484260961553e-08
25.79 6.158343211030077e-08
25.8 6.1319572418052e-08
25.810000000000002 6.105684215555097e-08
25.82 6.079523650422059e-08
25.830000000000002 6.053475065779268e-08
25.84 6.027537982464498e-08
25.85 6.001711924704316e-08
25.86 5.975996416138932e-08
25.87 5.9503909859349636e-08
25.88 5.9248951621205603e-08
25.89 5.899508478211819e-08
25.900000000000002 5.874230465480711e-08
25.91 5.849060659909627e-08
25.92 5.823998600836735e-08
25.93 5.7990438254005864e-08
25.94 5.774195876921803e-08
25.95 5.7494542969910024e-08
25.96 5.7248186325539085e-08
25.97 5.70028843098861e-08
25.98 5.675863221099505e-08
25.990000000000002 5.651542564372599e-08
26.0 5.6273260192324635e-08
26.01 5.603213140470413e-08
26.02 5.5792034856346834e-08
26.03 5.555296611256539e-08
26.04 5.5314920802768776e-08
26.05 5.5077894544531665e-08
26.060000000000002 5.484188297286733e-08
26.07 5.460688175309412e-08
26.080000000000002 5.4372886569300787e-08
26.09 5.413989312142048e-08
26.1 5.390789713032869e-08
26.11 5.367689431621096e-08
26.12 5.3446880451233506e-08
26.13 5.321785130020503e-08
26.14 5.2989802655635883e-08
26.150000000000002 5.276273033181406e-08
26.16 5.2536630149090104e-08
26.17 5.2311497953797864e-08
26.18 5.208732956178323e-08
26.19 5.18641207213468e-08
26.2 5.1641867458898344e-08
26.21 5.142056569042779e-08
26.22 5.1200211366335006e-08
26.23 5.098080042278047e-08
26.240000000000002 5.076232883315415e-08
26.25 5.0544792574264694e-08
26.26 5.0328187650308555e-08
26.27 5.0112510078274403e-08
26.28 4.98977558968974e-08
26.29 4.9683921153717456e-08
26.3 4.947100192063146e-08
26.310000000000002 4.925899427868213e-08
26.32 4.904789434030913e-08
26.330000000000002 4.883769821810785e-08
26.34 4.862840205464135e-08
26.35 4.842000198915108e-08
26.36 4.821249421215905e-08
26.37 4.800587489513937e-08
26.38 4.78001402370872e-08
26.39 4.759528637391021e-08
26.400000000000002 4.7391309487649275e-08
26.41 4.7188205930648686e-08
26.42 4.6985971982581256e-08
26.43 4.6784603910790594e-08
26.44 4.658409801411059e-08
26.45 4.6384450612318925e-08
26.46 4.61856580256024e-08
26.47 4.598771660523109e-08
26.48 4.579062271113111e-08
26.490000000000002 4.5594372714691716e-08
26.5 4.539896300912945e-08
26.51 4.5204390010019014e-08
26.52 4.501065012112183e-08
26.53 4.481773980455522e-08
26.54 4.462565550224671e-08
26.55 4.443439368239141e-08
26.560000000000002 4.424395082086092e-08
26.57 4.405432343651156e-08
26.580000000000002 4.3865508031343084e-08
26.59 4.3677501116968016e-08
26.6 4.3490299119281165e-08
26.61 4.330389865537229e-08
26.62 4.3118296345576245e-08
26.63 4.293348877685271e-08
26.64 4.274947254355376e-08
26.650000000000002 4.256624426115647e-08
26.66 4.238380056895638e-08
26.67 4.220213810676309e-08
26.68 4.202125352847391e-08
26.69 4.184114351084736e-08
26.7 4.166180475027436e-08
26.71 4.148323393630278e-08
26.72 4.13054277965898e-08
26.73 4.112838305083497e-08
26.740000000000002 4.095209645323981e-08
26.75 4.077656475429544e-08
26.76 4.0601784733358445e-08
26.77 4.0427753170018975e-08
26.78 4.0254466867550514e-08
26.79 4.008192264870951e-08
26.8 3.9910117287793584e-08
26.810000000000002 3.9739047523128535e-08
26.82 3.9568710325892295e-08
26.830000000000002 3.9399102566182697e-08
26.84 3.9230221119293694e-08
26.85 3.906206288118754e-08
26.86 3.8894624759177047e-08
26.87 3.872790367462577e-08
26.88 3.8561896557015475e-08
26.89 3.8396600353820645e-08
26.900000000000002 3.8232012027176064e-08
26.91 3.8068128547206215e-08
26.92 3.7904946906018995e-08
26.93 3.7742464095394806e-08
26.94 3.7580677132568826e-08
26.95 3.7419583031309934e-08
26.96 3.72591788446891e-08
26.97 3.709946161155355e-08
26.98 3.6940428399690445e-08
26.990000000000002 3.678207628430334e-08
27.0 3.662440234885042e-08
27.01 3.646740361115989e-08
27.02 3.63110771730862e-08
27.03 3.615542023448244e-08
27.04 3.600042992190779e-08
27.05 3.5846103387011185e-08
27.060000000000002 3.5692437796891505e-08
27.07 3.553943031048609e-08
27.080000000000002 3.5387078130043714e-08
27.09 3.5235378437491954e-08
27.1 3.508432845401098e-08
27.11 3.4933925392159386e-08
27.12 3.4784166486391434e-08
27.13 3.463504898856832e-08
27.14 3.448657015125774e-08
27.150000000000002 3.4338727238596915e-08
27.16 3.4191517543025835e-08
27.17 3.404493834400004e-08
27.18 3.389898695512281e-08
27.19 3.375366068448152e-08
27.2 3.360895686510168e-08
27.21 3.346487282094128e-08
27.22 3.332140579597905e-08
27.23 3.317855322880163e-08
27.240000000000002 3.303631249742241e-08
27.25 3.289468099866701e-08
27.26 3.275365611952523e-08
27.27 3.261323526634687e-08
27.28 3.2473415857135905e-08
27.29 3.233419531541619e-08
27.3 3.2195571084871396e-08
27.310000000000002 3.2057540608163165e-08
27.32 3.19201013532032e-08
27.330000000000002 3.178325078424445e-08
27.34 3.1646986384673205e-08
27.35 3.151130565810068e-08
27.36 3.137620608891525e-08
27.37 3.124168520986126e-08
27.38 3.1107740536153525e-08
27.39 3.097436961186611e-08
27.400000000000002 3.084156997322552e-08
27.41 3.0709339180872596e-08
27.42 3.0577674772033e-08
27.43 3.044657424492674e-08
27.44 3.0316035272193084e-08
27.45 3.018605545582673e-08
27.46 3.005663240760652e-08
27.47 2.9927763737920316e-08
27.48 2.9799447074106967e-08
27.490000000000002 2.967168006624604e-08
27.5 2.95444603455483e-08
27.51 2.9417785585920867e-08
27.52 2.9291653452353287e-08
27.53 2.9166061619406925e-08
27.54 2.9041007777921e-08
27.55 2.891648962981113e-08
27.560000000000002 2.879250487804574e-08
27.57 2.8669051248467612e-08
27.580000000000002 2.854612646582498e-08
27.59 2.8423728266142857e-08
27.6 2.8301854398819548e-08
27.61 2.8180502620700416e-08
27.62 2.8059670712352087e-08
27.63 2.793935634557976e-08
27.64 2.781955734446903e-08
27.650000000000002 2.7700271539345682e-08
27.66 2.758149672441537e-08
27.67 2.7463230730709227e-08
27.68 2.7345471372055916e-08
27.69 2.72282164836253e-08
27.7 2.7111463897216168e-08
27.71 2.6995211476901895e-08
27.72 2.6879457081069777e-08
27.73 2.6764198568132653e-08
27.740000000000002 2.6649433830410414e-08
27.75 2.6535160750700506e-08
27.76 2.642137721891509e-08
27.77 2.6308081156108194e-08
27.78 2.6195270458400497e-08
27.79 2.608294306445706e-08
27.8 2.597109690024139e-08
27.810000000000002 2.5859729916776526e-08
27.82 2.574884004969097e-08
27.830000000000002 2.5638425254514767e-08
27.84 2.5528483419708303e-08
27.85 2.54190125820623e-08
27.86 2.5310010736877463e-08
27.87 2.520147587756487e-08
27.88 2.5093406004502062e-08
27.89 2.4985799136560764e-08
27.900000000000002 2.487865328137828e-08
27.91 2.477196647411909e-08
27.92 2.4665736742782613e-08
27.93 2.4559962141992458e-08
27.94 2.4454640716210794e-08
27.95 2.4349770534635526e-08
27.96 2.4245349657442488e-08
27.97 2.4141376167779874e-08
27.98 2.4037848152024363e-08
27.990000000000002 2.3934763705454824e-08
28.0 2.3832120924898575e-08
28.01 2.3729917928221818e-08
28.02 2.362815282873605e-08
28.03 2.352682376287072e-08
28.04 2.3425928813315362e-08
28.05 2.332546609452563e-08
28.060000000000002 2.3225433812314063e-08
28.07 2.312583012927265e-08
28.080000000000002 2.3026653202722156e-08
28.09 2.292790121276097e-08
28.1 2.2829572342291032e-08
28.11 2.2731664770797484e-08
28.12 2.2634176708278256e-08
28.13 2.2537106351270055e-08
28.14 2.2440451921144266e-08
28.150000000000002 2.234421162321579e-08
28.16 2.2248383701058437e-08
28.17 2.21529663792664e-08
28.18 2.2057957910006718e-08
28.19 2.1963356538723927e-08
28.2 2.1869160522038165e-08
28.21 2.1775368134547153e-08
28.22 2.168197764244735e-08
28.23 2.1588987323408768e-08
28.240000000000002 2.1496395475995743e-08
28.25 2.1404200319671947e-08
28.26 2.1312400186053494e-08
28.27 2.122099340583107e-08
28.28 2.1129978304234433e-08
28.29 2.1039353199703202e-08
28.3 2.0949116422903068e-08
28.310000000000002 2.0859266312709973e-08
28.32 2.0769801212350183e-08
28.330000000000002 2.068071948094036e-08
28.34 2.0592019468794775e-08
28.35 2.0503699548897605e-08
28.36 2.0415758092653283e-08
28.37 2.0328193479455546e-08
28.38 2.0241004100886078e-08
28.39 2.0154188348956213e-08
28.400000000000002 2.0067744622150123e-08
28.41 1.998167133274523e-08
28.42 1.9895966897784714e-08
28.43 1.981062973122794e-08
28.44 1.972565827061312e-08
28.45 1.964105093450237e-08
28.46 1.9556806105596367e-08
28.47 1.947292228358377e-08
28.48 1.9389397931514485e-08
28.490000000000002 1.930623150700467e-08
28.5 1.9223421484522134e-08
28.51 1.9140966328182487e-08
28.52 1.905886453097364e-08
28.53 1.8977114576238362e-08
28.54 1.889571495374047e-08
28.55 1.881466416712281e-08
28.560000000000002 1.873396072517352e-08
28.57 1.865360314145734e-08
28.580000000000002 1.8573589935661806e-08
28.59 1.8493919626614934e-08
28.6 1.841459076171652e-08
28.61 1.833560186948936e-08
28.62 1.825695149715764e-08
28.63 1.8178638198436378e-08
28.64 1.810066052645499e-08
28.650000000000002 1.802301705073952e-08
28.66 1.7945706311907885e-08
28.67 1.786872684728378e-08
28.68 1.7792077297393122e-08
28.69 1.771575624294366e-08
28.7 1.7639762278190318e-08
28.71 1.7564094006621066e-08
28.72 1.748875002829057e-08
28.73 1.7413728958138827e-08
28.740000000000002 1.7339029420578288e-08
28.75 1.726465002536445e-08
28.76 1.719058941325275e-08
28.77 1.7116846213168336e-08
28.78 1.7043419076825237e-08
28.79 1.6970306640199288e-08
28.8 1.6897507560503835e-08
28.810000000000002 1.6825020497119286e-08
28.82 1.675284411978393e-08
28.830000000000002 1.6680977090630257e-08
28.84 1.6609418089856588e-08
28.85 1.6538165800614538e-08
28.86 1.6467218908397134e-08
28.87 1.639657605083279e-08
28.88 1.6326235954373488e-08
28.89 1.625619734175511e-08
28.900000000000002 1.6186458913506955e-08
28.91 1.61170194018519e-08
28.92 1.6047877508816433e-08
28.93 1.59790319664286e-08
28.94 1.5910481509553365e-08
28.95 1.5842224877220992e-08
28.96 1.5774260801766712e-08
28.97 1.570658803799249e-08
28.98 1.5639205340831454e-08
28.990000000000002 1.557211146419739e-08
29.0 1.550530517169209e-08
29.01 1.543878523557859e-08
29.02 1.537255042654676e-08
29.03 1.5306599535587112e-08
29.04 1.5240931327435106e-08
29.05 1.517554461335389e-08
29.060000000000002 1.5110438176622872e-08
29.07 1.5045610806436034e-08
29.080000000000002 1.498106126618583e-08
29.09 1.49167884115856e-08
29.1 1.4852791059045277e-08
29.11 1.478906802350298e-08
29.12 1.4725618141238639e-08
29.13 1.4662440232615578e-08
29.14 1.4599533139526587e-08
29.150000000000002 1.4536895699312219e-08
29.16 1.4474526758649189e-08
29.17 1.4412425167439385e-08
29.18 1.4350589785952063e-08
29.19 1.428901946989779e-08
29.2 1.4227713082115533e-08
29.21 1.4166669497232458e-08
29.22 1.410588759470176e-08
29.23 1.4045366243475732e-08
29.240000000000002 1.3985104337281107e-08
29.25 1.3925100763373901e-08
29.26 1.3865354418767602e-08
29.27 1.3805864192127536e-08
29.28 1.3746628971728179e-08
29.29 1.3687647643401123e-08
29.3 1.3628919160394498e-08
29.310000000000002 1.3570442433105453e-08
29.32 1.3512216389103384e-08
29.330000000000002 1.3454239948093783e-08
29.34 1.3396512045691257e-08
29.35 1.333903161689381e-08
29.36 1.3281797604411352e-08
29.37 1.3224808946988962e-08
29.38 1.3168064600904102e-08
29.39 1.3111563518674942e-08
29.400000000000002 1.3055304653952478e-08
29.41 1.2999286978497291e-08
29.42 1.2943509452809099e-08
29.43 1.2887971052618259e-08
29.44 1.2832670751451351e-08
29.45 1.2777607533258685e-08
29.46 1.272278038117747e-08
29.47 1.266818828373389e-08
29.48 1.261383023839405e-08
29.490000000000002 1.255970519623526e-08
29.5 1.2505812182401902e-08
29.51 1.245215022047494e-08
29.52 1.2398718315110393e-08
29.53 1.234551548575698e-08
29.54 1.2292540742896909e-08
29.55 1.2239793123360056e-08
29.560000000000002 1.2187271645133824e-08
29.57 1.2134975338635412e-08
29.580000000000002 1.2082903245915994e-08
29.59 1.2031054404363634e-08
29.6 1.1979427857714135e-08
29.61 1.1928022655874105e-08
29.62 1.187683784801923e-08
29.63 1.1825872495453132e-08
29.64 1.1775125651349557e-08
29.650000000000002 1.1724596388880354e-08
29.66 1.1674283771536732e-08
29.67 1.1624186874706219e-08
29.68 1.1574304772296377e-08
29.69 1.1524636531815837e-08
29.7 1.1475181212967985e-08
29.71 1.1425937936033972e-08
29.72 1.1376905784057268e-08
29.73 1.1328083865226837e-08
29.740000000000002 1.1279471275548985e-08
29.75 1.1231067110930182e-08
29.76 1.1182870489218298e-08
29.77 1.1134880518439929e-08
29.78 1.1087096310045825e-08
29.79 1.103951698674918e-08
29.8 1.0992141672507475e-08
29.810000000000002 1.0944969488554894e-08
29.82 1.0897999571401312e-08
29.830000000000002 1.0851231046176395e-08
29.84 1.080466306007931e-08
29.85 1.0758294753246024e-08
29.86 1.0712125265967095e-08
29.87 1.0666153748357639e-08
29.88 1.0620379357746208e-08
29.89 1.0574801243530383e-08
29.900000000000002 1.0529418542049796e-08
29.91 1.048423041735117e-08
29.92 1.0439236053392911e-08
29.93 1.0394434623598344e-08
29.94 1.034982529521861e-08
29.95 1.0305407252107785e-08
29.96 1.0261179669585149e-08
29.97 1.0217141739369058e-08
29.98 1.0173292637974335e-08
