0.005 7.365094690255602e-16
0.025151515151515154 3.473464379258192e-08
0.0453030303030303 2.8313745688062562e-05
0.06545454545454546 0.0005905245998532058
0.08560606060606062 0.0012652808404437538
0.10575757575757577 0.0009357430684828453
0.12590909090909091 0.03936677711838811
0.14606060606060609 0.23665155091840326
0.16621212121212123 0.6962138880813848
0.18636363636363637 1.355536169838741
0.20651515151515154 2.0286382690394213
0.22666666666666668 2.567281248990828
0.24681818181818183 2.9221068246991626
0.26696969696969697 3.1084710846353696
0.28712121212121217 3.1639909640766906
0.3072727272727273 3.1263472366817866
0.32742424242424245 3.0262417569796436
0.3475757575757576 2.886654439276976
0.36772727272727274 2.724117075732404
0.38787878787878793 2.550263708608789
0.4080303030303031 2.373138325557009
0.4281818181818182 2.19820333888431
0.44833333333333336 2.0290645535616525
0.4684848484848485 1.8679843620220158
0.48863636363636365 1.7163031285707169
0.5087878787878788 1.5746929168463941
0.5289393939393939 1.4433550234590609
0.5490909090909092 1.322140893700816
0.5692424242424243 1.2107306739692065
0.5893939393939395 1.1086345005845826
0.6095454545454546 1.0153071218748675
0.6296969696969698 0.9301225037134571
0.6498484848484849 0.8524893009945491
0.67 0.7817909492088586
0.6901515151515152 0.7174402155368799
0.7103030303030303 0.6588867180552275
0.7304545454545455 0.6056093610727956
0.7506060606060606 0.5571213034787555
0.7707575757575759 0.5129791485108431
0.790909090909091 0.47277464256072854
0.8110606060606061 0.4361406632671505
0.8312121212121213 0.402727829420116
0.8513636363636364 0.3722378164510385
0.8715151515151516 0.34439259538206013
0.8916666666666667 0.31893781078446976
0.9118181818181819 0.29565527332259367
0.931969696969697 0.2743327432133867
0.9521212121212121 0.2547959429970139
0.9722727272727273 0.23686754550757932
0.9924242424242425 0.22041837808845363
1.0125757575757575 0.20529544639740885
1.0327272727272727 0.19138587814558125
1.0528787878787877 0.17858102049238836
1.073030303030303 0.16678285899126025
1.0931818181818183 0.15589948075692941
1.1133333333333333 0.14585445579134892
1.1334848484848485 0.13657326813043577
1.1536363636363636 0.1279915053399043
1.1737878787878788 0.12004518647187222
1.1939393939393939 0.11269006874908682
1.214090909090909 0.10586679363788795
1.2342424242424241 0.09953646202956531
1.2543939393939394 0.09365752563634226
1.2745454545454544 0.08819318113220777
1.2946969696969697 0.08311221282236084
1.314848484848485 0.07838126290465461
1.335 0.07397416138770281
1.3551515151515152 0.06986379548841509
1.3753030303030302 0.06602939253667564
1.3954545454545455 0.06244947453655103
1.4156060606060605 0.059103147204233264
1.4357575757575758 0.05597403039933688
1.4559090909090908 0.05304600433648525
1.476060606060606 0.05030283085536222
1.496212121212121 0.047732898862979475
1.5163636363636364 0.0453226932099239
1.5365151515151516 0.043060148617663406
1.5566666666666666 0.04093568226076311
1.576818181818182 0.03893918810192136
1.596969696969697 0.037061734870041045
1.6171212121212122 0.03529436101661905
1.6372727272727272 0.03363210705263915
1.6574242424242425 0.03206516096855294
1.6775757575757575 0.030587409491282195
1.6977272727272728 0.029193776119185205
1.7178787878787878 0.027878360966076855
1.738030303030303 0.026636043036609634
1.7581818181818183 0.02546207986115748
1.7783333333333333 0.02435207820514984
1.7984848484848486 0.02330196312572748
1.8186363636363636 0.022307954738854992
1.8387878787878789 0.02136631966841835
1.858939393939394 0.020474644145035047
1.8790909090909091 0.019628649606312852
1.8992424242424242 0.018826417292676156
1.9193939393939394 0.0180649265300339
1.9395454545454545 0.017341978994892322
1.9596969696969697 0.016655135404961514
1.979848484848485 0.016002246228590658
