0.005 1.2864595424729098e-16
0.025151515151515154 6.278479507169009e-09
0.0453030303030303 8.476585232902666e-06
0.06545454545454546 0.0011955441839466411
0.08560606060606062 0.047995787980552485
0.10575757575757577 0.5574540518065374
0.12590909090909091 2.294700295077932
0.14606060606060609 4.592413130013158
0.16621212121212123 6.259975729495151
0.18636363636363637 7.0746046867229895
0.20651515151515154 7.235811526714002
0.22666666666666668 6.970717297039748
0.24681818181818183 6.458108365174096
0.26696969696969697 5.826019574632934
0.28712121212121217 5.16038023217142
0.3072727272727273 4.5147881728126595
0.32742424242424245 3.9195026057001994
0.3475757575757576 3.387482279246551
0.36772727272727274 2.9241729306484205
0.38787878787878793 2.525870207867982
0.4080303030303031 2.187147027259899
0.4281818181818182 1.9008714361684491
0.44833333333333336 1.6596312889993488
0.4684848484848485 1.4564602963478233
0.48863636363636365 1.2850897854700756
0.5087878787878788 1.1401255316767986
0.5289393939393939 1.0168841597871852
0.5490909090909092 0.9116679226993414
0.5692424242424243 0.8212042776786881
0.5893939393939395 0.7430214505861036
0.6095454545454546 0.6749852913687722
0.6296969696969698 0.6154234903467944
0.6498484848484849 0.5629713883811279
0.67 0.5165059620284614
0.6901515151515152 0.4751340928786826
0.7103030303030303 0.4381133522707012
0.7304545454545455 0.4048425353999656
0.7506060606060606 0.37481755931837324
0.7707575757575759 0.3476240025281266
0.790909090909091 0.3229136990622152
0.8110606060606061 0.30039835272924725
0.8312121212121213 0.27982188895431565
0.8513636363636364 0.2609779714472604
0.8715151515151516 0.24368232344251528
0.8916666666666667 0.22777898849294892
0.9118181818181819 0.21312858927852105
0.931969696969697 0.19961215667285587
0.9521212121212121 0.18712363286219239
0.9722727272727273 0.17556956933438914
0.9924242424242425 0.16486664767531486
1.0125757575757575 0.1549367963135238
1.0327272727272727 0.1457304551459004
1.0528787878787877 0.13715902068419786
1.073030303030303 0.1291995355450387
1.0931818181818183 0.12177999494829636
1.1133333333333333 0.11486506480834216
1.1334848484848485 0.10842663994001722
1.1536363636363636 0.10240554742404519
1.1737878787878788 0.09678456074291365
1.1939393939393939 0.09152941595828439
1.214090909090909 0.08661252982124874
1.2342424242424241 0.08200849482876252
1.2543939393939394 0.07770540098894832
1.2745454545454544 0.07366300517101515
1.2946969696969697 0.06987093320922602
1.314848484848485 0.06631039433794014
1.335 0.06296292999195727
1.3551515151515152 0.05982856376067139
1.3753030303030302 0.056869742432807784
1.3954545454545455 0.05408898497398366
1.4156060606060605 0.05147066191105058
1.4357575757575758 0.04900036555956905
1.4559090909090908 0.046681863852239575
1.476060606060606 0.04448175721290446
1.496212121212121 0.0424185855962296
1.5163636363636364 0.04045757899145416
1.5365151515151516 0.03861175552283179
1.5566666666666666 0.036868507746312174
1.576818181818182 0.035220374147675135
1.596969696969697 0.03365659291132256
1.6171212121212122 0.03217920469758233
1.6372727272727272 0.030775436795614
1.6574242424242425 0.0294489379778939
1.6775757575757575 0.028197129509918376
1.6977272727272728 0.026998403325861394
1.7178787878787878 0.025862062792785155
1.738030303030303 0.024789813507853878
1.7581818181818183 0.023769702991513146
1.7783333333333333 0.022797456838549956
1.7984848484848486 0.021875232043217077
1.8186363636363636 0.020999943939483755
1.8387878787878789 0.020160758281942935
1.858939393939394 0.019372328217696855
1.8790909090909091 0.018607529440210057
1.8992424242424242 0.017887945538268203
1.9193939393939394 0.017202980084586064
1.9395454545454545 0.016547327836539387
1.9596969696969697 0.01592076168285285
1.979848484848485 0.0153242674751897
