0.005 6.389149433211518e-17
0.025151515151515154 1.2261436247727543e-10
0.0453030303030303 0.0033499764912482727
0.06545454545454546 0.25476124158683555
0.08560606060606062 0.5246667890519232
0.10575757575757577 0.8945298574505036
0.12590909090909091 1.2906932670773068
0.14606060606060609 1.6456761007819876
0.16621212121212123 1.9284400554817822
0.18636363636363637 2.1359231207882807
0.20651515151515154 2.2782959396077205
0.22666666666666668 2.368834574957531
0.24681818181818183 2.419164869219638
0.26696969696969697 2.438169682445971
0.28712121212121217 2.4322112676844356
0.3072727272727273 2.4058839859037033
0.32742424242424245 2.3625804388128344
0.3475757575757576 2.3051453997761566
0.36772727272727274 2.2360532219036697
0.38787878787878793 2.1575945524926916
0.4080303030303031 2.0718572348824726
0.4281818181818182 1.980778946084983
0.44833333333333336 1.8863261981458928
0.4684848484848485 1.7900102930753101
0.48863636363636365 1.693261262863653
0.5087878787878788 1.5972985107096203
0.5289393939393939 1.5031864352028041
0.5490909090909092 1.4115869322958936
0.5692424242424243 1.323297415542234
0.5893939393939395 1.238556247786134
0.6095454545454546 1.157811940130182
0.6296969696969698 1.0811761474175474
0.6498484848484849 1.008811207738293
0.67 0.9406944390571699
0.6901515151515152 0.8767172011677963
0.7103030303030303 0.8168479654356108
0.7304545454545455 0.7608974106535249
0.7506060606060606 0.7087205486201937
0.7707575757575759 0.6601358077802103
0.790909090909091 0.6149511909181664
0.8110606060606061 0.5729637624269941
0.8312121212121213 0.5339856417748305
0.8513636363636364 0.49781141656579264
0.8715151515151516 0.46426200254441974
0.8916666666666667 0.4331579307997965
0.9118181818181819 0.40431110960230265
0.931969696969697 0.3775890046655037
0.9521212121212121 0.35280249746477305
0.9722727272727273 0.3298262722163599
0.9924242424242425 0.3085116282313747
1.0125757575757575 0.28875746083816106
1.0327272727272727 0.27041952338729836
1.0528787878787877 0.25340449545411997
1.073030303030303 0.23760189696401782
1.0931818181818183 0.22292181231378727
1.1133333333333333 0.2092809477515941
1.1334848484848485 0.19660792693911508
1.1536363636363636 0.18480303441278345
1.1737878787878788 0.17382816128634038
1.1939393939393939 0.16360251116099994
1.214090909090909 0.15407704827766006
1.2342424242424241 0.1451964950123209
1.2543939393939394 0.13691639506249298
1.2745454545454544 0.1291786265293881
1.2946969696969697 0.12196149416267049
1.314848484848485 0.11521374388408484
1.335 0.1089065571598507
1.3551515151515152 0.10300054220685992
1.3753030303030302 0.0974847141326916
1.3954545454545455 0.09230583068926772
1.4156060606060605 0.08745578903084997
1.4357575757575758 0.08291357639246912
1.4559090909090908 0.07863555160701335
1.476060606060606 0.07464095652966314
1.496212121212121 0.07086904989421594
1.5163636363636364 0.06733422308107734
1.5365151515151516 0.06400896498283061
1.5566666666666666 0.06087203078151354
1.576818181818182 0.05792689578464331
1.596969696969697 0.055153753769761525
1.6171212121212122 0.05252866421920119
1.6372727272727272 0.050067540603090904
1.6574242424242425 0.047733439819285656
1.6775757575757575 0.045530577168588764
1.6977272727272728 0.04345812491401824
1.7178787878787878 0.04149540117036727
1.738030303030303 0.03963707523730524
1.7581818181818183 0.037879588361060104
1.7783333333333333 0.0362185827148981
1.7984848484848486 0.03463894641860841
1.8186363636363636 0.03315092662982985
1.8387878787878789 0.031735392191269675
1.858939393939394 0.030392901672047057
1.8790909090909091 0.029119595270412753
1.8992424242424242 0.02791694179696678
1.9193939393939394 0.026762568060631528
1.9395454545454545 0.025674172359769175
1.9596969696969697 0.02463754881705181
1.979848484848485 0.02365409624413989
