0.005 1.5062486677031386e-15
0.025151515151515154 6.710878119760699e-07
0.0453030303030303 0.09331645476445138
0.06545454545454546 0.2912675716287072
0.08560606060606062 0.5837371007399336
0.10575757575757577 1.0039029671199875
0.12590909090909091 1.4772164004172517
0.14606060606060609 1.9545183427109813
0.16621212121212123 2.4215055116866746
0.18636363636363637 2.8736732880402656
0.20651515151515154 3.295207594197527
0.22666666666666668 3.6564235246047456
0.24681818181818183 3.9247641265936823
0.26696969696969697 4.077969441381017
0.28712121212121217 4.111126506985413
0.3072727272727273 4.035857444357585
0.32742424242424245 3.8745713049001553
0.3475757575757576 3.6536462791169377
0.36772727272727274 3.398087200524826
0.38787878787878793 3.1284902974742805
0.4080303030303031 2.8600207026613473
0.4281818181818182 2.602716300543851
0.44833333333333336 2.3624203805065553
0.4684848484848485 2.141886690575229
0.48863636363636365 1.9417844310272567
0.5087878787878788 1.7614951492827011
0.5289393939393939 1.599694142272414
0.5490909090909092 1.4547252106356345
0.5692424242424243 1.324876478499947
0.5893939393939395 1.2084609312499517
0.6095454545454546 1.1039550726191225
0.6296969696969698 1.0099732055347812
0.6498484848484849 0.9251795888059771
0.67 0.8489921767250093
0.6901515151515152 0.7796966171823925
0.7103030303030303 0.7171207281268763
0.7304545454545455 0.6603282850437826
0.7506060606060606 0.6088436685530422
0.7707575757575759 0.5617698977276641
0.790909090909091 0.5188735875544798
0.8110606060606061 0.4799686649087511
0.8312121212121213 0.4443708475556928
0.8513636363636364 0.411703946248786
0.8715151515151516 0.3818105319431434
0.8916666666666667 0.35453700239514196
0.9118181818181819 0.3294757130986473
0.931969696969697 0.3065552790780609
0.9521212121212121 0.2852730732502896
0.9722727272727273 0.2659704995872118
0.9924242424242425 0.2480092437832453
1.0125757575757575 0.23148265772162696
1.0327272727272727 0.21631024395162568
1.0528787878787877 0.20233186494775762
1.073030303030303 0.18928539658859284
1.0931818181818183 0.17732995215404745
1.1133333333333333 0.16625348036182871
1.1334848484848485 0.15600105026323718
1.1536363636363636 0.14641051051285398
1.1737878787878788 0.13764716683351366
1.1939393939393939 0.12938112066646862
1.214090909090909 0.12177929970131188
1.2342424242424241 0.11469729281289008
1.2543939393939394 0.10809431380077474
1.2745454545454544 0.1019388778322526
1.2946969696969697 0.09622171381362506
1.314848484848485 0.09086961393080331
1.335 0.08587893612505892
1.3551515151515152 0.0812136929892734
1.3753030303030302 0.07684853460454732
1.3954545454545455 0.07277444709246597
1.4156060606060605 0.0689714906539629
1.4357575757575758 0.06534694830323244
1.4559090909090908 0.062013541088807175
1.476060606060606 0.05886289494858426
1.496212121212121 0.05590327119137218
1.5163636363636364 0.05312684989075504
1.5365151515151516 0.050512350949902335
1.5566666666666666 0.04807151799641006
1.576818181818182 0.04572585322919652
1.596969696969697 0.043560567212329857
1.6171212121212122 0.04150543390852229
1.6372727272727272 0.03957140132519482
1.6574242424242425 0.03774957882624862
1.6775757575757575 0.03600078913718031
1.6977272727272728 0.034382716491147804
1.7178787878787878 0.032846209203531644
1.738030303030303 0.03137792213114221
1.7581818181818183 0.03000560592254166
1.7783333333333333 0.02869574556859976
1.7984848484848486 0.027462627728904114
1.8186363636363636 0.0262914313968279
1.8387878787878789 0.025173779844144532
1.858939393939394 0.024118960949473557
1.8790909090909091 0.023119885661427867
1.8992424242424242 0.02216864814703179
1.9193939393939394 0.021267632525901286
1.9395454545454545 0.020405552888826832
1.9596969696969697 0.019591681435112973
1.979848484848485 0.018817222825567838
