0.0 0.0038154471716330676
0.01 0.0038019115151689603
0.02 0.003788400300420495
0.03 0.003774930801608574
0.04 0.0037615026929012523
0.05 0.003748115899286927
0.06 0.0037347703038811283
0.07 0.0037214658410568034
0.08 0.0037082024456235783
0.09 0.003694979978409851
0.1 0.0036817983788365316
0.11 0.003668657583340269
0.12 0.0036555574886205726
0.13 0.003642498009171776
0.14 0.003629479055520646
0.15 0.0036165005394218457
0.16 0.0036035623769147714
0.17 0.0035906644821905886
0.18 0.003577806765183652
0.19 0.0035649891368997183
0.2 0.003552211513519114
0.21 0.0035394738089619335
0.22 0.0035267759327117327
0.23 0.0035141177947908848
0.24 0.003501499311351977
0.25 0.003488920395923567
0.26 0.0034763809581001065
0.27 0.0034638809074256528
0.28 0.0034514201596865758
0.29 0.003438998628101679
0.3 0.003426616223111965
0.31 0.003414272853871786
0.32 0.0034019684341589336
0.33 0.003389702875682832
0.34 0.00337747609009797
0.35000000000000003 0.0033652879889860404
0.36 0.0033531384838759604
0.37 0.0033410274863932355
0.38 0.0033289549083361817
0.39 0.0033169206608983925
0.4 0.0033049246554457254
0.41000000000000003 0.003292966803309448
0.42 0.003281047015773609
0.43 0.003269165204076033
0.44 0.003257321279620978
0.45 0.0032455151545291707
0.46 0.0032337467395340915
0.47000000000000003 0.0032220159457553195
0.48 0.0032103226843754164
0.49 0.0031986668665416914
0.5 0.0031870484033704985
0.51 0.0031754672060442636
0.52 0.003163923186504038
0.53 0.003152416255562696
0.54 0.0031409463242021637
0.55 0.003129513303530263
0.56 0.0031181171046425335
0.5700000000000001 0.003106757638614448
0.58 0.00309543481654903
0.59 0.0030841485505252123
0.6 0.0030728987515635064
0.61 0.003061685330527743
0.62 0.0030505081985842076
0.63 0.0030393672669086747
0.64 0.0030282624466710048
0.65 0.0030171936490440707
0.66 0.003006160785915186
0.67 0.002995163768747661
0.68 0.0029842025084488863
0.6900000000000001 0.002973276916336957
0.7000000000000001 0.002962386903748312
0.71 0.0029515323820151497
0.72 0.0029407132625045955
0.73 0.0029299294570946837
0.74 0.0029191808778268394
0.75 0.0029084674356866236
0.76 0.0028977890422381813
0.77 0.0028871456090649116
0.78 0.002876537047783066
0.79 0.0028659632700299593
0.8 0.0028554241877595185
0.81 0.002844919713435797
0.8200000000000001 0.0028344497584002317
0.8300000000000001 0.002824014234504739
0.84 0.0028136130536648854
0.85 0.0028032461278279623
0.86 0.0027929133689975493
0.87 0.002782614689357645
0.88 0.0027723500018592543
0.89 0.0027621192182981174
0.9 0.002751922250856431
0.91 0.0027417590118677332
0.92 0.002731629413704929
0.93 0.0027215333687992268
0.9400000000000001 0.002711470789690919
0.9500000000000001 0.0027014415896968492
0.96 0.0026914456812510475
0.97 0.0026814829769375207
0.98 0.0026715533895632117
0.99 0.0026616568319883945
1.0 0.002651793217141917
1.01 0.0026419624580242204
1.02 0.0026321644683686826
1.03 0.002622399161345033
1.04 0.0026126664499806504
1.05 0.0026029662476229664
1.06 0.0025932984676927655
1.07 0.0025836630236733423
1.08 0.0025740598291263805
1.09 0.002564488798170562
1.1 0.002554949844802666
1.11 0.0025454428825620505
1.12 0.0025359678253973773
1.1300000000000001 0.0025265245873348618
1.1400000000000001 0.002517113082483307
1.1500000000000001 0.002507733225022479
1.16 0.0024983849295358894
1.17 0.0024890681108777663
1.18 0.002479782683179028
1.19 0.0024705285610286676
1.2 0.002461305659119947
1.21 0.0024521138922359922
1.22 0.0024429531752382175
1.23 0.0024338234232616565
1.24 0.0024247245519482897
1.25 0.002415656476155987
1.26 0.00240661911115663
1.27 0.0023976123723531075
1.28 0.0023886361752448637
1.29 0.0023796904354285654
1.3 0.002370775068680505
1.31 0.0023618899914090415
1.32 0.002353035119296647
1.33 0.0023442103683242945
1.34 0.002335415654656502
1.35 0.0023266508945555976
1.36 0.0023179160043900957
1.37 0.0023092109006679082
1.3800000000000001 0.0023005355005840137
1.3900000000000001 0.0022918897207404826
1.4000000000000001 0.002283273477849679
1.41 0.0022746866888825354
1.42 0.0022661292709259765
1.43 0.0022576011411695285
1.44 0.0022491022169091957
1.45 0.0022406324155575343
1.46 0.0022321916546293088
1.47 0.002223779851746742
1.48 0.0022153969246454406
1.49 0.0022070427916461893
1.5 0.002198717372129134
1.51 0.0021904205831828985
1.52 0.0021821523429969942
1.53 0.0021739125699798915
1.54 0.0021657011826550603
1.55 0.00215751809966208
1.56 0.0021493632397499127
1.57 0.0021412365217957042
1.58 0.0021331378647761216
1.59 0.0021250671877947897
1.6 0.0021170244100662773
1.61 0.0021090094525824253
1.62 0.0021010222353134455
1.6300000000000001 0.0020930626767416416
1.6400000000000001 0.0020851306966913397
1.6500000000000001 0.002077226215096534
1.6600000000000001 0.0020693491520202335
1.67 0.0020614994276494923
1.68 0.0020536769622834525
1.69 0.0020458816763522653
1.7 0.0020381134904009636
1.71 0.0020303723250990283
1.72 0.0020226581014820737
1.73 0.002014970742997846
1.74 0.002007310169579094
1.75 0.00199967630195625
1.76 0.001992069061558119
1.77 0.0019844883699338656
1.78 0.0019769341487685292
1.79 0.0019694063198673227
1.8 0.0019619048051668507
1.81 0.0019544295274073354
1.82 0.0019469804097479938
1.83 0.0019395573737140404
1.84 0.0019321603418494802
1.85 0.001924789236850763
1.86 0.0019174439815522128
1.87 0.0019101244989180835
1.8800000000000001 0.0019028307120446293
1.8900000000000001 0.0018955625442190513
1.9000000000000001 0.0018883199197560793
1.9100000000000001 0.001881102761972244
1.92 0.0018739109943201383
1.93 0.0018667445406644917
1.94 0.0018596033250015962
1.95 0.001852487271470583
1.96 0.0018453963043396039
1.97 0.0018383303480215309
1.98 0.0018312893273434796
1.99 0.001824273167614548
2.0 0.001817281793251808
2.0100000000000002 0.0018103151292680547
2.02 0.0018033731008404335
2.0300000000000002 0.0017964556332867054
2.04 0.0017895626520704946
2.05 0.001782694082789171
2.06 0.0017758498512034475
2.07 0.0017690298837968789
2.08 0.0017622341065710475
2.09 0.0017554624455381213
2.1 0.001748714827065464
2.11 0.0017419911776718907
2.12 0.001735291424019585
2.13 0.0017286154929086377
2.14 0.0017219633112889599
2.15 0.0017153348064238396
2.16 0.0017087299061125949
2.17 0.0017021485374118332
2.18 0.001695590627863364
2.19 0.0016890561051976067
2.2 0.0016825448972852975
2.21 0.0016760569321497094
2.22 0.0016695921379512612
2.23 0.0016631504430139148
2.24 0.0016567317762585581
2.25 0.0016503360663771046
2.2600000000000002 0.0016439632419299238
2.27 0.0016376132318704373
2.2800000000000002 0.0016312859652976208
2.29 0.0016249813714597752
2.3000000000000003 0.0016186993797474537
2.31 0.001612439919707043
2.32 0.0016062029211311264
2.33 0.0015999883143899278
2.34 0.0015937960292057485
2.35 0.0015876259957053342
2.36 0.0015814781442219732
2.37 0.0015753524052423457
2.38 0.0015692487093888893
2.39 0.0015631669874471628
2.4 0.0015571071703428731
2.41 0.0015510691895132217
2.42 0.0015450529763462678
2.43 0.0015390584620193094
2.44 0.001533085578106489
2.45 0.0015271342563248896
2.46 0.0015212044285551232
2.47 0.0015152960268146555
2.48 0.001509408983276448
2.49 0.0015035432303358602
2.5 0.0014976987009285142
2.5100000000000002 0.0014918753274913868
2.52 0.0014860730427706708
2.5300000000000002 0.0014802917797299428
2.54 0.0014745314714936
2.5500000000000003 0.001468792051329243
2.56 0.0014630734526560785
2.57 0.0014573756090444938
2.58 0.0014516984544734278
2.59 0.0014460419230456136
2.6 0.0014404059485725491
2.61 0.0014347904652705838
2.62 0.0014291954075050831
2.63 0.0014236207097951055
2.64 0.0014180663068084427
2.65 0.001412532133364612
2.66 0.0014070181244719934
2.67 0.0014015242156648975
2.68 0.0013960503420835748
2.69 0.0013905964391123938
2.7 0.0013851624423632256
2.71 0.0013797482876007298
2.72 0.0013743539107426092
2.73 0.0013689792478576786
2.74 0.0013636242351646093
2.75 0.0013582888092105367
2.7600000000000002 0.0013529729067820178
2.77 0.0013476764643522063
2.7800000000000002 0.0013423994187753046
2.79 0.0013371417070612843
2.8000000000000003 0.0013319032663733723
2.81 0.0013266840340259278
2.82 0.001321483947484291
2.83 0.0013163029443819972
2.84 0.0013111409628294172
2.85 0.0013059979406816315
2.86 0.0013008738159434147
2.87 0.0012957685268690843
2.88 0.0012906820118614372
2.89 0.001285614209480089
2.9 0.001280565058428284
2.91 0.0012755344975634215
2.92 0.001270522466014806
2.93 0.0012655289032150853
2.94 0.0012605537482900282
2.95 0.001255596940722985
2.96 0.0012506584201512775
2.97 0.0012457381263687069
2.98 0.0012408359993209338
2.99 0.0012359519790947592
3.0 0.001231086005945156
3.0100000000000002 0.0012262380205428592
3.02 0.0012214079634205455
3.0300000000000002 0.001216595775194824
3.04 0.0012118013967395513
3.0500000000000003 0.0012070247690750653
3.06 0.001202265833374129
3.0700000000000003 0.0011975245309562219
3.08 0.0011928008032956155
3.09 0.0011880945920875144
3.1 0.0011834058393667241
3.11 0.0011787344869012496
3.12 0.0011740804767654948
3.13 0.0011694437512048653
3.14 0.0011648242526094144
3.15 0.0011602219235254123
3.16 0.0011556367066395809
3.17 0.0011510685447941988
3.18 0.001146517381194386
3.19 0.001141983159014777
3.2 0.0011374658214493717
3.21 0.001132965311959401
3.22 0.0011284815741494528
3.23 0.0011240145517696534
3.24 0.0011195641887232577
3.25 0.0011151304290591482
3.2600000000000002 0.0011107132170198645
3.27 0.001106312497195645
3.2800000000000002 0.0011019282139519248
3.29 0.0010975603119259098
3.3000000000000003 0.0010932087359244542
3.31 0.001088873430901226
3.3200000000000003 0.0010845543419579955
3.33 0.0010802514143414632
3.34 0.001075964593446074
3.35 0.001071693824971969
3.36 0.0010674390546838222
3.37 0.0010632002283173733
3.38 0.001058977291874574
3.39 0.0010547701914963635
3.4 0.0010505788734764695
3.41 0.0010464032842458625
3.42 0.001042243370387226
3.43 0.00103809907865498
3.44 0.0010339703561332402
3.45 0.0010298571497465241
3.46 0.0010257594066447845
3.47 0.0010216770741478607
3.48 0.0010176100997224694
3.49 0.001013558430981295
3.5 0.00100952201567821
3.5100000000000002 0.0010055008017088958
3.52 0.0010014947372318406
3.5300000000000002 0.0009975037705359697
3.54 0.0009935278498519205
3.5500000000000003 0.0009895669236687213
3.56 0.0009856209406173691
3.5700000000000003 0.0009816898494723974
3.58 0.000977773599148345
3.59 0.0009738721387026433
3.6 0.0009699854173547693
3.61 0.0009661133846275933
3.62 0.000962255989946828
3.63 0.0009584131829161169
3.64 0.0009545849133166518
3.65 0.0009507711310767364
3.66 0.0009469717862519243
3.67 0.0009431868290542857
3.68 0.000939416209825383
3.69 0.0009356598791286864
3.7 0.0009319177877067284
3.71 0.000928189886235923
3.72 0.0009244761256308296
3.73 0.0009207764569529879
3.74 0.0009170908313980721
3.75 0.000913419200302399
3.7600000000000002 0.0009097615151461671
3.77 0.0009061177275451847
3.7800000000000002 0.0009024877894092754
3.79 0.0008988716525943702
3.8000000000000003 0.0008952692691047929
3.81 0.0008916805911187132
3.8200000000000003 0.0008881055709513363
3.83 0.0008845441610613053
3.84 0.0008809963140380458
3.85 0.0008774619826103212
3.86 0.0008739411196956804
3.87 0.0008704336784137643
3.88 0.0008669396118228543
3.89 0.0008634588732041463
3.9 0.0008599914159801336
3.91 0.0008565371937080844
3.92 0.0008530961600794029
3.93 0.0008496682689205356
3.94 0.0008462534741996146
3.95 0.0008428517301336009
3.96 0.0008394629909474702
3.97 0.0008360872109735614
3.98 0.0008327243447223977
3.99 0.0008293743468378498
4.0 0.0008260371721006748
4.01 0.000822712775417498
4.0200000000000005 0.0008194011118349395
4.03 0.0008161021365624384
4.04 0.0008128158050233915
4.05 0.0008095420725912778
4.0600000000000005 0.0008062808948430414
4.07 0.0008030322274941101
4.08 0.0007997960263928808
4.09 0.0007965722475155768
4.1 0.0007933608469743646
4.11 0.0007901617810071446
4.12 0.0007869750060821673
4.13 0.000783800478710931
4.14 0.0007806381554904247
4.15 0.0007774879931914866
4.16 0.0007743499487141249
4.17 0.0007712239790868009
4.18 0.0007681100414719702
4.19 0.0007650080931536271
4.2 0.00076191809157201
4.21 0.0007588399943703019
4.22 0.0007557737591751867
4.23 0.0007527193437822338
4.24 0.0007496767061277961
4.25 0.0007466458042804522
4.26 0.0007436265964282021
4.2700000000000005 0.0007406190408928218
4.28 0.0007376230961164561
4.29 0.0007346387207414364
4.3 0.000731665873495722
4.3100000000000005 0.0007287045131619167
4.32 0.0007257545987019664
4.33 0.0007228160891942185
4.34 0.0007198889438502764
4.3500000000000005 0.0007169731219992205
4.36 0.0007140685831015367
4.37 0.0007111752867502552
4.38 0.000708293192739159
4.39 0.0007054222608634927
4.4 0.0007025624510685333
4.41 0.0006997137234388503
4.42 0.0006968760381820553
4.43 0.0006940493556294411
4.44 0.0006912336362324305
4.45 0.0006884288405643708
4.46 0.0006856349293722152
4.47 0.000682851863515486
4.48 0.0006800796038957976
4.49 0.000677318111580151
4.5 0.000674567347760138
4.51 0.0006718272737454646
4.5200000000000005 0.0006690978509654702
4.53 0.0006663790409718958
4.54 0.0006636708054424778
4.55 0.0006609731062437135
4.5600000000000005 0.0006582859052597175
4.57 0.000655609164512847
4.58 0.0006529428461568029
4.59 0.000650286912463864
4.6000000000000005 0.0006476413258287199
4.61 0.0006450060487594685
4.62 0.0006423810438829442
4.63 0.0006397662739776911
4.64 0.0006371617019536938
4.65 0.0006345672907524142
4.66 0.0006319830034770666
4.67 0.0006294088033468464
4.68 0.0006268446536978316
4.69 0.0006242905179781827
4.7 0.0006217463597597133
4.71 0.0006192121427261275
4.72 0.0006166878307356492
4.73 0.0006141733876892069
4.74 0.0006116687776051774
4.75 0.0006091739646286182
4.76 0.0006066889130237443
4.7700000000000005 0.0006042135871657198
4.78 0.000601747951543215
4.79 0.0005992919707598382
4.8 0.0005968456095530782
4.8100000000000005 0.0005944088327970215
4.82 0.0005919816054027421
4.83 0.0005895638924280933
4.84 0.000587155659043064
4.8500000000000005 0.0005847568705308857
4.86 0.0005823674922854924
4.87 0.0005799874898147924
4.88 0.0005776168287331536
4.89 0.0005752554748181834
4.9 0.0005729033939051372
4.91 0.0005705605519288022
4.92 0.000568226914951992
4.93 0.0005659024491482048
4.94 0.0005635871207988062
4.95 0.0005612808962962895
4.96 0.0005589837421390172
4.97 0.0005566956249502762
4.98 0.00055441651148981
4.99 0.0005521463685574377
5.0 0.0005498851630894875
5.01 0.0005476328621292549
5.0200000000000005 0.0005453894328292712
5.03 0.000543154842449693
5.04 0.000540929058357169
5.05 0.000538712048024535
5.0600000000000005 0.0005365037790653816
5.07 0.0005343042191708681
5.08 0.0005321133361188246
5.09 0.0005299310978092403
5.1000000000000005 0.000527757472247612
5.11 0.0005255924275445359
5.12 0.0005234359319150781
5.13 0.0005212879536792806
5.14 0.0005191484612693722
5.15 0.000517017423249817
5.16 0.0005148948082332311
5.17 0.0005127805849557307
5.18 0.0005106747222575584
5.19 0.0005085771890828392
5.2 0.000506487954480356
5.21 0.0005044069875977179
5.22 0.0005023342576881038
5.23 0.0005002697341277127
5.24 0.0004982133863843108
5.25 0.000496165183999617
5.26 0.0004941250966338487
5.2700000000000005 0.0004920930940495585
5.28 0.0004900691461064954
5.29 0.0004880532227690883
5.3 0.00048604529409808014
5.3100000000000005 0.00048404533026034517
5.32 0.00048205330154820966
5.33 0.0004800691783097584
5.34 0.00047809293100228487
5.3500000000000005 0.0004761245301882508
5.36 0.00047416394652546683
5.37 0.0004722111507742457
5.38 0.00047026611378801406
5.39 0.00046832880652148713
5.4 0.00046639920004217666
5.41 0.00046447726551243585
5.42 0.0004625629741643821
5.43 0.00046065629734080176
5.44 0.00045875720648471297
5.45 0.0004568656731309546
5.46 0.00045498166891269935
5.47 0.00045310516556030524
5.48 0.0004512361348970121
5.49 0.00044937454886822317
5.5 0.0004475203794794782
5.51 0.0004456735988360135
5.5200000000000005 0.0004438341791446381
5.53 0.00044200209270208054
5.54 0.0004401773119029768
5.55 0.00043835980923367506
5.5600000000000005 0.0004365495572738833
5.57 0.0004347465287070927
5.58 0.00043295069631429873
5.59 0.0004311620329428504
5.6000000000000005 0.00042938051154483344
5.61 0.00042760610516541487
5.62 0.00042583878694118176
5.63 0.00042407853010078167
5.64 0.00042232530796382564
5.65 0.0004205790939426548
5.66 0.00041883986155650524
5.67 0.00041710758439578134
5.68 0.000415382236137374
5.69 0.0004136637905571474
5.7 0.00041195222151936767
5.71 0.0004102475029769227
5.72 0.00040854960897394497
5.73 0.00040685851364295864
5.74 0.0004051741912092311
5.75 0.0004034966159988324
5.76 0.00040182576239948477
5.7700000000000005 0.0004001616048980276
5.78 0.0003985041180698904
5.79 0.00039685327657943954
5.8 0.00039520905517565803
5.8100000000000005 0.00039357142869703
5.82 0.00039194037206716334
5.83 0.0003903158603136008
5.84 0.0003886978685296042
5.8500000000000005 0.0003870863718968453
5.86 0.0003854813456862601
5.87 0.0003838827652545526
5.88 0.0003822906060423047
5.89 0.00038070484357822756
5.9 0.00037912545347254295
5.91 0.00037755241142705905
5.92 0.0003759856932332095
5.93 0.0003744252747501773
5.94 0.0003728711319277043
5.95 0.0003713232407988354
5.96 0.00036978157748233454
5.97 0.0003682461181782053
5.98 0.00036671683916988127
5.99 0.00036519371682506907
6.0 0.000363676727600771
6.01 0.0003621658480293799
6.0200000000000005 0.0003606610547220229
6.03 0.000359162324373832
6.04 0.0003576696337621333
6.05 0.00035618295974711915
6.0600000000000005 0.0003547022792670606
6.07 0.0003532275693446887
6.08 0.0003517588070825659
6.09 0.0003502959696706765
6.1000000000000005 0.0003488390343672404
6.11 0.00034738797851539317
6.12 0.0003459427795348286
6.13 0.00034450341492908774
6.140000000000001 0.00034306986227978343
6.15 0.00034164209924513616
6.16 0.0003402201035652057
6.17 0.00033880385306209074
6.18 0.00033739332563433727
6.19 0.00033598849925134026
6.2 0.00033458935196565355
6.21 0.0003331958619081934
6.22 0.00033180800728352584
6.23 0.0003304257663777566
6.24 0.0003290491175511577
6.25 0.0003276780392412215
6.26 0.00032631250997002806
6.2700000000000005 0.00032495250832422824
6.28 0.00032359801296946467
6.29 0.0003222490026490221
6.3 0.00032090545617998763
6.3100000000000005 0.00031956735245701863
6.32 0.000318234670447548
6.33 0.0003169073891947582
6.34 0.0003155854878194144
6.3500000000000005 0.0003142689455170591
6.36 0.000312957741550552
6.37 0.0003116518552616275
6.38 0.00031035126606417427
6.390000000000001 0.00030905595344642855
6.4 0.00030776589696977357
6.41 0.0003064810762683782
6.42 0.0003052014710494176
6.43 0.0003039270610970552
6.44 0.00030265782626069616
6.45 0.00030139374646573374
6.46 0.0003001348017082076
6.47 0.00029888097205585444
6.48 0.0002976322376490505
6.49 0.00029638857869885015
6.5 0.00029514997548714893
6.51 0.0002939164083680104
6.5200000000000005 0.0002926878577662805
6.53 0.0002914643041753461
6.54 0.0002902457281593061
6.55 0.0002890321103526938
6.5600000000000005 0.0002878234314589863
6.57 0.0002866196722525271
6.58 0.000285420813576138
6.59 0.00028422683634212744
6.6000000000000005 0.0002830377215327328
6.61 0.00028185345019734597
6.62 0.0002806740034540455
6.63 0.0002794993624890124
6.640000000000001 0.00027832950855742123
6.65 0.00027716442298142874
6.66 0.0002760040871516524
6.67 0.0002748484825247165
6.68 0.0002736975906253531
6.69 0.00027255139304752676
6.7 0.0002714098714470506
6.71 0.0002702730075502202
6.72 0.00026914078314883925
6.73 0.0002680131800998552
6.74 0.0002668901803268129
6.75 0.00026577176581961105
6.76 0.0002646579186327156
6.7700000000000005 0.00026354862088521044
6.78 0.0002624438547640279
6.79 0.00026134360251805057
6.8 0.0002602478464628884
6.8100000000000005 0.0002591565689777022
6.82 0.0002580697525067853
6.83 0.0002569873795562044
6.84 0.0002559094326996646
6.8500000000000005 0.00025483589457156843
6.86 0.0002537667478688943
6.87 0.00025270197535524826
6.88 0.0002516415598556317
6.890000000000001 0.00025058548425859134
6.9 0.0002495337315137553
6.91 0.0002484862846345966
6.92 0.0002474431266974997
6.93 0.00024640424083910645
6.94 0.00024536961025763853
6.95 0.0002443392182136432
6.96 0.0002433130480309735
6.97 0.00024229108309269782
6.98 0.00024127330684433766
6.99 0.00024025970279062088
7.0 0.00023925025449926068
7.01 0.00023824494559573006
7.0200000000000005 0.00023724375976843522
7.03 0.00023624668076068652
7.04 0.00023525369238273566
7.05 0.00023426477849923562
7.0600000000000005 0.0002332799230392055
7.07 0.00023229910998621186
7.08 0.0002313223233862337
7.09 0.00023034954734237688
7.1000000000000005 0.00022938076601733323
7.11 0.00022841596363087156
7.12 0.00022745512446017936
7.13 0.0002264982328448751
7.140000000000001 0.00022554527318065527
7.15 0.00022459622991992034
7.16 0.00022365108757424812
7.17 0.00022270983071185973
7.18 0.0002217724439576576
7.19 0.00022083891199447186
7.2 0.00021990921955779806
7.21 0.00021898335144576917
7.22 0.00021806129251062496
7.23 0.00021714302766107196
7.24 0.00021622854186256903
7.25 0.00021531782013549752
7.26 0.0002144108475558957
7.2700000000000005 0.00021350760925678273
7.28 0.00021260809042210715
7.29 0.00021171227629351446
7.3 0.00021082015217055233
7.3100000000000005 0.00020993170340496113
7.32 0.00020904691540386429
7.33 0.00020816577362852014
7.34 0.0002072882635951549
7.3500000000000005 0.0002064143708724458
7.36 0.00020554408108462003
7.37 0.00020467737990464751
7.38 0.00020381425306481373
7.390000000000001 0.00020295468635051308
7.4 0.00020209866559836435
7.41 0.0002012461766993655
7.42 0.00020039720559702118
7.43 0.00019955173828623896
7.44 0.00019870976081665188
7.45 0.00019787125928583024
7.46 0.00019703621984515016
7.47 0.0001962046287003347
7.48 0.00019537647210874607
7.49 0.00019455173637880938
7.5 0.00019373040786886913
7.51 0.00019291247299121634
7.5200000000000005 0.00019209791820638583
7.53 0.00019128673002858008
7.54 0.00019047889501497145
7.55 0.0001896743997829544
7.5600000000000005 0.00018887323099626828
7.57 0.00018807537537048104
7.58 0.0001872808196702654
7.59 0.0001864895507096004
7.6000000000000005 0.00018570155535444077
7.61 0.00018491682051725714
7.62 0.00018413533316070523
7.63 0.00018335708029210308
7.640000000000001 0.00018258204897727908
7.65 0.0001818102263260546
7.66 0.0001810415994973325
7.67 0.00018027615569974118
7.68 0.00017951388218805038
7.69 0.00017875476626773835
7.7 0.00017799879529098691
7.71 0.00017724595665221803
7.72 0.000176496237800755
7.73 0.00017574962623396638
7.74 0.000175006109493872
7.75 0.00017426567517100838
7.76 0.00017352831090241655
7.7700000000000005 0.00017279400437219256
7.78 0.0001720627433115589
7.79 0.00017133451549627453
7.8 0.00017060930874503708
7.8100000000000005 0.00016988711093236477
7.82 0.00016916790997289607
7.83 0.0001684516938301794
7.84 0.00016773845051212203
7.8500000000000005 0.00016702816807143817
7.86 0.0001663208346080449
7.87 0.00016561643826622734
7.88 0.0001649149672309303
7.890000000000001 0.00016421640973625349
7.9 0.000163520754063923
7.91 0.00016282798853763268
7.92 0.0001621381015265546
7.930000000000001 0.0001614510814430435
7.94 0.0001607669167446321
7.95 0.0001600855959335862
7.96 0.00015940710755320685
7.97 0.00015873144018667385
7.98 0.00015805858247092336
7.99 0.000157388523081808
8.0 0.00015672125073942035
8.01 0.00015605675420522777
8.02 0.0001553950222861921
8.03 0.00015473604382962034
8.040000000000001 0.0001540798077277738
8.05 0.00015342630291043737
8.06 0.00015277551835126305
8.07 0.00015212744307164567
8.08 0.0001514820661334921
8.09 0.0001508393766373709
8.1 0.0001501993637291134
8.11 0.00014956201659366161
8.120000000000001 0.0001489273244601868
8.13 0.00014829527659545596
8.14 0.00014766586230509872
8.15 0.00014703907094226445
8.16 0.00014641489190067293
8.17 0.00014579331461285147
8.18 0.00014517432855312853
8.19 0.00014455792323558685
8.2 0.00014394408821498508
8.21 0.00014333281308608433
8.22 0.00014272408748050193
8.23 0.0001421179010710517
8.24 0.00014151424357495667
8.25 0.00014091310474701214
8.26 0.00014031447438066097
8.27 0.00013971834230962853
8.28 0.00013912469840706302
8.290000000000001 0.0001385335325838809
8.3 0.00013794483479048563
8.31 0.00013735859501160804
8.32 0.0001367748032766766
8.33 0.00013619344965348012
8.34 0.00013561452424783752
8.35 0.00013503801720310518
8.36 0.00013446391870033776
8.370000000000001 0.00013389221896069334
8.38 0.00013332290824023748
8.39 0.00013275597683279003
8.4 0.0001321914150664027
8.41 0.0001316292133158838
8.42 0.0001310693619881234
8.43 0.0001305118515291254
8.44 0.0001299566724198843
8.45 0.00012940381517987057
8.46 0.00012885327036488769
8.47 0.00012830502856749892
8.48 0.0001277590804106882
8.49 0.00012721541656139128
8.5 0.00012667402772275865
8.51 0.00012613490463271517
8.52 0.00012559803806520579
8.53 0.0001250634188298937
8.540000000000001 0.0001245310377725538
8.55 0.00012400088577468773
8.56 0.00012347295375059528
8.57 0.00012294723264751094
8.58 0.00012242371345697154
8.59 0.00012190238720162115
8.6 0.0001213832449381378
8.61 0.00012086627775999132
8.620000000000001 0.00012035147679322761
8.63 0.0001198388332009696
8.64 0.00011932833817829688
8.65 0.00011881998295149552
8.66 0.00011831375878500165
8.67 0.00011780965698041427
8.68 0.00011730766887088918
8.69 0.00011680778582212614
8.700000000000001 0.00011630999923669153
8.71 0.00011581430054729549
8.72 0.00011532068122230984
8.73 0.00011482913276257512
8.74 0.00011433964669528199
8.75 0.0001138522145931267
8.76 0.00011336682805666876
8.77 0.00011288347871950381
8.78 0.00011240215824758927
8.790000000000001 0.00011192285834033081
8.8 0.00011144557072921956
8.81 0.0001109702871794131
8.82 0.00011049699948101045
8.83 0.00011002569946284964
8.84 0.00010955637898774344
8.85 0.00010908902994822342
8.86 0.0001086236442689528
8.870000000000001 0.00010816021390545413
8.88 0.0001076987308460977
8.89 0.0001072391871105668
8.9 0.00010678157474790958
8.91 0.0001063258858346683
8.92 0.00010587211248701908
8.93 0.00010542024685040048
8.94 0.00010497028109801197
8.950000000000001 0.00010452220743808881
8.96 0.00010407601810555472
8.97 0.00010363170536830375
8.98 0.00010318926152403002
8.99 0.00010274867889680482
9.0 0.00010230994984314522
9.01 0.0001018730667540167
9.02 0.00010143802204788413
9.03 0.0001010048081734464
9.040000000000001 0.0001005734176082877
9.05 0.00010014384286096732
9.06 9.971607646906603e-05
9.07 9.929011099781168e-05
9.08 9.886593903864777e-05
9.09 9.844355321992706e-05
9.1 9.802294619684946e-05
9.11 9.760411065322066e-05
9.120000000000001 9.718703930211826e-05
9.13 9.677172488409157e-05
9.14 9.635816017106241e-05
9.15 9.594633796085535e-05
9.16 9.553625107776463e-05
9.17 9.512789237548027e-05
9.18 9.472125474047554e-05
9.19 9.431633108542841e-05
9.200000000000001 9.391311435097992e-05
9.21 9.351159750513289e-05
9.22 9.311177354424009e-05
9.23 9.271363549310092e-05
9.24 9.231717640232741e-05
9.25 9.192238934560429e-05
9.26 9.152926743270128e-05
9.27 9.113780379832028e-05
9.28 9.074799160356847e-05
9.290000000000001 9.035982403775073e-05
9.3 8.997329431593663e-05
9.31 8.958839568163254e-05
9.32 8.920512140362296e-05
9.33 8.882346477640038e-05
9.34 8.844341911837837e-05
9.35 8.806497778326896e-05
9.36 8.768813414682436e-05
9.370000000000001 8.731288161099144e-05
9.38 8.693921360508908e-05
9.39 8.656712358299094e-05
9.4 8.619660502645214e-05
9.41 8.582765144217197e-05
9.42 8.54602563571342e-05
9.43 8.509441333169874e-05
9.44 8.47301159506485e-05
9.450000000000001 8.43673578248043e-05
9.46 8.400613258797849e-05
9.47 8.364643390259172e-05
9.48 8.328825545326923e-05
9.49 8.293159095201753e-05
9.5 8.257643413302963e-05
9.51 8.22227787532445e-05
9.52 8.1870618602444e-05
9.53 8.151994749142659e-05
9.540000000000001 8.117075925634783e-05
9.55 8.082304775722581e-05
9.56 8.047680687965625e-05
9.57 8.013203053220073e-05
9.58 7.978871265016829e-05
9.59 7.944684718554541e-05
9.6 7.910642812159599e-05
9.61 7.876744946674167e-05
9.620000000000001 7.842990525016325e-05
9.63 7.809378952778144e-05
9.64 7.775909637625122e-05
9.65 7.742581989791737e-05
9.66 7.709395421875284e-05
9.67 7.67634934860524e-05
9.68 7.643443186716877e-05
9.69 7.610676356218328e-05
9.700000000000001 7.57804827890117e-05
9.71 7.545558379146955e-05
9.72 7.513206083353908e-05
9.73 7.480990820500975e-05
9.74 7.448912021618321e-05
9.75 7.416969120252702e-05
9.76 7.385161551583471e-05
9.77 7.353488753602179e-05
9.78 7.321950166730936e-05
9.790000000000001 7.290545233411734e-05
9.8 7.259273398379511e-05
9.81 7.228134108560545e-05
9.82 7.197126813179858e-05
9.83 7.166250963570514e-05
9.84 7.135506013306732e-05
9.85 7.10489141766254e-05
9.86 7.074406634894023e-05
9.870000000000001 7.044051125219092e-05
9.88 7.013824351034158e-05
9.89 6.983725776734473e-05
9.9 6.953754869102726e-05
9.91 6.923911096889333e-05
9.92 6.894193931129982e-05
9.93 6.86460284452913e-05
9.94 6.835137312165128e-05
9.950000000000001 6.805796811619802e-05
9.96 6.77658082235596e-05
9.97 6.747488825848758e-05
9.98 6.718520305774057e-05
9.99 6.689674747838654e-05
10.0 6.6609516398964e-05
10.01 6.632350471708427e-05
10.02 6.60387073460067e-05
10.03 6.57551192293126e-05
10.040000000000001 6.547273532698027e-05
10.05 6.519155061968565e-05
10.06 6.491156010836303e-05
10.07 6.46327588140163e-05
10.08 6.43551417780644e-05
10.09 6.407870406147934e-05
10.1 6.380344074592356e-05
10.11 6.35293469331177e-05
10.120000000000001 6.3256417743565e-05
10.13 6.298464831913672e-05
10.14 6.271403381873089e-05
10.15 6.244456941087156e-05
10.16 6.217625030076969e-05
10.17 6.190907171064409e-05
10.18 6.164302887862563e-05
10.19 6.137811706236396e-05
10.200000000000001 6.11143315390608e-05
10.21 6.0851667605021196e-05
10.22 6.059012057519155e-05
10.23 6.032968578487627e-05
10.24 6.007035858640517e-05
10.25 5.9812134352997426e-05
10.26 5.9555008475716956e-05
10.27 5.929897636317073e-05
10.28 5.904403342714617e-05
10.290000000000001 5.879017512120826e-05
10.3 5.8537396916385066e-05
10.31 5.828569429573959e-05
10.32 5.803506276156631e-05
10.33 5.778549783398366e-05
10.34 5.7536995051853346e-05
10.35 5.7289549972366015e-05
10.36 5.704315817041493e-05
10.370000000000001 5.6797815234162625e-05
10.38 5.655351676652107e-05
10.39 5.6310258403881064e-05
10.4 5.606803579230485e-05
10.41 5.582684459598185e-05
10.42 5.5586680496856584e-05
10.43 5.5347539194311145e-05
10.44 5.5109416404871654e-05
10.450000000000001 5.4872307863209344e-05
10.46 5.463620932140324e-05
10.47 5.440111653925094e-05
10.48 5.4167025306088346e-05
10.49 5.393393142661385e-05
10.5 5.37018307227355e-05
10.51 5.347071903062616e-05
10.52 5.324059220537813e-05
10.53 5.301144611816727e-05
10.540000000000001 5.2783276657887584e-05
10.55 5.255607972893155e-05
10.56 5.2329851251702855e-05
10.57 5.21045871580849e-05
10.58 5.188028340845042e-05
10.59 5.165693597374857e-05
10.6 5.1434540842197e-05
10.61 5.121309401821105e-05
10.620000000000001 5.099259152231542e-05
10.63 5.077302939124634e-05
10.64 5.055440367915482e-05
10.65 5.0336710454402774e-05
10.66 5.011994579714233e-05
10.67 4.990410580932231e-05
10.68 4.968918661062903e-05
10.69 4.9475184333978525e-05
10.700000000000001 4.926209512814997e-05
10.71 4.904991515827704e-05
10.72 4.883864060482984e-05
10.73 4.862826766387524e-05
10.74 4.841879254722537e-05
10.75 4.821021148066474e-05
10.76 4.8002520701627356e-05
10.77 4.7795716471684504e-05
10.78 4.758979506473446e-05
10.790000000000001 4.738475276952823e-05
10.8 4.7180585889542745e-05
10.81 4.697729074431102e-05
10.82 4.677486366784066e-05
10.83 4.6573301008987615e-05
10.84 4.6372599132929415e-05
10.85 4.61727544131443e-05
10.86 4.597376324351289e-05
10.870000000000001 4.5775622035309384e-05
10.88 4.557832721188866e-05
10.89 4.5381875211247495e-05
10.9 4.518626248616435e-05
10.91 4.4991485504241455e-05
10.92 4.47975407470451e-05
10.93 4.460442471171538e-05
10.94 4.441213390705509e-05
10.950000000000001 4.42206648530251e-05
10.96 4.4030014092504185e-05
10.97 4.384017817968873e-05
10.98 4.3651153681727425e-05
10.99 4.346293718091381e-05
11.0 4.327552527285177e-05
11.01 4.3088914568023884e-05
11.02 4.2903101689935395e-05
11.03 4.271808327609038e-05
11.040000000000001 4.2533855975456105e-05
11.05 4.235041645090505e-05
11.06 4.216776138461001e-05
11.07 4.1985887469277244e-05
11.08 4.180479141163743e-05
11.09 4.162446993090414e-05
11.1 4.144491976147976e-05
11.11 4.126613764977721e-05
11.120000000000001 4.1088120356203536e-05
11.13 4.091086465421417e-05
11.14 4.0734367325389066e-05
11.15 4.055862517244342e-05
11.16 4.038363501024049e-05
11.17 4.020939366452583e-05
11.18 4.003589797558534e-05
11.19 3.986314479577798e-05
11.200000000000001 3.969113099103489e-05
11.21 3.951985343992445e-05
11.22 3.934930903445354e-05
11.23 3.917949467542115e-05
11.24 3.901040727804682e-05
11.25 3.8842043774966384e-05
11.26 3.867440110888629e-05
11.27 3.850747623460485e-05
11.28 3.834126612044653e-05
11.290000000000001 3.8175767746021874e-05
11.3 3.801097810455306e-05
11.31 3.784689420154341e-05
11.32 3.7683513053458934e-05
11.33 3.7520831686192476e-05
11.34 3.73588471430383e-05
11.35 3.719755648041107e-05
11.36 3.7036956764093085e-05
11.370000000000001 3.687704507354844e-05
11.38 3.67178184984888e-05
11.39 3.6559274142897646e-05
11.4 3.6401409121042456e-05
11.41 3.6244220560423645e-05
11.42 3.608770559670592e-05
11.43 3.5931861378130226e-05
11.44 3.5776685069566794e-05
11.450000000000001 3.562217384526055e-05
11.46 3.546832489130594e-05
11.47 3.531513540492447e-05
11.48 3.516260259486341e-05
11.49 3.501072368237399e-05
11.5 3.4859495899245244e-05
11.51 3.470891648937914e-05
11.52 3.455898270273087e-05
11.53 3.44096918079007e-05
11.540000000000001 3.4261041083161995e-05
11.55 3.4113027818140115e-05
11.56 3.396564931263554e-05
11.57 3.381890287862419e-05
11.58 3.3672785838265065e-05
11.59 3.352729552601259e-05
11.6 3.338242928626548e-05
11.61 3.323818447357213e-05
11.620000000000001 3.309455845127695e-05
11.63 3.295154860002553e-05
11.64 3.2809152308671186e-05
11.65 3.266736697674834e-05
11.66 3.2526190014464836e-05
11.67 3.238561884304511e-05
11.68 3.224565089416238e-05
11.69 3.210628361053604e-05
11.700000000000001 3.1967514445174544e-05
11.71 3.182934085763447e-05
11.72 3.169176032299495e-05
11.73 3.155477032743383e-05
11.74 3.141836836602028e-05
11.75 3.12825519446273e-05
11.76 3.114731857896149e-05
11.77 3.101266579524607e-05
11.78 3.087859113056179e-05
11.790000000000001 3.074509213172074e-05
11.8 3.061216635440932e-05
11.81 3.047981136239027e-05
11.82 3.0348024735754692e-05
11.83 3.0216804062273818e-05
11.84 3.0086146939447158e-05
11.85 2.995605097448945e-05
11.86 2.9826513785279446e-05
11.870000000000001 2.969753299897681e-05
11.88 2.9569106253177353e-05
11.89 2.9441231195007683e-05
11.9 2.9313905477506422e-05
11.91 2.9187126768154856e-05
11.92 2.9060892744600216e-05
11.93 2.893520109303907e-05
11.94 2.881004950910621e-05
11.950000000000001 2.8685435698442373e-05
11.96 2.856135737569555e-05
11.97 2.843781226576293e-05
11.98 2.8314798102475994e-05
11.99 2.8192312628233235e-05
12.0 2.8070353592673835e-05
12.01 2.7948918760030665e-05
12.02 2.7828005902670278e-05
12.030000000000001 2.770761280103842e-05
12.040000000000001 2.7587737245461198e-05
12.05 2.7468377035174486e-05
12.06 2.7349529978999433e-05
12.07 2.7231193894455664e-05
12.08 2.7113366608638395e-05
12.09 2.6996045954260942e-05
12.1 2.6879229775947108e-05
12.11 2.6762915929511468e-05
12.120000000000001 2.6647102277730817e-05
12.13 2.6531786692244226e-05
12.14 2.6416967054020188e-05
12.15 2.630264125279655e-05
12.16 2.6188807186599537e-05
12.17 2.6075462763293285e-05
12.18 2.596260589791173e-05
12.19 2.5850234511276885e-05
12.200000000000001 2.5738346539710888e-05
12.21 2.5626939925110442e-05
12.22 2.5516012618087487e-05
12.23 2.5405562577788755e-05
12.24 2.529558777225144e-05
12.25 2.5186086177604016e-05
12.26 2.5077055778560695e-05
12.27 2.4968494568597385e-05
12.280000000000001 2.4860400546507518e-05
12.290000000000001 2.475277172145273e-05
12.3 2.4645606113591597e-05
12.31 2.453890174937369e-05
12.32 2.4432656663484208e-05
12.33 2.4326868899352104e-05
12.34 2.4221536507895118e-05
12.35 2.41166575487484e-05
12.36 2.401223008961793e-05
12.370000000000001 2.390825220595814e-05
12.38 2.380472197746046e-05
12.39 2.370163749829788e-05
12.4 2.3598996868494602e-05
12.41 2.349679819600025e-05
12.42 2.3395039596105998e-05
12.43 2.3293719192937313e-05
12.44 2.3192835117199675e-05
12.450000000000001 2.3092385509095487e-05
12.46 2.299236851538265e-05
12.47 2.289278228886934e-05
12.48 2.2793624991118016e-05
12.49 2.269489479393265e-05
12.5 2.259658987558226e-05
12.51 2.2498708421862514e-05
12.52 2.240124862562563e-05
12.530000000000001 2.230420868807004e-05
12.540000000000001 2.2207586817697878e-05
12.55 2.211138123028779e-05
12.56 2.201559014932835e-05
12.57 2.192021180221972e-05
12.58 2.182524442903121e-05
12.59 2.1730686275894345e-05
12.6 2.1636535596183108e-05
12.61 2.1542790649826132e-05
12.620000000000001 2.144944970525195e-05
12.63 2.135651103723334e-05
12.64 2.1263972928047388e-05
12.65 2.117183366732738e-05
12.66 2.108009155048395e-05
12.67 2.098874487938303e-05
12.68 2.0897791966991244e-05
12.69 2.0807231131525078e-05
12.700000000000001 2.0717060698170626e-05
12.71 2.0627278999016192e-05
12.72 2.0537884373510333e-05
12.73 2.0448875168029207e-05
12.74 2.0360249735657492e-05
12.75 2.027200643640093e-05
12.76 2.018414363451165e-05
12.77 2.009665970492705e-05
12.780000000000001 2.0009553029043283e-05
12.790000000000001 1.992282199467305e-05
12.8 1.9836464995864832e-05
12.81 1.9750480433970526e-05
12.82 1.9664866716891325e-05
12.83 1.9579622259152405e-05
12.84 1.9494745482303865e-05
12.85 1.9410234812931352e-05
12.86 1.9326088683373424e-05
12.870000000000001 1.924230553700103e-05
12.88 1.9158883821355354e-05
12.89 1.90758219908994e-05
12.9 1.899311850596423e-05
12.91 1.891077183416872e-05
12.92 1.8828780449286577e-05
12.93 1.8747142831350048e-05
12.94 1.8665857467155705e-05
12.950000000000001 1.8584922846546912e-05
12.96 1.8504337470136848e-05
12.97 1.8424099843829112e-05
12.98 1.8344208479874422e-05
12.99 1.826466189644648e-05
13.0 1.8185458617914884e-05
13.01 1.8106597175027075e-05
13.02 1.8028076104835142e-05
13.030000000000001 1.7949893950463663e-05
13.040000000000001 1.7872049260329977e-05
13.05 1.779454058732222e-05
13.06 1.7717366495115472e-05
13.07 1.764052555098906e-05
13.08 1.756401632855968e-05
13.09 1.7487837407662622e-05
13.1 1.74119873736373e-05
13.11 1.7336464818197327e-05
13.120000000000001 1.7261268339222465e-05
13.13 1.7186396539775267e-05
13.14 1.7111848026938926e-05
13.15 1.703762141659031e-05
13.16 1.6963715330393342e-05
13.17 1.6890128395339397e-05
13.18 1.6816859244228343e-05
13.19 1.6743906515451895e-05
13.200000000000001 1.667126885331124e-05
13.21 1.6598944908051027e-05
13.22 1.6526933335111136e-05
13.23 1.645523279559282e-05
13.24 1.6383841953982284e-05
13.25 1.6312759484648083e-05
13.26 1.6241984066309525e-05
13.27 1.6171514382699116e-05
13.280000000000001 1.610134912307153e-05
13.290000000000001 1.6031486982769393e-05
13.3 1.5961926662008884e-05
13.31 1.5892666867452348e-05
13.32 1.5823706310049728e-05
13.33 1.575504370508932e-05
13.34 1.5686677774762237e-05
13.35 1.56186072479815e-05
13.36 1.555083085788956e-05
13.370000000000001 1.548334734303764e-05
13.38 1.5416155447226468e-05
13.39 1.5349253919898127e-05
13.4 1.5282641515483557e-05
13.41 1.521631699377333e-05
13.42 1.5150279119521897e-05
13.43 1.5084526660655723e-05
13.44 1.5019058394280303e-05
13.450000000000001 1.4953873101110159e-05
13.46 1.4888969567004239e-05
13.47 1.4824346582886494e-05
13.48 1.4760002945192815e-05
13.49 1.4695937454726672e-05
13.5 1.463214891830664e-05
13.51 1.456863614696829e-05
13.52 1.4505397955766226e-05
13.530000000000001 1.444243316563847e-05
13.540000000000001 1.4379740604054294e-05
13.55 1.4317319102344743e-05
13.56 1.4255167496897755e-05
13.57 1.4193284629083013e-05
13.58 1.4131669345033896e-05
13.59 1.4070320495903355e-05
13.6 1.4009236937918564e-05
13.61 1.3948417531380597e-05
13.620000000000001 1.3887861139737901e-05
13.63 1.3827566634858168e-05
13.64 1.37675328923055e-05
13.65 1.3707758791938526e-05
13.66 1.3648243218670483e-05
13.67 1.3588985061984501e-05
13.68 1.3529983216254358e-05
13.69 1.3471236580502798e-05
13.700000000000001 1.3412744058326416e-05
13.71 1.335450455669144e-05
13.72 1.3296516988211973e-05
13.73 1.3238780270962345e-05
13.74 1.3181293327415688e-05
13.75 1.3124055084274458e-05
13.76 1.3067064472701719e-05
13.77 1.301032042854275e-05
13.780000000000001 1.2953821892238237e-05
13.790000000000001 1.2897567808766885e-05
13.8 1.2841557127162983e-05
13.81 1.2785788798972426e-05
13.82 1.2730261783618405e-05
13.83 1.2674975044088907e-05
13.84 1.2619927547434503e-05
13.85 1.256511826507154e-05
13.86 1.2510546173005269e-05
13.870000000000001 1.2456210251281631e-05
13.88 1.2402109484592402e-05
13.89 1.2348242861674077e-05
13.9 1.2294609375139265e-05
13.91 1.2241208020932645e-05
13.92 1.2188037802360566e-05
13.93 1.2135097725026566e-05
13.94 1.2082386799286645e-05
13.950000000000001 1.2029904039586892e-05
13.96 1.197764846433078e-05
13.97 1.1925619096405565e-05
13.98 1.1873814962936892e-05
13.99 1.1822235094752666e-05
14.0 1.1770878524895666e-05
14.01 1.1719744293871221e-05
14.02 1.1668831444976501e-05
14.030000000000001 1.1618139026074134e-05
14.040000000000001 1.1567666088521494e-05
14.05 1.1517411687818391e-05
14.06 1.1467374883555089e-05
14.07 1.1417554739611207e-05
14.08 1.1367950323178164e-05
14.09 1.1318560705425125e-05
14.1 1.126938496065245e-05
14.11 1.1220422169348483e-05
14.120000000000001 1.1171671414877018e-05
14.13 1.1123131784556502e-05
14.14 1.1074802369390006e-05
14.15 1.102668226472088e-05
14.16 1.0978770569120907e-05
14.17 1.0931066385579973e-05
14.18 1.0883568820755527e-05
14.19 1.0836276982840375e-05
14.200000000000001 1.0789189986544662e-05
14.21 1.0742306950642502e-05
14.22 1.069562699649979e-05
14.23 1.0649149249682484e-05
14.24 1.0602872839251506e-05
14.25 1.0556796898091307e-05
14.26 1.0510920562984256e-05
14.27 1.0465242974139553e-05
14.280000000000001 1.0419763274937398e-05
14.290000000000001 1.0374480611531095e-05
14.3 1.0329394136607405e-05
14.31 1.0284503004690002e-05
14.32 1.0239806374244812e-05
14.33 1.0195303407582136e-05
14.34 1.0150993270064135e-05
14.35 1.0106875130780928e-05
14.36 1.0062948162892441e-05
14.370000000000001 1.0019211542253987e-05
14.38 9.975664447416684e-06
14.39 9.932306061567443e-06
14.4 9.889135572272372e-06
14.41 9.846152169587471e-06
14.42 9.803355047194665e-06
14.43 9.76074340228065e-06
14.44 9.718316435474277e-06
14.450000000000001 9.676073350610396e-06
14.46 9.634013355232157e-06
14.47 9.592135659448257e-06
14.48 9.550439476537063e-06
14.49 9.508924024447489e-06
14.5 9.467588524401861e-06
14.51 9.426432200352131e-06
14.52 9.385454279894832e-06
14.530000000000001 9.344653993721199e-06
14.540000000000001 9.304030575881898e-06
14.55 9.263583263967687e-06
14.56 9.22331129821175e-06
14.57 9.183213921476702e-06
14.58 9.143290380701533e-06
14.59 9.103539926668209e-06
14.6 9.063961813068317e-06
14.61 9.024555296480016e-06
14.620000000000001 8.985319636607097e-06
14.63 8.946254096674137e-06
14.64 8.907357942829712e-06
14.65 8.868630444329854e-06
14.66 8.830070873438522e-06
14.67 8.791678504463812e-06
14.68 8.753452616699709e-06
14.69 8.71539249229115e-06
14.700000000000001 8.677497415748927e-06
14.71 8.639766674963388e-06
14.72 8.602199561144694e-06
14.73 8.564795367879422e-06
14.74 8.527553392446452e-06
14.75 8.490472934637177e-06
14.76 8.453553296491558e-06
14.77 8.416793783493417e-06
14.780000000000001 8.380193705512804e-06
14.790000000000001 8.343752374138644e-06
14.8 8.307469104449803e-06
14.81 8.271343213942072e-06
14.82 8.235374023560196e-06
14.83 8.19956085658203e-06
14.84 8.163903039842434e-06
14.85 8.128399902280841e-06
14.86 8.093050775202878e-06
14.870000000000001 8.057854994057932e-06
14.88 8.022811897335416e-06
14.89 7.987920825385882e-06
14.9 7.953181122165012e-06
14.91 7.9185921337401e-06
14.92 7.884153209769356e-06
14.93 7.849863701841784e-06
14.94 7.815722965109602e-06
14.950000000000001 7.781730356091092e-06
14.96 7.74788523452191e-06
14.97 7.714186964220245e-06
14.98 7.680634911082426e-06
14.99 7.64722844324084e-06
15.0 7.613966932245615e-06
15.01 7.580849751704663e-06
15.02 7.54787627838789e-06
15.030000000000001 7.515045891401366e-06
15.040000000000001 7.4823579726338984e-06
15.05 7.44981190552295e-06
15.06 7.417407077754352e-06
15.07 7.385142879382578e-06
15.08 7.353018702685514e-06
15.09 7.3210339428816965e-06
15.1 7.289187997494678e-06
15.11 7.2574802667060974e-06
15.120000000000001 7.22591015339678e-06
15.13 7.194477063108232e-06
15.14 7.163180402652109e-06
15.15 7.1320195820476386e-06
15.16 7.100994014986796e-06
15.17 7.070103116951418e-06
15.18 7.039346305938852e-06
15.19 7.0087230022361855e-06
15.200000000000001 6.978232629024135e-06
15.21 6.9478746117714856e-06
15.22 6.9176483782138305e-06
15.23 6.887553358762475e-06
15.24 6.857588985330958e-06
15.25 6.82775469341063e-06
15.26 6.798049920918633e-06
15.27 6.768474107913228e-06
15.280000000000001 6.739026697059822e-06
15.290000000000001 6.709707132959919e-06
15.3 6.680514862979765e-06
15.31 6.65144933687178e-06
15.32 6.62251000651436e-06
15.33 6.59369632588029e-06
15.34 6.5650077508903386e-06
15.35 6.536443741017491e-06
15.36 6.508003757888925e-06
15.370000000000001 6.479687265138932e-06
15.38 6.451493728575808e-06
15.39 6.423422616623293e-06
15.4 6.395473399697719e-06
15.41 6.367645550631635e-06
15.42 6.33993854460183e-06
15.43 6.312351857904988e-06
15.44 6.284884970489882e-06
15.450000000000001 6.257537364311706e-06
15.46 6.230308523406533e-06
15.47 6.203197934109202e-06
15.48 6.176205084841885e-06
15.49 6.14932946628632e-06
15.5 6.1225705712859004e-06
15.51 6.095927894872658e-06
15.52 6.069400933952156e-06
15.530000000000001 6.0429891869668576e-06
15.540000000000001 6.016692156178152e-06
15.55 5.9905093451522076e-06
15.56 5.964440259815938e-06
15.57 5.938484408078267e-06
15.58 5.912641299731299e-06
15.59 5.886910447150132e-06
15.6 5.861291364475614e-06
15.610000000000001 5.835783568111857e-06
15.620000000000001 5.810386575498111e-06
15.63 5.785099907337843e-06
15.64 5.759923086331206e-06
15.65 5.734855637281079e-06
15.66 5.709897086548017e-06
15.67 5.685046962916097e-06
15.68 5.660304797178622e-06
15.69 5.635670121820745e-06
15.700000000000001 5.611142471770635e-06
15.71 5.586721383482003e-06
15.72 5.562406394715551e-06
15.73 5.538197046968698e-06
15.74 5.5140928826741905e-06
15.75 5.490093446786936e-06
15.76 5.466198285709231e-06
15.77 5.442406948027155e-06
15.780000000000001 5.41871898420422e-06
15.790000000000001 5.395133946827845e-06
15.8 5.371651390052624e-06
15.81 5.3482708695669244e-06
15.82 5.324991943476924e-06
15.83 5.3018141722759675e-06
15.84 5.278737117715225e-06
15.85 5.25576034402939e-06
15.860000000000001 5.232883416592552e-06
15.870000000000001 5.2101059032055124e-06
15.88 5.187427373293838e-06
15.89 5.164847398245136e-06
15.9 5.142365550837556e-06
15.91 5.11998140556382e-06
15.92 5.097694539506855e-06
15.93 5.075504531546761e-06
15.94 5.05341096200658e-06
15.950000000000001 5.031413413401057e-06
15.96 5.009511469563496e-06
15.97 4.987704716361041e-06
15.98 4.965992741646107e-06
15.99 4.944375134633947e-06
16.0 4.922851486711231e-06
16.01 4.901421390845885e-06
16.02 4.880084441701934e-06
16.03 4.8588402356199395e-06
16.04 4.837688369021923e-06
16.05 4.816628442911882e-06
16.06 4.795660059300693e-06
16.07 4.774782821387827e-06
16.080000000000002 4.753996334384561e-06
16.09 4.7333002049227056e-06
16.1 4.712694041636487e-06
16.11 4.692177454599089e-06
16.12 4.671750055687699e-06
16.13 4.651411458540845e-06
16.14 4.631161278204136e-06
16.15 4.6109991316471526e-06
16.16 4.590924637348741e-06
16.17 4.570937413057791e-06
16.18 4.5510370818069635e-06
16.19 4.531223267548456e-06
16.2 4.5114955952129984e-06
16.21 4.491853691453337e-06
16.22 4.4722971845086055e-06
16.23 4.452825704274317e-06
16.240000000000002 4.433438882206916e-06
16.25 4.414136351422258e-06
16.26 4.394917746501502e-06
16.27 4.375782703751593e-06
16.28 4.35673086092631e-06
16.29 4.337761857454153e-06
16.3 4.318875331609179e-06
16.31 4.300070927004111e-06
16.32 4.281348288268552e-06
16.330000000000002 4.262707060858067e-06
16.34 4.2441468918773945e-06
16.35 4.2256674298804776e-06
16.36 4.20726832496727e-06
16.37 4.1889492286408584e-06
16.38 4.170709794189764e-06
16.39 4.152549676190185e-06
16.4 4.134468530612546e-06
16.41 4.116466015346566e-06
16.42 4.098541789154136e-06
16.43 4.08069551055152e-06
16.44 4.0629268419897495e-06
16.45 4.045235447827545e-06
16.46 4.027620992921132e-06
16.47 4.010083143681268e-06
16.48 3.99262156780946e-06
16.490000000000002 3.975235934455634e-06
16.5 3.9579259144466824e-06
16.51 3.940691179775444e-06
16.52 3.923531403887249e-06
16.53 3.906446261818176e-06
16.54 3.889435429864748e-06
16.55 3.87249858569628e-06
16.56 3.855635406543451e-06
16.57 3.8388455729204175e-06
16.580000000000002 3.8221287678628946e-06
16.59 3.805484674461435e-06
16.6 3.788912977202924e-06
16.61 3.772413362302659e-06
16.62 3.7559855167190824e-06
16.63 3.7396291294269375e-06
16.64 3.723343890249077e-06
16.65 3.7071294906604097e-06
16.66 3.6909856232703834e-06
16.67 3.6749119821668323e-06
16.68 3.6589082627705873e-06
16.69 3.6429741600567563e-06
16.7 3.6271093716800207e-06
16.71 3.6113135979788124e-06
16.72 3.595586539679524e-06
16.73 3.5799278984626646e-06
16.740000000000002 3.564337377509134e-06
16.75 3.5488146812452033e-06
16.76 3.5333595152436987e-06
16.77 3.5179715866417076e-06
16.78 3.502650603671798e-06
16.79 3.4873962757713514e-06
16.8 3.4722083137444746e-06
16.81 3.4570864296235087e-06
16.82 3.4420303355407474e-06
16.830000000000002 3.4270397450705973e-06
16.84 3.4121143752152083e-06
16.85 3.397253943041541e-06
16.86 3.382458166536434e-06
16.87 3.3677267651924022e-06
16.88 3.353059459538129e-06
16.89 3.338455971438541e-06
16.9 3.323916023827606e-06
16.91 3.309439340979459e-06
16.92 3.2950256483879878e-06
16.93 3.2806746725155663e-06
16.94 3.2663861412234183e-06
16.95 3.252159782650843e-06
16.96 3.237995325640393e-06
16.97 3.223892502843415e-06
16.98 3.2098510468226537e-06
16.990000000000002 3.195870691002655e-06
17.0 3.1819511702910544e-06
17.01 3.168092220407018e-06
17.02 3.1542935785631336e-06
17.03 3.14055498287432e-06
17.04 3.12687617257649e-06
17.05 3.1132568883297726e-06
17.06 3.0996968714569556e-06
17.07 3.086195864916839e-06
17.080000000000002 3.0727536117065076e-06
17.09 3.0593698553763244e-06
17.1 3.046044343289031e-06
17.11 3.0327768225747025e-06
17.12 3.019567041403987e-06
17.13 3.0064147490050434e-06
17.14 2.993319695934587e-06
17.150000000000002 2.9802816334080453e-06
17.16 2.9673003140649624e-06
17.17 2.954375491467741e-06
17.18 2.941506920401774e-06
17.19 2.9286943564529143e-06
17.2 2.915937556507059e-06
17.21 2.9032362779879002e-06
17.22 2.890590278170947e-06
17.23 2.877999318291315e-06
17.240000000000002 2.865463159404717e-06
17.25 2.8529815634532094e-06
17.26 2.8405542935275496e-06
17.27 2.8281811136025177e-06
17.28 2.8158617887796586e-06
17.29 2.803596085083298e-06
17.3 2.7913837697688636e-06
17.31 2.779224610794194e-06
17.32 2.7671183773759897e-06
17.330000000000002 2.7550648396923467e-06
17.34 2.7430637684513905e-06
17.35 2.731114934259311e-06
17.36 2.71921811131619e-06
17.37 2.707373073795544e-06
17.38 2.6955795968180176e-06
17.39 2.683837456261515e-06
17.400000000000002 2.6721464292218925e-06
17.41 2.6605062936813707e-06
17.42 2.648916828406022e-06
17.43 2.6373778133354736e-06
17.44 2.62588902940824e-06
17.45 2.6144502582272457e-06
17.46 2.6030612826949995e-06
17.47 2.5917218862409547e-06
17.48 2.5804318518929882e-06
17.490000000000002 2.5691909661541066e-06
17.5 2.5579990156615825e-06
17.51 2.5468557878406666e-06
17.52 2.5357610710270304e-06
17.53 2.524714654274868e-06
17.54 2.513716327895738e-06
17.55 2.502765882797463e-06
17.56 2.4918631110068816e-06
17.57 2.481007805311994e-06
17.580000000000002 2.470199759491052e-06
17.59 2.459438768323345e-06
17.6 2.4487246270541525e-06
17.61 2.4380571308110105e-06
17.62 2.4274360774295454e-06
17.63 2.4168612656122076e-06
17.64 2.4063324941408943e-06
17.650000000000002 2.3958495631774592e-06
17.66 2.3854122733242823e-06
17.67 2.37502042629119e-06
17.68 2.364673824606155e-06
17.69 2.354372271535592e-06
17.7 2.3441155714222154e-06
17.71 2.333903529256599e-06
17.72 2.323735951042547e-06
17.73 2.313612643410398e-06
17.740000000000002 2.3035334127037905e-06
17.75 2.29349806770948e-06
17.76 2.283506418171688e-06
17.77 2.2735582741069046e-06
17.78 2.2636534464396418e-06
17.79 2.2537917468630654e-06
17.8 2.2439729878899894e-06
17.81 2.234196982917998e-06
17.82 2.2244635459994623e-06
17.830000000000002 2.214772492228972e-06
17.84 2.205123637319943e-06
17.85 2.1955167978408376e-06
17.86 2.1859517911409946e-06
17.87 2.1764284342746437e-06
17.88 2.1669465463495726e-06
17.89 2.1575059475455076e-06
17.900000000000002 2.148106458390185e-06
17.91 2.1387479001361233e-06
17.92 2.12943009489491e-06
17.93 2.120152865404584e-06
17.94 2.1109160353288824e-06
17.95 2.1017194289460057e-06
17.96 2.0925628714468723e-06
17.97 2.0834461886961455e-06
17.98 2.0743692073712272e-06
17.990000000000002 2.065331754858207e-06
18.0 2.0563336583252403e-06
18.01 2.0473747465762905e-06
18.02 2.0384548498475455e-06
18.03 2.0295737984367777e-06
18.04 2.020731423491507e-06
18.05 2.0119275568274527e-06
18.06 2.003162030917091e-06
18.07 1.994434679176779e-06
18.080000000000002 1.9857453354440377e-06
18.09 1.9770938346006374e-06
18.1 1.96848001205441e-06
18.11 1.9599037038873154e-06
18.12 1.9513647471670398e-06
18.13 1.942862978566432e-06
18.14 1.934398236064009e-06
18.150000000000002 1.92597035929455e-06
18.16 1.917579187988054e-06
18.17 1.909224562465256e-06
18.18 1.9009063238022542e-06
18.19 1.892624313717665e-06
18.2 1.8843783746932861e-06
18.21 1.8761683498466732e-06
18.22 1.8679940829657388e-06
18.23 1.8598554185615748e-06
18.240000000000002 1.8517522018036119e-06
18.25 1.8436842785837653e-06
18.26 1.8356514947283377e-06
18.27 1.8276536969764823e-06
18.28 1.8196907337122082e-06
18.29 1.81176245358695e-06
18.3 1.8038687056502846e-06
18.31 1.7960093397150673e-06
18.32 1.7881842062481669e-06
18.330000000000002 1.780393156351586e-06
18.34 1.7726360416989559e-06
18.35 1.764912714750627e-06
18.36 1.757223028580751e-06
18.37 1.7495668367812506e-06
18.38 1.7419439937334857e-06
18.39 1.734354353905912e-06
18.400000000000002 1.7267977721969785e-06
18.41 1.7192741055465975e-06
18.42 1.7117832106988828e-06
18.43 1.7043249452092706e-06
18.44 1.6968991670446817e-06
18.45 1.6895057348595537e-06
18.46 1.6821445079882343e-06
18.47 1.6748153463165383e-06
18.48 1.6675181103396068e-06
18.490000000000002 1.6602526611288554e-06
18.5 1.6530188605410968e-06
18.51 1.645816570730055e-06
18.52 1.6386456545194513e-06
18.53 1.6315059744036474e-06
18.54 1.624397395290951e-06
18.55 1.6173197818896525e-06
18.56 1.6102729995088763e-06
18.57 1.6032569139296543e-06
18.580000000000002 1.5962713916262944e-06
18.59 1.5893162996157175e-06
18.6 1.5823915055803528e-06
18.61 1.5754968774818942e-06
18.62 1.5686322843392406e-06
18.63 1.5617975952811312e-06
18.64 1.5549926803085208e-06
18.650000000000002 1.5482174096335982e-06
18.66 1.5414716534741031e-06
18.67 1.5347552838814155e-06
18.68 1.5280681732416698e-06
18.69 1.5214101941614312e-06
18.7 1.5147812198730733e-06
18.71 1.5081811241802816e-06
18.72 1.5016097813396303e-06
18.73 1.4950670663575943e-06
18.740000000000002 1.488552854539011e-06
18.75 1.4820670219447897e-06
18.76 1.4756094450409114e-06
18.77 1.4691800009447921e-06
18.78 1.4627785669731491e-06
18.79 1.4564050205493446e-06
18.8 1.450059240709351e-06
18.81 1.443741106855107e-06
18.82 1.4374504985304984e-06
18.830000000000002 1.4311872961235654e-06
18.84 1.424951380163127e-06
18.85 1.4187426320649964e-06
18.86 1.4125609334753419e-06
18.87 1.406406166711995e-06
18.88 1.4002782146058233e-06
18.89 1.394176960405743e-06
18.900000000000002 1.3881022879820473e-06
18.91 1.3820540815296205e-06
18.92 1.3760322251194784e-06
18.93 1.3700366043409102e-06
18.94 1.3640671053889018e-06
18.95 1.3581236143434647e-06
18.96 1.3522060181282696e-06
18.97 1.346314204037598e-06
18.98 1.3404480598378884e-06
18.990000000000002 1.3346074737004628e-06
19.0 1.3287923345231585e-06
19.01 1.3230025314987667e-06
19.02 1.3172379543374061e-06
19.03 1.3114984932365962e-06
19.04 1.3057840388855486e-06
19.05 1.3000944816908734e-06
19.06 1.2944297135140945e-06
19.07 1.2887896266624807e-06
19.080000000000002 1.28317411381683e-06
19.09 1.2775830678100853e-06
19.1 1.2720163823177244e-06
19.11 1.2664739511912987e-06
19.12 1.2609556688805039e-06
19.13 1.2554614302224441e-06
19.14 1.2499911306522134e-06
19.150000000000002 1.2445446658662217e-06
19.16 1.2391219321763138e-06
19.17 1.2337228262526396e-06
19.18 1.2283472445917715e-06
19.19 1.2229950848654745e-06
19.2 1.2176662454617766e-06
19.21 1.2123606248243574e-06
19.22 1.207078121819697e-06
19.23 1.2018186358676218e-06
19.240000000000002 1.19658206671257e-06
19.25 1.1913683146346688e-06
19.26 1.1861772802732466e-06
19.27 1.1810088646914205e-06
19.28 1.1758629694920798e-06
19.29 1.1707394966293597e-06
19.3 1.165638348416031e-06
19.31 1.1605594271813676e-06
19.32 1.1555026361061866e-06
19.330000000000002 1.1504678791460944e-06
19.34 1.1454550604555232e-06
19.35 1.140464084364041e-06
19.36 1.1354948558969222e-06
19.37 1.1305472802805648e-06
19.38 1.12562126332194e-06
19.39 1.120716711040603e-06
19.400000000000002 1.115833530108395e-06
19.41 1.1109716273802053e-06
19.42 1.1061309103135724e-06
19.43 1.10131128656752e-06
19.44 1.0965126639149657e-06
19.45 1.0917349507590205e-06
19.46 1.086978056415821e-06
19.47 1.0822418901877253e-06
19.48 1.077526361863277e-06
19.490000000000002 1.0728313815845863e-06
19.5 1.0681568598702987e-06
19.51 1.063502707554371e-06
19.52 1.0588688360573515e-06
19.53 1.054255156999744e-06
19.54 1.0496615825089944e-06
19.55 1.045088025000415e-06
19.56 1.040534397336213e-06
19.57 1.0360006123990393e-06
19.580000000000002 1.0314865835089924e-06
19.59 1.0269922250024614e-06
19.6 1.0225174512244375e-06
19.61 1.0180621769472794e-06
19.62 1.0136263171640122e-06
19.63 1.0092097873883003e-06
19.64 1.0048125034150286e-06
19.650000000000002 1.0004343814554376e-06
19.66 9.960753380549985e-07
19.67 9.917352901118626e-07
19.68 9.87414154956352e-07
19.69 9.831118502011385e-07
19.7 9.788282936176584e-07
19.71 9.74563403148934e-07
19.72 9.703170978717012e-07
19.73 9.66089297022713e-07
19.740000000000002 9.618799198202006e-07
19.75 9.576888861259062e-07
19.76 9.535161160214374e-07
19.77 9.49361529957308e-07
19.78 9.452250488097145e-07
19.79 9.41106593626122e-07
19.8 9.370060859669053e-07
19.81 9.32923447665838e-07
19.82 9.288586009155595e-07
19.830000000000002 9.248114680437262e-07
19.84 9.207819714463644e-07
19.85 9.167700346928884e-07
19.86 9.127755813819691e-07
19.87 9.087985353137832e-07
19.88 9.048388207305987e-07
19.89 9.008963620562763e-07
19.900000000000002 8.969710842039915e-07
19.91 8.9306291229094e-07
19.92 8.891717718914832e-07
19.93 8.852975887233022e-07
19.94 8.81440289005992e-07
19.95 8.775997992240151e-07
19.96 8.737760460230961e-07
19.97 8.699689559803115e-07
19.98 8.661784569082112e-07
19.990000000000002 8.624044766425394e-07
20.0 8.586469431748538e-07
20.01 8.549057848356745e-07
20.02 8.511809303625649e-07
20.03 8.474723087498871e-07
20.04 8.437798491877803e-07
20.05 8.401034813584786e-07
20.06 8.364431351968939e-07
20.07 8.327987408328505e-07
20.080000000000002 8.291702288472312e-07
20.09 8.255575300194259e-07
20.1 8.219605748942492e-07
20.11 8.183792952680743e-07
20.12 8.148136229368185e-07
20.13 8.112634898560517e-07
20.14 8.077288284077207e-07
20.150000000000002 8.042095711256634e-07
20.16 8.007056509251857e-07
20.17 7.972170010089955e-07
20.18 7.937435548797466e-07
20.19 7.902852462581339e-07
20.2 7.868420092613735e-07
20.21 7.834137782070173e-07
20.22 7.800004877276159e-07
20.23 7.766020721949007e-07
20.240000000000002 7.732184671091307e-07
20.25 7.698496081169015e-07
20.26 7.664954308187175e-07
20.27 7.631558713951563e-07
20.28 7.598308660932242e-07
20.29 7.565203515188315e-07
20.3 7.532242645626289e-07
20.31 7.499425423235154e-07
20.32 7.466751223114006e-07
20.330000000000002 7.434219421578934e-07
20.34 7.401829398439419e-07
20.35 7.369580536320206e-07
20.36 7.33747221521137e-07
20.37 7.305503825202909e-07
20.38 7.273674757494153e-07
20.39 7.241984405543886e-07
20.400000000000002 7.210432164372393e-07
20.41 7.179017432974367e-07
20.42 7.147739611536201e-07
20.43 7.116598104309588e-07
20.44 7.085592316980505e-07
20.45 7.054721658154656e-07
20.46 7.023985539670758e-07
20.47 6.993383375219348e-07
20.48 6.96291458090544e-07
20.490000000000002 6.932578572424124e-07
20.5 6.902374771545032e-07
20.51 6.872302604036343e-07
20.52 6.842361496559337e-07
20.53 6.812550877913517e-07
20.54 6.782870179557977e-07
20.55 6.753318835222547e-07
20.56 6.723896281869284e-07
20.57 6.694601958033222e-07
20.580000000000002 6.665435304854269e-07
20.59 6.636395766616609e-07
20.6 6.607482789229547e-07
20.61 6.578695821405383e-07
20.62 6.550034310794154e-07
20.63 6.521497710822341e-07
20.64 6.493085479299343e-07
20.650000000000002 6.464797074131952e-07
20.66 6.436631956075661e-07
20.67 6.408589587353316e-07
20.68 6.380669433305742e-07
20.69 6.352870962015492e-07
20.7 6.325193642770539e-07
20.71 6.297636947459676e-07
20.72 6.270200351275179e-07
20.73 6.242883330678008e-07
20.740000000000002 6.215685364643872e-07
20.75 6.188605931427137e-07
20.76 6.161644514744371e-07
20.77 6.134800601688488e-07
20.78 6.108073680125611e-07
20.79 6.081463241186715e-07
20.8 6.054968776465224e-07
20.81 6.028589780917576e-07
20.82 6.002325751443174e-07
20.830000000000002 5.976176186699129e-07
20.84 5.950140588461532e-07
20.85 5.924218460150617e-07
20.86 5.898409307107531e-07
20.87 5.872712637317769e-07
20.88 5.847127958803457e-07
20.89 5.821654781130294e-07
20.900000000000002 5.796292622215348e-07
20.91 5.771040997036536e-07
20.92 5.745899424692198e-07
20.93 5.720867425177855e-07
20.94 5.695944520862794e-07
20.95 5.671130237232862e-07
20.96 5.646424100173588e-07
20.97 5.621825638433226e-07
20.98 5.597334383529259e-07
20.990000000000002 5.572949867765405e-07
21.0 5.548671626220795e-07
21.01 5.524499194291195e-07
21.02 5.500432109044247e-07
21.03 5.476469913677297e-07
21.04 5.45261215084599e-07
21.05 5.428858366037586e-07
21.06 5.40520810547397e-07
21.07 5.381660918490507e-07
21.080000000000002 5.358216355760417e-07
21.09 5.334873970182402e-07
21.1 5.311633316385217e-07
21.11 5.288493951118121e-07
21.12 5.265455433276145e-07
21.13 5.242517323203953e-07
21.14 5.219679182153932e-07
21.150000000000002 5.196940572388195e-07
21.16 5.174301062074785e-07
21.17 5.151760220171003e-07
21.18 5.129317615764402e-07
21.19 5.106972821274837e-07
21.2 5.084725410489585e-07
21.21 5.062574958844952e-07
21.22 5.040521043713711e-07
21.23 5.018563244784805e-07
21.240000000000002 4.996701142941135e-07
21.25 4.974934321483449e-07
21.26 4.953262364715704e-07
21.27 4.93168485909911e-07
21.28 4.910201390054061e-07
21.29 4.888811550374105e-07
21.3 4.867514931544939e-07
21.31 4.8463111278272e-07
21.32 4.825199734679181e-07
21.330000000000002 4.804180348923533e-07
21.34 4.783252570267245e-07
21.35 4.762415998878582e-07
21.36 4.7416702378820044e-07
21.37 4.721014891072173e-07
21.38 4.700449564674657e-07
21.39 4.6799738667351343e-07
21.400000000000002 4.6595874055139506e-07
21.41 4.6392897893578543e-07
21.42 4.619080633484124e-07
21.43 4.598959552289908e-07
21.44 4.578926162364809e-07
21.45 4.558980081061995e-07
21.46 4.5391209281876824e-07
21.47 4.519348324730135e-07
21.48 4.4996618936271485e-07
21.490000000000002 4.480061258937059e-07
21.5 4.4605460475300956e-07
21.51 4.4411158863627714e-07
21.52 4.4217704054691045e-07
21.53 4.4025092349936155e-07
21.54 4.383332005857944e-07
21.55 4.3642383527367203e-07
21.56 4.345227913042818e-07
21.57 4.3263003226217754e-07
21.580000000000002 4.307455221477971e-07
21.59 4.2886922497182207e-07
21.6 4.2700110493754655e-07
21.61 4.251411264207554e-07
21.62 4.2328925394122065e-07
21.63 4.2144545218544465e-07
21.64 4.1960968593074024e-07
21.650000000000002 4.177819202453756e-07
21.66 4.1596212016485976e-07
21.67 4.1415025074977455e-07
21.68 4.1234627753379164e-07
21.69 4.1055016614499955e-07
21.7 4.087618823889215e-07
21.71 4.0698139212036855e-07
21.72 4.0520866131797514e-07
21.73 4.0344365626802096e-07
21.740000000000002 4.0168634319693274e-07
21.75 3.9993668865708313e-07
21.76 3.981946591838622e-07
21.77 3.964602216584906e-07
21.78 3.947333429238607e-07
21.79 3.9301399002670935e-07
21.8 3.9130213003701255e-07
21.81 3.895977303149935e-07
21.82 3.879007584293782e-07
21.830000000000002 3.862111819664554e-07
21.84 3.845289687646572e-07
21.85 3.828540866629925e-07
21.86 3.8118650375237035e-07
21.87 3.7952618823330723e-07
21.88 3.778731083748018e-07
21.89 3.762272326884944e-07
21.900000000000002 3.745885297853328e-07
21.91 3.729569683836844e-07
21.92 3.7133251737845946e-07
21.93 3.6971514552880724e-07
21.94 3.6810482204445053e-07
21.95 3.665015162748013e-07
21.96 3.6490519767903333e-07
21.97 3.6331583576463886e-07
21.98 3.617334002062878e-07
21.990000000000002 3.601578608532859e-07
22.0 3.5858918760880583e-07
22.01 3.570273505684004e-07
22.02 3.554723199481536e-07
22.03 3.5392406606166947e-07
22.04 3.5238255937015133e-07
22.05 3.50847770494403e-07
22.06 3.4931967001149035e-07
22.07 3.477982287499714e-07
22.080000000000002 3.462834177529234e-07
22.09 3.4477520815903073e-07
22.1 3.432735711787452e-07
22.11 3.417784781696736e-07
22.12 3.4028990057667993e-07
22.13 3.388078100624115e-07
22.14 3.373321783226057e-07
22.150000000000002 3.358629772094219e-07
22.16 3.344001786638518e-07
22.17 3.3294375487658797e-07
22.18 3.314936779717451e-07
22.19 3.3004992018959313e-07
22.2 3.286124539710863e-07
22.21 3.2718125193435186e-07
22.22 3.257562868409033e-07
22.23 3.243375314902601e-07
22.240000000000002 3.229249587794363e-07
22.25 3.215185418161193e-07
22.26 3.2011825372449354e-07
22.27 3.1872406785264874e-07
22.28 3.1733595752328976e-07
22.29 3.1595389632295753e-07
22.3 3.1457785788939323e-07
22.31 3.132078159122726e-07
22.32 3.1184374424520486e-07
22.330000000000002 3.104856166753129e-07
22.34 3.091334074662351e-07
22.35 3.077870908550855e-07
22.36 3.064466410983166e-07
22.37 3.051120326667107e-07
22.38 3.037832400773671e-07
22.39 3.0246023797730427e-07
22.400000000000002 3.0114300116527925e-07
22.41 2.998315044767691e-07
22.42 2.9852572289593667e-07
22.43 2.972256315432243e-07
22.44 2.9593120559517925e-07
22.45 2.946424203065791e-07
22.46 2.933592509719544e-07
22.47 2.9208167327569555e-07
22.48 2.908096627701853e-07
22.490000000000002 2.895431952616657e-07
22.5 2.882822465575274e-07
22.51 2.870267925903118e-07
22.52 2.8577680942884047e-07
22.53 2.8453227324895506e-07
22.54 2.8329316028416734e-07
22.55 2.820594468867362e-07
22.56 2.8083110958151793e-07
22.57 2.796081248637521e-07
22.580000000000002 2.7839046943307715e-07
22.59 2.7717811981587347e-07
22.6 2.7597105307748595e-07
22.61 2.747692461891173e-07
22.62 2.7357267622074155e-07
22.63 2.723813203587428e-07
22.64 2.7119515585405903e-07
22.650000000000002 2.7001416009611185e-07
22.66 2.688383105494846e-07
22.67 2.676675847995411e-07
22.68 2.665019604752107e-07
22.69 2.6534141539532787e-07
22.7 2.641859273842578e-07
22.71 2.630354743964454e-07
22.72 2.6189003434885903e-07
22.73 2.6074958551214633e-07
22.740000000000002 2.5961410609402854e-07
22.75 2.5848357447647447e-07
22.76 2.5735796908853936e-07
22.77 2.5623726843677673e-07
22.78 2.551214511576039e-07
22.79 2.5401049597921665e-07
22.8 2.5290438169227236e-07
22.81 2.5180308722367884e-07
22.82 2.507065915340741e-07
22.830000000000002 2.4961487372878844e-07
22.84 2.485279129805828e-07
22.85 2.474456883634714e-07
22.86 2.4636817933093256e-07
22.87 2.4529536538685866e-07
22.88 2.442272260573518e-07
22.89 2.431637409289539e-07
22.900000000000002 2.421048897811567e-07
22.91 2.410506523702365e-07
22.92 2.400010085912351e-07
22.93 2.389559384391667e-07
22.94 2.379154219643979e-07
22.95 2.368794393290731e-07
22.96 2.3584797078101925e-07
22.97 2.348209966314628e-07
22.98 2.3379849713731732e-07
22.990000000000002 2.3278045290133003e-07
23.0 2.317668444981768e-07
23.01 2.3075765261923812e-07
23.02 2.2975285798839485e-07
23.03 2.287524414874927e-07
23.04 2.2775638396732833e-07
23.05 2.2676466646588674e-07
23.06 2.2577727008545546e-07
23.07 2.2479417596215605e-07
23.080000000000002 2.2381536534940021e-07
23.09 2.228408196029681e-07
23.1 2.2187052009373245e-07
23.11 2.2090444823521736e-07
23.12 2.1994258561720499e-07
23.13 2.189849139465527e-07
23.14 2.1803141496240486e-07
23.150000000000002 2.1708207043482868e-07
23.16 2.1613686231083158e-07
23.17 2.151957725332915e-07
23.18 2.14258783143994e-07
23.19 2.133258763155899e-07
23.2 2.123970342074036e-07
23.21 2.114722391317332e-07
23.22 2.1055147343335938e-07
23.23 2.09634719573752e-07
23.240000000000002 2.0872195992860356e-07
23.25 2.0781317711902853e-07
23.26 2.0690835385630563e-07
23.27 2.0600747287073636e-07
23.28 2.05110517039439e-07
23.29 2.042174691622453e-07
23.3 2.0332831228582764e-07
23.31 2.0244302940589198e-07
23.32 2.0156160365862686e-07
23.330000000000002 2.006840182129382e-07
23.34 1.998102563710613e-07
23.35 1.9894030142133135e-07
23.36 1.9807413680174294e-07
23.37 1.9721174591312823e-07
23.38 1.9635311227930448e-07
23.39 1.954982195946678e-07
23.400000000000002 1.9464705155678404e-07
23.41 1.9379959191053527e-07
23.42 1.9295582451991954e-07
23.43 1.921157332673822e-07
23.44 1.9127930214136123e-07
23.45 1.9044651520051758e-07
23.46 1.896173565410344e-07
23.47 1.8879181036628731e-07
23.48 1.879698609368705e-07
23.490000000000002 1.871514925883367e-07
23.5 1.8633668958209475e-07
23.51 1.8552543638401108e-07
23.52 1.8471771759617464e-07
23.53 1.8391351780405784e-07
23.54 1.831128216545688e-07
23.55 1.823156139182755e-07
23.56 1.815218793548394e-07
23.57 1.8073160282928228e-07
23.580000000000002 1.7994476926790222e-07
23.59 1.791613637037651e-07
23.6 1.7838137114345354e-07
23.61 1.7760477675496244e-07
23.62 1.768315656914451e-07
23.63 1.7606172324671312e-07
23.64 1.7529523471143257e-07
23.650000000000002 1.7453208548809184e-07
23.66 1.73772261036957e-07
23.67 1.7301574682621587e-07
23.68 1.7226252848739252e-07
23.69 1.7151259162190073e-07
23.7 1.7076592193012822e-07
23.71 1.7002250487221708e-07
23.72 1.6928232640720395e-07
23.73 1.6854537254777637e-07
23.740000000000002 1.678116291972379e-07
23.75 1.6708108240459335e-07
23.76 1.6635371819975852e-07
23.77 1.656295227445483e-07
23.78 1.6490848221366886e-07
23.79 1.641905828580327e-07
23.8 1.6347581097802834e-07
23.81 1.6276415297780852e-07
23.82 1.6205559526701276e-07
23.830000000000002 1.6135012432365232e-07
23.84 1.6064772673010064e-07
23.85 1.5994838906615288e-07
23.86 1.5925209803226734e-07
23.87 1.5855884032463794e-07
23.88 1.5786860273760723e-07
23.89 1.5718137212944e-07
23.900000000000002 1.5649713538131686e-07
23.91 1.5581587931030293e-07
23.92 1.5513759064593138e-07
23.93 1.544622567405289e-07
23.94 1.5378986478199976e-07
23.95 1.5312040192721773e-07
23.96 1.5245385541892717e-07
23.97 1.5179021256114253e-07
23.98 1.5112946066155513e-07
23.990000000000002 1.5047158716906773e-07
24.0 1.4981657951867558e-07
24.01 1.4916442521275705e-07
24.02 1.4851511184151284e-07
24.03 1.4786862702508714e-07
24.04 1.4722495843358738e-07
24.05 1.4658409378514062e-07
24.060000000000002 1.459460208871262e-07
24.07 1.4531072756932913e-07
24.080000000000002 1.4467820171344175e-07
24.09 1.440484312932311e-07
24.1 1.434214042720726e-07
24.11 1.427971087407199e-07
24.12 1.4217553236995452e-07
24.13 1.4155666335922715e-07
24.14 1.4094049013288416e-07
24.150000000000002 1.4032700099403055e-07
24.16 1.3971618420371347e-07
24.17 1.3910802814438982e-07
24.18 1.3850252121139032e-07
24.19 1.3789965186897442e-07
24.2 1.37299408599508e-07
24.21 1.3670178000287716e-07
24.22 1.3610675464266507e-07
24.23 1.3551432122707532e-07
24.240000000000002 1.3492446840154092e-07
24.25 1.343371849970272e-07
24.26 1.3375245976478744e-07
24.27 1.3317028158272718e-07
24.28 1.3259063934226017e-07
24.29 1.3201352202542316e-07
24.3 1.314389186227696e-07
24.310000000000002 1.3086681817599138e-07
24.32 1.3029720973872682e-07
24.330000000000002 1.2973008198293664e-07
24.34 1.2916542439678534e-07
24.35 1.2860322635594096e-07
24.36 1.2804347711116816e-07
24.37 1.2748616600322765e-07
24.38 1.2693128240337867e-07
24.39 1.2637881573020856e-07
24.400000000000002 1.258287554778456e-07
24.41 1.2528109113058647e-07
24.42 1.247358122625865e-07
24.43 1.2419290848445125e-07
24.44 1.2365236944643977e-07
24.45 1.231141848428525e-07
24.46 1.2257834442182067e-07
24.47 1.2204483799227366e-07
24.48 1.2151365534375064e-07
24.490000000000002 1.2098478638830639e-07
24.5 1.2045822103851174e-07
24.51 1.199339492673952e-07
24.52 1.1941196109068512e-07
24.53 1.1889224636339042e-07
24.54 1.1837479491057277e-07
24.55 1.1785959721470106e-07
24.560000000000002 1.1734664347344244e-07
24.57 1.1683592391761002e-07
24.580000000000002 1.163274287841304e-07
24.59 1.1582114841575119e-07
24.6 1.1531707313988765e-07
24.61 1.1481519335739462e-07
24.62 1.1431549949555391e-07
24.63 1.1381798204508334e-07
24.64 1.1332263151495438e-07
24.650000000000002 1.1282943846367604e-07
24.66 1.1233839349537574e-07
24.67 1.1184948725838256e-07
24.68 1.1136271044189303e-07
24.69 1.1087805374568145e-07
24.7 1.1039550797205537e-07
24.71 1.0991506388970807e-07
24.72 1.0943671238750817e-07
24.73 1.0896044431481716e-07
24.740000000000002 1.0848625026283292e-07
24.75 1.0801412126739593e-07
24.76 1.075440485276505e-07
24.77 1.0707602304517648e-07
24.78 1.0661003596318128e-07
24.79 1.0614607834129436e-07
24.8 1.0568414136977881e-07
24.810000000000002 1.052242162408736e-07
24.82 1.0476629417916522e-07
24.830000000000002 1.0431036646192583e-07
24.84 1.0385642440954648e-07
24.85 1.0340445936272685e-07
24.86 1.0295446271930883e-07
24.87 1.0250642590484934e-07
24.88 1.0206034036376573e-07
24.89 1.0161619761137655e-07
24.900000000000002 1.0117398920788698e-07
24.91 1.007337066863386e-07
24.92 1.0029534169470408e-07
24.93 9.985888587034217e-08
24.94 9.942433082997213e-08
24.95 9.899166796735696e-08
24.96 9.85608892821967e-08
24.97 9.81319866407038e-08
24.98 9.770495186470462e-08
24.990000000000002 9.72797767970787e-08
25.0 9.685645336406715e-08
25.01 9.643497348895141e-08
25.02 9.601532912284427e-08
25.03 9.559751230236197e-08
25.04 9.518151503279418e-08
25.05 9.476732941253378e-08
25.060000000000002 9.435494753592097e-08
25.07 9.394436155567696e-08
25.080000000000002 9.353556363712229e-08
25.09 9.312854601371097e-08
25.1 9.272330091576605e-08
25.11 9.231982062323361e-08
25.12 9.191809745587056e-08
25.13 9.151812377436311e-08
25.14 9.111989193603286e-08
25.150000000000002 9.072339419969025e-08
25.16 9.032862285679873e-08
25.17 8.993557061316815e-08
25.18 8.954423001222161e-08
25.19 8.915459357403277e-08
25.2 8.876665387982546e-08
25.21 8.838040354408613e-08
25.22 8.799583520605597e-08
25.23 8.761294152830291e-08
25.240000000000002 8.723171523422681e-08
25.25 8.685214904427284e-08
25.26 8.647423573002575e-08
25.27 8.609796810285453e-08
25.28 8.572333898244812e-08
25.29 8.535034124185027e-08
25.3 8.497896776563547e-08
25.310000000000002 8.460921149837268e-08
25.32 8.424106538381866e-08
25.330000000000002 8.387452240567408e-08
25.34 8.350957559716719e-08
25.35 8.314621799886415e-08
25.36 8.278444239682331e-08
25.37 8.242424201399428e-08
25.38 8.206561008987789e-08
25.39 8.170853980903229e-08
25.400000000000002 8.135302435640236e-08
25.41 8.099905696778145e-08
25.42 8.064663089001259e-08
25.43 8.029573940067622e-08
25.44 7.994637584896538e-08
25.45 7.959853355600636e-08
25.46 7.925220588177181e-08
25.47 7.890738626432223e-08
25.48 7.856406809594652e-08
25.490000000000002 7.822224488390905e-08
25.5 7.788191006451114e-08
25.51 7.754305720786926e-08
25.52 7.720567983051713e-08
25.53 7.686977149187098e-08
25.54 7.653532585543056e-08
25.55 7.620233649539798e-08
25.560000000000002 7.587079703523556e-08
25.57 7.554070090023172e-08
25.580000000000002 7.521204202246959e-08
25.59 7.488481416547409e-08
25.6 7.455901111658732e-08
25.61 7.423462664194963e-08
25.62 7.391165458724071e-08
25.63 7.359008877949266e-08
25.64 7.326992309916084e-08
25.650000000000002 7.295115145686637e-08
25.66 7.263376776957895e-08
25.67 7.231776600428662e-08
25.68 7.200314011919706e-08
25.69 7.168988415638956e-08
25.7 7.137799212136253e-08
25.71 7.106745808181914e-08
25.72 7.075827613828299e-08
25.73 7.045044039668523e-08
25.740000000000002 7.014394496765414e-08
25.75 6.9838784068494e-08
25.76 6.9534951848674e-08
25.77 6.923244238125323e-08
25.78 6.893124981707538e-08
25.79 6.86313686138811e-08
25.8 6.833279303934701e-08
25.810000000000002 6.803551741436056e-08
25.82 6.773953608070737e-08
25.830000000000002 6.744484339457049e-08
25.84 6.715143374173918e-08
25.85 6.685930154844802e-08
25.86 6.656844122297104e-08
25.87 6.627884726127807e-08
25.88 6.59905141093116e-08
25.89 6.570343631265014e-08
25.900000000000002 6.541760838658177e-08
25.91 6.513302488443591e-08
25.92 6.484968039802309e-08
25.93 6.456756953003394e-08
25.94 6.428668690628895e-08
25.95 6.400702718681876e-08
25.96 6.372858503362155e-08
25.97 6.345135514759289e-08
25.98 6.317533201916247e-08
25.990000000000002 6.290051049977939e-08
26.0 6.262688543726784e-08
26.01 6.235445160664625e-08
26.02 6.208320383427786e-08
26.03 6.181313693939382e-08
26.04 6.15442458027556e-08
26.05 6.127652526042303e-08
26.060000000000002 6.100997026790462e-08
26.07 6.074457570787245e-08
26.080000000000002 6.04803365448215e-08
26.09 6.021724774331237e-08
26.1 5.995530428956933e-08
26.11 5.969450120338129e-08
26.12 5.943483352620934e-08
26.13 5.9176296290325865e-08
26.14 5.8918884602248375e-08
26.150000000000002 5.866259353655217e-08
26.16 5.840741823371822e-08
26.17 5.815335383369441e-08
26.18 5.790039542906169e-08
26.19 5.764853804786072e-08
26.2 5.739777702828296e-08
26.21 5.714810766039363e-08
26.22 5.6899525148191786e-08
26.23 5.6652024778619953e-08
26.240000000000002 5.6405601836210736e-08
26.25 5.616025162903379e-08
26.26 5.591596947245024e-08
26.27 5.567275073541806e-08
26.28 5.543059077129012e-08
26.29 5.5189484980026895e-08
26.3 5.4949428760790675e-08
26.310000000000002 5.471041756018865e-08
26.32 5.447244679812081e-08
26.330000000000002 5.4235511976265554e-08
26.34 5.399960857647867e-08
26.35 5.3764732096838735e-08
26.36 5.3530878073674514e-08
26.37 5.329804205794042e-08
26.38 5.3066219626057166e-08
26.39 5.283540620425057e-08
26.400000000000002 5.2605597407502914e-08
26.41 5.2376788937373966e-08
26.42 5.214897646836365e-08
26.43 5.192215564782872e-08
26.44 5.169632216652073e-08
26.45 5.147147172431615e-08
26.46 5.1247600027675056e-08
26.47 5.102470282881106e-08
26.48 5.080277587023426e-08
26.490000000000002 5.058181494223823e-08
26.5 5.036181582721962e-08
26.51 5.014277434395156e-08
26.52 4.992468632103935e-08
26.53 4.97075476047429e-08
26.54 4.949135406245852e-08
26.55 4.92761015803027e-08
26.560000000000002 4.906178607001411e-08
26.57 4.8848403445924076e-08
26.580000000000002 4.86359496371817e-08
26.59 4.842442060641046e-08
26.6 4.821381214246438e-08
26.61 4.800412033978198e-08
26.62 4.779534124139064e-08
26.63 4.7587470895676864e-08
26.64 4.738050533251754e-08
26.650000000000002 4.717444059742642e-08
26.66 4.696927279190177e-08
26.67 4.676499799677536e-08
26.68 4.65616123344276e-08
26.69 4.6359111917917076e-08
26.7 4.6157492901226915e-08
26.71 4.595675144639654e-08
26.72 4.5756883728751853e-08
26.73 4.555788595510566e-08
26.740000000000002 4.535975432913734e-08
26.75 4.5162485079328424e-08
26.76 4.4966074461438136e-08
26.77 4.4770518723174565e-08
26.78 4.457581415446378e-08
26.79 4.4381957051382365e-08
26.8 4.418894366360055e-08
26.810000000000002 4.399677020479307e-08
26.82 4.380543313641145e-08
26.830000000000002 4.361492883369975e-08
26.84 4.3425253667939575e-08
26.85 4.323640403148178e-08
26.86 4.30483763182007e-08
26.87 4.286116696426442e-08
26.88 4.267477240043749e-08
26.89 4.248918906972021e-08
26.900000000000002 4.2304413455736716e-08
26.91 4.212044203498081e-08
26.92 4.1937271296243246e-08
26.93 4.175489777176508e-08
26.94 4.15733179853723e-08
26.95 4.13925284676428e-08
26.96 4.121252580331219e-08
26.97 4.1033306546475964e-08
26.98 4.085486729735441e-08
26.990000000000002 4.067720466428347e-08
27.0 4.050031525855336e-08
27.01 4.0324195600600805e-08
27.02 4.0148842339383676e-08
27.03 3.997425222517908e-08
27.04 3.9800421932621204e-08
27.05 3.962734814308043e-08
27.060000000000002 3.945502758380518e-08
27.07 3.928345695119903e-08
27.080000000000002 3.911263298958887e-08
27.09 3.89425524579082e-08
27.1 3.8773212108444716e-08
27.11 3.860460870949193e-08
27.12 3.843673907983037e-08
27.13 3.826960000707688e-08
27.14 3.810318830844975e-08
27.150000000000002 3.7937500823538336e-08
27.16 3.7772534398796446e-08
27.17 3.7608285904266675e-08
27.18 3.7444752201350335e-08
27.19 3.7281930190995415e-08
27.2 3.711981676379186e-08
27.21 3.695840883706137e-08
27.22 3.6797703189883265e-08
27.23 3.6637696859018e-08
27.240000000000002 3.6478386836269165e-08
27.25 3.6319770082439874e-08
27.26 3.616184358459308e-08
27.27 3.600460432039244e-08
27.28 3.5848049318117904e-08
27.29 3.569217559033339e-08
27.3 3.553698016972813e-08
27.310000000000002 3.538246010654946e-08
27.32 3.522861245732504e-08
27.330000000000002 3.507543430240792e-08
27.34 3.492292271000906e-08
27.35 3.4771074807897244e-08
27.36 3.461988767622249e-08
27.37 3.446935846325034e-08
27.38 3.4319484286245096e-08
27.39 3.4170262311782444e-08
27.400000000000002 3.4021689696827525e-08
27.41 3.387376360327104e-08
27.42 3.372648117645712e-08
27.43 3.3579839542617404e-08
27.44 3.343383599823268e-08
27.45 3.328846777587362e-08
27.46 3.3143732099516514e-08
27.47 3.299962622665392e-08
27.48 3.285614741311413e-08
27.490000000000002 3.2713292921979564e-08
27.5 3.257106004427854e-08
27.51 3.242944606880892e-08
27.52 3.22884483018007e-08
27.53 3.2148064058199215e-08
27.54 3.2008290680914875e-08
27.55 3.186912548749332e-08
27.560000000000002 3.1730565854100635e-08
27.57 3.159260913539558e-08
27.580000000000002 3.145525270194671e-08
27.59 3.131849395735215e-08
27.6 3.1182330284930594e-08
27.61 3.1046759103987614e-08
27.62 3.0911777826515114e-08
27.63 3.077738380364445e-08
27.64 3.064357448206113e-08
27.650000000000002 3.0510347379477366e-08
27.66 3.0377699956571906e-08
27.67 3.0245629690736935e-08
27.68 3.011413407196851e-08
27.69 2.9983210594643075e-08
27.7 2.9852856773179466e-08
27.71 2.972307011483611e-08
27.72 2.959384816938775e-08
27.73 2.9465188468391624e-08
27.740000000000002 2.9337088568791566e-08
27.75 2.9209546025070093e-08
27.76 2.908255842336429e-08
27.77 2.895612333732884e-08
27.78 2.8830238378999258e-08
27.79 2.8704901136802613e-08
27.8 2.8580109233148737e-08
27.810000000000002 2.8455860301030257e-08
27.82 2.833215197377451e-08
27.830000000000002 2.820898188110121e-08
27.84 2.8086347587472663e-08
27.85 2.7964246824990897e-08
27.86 2.7842677295696002e-08
27.87 2.772163668957609e-08
27.88 2.76011226926202e-08
27.89 2.7481133029816075e-08
27.900000000000002 2.7361665401080436e-08
27.91 2.7242717546254086e-08
27.92 2.7124287191983883e-08
27.93 2.7006372102425226e-08
27.94 2.6888970012744038e-08
27.95 2.6772078713943125e-08
27.96 2.665569596319352e-08
27.97 2.6539819558295956e-08
27.98 2.6424447293157947e-08
27.990000000000002 2.630957697581103e-08
28.0 2.6195206422882837e-08
28.01 2.6081333454307548e-08
28.02 2.5967955907344095e-08
28.03 2.5855071632268596e-08
28.04 2.5742678426504178e-08
28.05 2.5630774116917622e-08
28.060000000000002 2.55193566328805e-08
28.07 2.5408423870037436e-08
28.080000000000002 2.5297973709905017e-08
28.09 2.518800405265392e-08
28.1 2.507851280766135e-08
28.11 2.4969497904439275e-08
28.12 2.4860957241762522e-08
28.13 2.475288878652981e-08
28.14 2.4645290463330986e-08
28.150000000000002 2.4538160231093507e-08
28.16 2.4431496056290426e-08
28.17 2.432529590723197e-08
28.18 2.4219557774228337e-08
28.19 2.411427962812139e-08
28.2 2.4009459486214383e-08
28.21 2.390509534423228e-08
28.22 2.380118522267386e-08
28.23 2.3697727145965284e-08
28.240000000000002 2.359471914452395e-08
28.25 2.349215918613928e-08
28.26 2.3390045336184178e-08
28.27 2.3288375701418273e-08
28.28 2.3187148336778376e-08
28.29 2.3086361328082097e-08
28.3 2.2986012745585057e-08
28.310000000000002 2.288610069137044e-08
28.32 2.278662326230162e-08
28.330000000000002 2.2687578567543288e-08
28.34 2.2588964725356803e-08
28.35 2.2490779854212718e-08
28.36 2.239302208973391e-08
28.37 2.229568957892515e-08
28.38 2.2198780471963858e-08
28.39 2.2102292917158334e-08
28.400000000000002 2.2006225090429973e-08
28.41 2.1910575155450994e-08
28.42 2.1815341305225427e-08
28.43 2.1720521722712326e-08
28.44 2.1626114611535508e-08
28.45 2.1532118145416626e-08
28.46 2.1438530491492036e-08
28.47 2.1345349907383815e-08
28.48 2.1252574644362747e-08
28.490000000000002 2.11602029393366e-08
28.5 2.1068233023160513e-08
28.51 2.097666316064393e-08
28.52 2.0885491601870536e-08
28.53 2.0794716620547316e-08
28.54 2.0704336480317655e-08
28.55 2.06143494826893e-08
28.560000000000002 2.0524753892604257e-08
28.57 2.0435548023245456e-08
28.580000000000002 2.0346730170346313e-08
28.59 2.0258298659073177e-08
28.6 2.0170251792305803e-08
28.61 2.0082587902267786e-08
28.62 1.9995305325983673e-08
28.63 1.9908402410074012e-08
28.64 1.9821877486380567e-08
28.650000000000002 1.9735728927618952e-08
28.66 1.9649955039835506e-08
28.67 1.956455418100751e-08
28.68 1.9479524768920462e-08
28.69 1.9394865192167747e-08
28.7 1.9310573841062695e-08
28.71 1.9226649110289945e-08
28.72 1.914308940534602e-08
28.73 1.9059893140814065e-08
28.740000000000002 1.897705872810668e-08
28.75 1.8894584599897378e-08
28.76 1.8812469189735434e-08
28.77 1.873071092358237e-08
28.78 1.8649308269847286e-08
28.79 1.8568259654674343e-08
28.8 1.8487563559375323e-08
28.810000000000002 1.840721844908659e-08
28.82 1.8327222776767803e-08
28.830000000000002 1.8247575046191326e-08
28.84 1.816827373247688e-08
28.85 1.8089317330042073e-08
28.86 1.8010704334661496e-08
28.87 1.7932433191876465e-08
28.88 1.7854502445185962e-08
28.89 1.7776910627912802e-08
28.900000000000002 1.7699656271937627e-08
28.91 1.7622737909932347e-08
28.92 1.7546154070802243e-08
28.93 1.746990330617483e-08
28.94 1.739398416551119e-08
28.95 1.7318395209150246e-08
28.96 1.7243134990479337e-08
28.97 1.7168202086129123e-08
28.98 1.7093595076438424e-08
28.990000000000002 1.7019312534658633e-08
29.0 1.694535305426723e-08
29.01 1.687171522890344e-08
29.02 1.6798397658590765e-08
29.03 1.6725398954008874e-08
29.04 1.665271772169445e-08
29.05 1.6580352591204734e-08
29.060000000000002 1.6508302173847552e-08
29.07 1.6436565095996938e-08
29.080000000000002 1.6365139938374157e-08
29.09 1.6294025395055864e-08
29.1 1.622322011662299e-08
29.11 1.6152722761135088e-08
29.12 1.6082531982437065e-08
29.13 1.6012646454054475e-08
29.14 1.5943064841115826e-08
29.150000000000002 1.5873785824502418e-08
29.16 1.5804808090190367e-08
29.17 1.5736130322340437e-08
29.18 1.5667751215240077e-08
29.19 1.5599669481705153e-08
29.2 1.553188381002997e-08
29.21 1.5464392926360532e-08
29.22 1.539719554349667e-08
29.23 1.5330290384364012e-08
29.240000000000002 1.5263676180047642e-08
29.25 1.519735166297622e-08
29.26 1.5131315571792433e-08
29.27 1.506556666084739e-08
29.28 1.5000103629731236e-08
29.29 1.4934925241504446e-08
29.3 1.4870030274075053e-08
29.310000000000002 1.4805417510241341e-08
29.32 1.4741085714301564e-08
29.330000000000002 1.4677033663533389e-08
29.34 1.46132601481684e-08
29.35 1.4549763942070158e-08
29.36 1.4486543853422311e-08
29.37 1.4423598671485427e-08
29.38 1.4360927205782415e-08
29.39 1.4298528264083586e-08
29.400000000000002 1.4236400660624194e-08
29.41 1.4174543213209187e-08
29.42 1.4112954753828442e-08
29.43 1.4051634102256884e-08
29.44 1.3990580098260956e-08
29.45 1.392979159092244e-08
29.46 1.3869267410156022e-08
29.47 1.3809006420191474e-08
29.48 1.3749007465085838e-08
29.490000000000002 1.368926935175533e-08
29.5 1.3629790984954612e-08
29.51 1.3570571242078107e-08
29.52 1.3511608998974829e-08
29.53 1.3452903133051433e-08
29.54 1.339445253350298e-08
29.55 1.3336256082122081e-08
29.560000000000002 1.327831268282888e-08
29.57 1.3220621227809435e-08
29.580000000000002 1.3163180623620275e-08
29.59 1.3105989780013773e-08
29.6 1.3049047606447526e-08
29.61 1.2992353030085351e-08
29.62 1.2935904965893828e-08
29.63 1.2879702342435943e-08
29.64 1.2823744092958356e-08
29.650000000000002 1.276802916213714e-08
29.66 1.271255648047001e-08
29.67 1.2657325001166187e-08
29.68 1.2602333677096116e-08
29.69 1.2547581439946388e-08
29.7 1.2493067227121209e-08
29.71 1.243879003104893e-08
29.72 1.2384748829564103e-08
29.73 1.2330942585492613e-08
29.740000000000002 1.2277370289207108e-08
29.75 1.2224030917382508e-08
29.76 1.2170923452479442e-08
29.77 1.2118046897955393e-08
29.78 1.2065400237486023e-08
29.79 1.2012982472220111e-08
29.8 1.1960792614424134e-08
29.810000000000002 1.1908829663358253e-08
29.82 1.185709264234404e-08
29.830000000000002 1.1805580559075554e-08
29.84 1.1754292444421493e-08
29.85 1.1703227317021948e-08
29.86 1.1652384208786505e-08
29.87 1.1601762159403975e-08
29.88 1.1551360199408036e-08
29.89 1.150117738076653e-08
29.900000000000002 1.1451212709948401e-08
29.91 1.1401465245488447e-08
29.92 1.135193406029848e-08
29.93 1.1302618212547055e-08
29.94 1.1253516775294488e-08
29.95 1.1204628800967815e-08
29.96 1.1155953373496335e-08
29.97 1.1107489561098474e-08
29.98 1.1059236448487279e-08
