0.0 0.6474808358194517
0.01 0.6570935038562108
0.02 0.6615457299020984
0.03 0.6624085035014453
0.04 0.6608209360772445
0.05 0.6576122877357087
0.06 0.6533857927429143
0.07 0.6485780204884346
0.08 0.6435018632422709
0.09 0.6383781783333606
0.1 0.6333593501407468
0.11 0.6285469727704102
0.12 0.6240051835950985
0.13 0.6197707394159104
0.14 0.6158606309444679
0.15 0.61227782554513
0.16 0.6090155815285493
0.17 0.6060606704828737
0.18 0.6033957649210869
0.19 0.6010011889147767
0.2 0.5988561840123419
0.21 0.5969398079106271
0.22 0.595231556455974
0.23 0.5937117787085993
0.24 0.5923619386208533
0.25 0.5911647643082409
0.26 0.5901043161330033
0.27 0.5891659972568286
0.28 0.5883365244720254
0.29 0.5876038726139456
0.3 0.586957202397118
0.31 0.5863867788721058
0.32 0.585883885687817
0.33 0.5854407388222056
0.34 0.5850504023012715
0.35000000000000003 0.5847067075745971
0.36 0.5844041775872173
0.37 0.5841379561294003
0.38 0.5839037427168685
0.39 0.5836977330223188
0.4 0.5835165647204165
0.41000000000000003 0.5833572685039551
0.42 0.5832172239642743
0.43 0.583094119993438
0.44 0.5829859193508227
0.45 0.5828908270364884
0.46 0.5828072621233334
0.47000000000000003 0.58273383271618
0.48 0.5826693137260373
0.49 0.5826126271700678
0.5 0.5825628247308849
0.51 0.5825190723318756
0.52 0.5824806365076227
0.53 0.5824468723698025
0.54 0.5824172129889207
0.55 0.5823911600307837
0.56 0.5823682755036428
0.5700000000000001 0.5823481744874998
0.58 0.5823305187311743
0.59 0.5823150110154788
0.6 0.5823013901923093
0.61 0.5822894268197336
0.62 0.5822789193223508
0.63 0.5822696906143794
0.64 0.5822615851302296
0.65 0.5822544662137876
0.66 0.5822482138233845
0.67 0.5822427225145173
0.68 0.582237899666888
0.6900000000000001 0.5822336639263113
0.7000000000000001 0.5822299438355626
0.71 0.5822266766313312
0.72 0.582223807187199
0.73 0.582221287084965
0.74 0.5822190737987707
0.75 0.5822171299783574
0.76 0.5822154228194283
0.77 0.5822139235105523
0.78 0.5822126067473148
0.79 0.5822114503055514
0.8 0.5822104346664885
0.81 0.5822095426874795
0.8200000000000001 0.582208759312802
0.8300000000000001 0.5822080713196395
0.84 0.5822074670949733
0.85 0.5822069364396244
0.86 0.5822064703961429
0.87 0.5822060610976458
0.88 0.5822057016350513
0.89 0.5822053859404748
0.9 0.5822051086848181
0.91 0.5822048651878242
0.92 0.5822046513390831
0.93 0.5822044635286517
0.9400000000000001 0.5822042985861224
0.9500000000000001 0.5822041537271079
0.96 0.5822040265062421
0.97 0.5822039147759026
0.98 0.5822038166499588
0.99 0.5822037304719336
1.0 0.5822036547870417
1.01 0.5822035883176316
1.02 0.5822035299416192
1.03 0.5822034786735446
1.04 0.5822034336479385
1.05 0.5822033941047112
1.06 0.5822033593763221
1.07 0.5822033288765106
1.08 0.5822033020903999
1.09 0.5822032785658053
1.1 0.5822032579055999
1.11 0.582203239761012
1.12 0.5822032238257364
1.1300000000000001 0.5822032098307641
1.1400000000000001 0.5822031975398412
1.1500000000000001 0.5822031867454798
1.16 0.5822031772654567
1.17 0.5822031689397358
1.18 0.5822031616277679
1.19 0.5822031552061164
1.2 0.5822031495663755
1.21 0.5822031446133382
1.22 0.5822031402633905
1.23 0.5822031364430993
1.24 0.582203133087973
1.25 0.5822031301413721
1.26 0.5822031275535541
1.27 0.5822031252808328
1.28 0.5822031232848418
1.29 0.5822031215318857
1.3 0.5822031199923726
1.31 0.5822031186403129
1.32 0.5822031174528821
1.33 0.582203116410035
1.34 0.5822031154941665
1.35 0.5822031146898157
1.36 0.5822031139834037
1.37 0.5822031133630058
1.3800000000000001 0.5822031128181484
1.3900000000000001 0.5822031123396337
1.4000000000000001 0.5822031119193838
1.41 0.5822031115503041
1.42 0.5822031112261643
1.43 0.5822031109414921
1.44 0.5822031106914821
1.45 0.5822031104719139
1.46 0.5822031102790804
1.47 0.5822031101097269
1.48 0.5822031099609941
1.49 0.582203109830371
1.5 0.582203109715653
1.51 0.5822031096149031
1.52 0.5822031095264207
1.53 0.5822031094487121
1.54 0.5822031093804656
1.55 0.5822031093205287
1.56 0.5822031092678898
1.57 0.5822031092216603
1.58 0.5822031091810598
1.59 0.5822031091454031
1.6 0.5822031091140878
1.61 0.5822031090865855
1.62 0.582203109062432
1.6300000000000001 0.5822031090412193
1.6400000000000001 0.5822031090225896
1.6500000000000001 0.5822031090062283
1.6600000000000001 0.5822031089918591
1.67 0.5822031089792397
1.68 0.5822031089681567
1.69 0.5822031089584233
1.7 0.5822031089498749
1.71 0.5822031089423674
1.72 0.5822031089357742
1.73 0.5822031089299837
1.74 0.5822031089248982
1.75 0.582203108920432
1.76 0.5822031089165094
1.77 0.5822031089130648
1.78 0.5822031089100393
1.79 0.5822031089073822
1.8 0.5822031089050488
1.81 0.5822031089029995
1.82 0.5822031089011998
1.83 0.582203108899619
1.84 0.5822031088982308
1.85 0.5822031088970117
1.86 0.582203108895941
1.87 0.5822031088950005
1.8800000000000001 0.5822031088941746
1.8900000000000001 0.5822031088934494
1.9000000000000001 0.5822031088928123
1.9100000000000001 0.5822031088922529
1.92 0.5822031088917619
1.93 0.5822031088913302
1.94 0.5822031088909512
1.95 0.5822031088906184
1.96 0.5822031088903261
1.97 0.5822031088900694
1.98 0.5822031088898441
1.99 0.582203108889646
2.0 0.5822031088894721
2.0100000000000002 0.5822031088893194
2.02 0.5822031088891853
2.0300000000000002 0.5822031088890676
2.04 0.5822031088889641
2.05 0.5822031088888733
2.06 0.5822031088887933
2.07 0.5822031088887233
2.08 0.5822031088886619
2.09 0.5822031088886078
2.1 0.5822031088885603
2.11 0.5822031088885187
2.12 0.582203108888482
2.13 0.5822031088884498
2.14 0.5822031088884216
2.15 0.5822031088883968
2.16 0.582203108888375
2.17 0.5822031088883559
2.18 0.5822031088883393
2.19 0.5822031088883245
2.2 0.5822031088883113
2.21 0.5822031088883
2.22 0.5822031088882901
2.23 0.5822031088882813
2.24 0.5822031088882735
2.25 0.5822031088882668
2.2600000000000002 0.5822031088882609
2.27 0.5822031088882555
2.2800000000000002 0.582203108888251
2.29 0.5822031088882471
2.3000000000000003 0.5822031088882436
2.31 0.5822031088882405
2.32 0.5822031088882377
2.33 0.5822031088882352
2.34 0.5822031088882331
2.35 0.5822031088882312
2.36 0.5822031088882297
2.37 0.5822031088882283
2.38 0.5822031088882271
2.39 0.582203108888226
2.4 0.582203108888225
2.41 0.582203108888224
2.42 0.5822031088882232
2.43 0.5822031088882227
2.44 0.5822031088882219
2.45 0.5822031088882216
2.46 0.582203108888221
2.47 0.5822031088882207
2.48 0.5822031088882205
2.49 0.5822031088882201
2.5 0.58220310888822
2.5100000000000002 0.5822031088882197
2.52 0.5822031088882194
2.5300000000000002 0.5822031088882192
2.54 0.582203108888219
2.5500000000000003 0.582203108888219
2.56 0.5822031088882189
2.57 0.5822031088882188
2.58 0.5822031088882187
2.59 0.5822031088882186
2.6 0.5822031088882185
2.61 0.5822031088882185
2.62 0.5822031088882185
2.63 0.5822031088882182
2.64 0.5822031088882182
2.65 0.5822031088882182
2.66 0.5822031088882182
2.67 0.5822031088882182
2.68 0.5822031088882182
2.69 0.5822031088882182
2.7 0.5822031088882182
2.71 0.582203108888218
2.72 0.5822031088882181
2.73 0.5822031088882181
2.74 0.582203108888218
2.75 0.5822031088882181
2.7600000000000002 0.5822031088882181
2.77 0.582203108888218
2.7800000000000002 0.5822031088882181
2.79 0.5822031088882181
2.8000000000000003 0.5822031088882181
2.81 0.5822031088882179
2.82 0.582203108888218
2.83 0.582203108888218
2.84 0.582203108888218
2.85 0.582203108888218
2.86 0.582203108888218
2.87 0.582203108888218
2.88 0.5822031088882181
2.89 0.582203108888218
2.9 0.5822031088882179
2.91 0.5822031088882179
2.92 0.5822031088882179
2.93 0.5822031088882179
2.94 0.5822031088882179
2.95 0.5822031088882179
2.96 0.5822031088882179
2.97 0.5822031088882181
2.98 0.5822031088882179
2.99 0.5822031088882179
3.0 0.5822031088882179
3.0100000000000002 0.5822031088882179
3.02 0.5822031088882179
3.0300000000000002 0.5822031088882179
3.04 0.5822031088882179
3.0500000000000003 0.5822031088882179
3.06 0.5822031088882179
3.0700000000000003 0.5822031088882179
3.08 0.5822031088882179
3.09 0.5822031088882179
3.1 0.5822031088882181
3.11 0.5822031088882179
3.12 0.5822031088882179
3.13 0.5822031088882179
3.14 0.5822031088882179
3.15 0.5822031088882179
3.16 0.5822031088882179
3.17 0.5822031088882179
3.18 0.5822031088882179
3.19 0.5822031088882179
3.2 0.5822031088882179
3.21 0.5822031088882179
3.22 0.5822031088882179
3.23 0.5822031088882179
3.24 0.5822031088882179
3.25 0.5822031088882179
3.2600000000000002 0.5822031088882179
3.27 0.5822031088882179
3.2800000000000002 0.5822031088882179
3.29 0.5822031088882179
3.3000000000000003 0.5822031088882179
3.31 0.5822031088882179
3.3200000000000003 0.5822031088882179
3.33 0.5822031088882179
3.34 0.5822031088882179
3.35 0.5822031088882179
3.36 0.5822031088882179
3.37 0.5822031088882179
3.38 0.5822031088882179
3.39 0.5822031088882179
3.4 0.5822031088882179
3.41 0.5822031088882179
3.42 0.5822031088882179
3.43 0.5822031088882179
3.44 0.5822031088882179
3.45 0.5822031088882179
3.46 0.5822031088882179
3.47 0.5822031088882181
3.48 0.5822031088882179
3.49 0.5822031088882179
3.5 0.5822031088882179
3.5100000000000002 0.5822031088882179
3.52 0.5822031088882179
3.5300000000000002 0.5822031088882179
3.54 0.5822031088882179
3.5500000000000003 0.5822031088882179
3.56 0.5822031088882179
3.5700000000000003 0.5822031088882179
3.58 0.5822031088882179
3.59 0.5822031088882179
3.6 0.5822031088882179
3.61 0.5822031088882179
3.62 0.5822031088882179
3.63 0.5822031088882179
3.64 0.5822031088882179
3.65 0.5822031088882179
3.66 0.5822031088882179
3.67 0.5822031088882179
3.68 0.5822031088882179
3.69 0.5822031088882179
3.7 0.5822031088882179
3.71 0.5822031088882179
3.72 0.5822031088882179
3.73 0.5822031088882179
3.74 0.5822031088882179
3.75 0.5822031088882179
3.7600000000000002 0.5822031088882179
3.77 0.5822031088882179
3.7800000000000002 0.5822031088882179
3.79 0.5822031088882179
3.8000000000000003 0.5822031088882179
3.81 0.5822031088882179
3.8200000000000003 0.5822031088882179
3.83 0.5822031088882179
3.84 0.5822031088882179
3.85 0.5822031088882179
3.86 0.5822031088882179
3.87 0.5822031088882179
3.88 0.5822031088882179
3.89 0.5822031088882179
3.9 0.5822031088882179
3.91 0.5822031088882179
3.92 0.5822031088882179
3.93 0.5822031088882179
3.94 0.5822031088882179
3.95 0.5822031088882179
3.96 0.5822031088882179
3.97 0.5822031088882179
3.98 0.5822031088882179
3.99 0.5822031088882179
4.0 0.5822031088882179
4.01 0.5822031088882179
4.0200000000000005 0.5822031088882179
4.03 0.5822031088882179
4.04 0.5822031088882179
4.05 0.5822031088882179
4.0600000000000005 0.5822031088882179
4.07 0.5822031088882179
4.08 0.5822031088882179
4.09 0.5822031088882179
4.1 0.5822031088882179
4.11 0.5822031088882179
4.12 0.5822031088882179
4.13 0.5822031088882179
4.14 0.5822031088882179
4.15 0.5822031088882179
4.16 0.5822031088882179
4.17 0.5822031088882179
4.18 0.5822031088882179
4.19 0.5822031088882179
4.2 0.5822031088882179
4.21 0.5822031088882179
4.22 0.5822031088882179
4.23 0.5822031088882179
4.24 0.5822031088882179
4.25 0.5822031088882179
4.26 0.5822031088882179
4.2700000000000005 0.5822031088882179
4.28 0.5822031088882179
4.29 0.5822031088882179
4.3 0.5822031088882179
4.3100000000000005 0.5822031088882179
4.32 0.5822031088882179
4.33 0.5822031088882179
4.34 0.5822031088882179
4.3500000000000005 0.5822031088882179
4.36 0.5822031088882179
4.37 0.5822031088882179
4.38 0.5822031088882179
4.39 0.5822031088882179
4.4 0.5822031088882179
4.41 0.5822031088882179
4.42 0.5822031088882179
4.43 0.5822031088882179
4.44 0.5822031088882179
4.45 0.5822031088882179
4.46 0.5822031088882179
4.47 0.5822031088882179
4.48 0.5822031088882179
4.49 0.5822031088882179
4.5 0.5822031088882179
4.51 0.5822031088882179
4.5200000000000005 0.5822031088882179
4.53 0.5822031088882179
4.54 0.5822031088882179
4.55 0.5822031088882179
4.5600000000000005 0.5822031088882179
4.57 0.5822031088882179
4.58 0.5822031088882179
4.59 0.5822031088882179
4.6000000000000005 0.5822031088882179
4.61 0.5822031088882179
4.62 0.5822031088882179
4.63 0.5822031088882179
4.64 0.5822031088882179
4.65 0.5822031088882179
4.66 0.5822031088882179
4.67 0.5822031088882179
4.68 0.5822031088882179
4.69 0.5822031088882179
4.7 0.5822031088882179
4.71 0.5822031088882179
4.72 0.5822031088882179
4.73 0.5822031088882179
4.74 0.5822031088882179
4.75 0.5822031088882179
4.76 0.5822031088882179
4.7700000000000005 0.5822031088882179
4.78 0.5822031088882179
4.79 0.5822031088882179
4.8 0.5822031088882179
4.8100000000000005 0.5822031088882179
4.82 0.5822031088882179
4.83 0.5822031088882179
4.84 0.5822031088882179
4.8500000000000005 0.5822031088882179
4.86 0.5822031088882179
4.87 0.5822031088882179
4.88 0.5822031088882179
4.89 0.5822031088882179
4.9 0.5822031088882179
4.91 0.5822031088882179
4.92 0.5822031088882179
4.93 0.5822031088882179
4.94 0.5822031088882179
4.95 0.5822031088882179
4.96 0.5822031088882179
4.97 0.5822031088882179
4.98 0.5822031088882179
4.99 0.5822031088882179
5.0 0.5822031088882179
5.01 0.5822031088882179
5.0200000000000005 0.5822031088882179
5.03 0.5822031088882179
5.04 0.5822031088882179
5.05 0.5822031088882179
5.0600000000000005 0.5822031088882179
5.07 0.5822031088882179
5.08 0.5822031088882179
5.09 0.5822031088882179
5.1000000000000005 0.5822031088882179
5.11 0.5822031088882179
5.12 0.5822031088882179
5.13 0.5822031088882179
5.14 0.5822031088882179
5.15 0.5822031088882179
5.16 0.5822031088882179
5.17 0.5822031088882179
5.18 0.5822031088882179
5.19 0.5822031088882179
5.2 0.5822031088882179
5.21 0.5822031088882179
5.22 0.5822031088882179
5.23 0.5822031088882179
5.24 0.5822031088882179
5.25 0.5822031088882179
5.26 0.5822031088882179
5.2700000000000005 0.5822031088882179
5.28 0.5822031088882179
5.29 0.5822031088882179
5.3 0.5822031088882179
5.3100000000000005 0.5822031088882179
5.32 0.5822031088882179
5.33 0.5822031088882179
5.34 0.5822031088882179
5.3500000000000005 0.5822031088882179
5.36 0.5822031088882179
5.37 0.5822031088882179
5.38 0.5822031088882179
5.39 0.5822031088882179
5.4 0.5822031088882179
5.41 0.5822031088882179
5.42 0.5822031088882179
5.43 0.5822031088882179
5.44 0.5822031088882179
5.45 0.5822031088882179
5.46 0.5822031088882179
5.47 0.5822031088882179
5.48 0.5822031088882179
5.49 0.5822031088882179
5.5 0.5822031088882179
5.51 0.5822031088882179
5.5200000000000005 0.5822031088882179
5.53 0.5822031088882179
5.54 0.5822031088882179
5.55 0.5822031088882179
5.5600000000000005 0.5822031088882179
5.57 0.5822031088882179
5.58 0.5822031088882179
5.59 0.5822031088882179
5.6000000000000005 0.5822031088882179
5.61 0.5822031088882179
5.62 0.5822031088882179
5.63 0.5822031088882179
5.64 0.5822031088882179
5.65 0.5822031088882179
5.66 0.5822031088882179
5.67 0.5822031088882179
5.68 0.5822031088882179
5.69 0.5822031088882179
5.7 0.5822031088882179
5.71 0.5822031088882179
5.72 0.5822031088882179
5.73 0.5822031088882179
5.74 0.5822031088882179
5.75 0.5822031088882179
5.76 0.5822031088882179
5.7700000000000005 0.5822031088882179
5.78 0.5822031088882179
5.79 0.5822031088882179
5.8 0.5822031088882179
5.8100000000000005 0.5822031088882179
5.82 0.5822031088882179
5.83 0.5822031088882179
5.84 0.5822031088882179
5.8500000000000005 0.5822031088882179
5.86 0.5822031088882179
5.87 0.5822031088882179
5.88 0.5822031088882179
5.89 0.5822031088882179
5.9 0.5822031088882179
5.91 0.5822031088882179
5.92 0.5822031088882179
5.93 0.5822031088882179
5.94 0.5822031088882179
5.95 0.5822031088882179
5.96 0.5822031088882179
5.97 0.5822031088882179
5.98 0.5822031088882179
5.99 0.5822031088882179
6.0 0.5822031088882179
6.01 0.5822031088882179
6.0200000000000005 0.5822031088882179
6.03 0.5822031088882179
6.04 0.5822031088882179
6.05 0.5822031088882179
6.0600000000000005 0.5822031088882179
6.07 0.5822031088882179
6.08 0.5822031088882179
6.09 0.5822031088882179
6.1000000000000005 0.5822031088882179
6.11 0.5822031088882179
6.12 0.5822031088882179
6.13 0.5822031088882179
6.140000000000001 0.5822031088882179
6.15 0.5822031088882179
6.16 0.5822031088882179
6.17 0.5822031088882179
6.18 0.5822031088882179
6.19 0.5822031088882179
6.2 0.5822031088882179
6.21 0.5822031088882179
6.22 0.5822031088882179
6.23 0.5822031088882179
6.24 0.5822031088882179
6.25 0.5822031088882179
6.26 0.5822031088882179
6.2700000000000005 0.5822031088882179
6.28 0.5822031088882179
6.29 0.5822031088882179
6.3 0.5822031088882179
6.3100000000000005 0.5822031088882179
6.32 0.5822031088882179
6.33 0.5822031088882179
6.34 0.5822031088882179
6.3500000000000005 0.5822031088882179
6.36 0.5822031088882179
6.37 0.5822031088882179
6.38 0.5822031088882179
6.390000000000001 0.5822031088882179
6.4 0.5822031088882179
6.41 0.5822031088882179
6.42 0.5822031088882179
6.43 0.5822031088882179
6.44 0.5822031088882179
6.45 0.5822031088882179
6.46 0.5822031088882179
6.47 0.5822031088882179
6.48 0.5822031088882179
6.49 0.5822031088882179
6.5 0.5822031088882179
6.51 0.5822031088882179
6.5200000000000005 0.5822031088882179
6.53 0.5822031088882179
6.54 0.5822031088882179
6.55 0.5822031088882179
6.5600000000000005 0.5822031088882179
6.57 0.5822031088882179
6.58 0.5822031088882179
6.59 0.5822031088882179
6.6000000000000005 0.5822031088882179
6.61 0.5822031088882179
6.62 0.5822031088882179
6.63 0.5822031088882179
6.640000000000001 0.5822031088882179
6.65 0.5822031088882179
6.66 0.5822031088882179
6.67 0.5822031088882179
6.68 0.5822031088882179
6.69 0.5822031088882179
6.7 0.5822031088882179
6.71 0.5822031088882179
6.72 0.5822031088882179
6.73 0.5822031088882179
6.74 0.5822031088882179
6.75 0.5822031088882179
6.76 0.5822031088882179
6.7700000000000005 0.5822031088882179
6.78 0.5822031088882179
6.79 0.5822031088882179
6.8 0.5822031088882179
6.8100000000000005 0.5822031088882179
6.82 0.5822031088882179
6.83 0.5822031088882179
6.84 0.5822031088882179
6.8500000000000005 0.5822031088882179
6.86 0.5822031088882179
6.87 0.5822031088882179
6.88 0.5822031088882179
6.890000000000001 0.5822031088882179
6.9 0.5822031088882179
6.91 0.5822031088882179
6.92 0.5822031088882179
6.93 0.5822031088882179
6.94 0.5822031088882179
6.95 0.5822031088882179
6.96 0.5822031088882179
6.97 0.5822031088882179
6.98 0.5822031088882179
6.99 0.5822031088882179
7.0 0.5822031088882179
7.01 0.5822031088882179
7.0200000000000005 0.5822031088882179
7.03 0.5822031088882179
7.04 0.5822031088882179
7.05 0.5822031088882179
7.0600000000000005 0.5822031088882179
7.07 0.5822031088882179
7.08 0.5822031088882179
7.09 0.5822031088882179
7.1000000000000005 0.5822031088882179
7.11 0.5822031088882179
7.12 0.5822031088882179
7.13 0.5822031088882179
7.140000000000001 0.5822031088882179
7.15 0.5822031088882179
7.16 0.5822031088882179
7.17 0.5822031088882179
7.18 0.5822031088882179
7.19 0.5822031088882179
7.2 0.5822031088882179
7.21 0.5822031088882179
7.22 0.5822031088882179
7.23 0.5822031088882179
7.24 0.5822031088882179
7.25 0.5822031088882179
7.26 0.5822031088882179
7.2700000000000005 0.5822031088882179
7.28 0.5822031088882179
7.29 0.5822031088882179
7.3 0.5822031088882179
7.3100000000000005 0.5822031088882179
7.32 0.5822031088882179
7.33 0.5822031088882179
7.34 0.5822031088882179
7.3500000000000005 0.5822031088882179
7.36 0.5822031088882179
7.37 0.5822031088882179
7.38 0.5822031088882179
7.390000000000001 0.5822031088882179
7.4 0.5822031088882179
7.41 0.5822031088882179
7.42 0.5822031088882179
7.43 0.5822031088882179
7.44 0.5822031088882179
7.45 0.5822031088882179
7.46 0.5822031088882179
7.47 0.5822031088882179
7.48 0.5822031088882179
7.49 0.5822031088882179
7.5 0.5822031088882179
7.51 0.5822031088882179
7.5200000000000005 0.5822031088882179
7.53 0.5822031088882179
7.54 0.5822031088882179
7.55 0.5822031088882179
7.5600000000000005 0.5822031088882179
7.57 0.5822031088882179
7.58 0.5822031088882179
7.59 0.5822031088882179
7.6000000000000005 0.5822031088882179
7.61 0.5822031088882179
7.62 0.5822031088882179
7.63 0.5822031088882179
7.640000000000001 0.5822031088882179
7.65 0.5822031088882179
7.66 0.5822031088882179
7.67 0.5822031088882179
7.68 0.5822031088882179
7.69 0.5822031088882179
7.7 0.5822031088882179
7.71 0.5822031088882179
7.72 0.5822031088882179
7.73 0.5822031088882179
7.74 0.5822031088882179
7.75 0.5822031088882179
7.76 0.5822031088882179
7.7700000000000005 0.5822031088882179
7.78 0.5822031088882179
7.79 0.5822031088882179
7.8 0.5822031088882179
7.8100000000000005 0.5822031088882179
7.82 0.5822031088882179
7.83 0.5822031088882179
7.84 0.5822031088882179
7.8500000000000005 0.5822031088882179
7.86 0.5822031088882179
7.87 0.5822031088882179
7.88 0.5822031088882179
7.890000000000001 0.5822031088882179
7.9 0.5822031088882179
7.91 0.5822031088882179
7.92 0.5822031088882179
7.930000000000001 0.5822031088882179
7.94 0.5822031088882179
7.95 0.5822031088882179
7.96 0.5822031088882179
7.97 0.5822031088882179
7.98 0.5822031088882179
7.99 0.5822031088882179
8.0 0.5822031088882179
8.01 0.5822031088882179
8.02 0.5822031088882179
8.03 0.5822031088882179
8.040000000000001 0.5822031088882179
8.05 0.5822031088882179
8.06 0.5822031088882179
8.07 0.5822031088882179
8.08 0.5822031088882179
8.09 0.5822031088882179
8.1 0.5822031088882179
8.11 0.5822031088882179
8.120000000000001 0.5822031088882179
8.13 0.5822031088882179
8.14 0.5822031088882179
8.15 0.5822031088882179
8.16 0.5822031088882179
8.17 0.5822031088882179
8.18 0.5822031088882179
8.19 0.5822031088882179
8.2 0.5822031088882179
8.21 0.5822031088882179
8.22 0.5822031088882179
8.23 0.5822031088882179
8.24 0.5822031088882179
8.25 0.5822031088882179
8.26 0.5822031088882179
8.27 0.5822031088882179
8.28 0.5822031088882179
8.290000000000001 0.5822031088882179
8.3 0.5822031088882179
8.31 0.5822031088882179
8.32 0.5822031088882179
8.33 0.5822031088882179
8.34 0.5822031088882179
8.35 0.5822031088882179
8.36 0.5822031088882179
8.370000000000001 0.5822031088882179
8.38 0.5822031088882179
8.39 0.5822031088882179
8.4 0.5822031088882179
8.41 0.5822031088882179
8.42 0.5822031088882179
8.43 0.5822031088882179
8.44 0.5822031088882179
8.45 0.5822031088882179
8.46 0.5822031088882179
8.47 0.5822031088882179
8.48 0.5822031088882179
8.49 0.5822031088882179
8.5 0.5822031088882179
8.51 0.5822031088882179
8.52 0.5822031088882179
8.53 0.5822031088882179
8.540000000000001 0.5822031088882179
8.55 0.5822031088882179
8.56 0.5822031088882179
8.57 0.5822031088882179
8.58 0.5822031088882179
8.59 0.5822031088882179
8.6 0.5822031088882179
8.61 0.5822031088882179
8.620000000000001 0.5822031088882179
8.63 0.5822031088882179
8.64 0.5822031088882179
8.65 0.5822031088882179
8.66 0.5822031088882179
8.67 0.5822031088882179
8.68 0.5822031088882179
8.69 0.5822031088882179
8.700000000000001 0.5822031088882179
8.71 0.5822031088882179
8.72 0.5822031088882179
8.73 0.5822031088882179
8.74 0.5822031088882179
8.75 0.5822031088882179
8.76 0.5822031088882179
8.77 0.5822031088882179
8.78 0.5822031088882179
8.790000000000001 0.5822031088882179
8.8 0.5822031088882179
8.81 0.5822031088882179
8.82 0.5822031088882179
8.83 0.5822031088882179
8.84 0.5822031088882179
8.85 0.5822031088882179
8.86 0.5822031088882179
8.870000000000001 0.5822031088882179
8.88 0.5822031088882179
8.89 0.5822031088882179
8.9 0.5822031088882179
8.91 0.5822031088882179
8.92 0.5822031088882179
8.93 0.5822031088882179
8.94 0.5822031088882179
8.950000000000001 0.5822031088882179
8.96 0.5822031088882179
8.97 0.5822031088882179
8.98 0.5822031088882179
8.99 0.5822031088882179
9.0 0.5822031088882179
9.01 0.5822031088882179
9.02 0.5822031088882179
9.03 0.5822031088882179
9.040000000000001 0.5822031088882179
9.05 0.5822031088882179
9.06 0.5822031088882179
9.07 0.5822031088882179
9.08 0.5822031088882179
9.09 0.5822031088882179
9.1 0.5822031088882179
9.11 0.5822031088882179
9.120000000000001 0.5822031088882179
9.13 0.5822031088882179
9.14 0.5822031088882179
9.15 0.5822031088882179
9.16 0.5822031088882179
9.17 0.5822031088882179
9.18 0.5822031088882179
9.19 0.5822031088882179
9.200000000000001 0.5822031088882179
9.21 0.5822031088882179
9.22 0.5822031088882179
9.23 0.5822031088882179
9.24 0.5822031088882179
9.25 0.5822031088882179
9.26 0.5822031088882179
9.27 0.5822031088882179
9.28 0.5822031088882179
9.290000000000001 0.5822031088882179
9.3 0.5822031088882179
9.31 0.5822031088882179
9.32 0.5822031088882179
9.33 0.5822031088882179
9.34 0.5822031088882179
9.35 0.5822031088882179
9.36 0.5822031088882179
9.370000000000001 0.5822031088882179
9.38 0.5822031088882179
9.39 0.5822031088882179
9.4 0.5822031088882179
9.41 0.5822031088882179
9.42 0.5822031088882179
9.43 0.5822031088882179
9.44 0.5822031088882179
9.450000000000001 0.5822031088882179
9.46 0.5822031088882179
9.47 0.5822031088882179
9.48 0.5822031088882179
9.49 0.5822031088882179
9.5 0.5822031088882179
9.51 0.5822031088882179
9.52 0.5822031088882179
9.53 0.5822031088882179
9.540000000000001 0.5822031088882179
9.55 0.5822031088882179
9.56 0.5822031088882179
9.57 0.5822031088882179
9.58 0.5822031088882179
9.59 0.5822031088882179
9.6 0.5822031088882179
9.61 0.5822031088882179
9.620000000000001 0.5822031088882179
9.63 0.5822031088882179
9.64 0.5822031088882179
9.65 0.5822031088882179
9.66 0.5822031088882179
9.67 0.5822031088882179
9.68 0.5822031088882179
9.69 0.5822031088882179
9.700000000000001 0.5822031088882179
9.71 0.5822031088882179
9.72 0.5822031088882179
9.73 0.5822031088882179
9.74 0.5822031088882179
9.75 0.5822031088882179
9.76 0.5822031088882179
9.77 0.5822031088882179
9.78 0.5822031088882179
9.790000000000001 0.5822031088882179
9.8 0.5822031088882179
9.81 0.5822031088882179
9.82 0.5822031088882179
9.83 0.5822031088882179
9.84 0.5822031088882179
9.85 0.5822031088882179
9.86 0.5822031088882179
9.870000000000001 0.5822031088882179
9.88 0.5822031088882179
9.89 0.5822031088882179
9.9 0.5822031088882179
9.91 0.5822031088882179
9.92 0.5822031088882179
9.93 0.5822031088882179
9.94 0.5822031088882179
9.950000000000001 0.5822031088882179
9.96 0.5822031088882179
9.97 0.5822031088882179
9.98 0.5822031088882179
9.99 0.5822031088882179
