0.0 0.0
0.01 2.951176121024452e-05
0.02 8.852605019317355e-05
0.03 0.00017702440032862235
0.04 0.00029497911232713404
0.05 0.00044235325500843173
0.06 0.000619100666355248
0.07 0.0008251659548561022
0.08 0.0010604845011539913
0.09 0.00132498246002134
0.1 0.0016185767626849085
0.11 0.0019411751195277031
0.12 0.0022926760231982645
0.13 0.00267296875216101
0.14 0.0030819333747246144
0.15 0.003519440753588638
0.16 0.003985352550951904
0.17 0.004479521234229278
0.18 0.005001790082426739
0.19 0.005551993193227723
0.2 0.006129955490846868
0.21 0.006735492734710345
0.22 0.0073684115290249775
0.23 0.008028509333301369
0.24 0.00871557447389913
0.25 0.00942938615666527
0.26 0.010169714480739549
0.27 0.010936320453603453
0.28 0.011728956007452064
0.29 0.012547364016970868
0.3 0.013391278318601972
0.31 0.014260423731386853
0.32 0.015154516079475055
0.33 0.016073262216390723
0.34 0.017016360051150998
0.35000000000000003 0.017983498576332604
0.36 0.018974357898184878
0.37 0.019988609268889644
0.38 0.02102591512107006
0.39 0.022085929104652437
0.4 0.023168296126186594
0.41000000000000003 0.024272652390731973
0.42 0.025398625446417956
0.43 0.026545834231788325
0.44 0.02771388912604078
0.45 0.028902392002273545
0.46 0.0301109362838518
0.47000000000000003 0.031339107004007646
0.48 0.032586480868787494
0.49 0.03385262632346153
0.5 0.03513710362250976
0.51 0.03643946490329946
0.52 0.03775925426356846
0.53 0.03909600784282857
0.54 0.0404492539078028
0.55 0.04181851294200905
0.56 0.04320329773960258
0.5700000000000001 0.04460311350358776
0.58 0.046017457948508575
0.59 0.047445821407725595
0.6 0.04888768694538536
0.61 0.05034253047318581
0.62 0.051809820872039405
0.63 0.05328902011873244
0.64 0.054779583417676796
0.65 0.05628095933784674
0.66 0.05779258995499013
0.67 0.05931391099919994
0.68 0.06084435200792758
0.6900000000000001 0.06238333648451567
0.7000000000000001 0.06393028206232318
0.71 0.06548460067451095
0.72 0.06704569872955062
0.73 0.0686129772925145
0.74 0.07018583227219818
0.75 0.07176365461412149
0.76 0.07334583049944748
0.77 0.07493174154985184
0.78 0.07652076503836887
0.79 0.07811227410623219
0.8 0.0797056379857214
0.81 0.08130022222901777
0.8200000000000001 0.08289538894306353
0.8300000000000001 0.08449049703041182
0.84 0.08608490243604447
0.85 0.08767795840012658
0.86 0.08926901571665734
0.87 0.09085742299796656
0.88 0.09244252694499766
0.89 0.09402367262330602
0.9 0.09560020374469341
0.91 0.0971714629543869
0.92 0.09873679212366086
0.93 0.10029553264778983
0.9400000000000001 0.1018470257492081
0.9500000000000001 0.10339061278574174
0.96 0.1049256355637665
0.97 0.10645143665613392
0.98 0.1079673597246965
0.99 0.10947274984725072
1.0 0.11096695384870553
1.01 0.11244932063627147
1.02 0.11391920153845482
1.03 0.11537595064762844
1.04 0.11681892516594021
1.05 0.11824748575430782
1.06 0.11966099688423769
1.07 0.121058827192194
1.08 0.12244034983623366
1.09 0.12380494285461081
1.1 0.1251519895260454
1.11 0.12648087873133862
1.12 0.1277910053160093
1.1300000000000001 0.12908177045361424
1.1400000000000001 0.1303525820094083
1.1500000000000001 0.1316028549039886
1.16 0.1328320114765613
1.17 0.1340394818474601
1.18 0.1352247042795387
1.19 0.136387125538053
1.2 0.13752620124864165
1.21 0.13864139625301009
1.22 0.13973218496191567
1.23 0.14079805170504944
1.24 0.14183849107740626
1.25 0.14285300828173086
1.26 0.1438411194666282
1.27 0.1448023520599223
1.28 0.14573624509685043
1.29 0.14664234954267727
1.3 0.147520228609318
1.31 0.14836945806555862
1.32 0.14918962654046736
1.33 0.14998033581959416
1.34 0.1507412011335596
1.35 0.15147185143864214
1.36 0.1521719296889775
1.37 0.15284109309999333
1.3800000000000001 0.15347901340270972
1.3900000000000001 0.1540853770885467
1.4000000000000001 0.15465988564428887
1.41 0.1552022557768703
1.42 0.15571221962765333
1.43 0.15618952497588895
1.44 0.1566339354310593
1.45 0.1570452306138183
1.46 0.15742320632526074
1.47 0.1577676747042665
1.48 0.1580784643726836
1.49 0.1583554205681298
1.5 0.15859840526421232
1.51 0.1588072972779811
1.52 0.15898199236445248
1.53 0.15912240329805716
1.54 0.15922845994088813
1.55 0.1593001092976425
1.56 0.1593373155571731
1.57 0.15934006012058477
1.58 0.15937177862533694
1.59 0.15943794434237057
1.6 0.15953852420032175
1.61 0.15967346793829393
1.62 0.15984270814527016
1.6300000000000001 0.16004616031292782
1.6400000000000001 0.16028372290177342
1.6500000000000001 0.16055527742049663
1.6600000000000001 0.16086068851842017
1.67 0.16119980409090476
1.68 0.16157245539754703
1.69 0.16197845719299048
1.7 0.16241760787015083
1.71 0.16288968961563874
1.72 0.16339446857714626
1.73 0.16393169504254612
1.74 0.16450110363043713
1.75 0.16510241349185337
1.76 0.16573532852284067
1.77 0.1663995375875897
1.78 0.16709471475180168
1.79 0.1678205195259512
1.8 0.1685765971180988
1.81 0.16936257869589524
1.82 0.17017808165741016
1.83 0.17102270991040877
1.84 0.17189605415969278
1.85 0.1727976922021141
1.86 0.1737271892288645
1.87 0.17468409813463873
1.8800000000000001 0.17566795983326525
1.8900000000000001 0.17667830357939376
1.9000000000000001 0.17771464729582845
1.9100000000000001 0.1787764979060919
1.92 0.17986335167180656
1.93 0.1809746945344779
1.94 0.18211000246126724
1.95 0.18326874179434152
1.96 0.1844503696033918
1.97 0.18565433404091367
1.98 0.18688007469984952
1.99 0.1881270229731936
2.0 0.18939460241517017
2.0100000000000002 0.19068222910359806
2.02 0.19198931200306305
2.0300000000000002 0.19331525332852692
2.04 0.19465944890900844
2.05 0.19602128855098144
2.06 0.19740015640114292
2.07 0.19879543130821298
2.08 0.20020648718343964
2.09 0.20163269335948894
2.1 0.20307341494741374
2.11 0.20452801319140296
2.12 0.20599584582102523
2.13 0.20747626740069147
2.14 0.20896862967607174
2.15 0.2104722819172142
2.16 0.21198657125812434
2.17 0.2135108430325749
2.18 0.21504444110592866
2.19 0.21658670820276785
2.2 0.218136986230135
2.21 0.2196946165962034
2.22 0.22125894052420522
2.23 0.22282929936145815
2.24 0.22440503488334204
2.25 0.22598548959208986
2.2600000000000002 0.2275700070102662
2.27 0.22915793196882045
2.2800000000000002 0.23074861088961043
2.29 0.2323413920623042
2.3000000000000003 0.23393562591557798
2.31 0.2355306652825389
2.32 0.23712586566031021
2.33 0.23872058546372796
2.34 0.24031418627310658
2.35 0.2419060330760411
2.36 0.2434954945032216
2.37 0.2450819430582458
2.38 0.2466647553414224
2.39 0.24824331226756824
2.4 0.24981699927780754
2.41 0.251385206545392
2.42 0.25294732917556517
2.43 0.2545027673995037
2.44 0.25605092676237323
2.45 0.2575912183055437
2.46 0.2591230587430155
2.47 0.26064587063211236
2.48 0.26215908253850373
2.49 0.263662129195623
2.5 0.26515445165855533
2.5100000000000002 0.2666354974524703
2.52 0.26810472071568103
2.5300000000000002 0.2695615823374154
2.54 0.27100555009038735
2.5500000000000003 0.2724360987582607
2.56 0.27385271025810176
2.57 0.27525487375791796
2.58 0.27664208578938415
2.59 0.27801385035585974
2.6 0.27936967903580295
2.61 0.28070909108168796
2.62 0.2820316135145364
2.63 0.28333678121417155
2.64 0.2846241370053086
2.65 0.2858932317395928
2.66 0.2871436243736995
2.67 0.28837488204361006
2.68 0.289586580135178
2.69 0.2907783023511008
2.7 0.29194964077441055
2.71 0.29310019592859976
2.72 0.29422957683449485
2.73 0.2953374010639923
2.74 0.2964232947907695
2.75 0.2974868928380828
2.7600000000000002 0.2985278387237638
2.77 0.29954578470252435
2.7800000000000002 0.3005403918056779
2.79 0.301511329878386
2.8000000000000003 0.30245827761453525
2.81 0.30338092258934773
2.82 0.3042789612898296
2.83 0.30515209914315716
2.84 0.30600005054309853
2.85 0.3068225388745693
2.86 0.3076192965364144
2.87 0.3083900649625108
2.88 0.3091345946412783
2.89 0.30985264513368826
2.9 0.3105439850898533
2.91 0.3112083922642821
2.92 0.31184565352987703
2.93 0.3124555648907537
2.94 0.3130379314939555
2.95 0.31359256764013477
2.96 0.31411929679326944
2.97 0.3146179515894807
2.98 0.3150883738450142
2.99 0.31553041456344516
3.0 0.3159439339421625
3.0100000000000002 0.31632880137818775
3.02 0.31668489547337636
3.0300000000000002 0.31701210403905145
3.04 0.3173103241001117
3.0500000000000003 0.31757946189865505
3.06 0.3178194328971562
3.0700000000000003 0.3180301617812313
3.08 0.3182115824620207
3.09 0.3183636380782183
3.1 0.31848628099777043
3.11 0.31857947281926646
3.12 0.31864318437303746
3.13 0.31867739572197773
3.14 0.31868209616209986
3.15 0.31870690810136926
3.16 0.31876122465714885
3.17 0.318845028833317
3.18 0.3189582944009835
3.19 0.31910098589922525
3.2 0.3192730586360952
3.21 0.31947445868991836
3.22 0.31970512291089037
3.23 0.319964978922999
3.24 0.3202539451262914
3.25 0.32057193069951456
3.2600000000000002 0.32091883560315665
3.27 0.3212945505829257
3.2800000000000002 0.3216989571736987
3.29 0.32213192770398286
3.3000000000000003 0.3225933253009316
3.31 0.3230830038959613
3.3200000000000003 0.32360080823101767
3.33 0.32414657386554563
3.34 0.3247201271842165
3.35 0.3253212854054729
3.36 0.32594985659095194
3.37 0.3266056396558518
3.38 0.3272884243803097
3.39 0.32799799142186126
3.4 0.3287341123290547
3.41 0.32949654955629687
3.42 0.3302850564800088
3.43 0.3310993774161731
3.44 0.3319392476393575
3.45 0.33280439340330015
3.46 0.3336945319631472
3.47 0.33460937159943316
3.48 0.3355486116438978
3.49 0.33651194250723593
3.5 0.337499045708878
3.5100000000000002 0.33850959390890123
3.52 0.33954325094217297
3.5300000000000002 0.34059967185483137
3.54 0.3416785029432067
3.5500000000000003 0.3427793817952915
3.56 0.34390193733486785
3.5700000000000003 0.34504578986840095
3.58 0.3462105511348102
3.59 0.34739582435822897
3.6 0.34860120430386715
3.61 0.34982627733708804
3.62 0.35107062148581497
3.63 0.35233380650638213
3.64 0.3536153939529426
3.65 0.354914937250551
3.66 0.35623198177203247
3.67 0.35756606491875415
3.68 0.35891671620541254
3.69 0.3602834573489494
3.7 0.36166580236170803
3.71 0.3630632576489423
3.72 0.36447532211078626
3.73 0.36590148724879346
3.74 0.36734123727715245
3.75 0.368794049238681
3.7600000000000002 0.37025939312570255
3.77 0.37173673200590385
3.7800000000000002 0.37322552215326865
3.79 0.374725213184183
3.8000000000000003 0.37623524819880055
3.81 0.3777550639277549
3.8200000000000003 0.37928409088430043
3.83 0.3808217535219618
3.84 0.38236747039776303
3.85 0.3839206543411076
3.86 0.3854807126283716
3.87 0.3870470471632693
3.88 0.3886190546630438
3.89 0.3901961268505288
3.9 0.3917776506521224
3.91 0.3933630084017076
3.92 0.3949515780505445
3.93 0.39654273338315515
3.94 0.3981358442392138
3.95 0.39973027674144523
3.96 0.40132539352952873
3.97 0.4029205539999954
3.98 0.40451511455209677
3.99 0.40610842883961706
4.0 0.4076998480285874
4.01 0.4092887210608554
4.0200000000000005 0.4108743949234511
4.03 0.4124562149236799
4.04 0.4140335249698653
4.05 0.4156056678576512
4.0600000000000005 0.41717198556176444
4.07 0.4187318195331265
4.08 0.4202845110011926
4.09 0.42182940128138513
4.1 0.42336583208747786
4.11 0.42489314584877313
4.12 0.42641068603190635
4.13 0.4279177974670987
4.14 0.429413826678665
4.15 0.4308981222195775
4.16 0.4323700350098686
4.17 0.43382891867864787
4.18 0.43527412990949527
4.19 0.43670502878898193
4.2 0.4381209791580571
4.21 0.43952134896602996
4.22 0.44090551062686306
4.23 0.4422728413774837
4.24 0.44362272363780786
4.25 0.44495454537216333
4.26 0.4462677004517854
4.2700000000000005 0.4475615890180511
4.28 0.4488356178461092
4.29 0.45008920070855
4.3 0.4513217587387582
4.3100000000000005 0.45253272079357426
4.32 0.4537215238148929
4.33 0.45488761318981114
4.34 0.4560304431089384
4.3500000000000005 0.457149476922473
4.36 0.458244187493644
4.37 0.4593140575491148
4.38 0.46035858002593977
4.39 0.461377258414663
4.4 0.4623696070981468
4.41 0.4633351516857153
4.42 0.46427342934219856
4.43 0.4651839891114634
4.44 0.4660663922340181
4.45 0.46692021245827964
4.46 0.46774503634509706
4.47 0.4685404635651258
4.48 0.4693061071886556
4.49 0.4700415939674977
4.5 0.47074656460854597
4.51 0.4714206740386323
4.5200000000000005 0.47206359166030604
4.53 0.47267500159817705
4.54 0.47325460293547156
4.55 0.4738021099404591
4.5600000000000005 0.4743172522824274
4.57 0.47479977523688494
4.58 0.47524943987969415
4.59 0.47566602326984647
4.6000000000000005 0.4760493186206073
4.61 0.4763991354587758
4.62 0.47671529977182053
4.63 0.4769976541426661
4.64 0.47724605787193014
4.65 0.4774603870874209
4.66 0.47764053484073055
4.67 0.4777864111907746
4.68 0.47789794327414986
4.69 0.477975075362201
4.7 0.4780177689047105
4.71 0.47802600256014083
4.72 0.4780522329078973
4.73 0.47811291414628654
4.74 0.4782080159443862
4.75 0.478337490776706
4.76 0.47850127396045883
4.7700000000000005 0.47869928370624637
4.78 0.47893142118207865
4.79 0.4791975705906302
4.8 0.47949759925961327
4.8100000000000005 0.4798313577451301
4.82 0.4801986799478444
4.83 0.4805993832417967
4.84 0.4810332686156665
4.8500000000000005 0.48150012082626753
4.86 0.4819997085640453
4.87 0.4825317846303281
4.88 0.4830960861260682
4.89 0.48369233465179245
4.9 0.4843202365184686
4.91 0.4849794829689779
4.92 0.485669750409874
4.93 0.48639070065309176
4.94 0.48714198116726326
4.95 0.48792322533828203
4.96 0.4887340527387514
4.97 0.4895740694059414
4.98 0.49044286812787113
4.99 0.4913400287371268
5.0 0.49226511841201975
5.01 0.4932176919846818
5.0200000000000005 0.4941972922556932
5.03 0.4952034503148332
5.04 0.4962356858675416
5.05 0.49729350756667745
5.0600000000000005 0.4983764133491613
5.07 0.49948389077708455
5.08 0.5006154173828747
5.09 0.501770461018103
5.1000000000000005 0.5029484802055251
5.11 0.5041489244939493
5.12 0.5053712348155288
5.13 0.5066148438450809
5.14 0.5078791763610402
5.15 0.5091636496076599
5.16 0.5104676736580808
5.17 0.511790651777895
5.18 0.5131319807888398
5.19 0.5144910514322643
5.2 0.5158672487320201
5.21 0.5172599523564387
5.22 0.518668536979063
5.23 0.5200923726378164
5.24 0.521530825092297
5.25 0.5229832561789004
5.26 0.5244490241634808
5.2700000000000005 0.5259274840912745
5.28 0.5274179881338196
5.29 0.5289198859326156
5.3 0.5304325249392832
5.3100000000000005 0.5319552507519885
5.32 0.5334874074479157
5.33 0.5350283379115768
5.34 0.536577384158765
5.3500000000000005 0.538133887655964
5.36 0.5396971896350428
5.37 0.5412666314030727
5.38 0.5428415546471188
5.39 0.544421301733864
5.4 0.5460052160039428
5.41 0.5475926420608648
5.42 0.5491829260544265
5.43 0.5507754159585131
5.44 0.5523694618432108
5.45 0.5539644161411532
5.46 0.5555596339080403
5.47 0.5571544730772758
5.48 0.5587482947086797
5.49 0.5603404632312424
5.5 0.5619303466798939
5.51 0.5635173169262727
5.5200000000000005 0.5651007499034867
5.53 0.5666800258248657
5.54 0.5682545293967162
5.55 0.5698236500250912
5.5600000000000005 0.5713867820166016
5.57 0.5729433247732985
5.58 0.5744926829816632
5.59 0.5760342667957499
5.6000000000000005 0.57756749201453
5.61 0.579091780253494
5.62 0.5806065591105728
5.63 0.5821112623264437
5.64 0.5836053299392941
5.65 0.5850882084341174
5.66 0.5865593508866224
5.67 0.5880182171018411
5.68 0.5894642737475217
5.69 0.5908969944824002
5.7 0.5923158600794437
5.71 0.5937203585441654
5.72 0.5951099852281109
5.73 0.5964842429376178
5.74 0.5978426420379557
5.75 0.5991847005529529
5.76 0.6005099442602186
5.7700000000000005 0.6018179067820715
5.78 0.6031081296722843
5.79 0.6043801624987613
5.8 0.6056335629222568
5.8100000000000005 0.6068678967712532
5.82 0.6080827381131096
5.83 0.6092776693215993
5.84 0.6104522811409461
5.8500000000000005 0.611606172746479
5.86 0.6127389518020161
5.87 0.6138502345140926
5.88 0.614939645683146
5.89 0.6160068187517709
5.9 0.6170513958501535
5.91 0.618073027838798
5.92 0.6190713743486534
5.93 0.6200461038187456
5.94 0.6209968935314246
5.95 0.6219234296453303
5.96 0.622825407226178
5.97 0.6237025302754656
5.98 0.6245545117572031
5.99 0.6253810736227572
6.0 0.6261819468339115
6.01 0.6269568713842287
6.0200000000000005 0.6277055963188101
6.03 0.6284278797525373
6.04 0.6291234888868831
6.05 0.6297922000253722
6.0600000000000005 0.6304337985877748
6.07 0.631048079123109
6.08 0.631634845321525
6.09 0.6321939100251479
6.1000000000000005 0.6327250952379426
6.11 0.63322823213467
6.12 0.6337031610689985
6.13 0.6341497315808274
6.140000000000001 0.6345678024028841
6.15 0.6349572414666431
6.16 0.6353179259076246
6.17 0.6356497420701142
6.18 0.6359525855113528
6.19 0.6362263610052336
6.2 0.6364709825455496
6.21 0.6366863733488208
6.22 0.6368724658567365
6.23 0.6370292017382388
6.24 0.6371565318912731
6.25 0.6372544164442262
6.26 0.6373228247570704
6.2700000000000005 0.6373617354222284
6.28 0.6373711362651708
6.29 0.6373912481855899
6.3 0.6374408665770508
6.3100000000000005 0.6375199759139424
6.32 0.6376285514377924
6.33 0.6377665591579603
6.34 0.6379339558526023
6.3500000000000005 0.6381306890699204
6.36 0.6383566971297114
6.37 0.638611909125236
6.38 0.6388962449254288
6.390000000000001 0.6392096151774773
6.4 0.6395519213097981
6.41 0.6399230555354426
6.42 0.6403229008559691
6.43 0.6407513310658198
6.44 0.6412082107572452
6.45 0.6416933953258217
6.46 0.6422067309766117
6.47 0.6427480547310173
6.48 0.6433171944343832
6.49 0.6439139687644073
6.5 0.6445381872404199
6.51 0.6451896502335953
6.5200000000000005 0.6458681489781641
6.53 0.6465734655836954
6.54 0.647305373048523
6.55 0.648063635274388
6.5600000000000005 0.6488480070823828
6.57 0.6496582342302694
6.58 0.6504940534312629
6.59 0.6513551923743622
6.6000000000000005 0.6522413697463181
6.61 0.6531522952553301
6.62 0.6540876696565644
6.63 0.655047184779589
6.640000000000001 0.6560305235578247
6.65 0.6570373600601097
6.66 0.6580673595244813
6.67 0.659120178394276
6.68 0.6601954643566562
6.69 0.6612928563836669
6.7 0.6624119847759319
6.71 0.6635524712091003
6.72 0.6647139287831509
6.73 0.6658959620746694
6.74 0.6670981671922086
6.75 0.6683201318348452
6.76 0.6695614353540502
6.7700000000000005 0.6708216488189817
6.78 0.6721003350853195
6.79 0.6733970488677554
6.8 0.67471133681625
6.8100000000000005 0.6760427375961765
6.82 0.6773907819724602
6.83 0.6787549928978289
6.84 0.6801348856052876
6.8500000000000005 0.6815299677049255
6.86 0.6829397392851692
6.87 0.6843636930185861
6.88 0.6858013142723487
6.890000000000001 0.6872520812234604
6.9 0.6887154649788481
6.91 0.6901909297004196
6.92 0.6916779327351832
6.93 0.6931759247505219
6.94 0.6946843498747167
6.95 0.6962026458428006
6.96 0.6977302441478299
6.97 0.6992665701976513
6.98 0.7008110434772374
6.99 0.7023630777166631
7.0 0.7039220810647836
7.01 0.7054874562686781
7.0200000000000005 0.7070586008589088
7.03 0.7086349073406448
7.04 0.7102157633906918
7.05 0.7118005520604642
7.0600000000000005 0.7133886519849235
7.07 0.714979437597509
7.08 0.7165722793510699
7.09 0.718166543944808
7.1000000000000005 0.7197615945572245
7.11 0.7213567910850651
7.12 0.7229514903882387
7.13 0.7245450465406854
7.140000000000001 0.7261368110871544
7.15 0.7277261333058437
7.16 0.7293123604768478
7.17 0.7308948381563436
7.18 0.7324729104564387
7.19 0.7340459203305945
7.2 0.7356132098645275
7.21 0.7371741205724748
7.22 0.7387279936987111
7.23 0.74027417052418
7.24 0.7418119926780978
7.25 0.7433408024543815
7.26 0.7448599431327252
7.2700000000000005 0.7463687593041584
7.28 0.747866597200889
7.29 0.7493528050302348
7.3 0.7508267333124308
7.3100000000000005 0.752287735222084
7.32 0.7537351669330482
7.33 0.755168387966461
7.34 0.7565867615416944
7.3500000000000005 0.7579896549299404
7.36 0.7593764398101569
7.37 0.7607464926270766
7.38 0.7620991949509806
7.390000000000001 0.7634339338389182
7.4 0.7647501021970557
7.41 0.7660470991438151
7.42 0.7673243303734637
7.43 0.768581208519803
7.44 0.7698171535195958
7.45 0.7710315929753623
7.46 0.7722239625171743
7.47 0.7733937061630594
7.48 0.7745402766776308
7.49 0.7756631359285456
7.5 0.7767617552403937
7.51 0.7778356157456127
7.5200000000000005 0.7788842087320195
7.53 0.7799070359865534
7.54 0.7809036101348106
7.55 0.7818734549759623
7.5600000000000005 0.782816105812639
7.57 0.7837311097753664
7.58 0.7846180261411423
7.59 0.7854764266457401
7.6000000000000005 0.7863058957893332
7.61 0.7871060311350352
7.62 0.7878764435999556
7.63 0.7886167577383786
7.640000000000001 0.789326612016675
7.65 0.7900056590795695
7.66 0.7906535660073901
7.67 0.7912700145639382
7.68 0.7918547014346246
7.69 0.792407338454534
7.7 0.7929276528260851
7.71 0.7934153873259686
7.72 0.7938703005010641
7.73 0.7942921668530418
7.74 0.7946807770113784
7.75 0.7950359378945251
7.76 0.7953574728589898
7.7700000000000005 0.7956452218361054
7.78 0.7958990414562773
7.79 0.7961188051605229
7.8 0.7963044032991294
7.8100000000000005 0.796455743217282
7.82 0.7965727493275286
7.83 0.7966553631689706
7.84 0.7967035434530865
7.8500000000000005 0.7967172660961217
7.86 0.7967380079542554
7.87 0.7967932039445936
7.88 0.7968828264772594
7.890000000000001 0.7970068307631138
7.9 0.7971651548488861
7.91 0.797357719665726
7.92 0.7975844290911069
7.930000000000001 0.797845170023981
7.94 0.7981398124730719
7.95 0.7984682096581704
7.96 0.7988301981242751
7.97 0.7992255978684074
7.98 0.7996542124789043
7.99 0.8001158292869813
8.0 0.8006102195303336
8.01 0.8011371385285335
8.02 0.801696325869959
8.03 0.8022875056099792
8.040000000000001 0.8029103864801018
8.05 0.8035646621077785
8.06 0.8042500112465467
8.07 0.8049660980161775
8.08 0.8057125721524843
8.09 0.8064890692664387
8.1 0.8072952111122295
8.11 0.8081306058638883
8.120000000000001 0.8089948484001056
8.13 0.809887520596842
8.14 0.8108081916273439
8.15 0.8117564182691619
8.16 0.8127317452177646
8.17 0.8137337054063425
8.18 0.8147618203313874
8.19 0.8158156003836348
8.2 0.8168945451839561
8.21 0.817998143923785
8.22 0.8191258757096638
8.23 0.8202772099114983
8.24 0.8214516065141114
8.25 0.8226485164716877
8.26 0.8238673820647062
8.27 0.8251076372589635
8.28 0.826368708066293
8.290000000000001 0.8276500129065925
8.3 0.8289509629707802
8.31 0.830270962584305
8.32 0.8316094095708427
8.33 0.8329656956158231
8.34 0.8343392066294355
8.35 0.8357293231087728
8.36 0.8371354204987842
8.370000000000001 0.8385568695517138
8.38 0.8399930366847137
8.39 0.8414432843353318
8.4 0.8429069713145847
8.41 0.8443834531573345
8.42 0.8458720824697045
8.43 0.8473722092732748
8.44 0.8488831813458149
8.45 0.8504043445583181
8.46 0.8519350432081181
8.47 0.8534746203478747
8.48 0.8550224181102334
8.49 0.8565777780279715
8.5 0.8581400413494535
8.51 0.8597085493492367
8.52 0.8612826436336704
8.53 0.8628616664413543
8.540000000000001 0.8644449609383218
8.55 0.8660318715078317
8.56 0.8676217440346656
8.57 0.8692139261838286
8.58 0.8708077676735728
8.59 0.8724026205426669
8.6 0.8739978394118465
8.61 0.8755927817393914
8.620000000000001 0.8771868080707852
8.63 0.8787792822824193
8.64 0.8803695718193174
8.65 0.8819570479268597
8.66 0.8835410858765019
8.67 0.885121065185484
8.68 0.8866963698305389
8.69 0.8882663884556148
8.700000000000001 0.8898305145736332
8.71 0.8913881467623129
8.72 0.892938688854097
8.73 0.8944815501202216
8.74 0.8960161454489821
8.75 0.8975418955182443
8.76 0.8990582269622666
8.77 0.9005645725328958
8.78 0.9020603712552081
8.790000000000001 0.9035450685776709
8.8 0.9050181165169046
8.81 0.9064789737971284
8.82 0.9079271059843785
8.83 0.9093619856155888
8.84 0.9107830923226279
8.85 0.912189912951394
8.86 0.913581941676061
8.870000000000001 0.9149586801085864
8.88 0.9163196374035782
8.89 0.9176643303586338
8.9 0.9189922835102565
8.91 0.9203030292254596
8.92 0.9215961077891712
8.93 0.9228710674875508
8.94 0.9241274646873308
8.950000000000001 0.9253648639112989
8.96 0.9265828379100332
8.97 0.927780967730006
8.98 0.9289588427781715
8.99 0.9301160608831507
9.0 0.9312522283531287
9.01 0.9323669600305775
9.02 0.9334598793439184
9.03 0.9345306183562363
9.040000000000001 0.9355788178111556
9.05 0.9366041271759914
9.06 0.9376062046822813
9.07 0.9385847173638093
9.08 0.9395393410922258
9.09 0.9404697606103689
9.1 0.9413756695633907
9.11 0.9422567705277891
9.120000000000001 0.9431127750384452
9.13 0.9439434036137623
9.14 0.9447483857790034
9.15 0.9455274600879188
9.16 0.9462803741427533
9.17 0.9470068846127256
9.18 0.9477067572510601
9.19 0.9483797669106576
9.200000000000001 0.9490256975584861
9.21 0.9496443422887666
9.22 0.9502355033350322
9.23 0.95079899208113
9.24 0.9513346290712389
9.25 0.9518422440189657
9.26 0.9523216758155865
9.27 0.9527727725374929
9.28 0.9531953914528997
9.290000000000001 0.9535893990278693
9.3 0.9539546709317062
9.31 0.9542910920417649
9.32 0.9545985564477214
9.33 0.9548769674553476
9.34 0.9551262375898255
9.35 0.9553462885986412
9.36 0.9555370514540857
9.370000000000001 0.9556984663553938
9.38 0.9558304827305465
9.39 0.9559330592377565
9.4 0.9560061637666596
9.41 0.9560497734392226
9.42 0.9560638746103816
9.43 0.9560792863523424
9.44 0.9561242061856696
9.450000000000001 0.9561986200552735
9.46 0.9563025046731168
9.47 0.9564358275188668
9.48 0.956598546840814
9.49 0.9567906116570767
9.5 0.9570119617571006
9.51 0.9572625277034749
9.52 0.9575422308340871
9.53 0.957850983264641
9.540000000000001 0.9581886878915676
9.55 0.9585552383953598
9.56 0.9589505192443687
9.57 0.9593744056990955
9.58 0.9598267638170279
9.59 0.9603074504580587
9.6 0.9608163132905404
9.61 0.9613531907980253
9.620000000000001 0.9619179122867445
9.63 0.9625102978938866
9.64 0.9631301585967339
9.65 0.9637772962227207
9.66 0.9644515034604828
9.67 0.9651525638719636
9.68 0.9658802519056524
9.69 0.9666343329110305
9.700000000000001 0.9674145631542994
9.71 0.9682206898354773
9.72 0.9690524511069423
9.73 0.969909576093511
9.74 0.9707917849141396
9.75 0.9716987887053401
9.76 0.9726302896464003
9.77 0.9735859809865084
9.78 0.974565547073876
9.790000000000001 0.9755686633869594
9.8 0.9765949965678802
9.81 0.9776442044581514
9.82 0.9787159361368083
9.83 0.9798098319610564
9.84 0.9809255236095396
9.85 0.9820626341283407
9.86 0.9832207779798241
9.870000000000001 0.9843995610944316
9.88 0.9855985809255436
9.89 0.9868174265075206
9.9 0.988055678517036
9.91 0.989312909337818
9.92 0.9905886831289121
9.93 0.9918825558965804
9.94 0.9931940755699524
9.950000000000001 0.994522782080541
9.96 0.9958682074457383
9.97 0.9972298758564043
9.98 0.9986073037686606
9.99 1.0
