0.0 0.0
0.01 3.0416783498111304e-05
0.02 9.123982980898953e-05
0.03 0.00018244809929772357
0.04 0.0003040100368541011
0.05 0.00045588357711077835
0.06 0.0006380161514134668
0.07 0.000850344696553931
0.08 0.0010927956652792567
0.09 0.0013652850385934864
0.1 0.001667718339870331
0.11 0.0019999906507982496
0.12 0.0023619866291817236
0.13 0.0027535805286250563
0.14 0.0031746362201274755
0.15 0.0036250072156207313
0.16 0.004104536693482703
0.17 0.00461305752606284
0.18 0.005150392309257459
0.19 0.005716353394175092
0.2 0.006310742920934132
0.21 0.006933352854637035
0.22 0.007583965023567267
0.23 0.008262351159656973
0.24 0.008968272941275139
0.25 0.009701482038387593
0.26 0.010461720160141803
0.27 0.011248719104930829
0.28 0.012062200812992096
0.29 0.01290187742159797
0.3 0.013767451322896095
0.31 0.014658615224458557
0.32 0.015575052212599695
0.33 0.016516435818523245
0.34 0.01748243008735997
0.35000000000000003 0.01847268965015753
0.36 0.019486859798884603
0.37 0.020524576564511503
0.38 0.021585466798229622
0.39 0.022669148255871886
0.4 0.023775229685596196
0.41000000000000003 0.024903310918893536
0.42 0.026052982964981694
0.43 0.027223828108645085
0.44 0.02841542001158016
0.45 0.029627323817304946
0.46 0.030859096259690043
0.47000000000000003 0.03211028577516723
0.48 0.0333804326186701
0.49 0.03466906898335974
0.5 0.03597571912418655
0.51 0.0372998994853372
0.52 0.03864111883161386
0.53 0.03999887838379034
0.54 0.04137267195798715
0.55 0.04276198610910534
0.56 0.04416630027835568
0.5700000000000001 0.04558508694491702
0.58 0.04701781178175452
0.59 0.048463933815625186
0.6 0.049922905591294586
0.61 0.051394173339985146
0.62 0.052877177152072685
0.63 0.05437135115404381
0.64 0.055876123689722876
0.65 0.05739091750577306
0.66 0.058915149941471595
0.67 0.06044823312275486
0.68 0.06198957416052453
0.6900000000000001 0.06353857535320097
0.7000000000000001 0.06509463439350556
0.71 0.06665714457944834
0.72 0.06822549502949267
0.73 0.06979907090186302
0.74 0.07137725361795691
0.75 0.07295942108981694
0.76 0.07454494795161264
0.77 0.07613320579507736
0.78 0.07772356340883871
0.79 0.07931538702157642
0.8 0.08090804054893508
0.81 0.08250088584411354
0.8200000000000001 0.08409328295204743
0.8300000000000001 0.08568459036709482
0.84 0.0872741652941293
0.85 0.08886136391293951
0.86 0.09044554164582737
0.87 0.09202605342829187
0.88 0.09360225398267964
0.89 0.0951734980946774
0.9 0.09673914089251541
0.91 0.09829853812874605
0.92 0.0998510464644551
0.93 0.10139602375575853
0.9400000000000001 0.10293282934243139
0.9500000000000001 0.10446082433851049
0.96 0.10597937192470686
0.97 0.10748783764245919
0.98 0.10898558968945378
0.99 0.11047199921643241
1.0 0.11194644062510366
1.01 0.11340829186696966
1.02 0.11485693474287512
1.03 0.11629175520308115
1.04 0.11771214364766276
1.05 0.11911749522702457
1.06 0.12050721014232546
1.07 0.12188069394560008
1.08 0.12323735783936109
1.09 0.12457661897546335
1.1 0.1258979007530084
1.11 0.12720063311506538
1.12 0.1284842528439814
1.1300000000000001 0.12974820385505337
1.1400000000000001 0.130991937488331
1.1500000000000001 0.13221491279831923
1.16 0.13341659684134752
1.17 0.13459646496037203
1.18 0.13575400106697705
1.19 0.13688869792034042
1.2 0.13800005740292945
1.21 0.1390875907926923
1.22 0.14015081903151277
1.23 0.14118927298969436
1.24 0.14220249372624466
1.25 0.14319003274472897
1.26 0.14415145224446663
1.27 0.14508632536684488
1.28 0.14599423643652776
1.29 0.14687478119734051
1.3 0.147727567042613
1.31 0.14855221323977022
1.32 0.14934835114896067
1.33 0.15011562443551793
1.34 0.15085368927605633
1.35 0.15156221455800464
1.36 0.15224088207238853
1.37 0.15288938669967714
1.3800000000000001 0.1535074365885148
1.3900000000000001 0.1540947533271653
1.4000000000000001 0.1546510721075022
1.41 0.15517614188138523
1.42 0.15566972550926958
1.43 0.156131599900902
1.44 0.15656155614796516
1.45 0.15695939964853795
1.46 0.1573249502232497
1.47 0.15765804222301089
1.48 0.1579585246282142
1.49 0.15822626113930516
1.5 0.1584611302586329
1.51 0.15866302536349736
1.52 0.15883185477032044
1.53 0.15896754178987543
1.54 0.1590700247735195
1.55 0.15913925715038219
1.56 0.1591752074554722
1.57 0.15917785934867423
1.58 0.15920850707273218
1.59 0.15927244048395084
1.6 0.15936963052517203
1.61 0.15950003302972207
1.62 0.1596635887480698
1.6300000000000001 0.1598602233835707
1.6400000000000001 0.16008984763726197
1.6500000000000001 0.16035235726166247
1.6600000000000001 0.16064763312352404
1.67 0.16097554127546967
1.68 0.16133593303644728
1.69 0.1617286450809178
1.7 0.16215349953668784
1.71 0.16261030409128904
1.72 0.16309885210679825
1.73 0.16361892274298298
1.74 0.16417028108865103
1.75 0.16475267830107312
1.76 0.16536585175334179
1.77 0.16600952518952058
1.78 0.16668340888743233
1.79 0.16738719982892722
1.8 0.1681205818774655
1.81 0.1688832259628424
1.82 0.16967479027287827
1.83 0.17049492045188974
1.84 0.17134324980575305
1.85 0.1722193995133651
1.86 0.17312297884430333
1.87 0.1740535853824802
1.8800000000000001 0.17501080525558502
1.8900000000000001 0.17599421337009977
1.9000000000000001 0.177003373651675
1.9100000000000001 0.17803783929064515
1.92 0.17909715299246234
1.93 0.18018084723282374
1.94 0.18128844451726503
1.95 0.1824194576449915
1.96 0.18357338997671588
1.97 0.18474973570627
1.98 0.18594798013575836
1.99 0.18716759995401858
2.0 0.18840806351815476
2.0100000000000002 0.18966883113790967
2.02 0.1909493553626405
2.0300000000000002 0.1922490812706654
2.04 0.1935674467607477
2.05 0.1949038828454851
2.06 0.19625781394637493
2.07 0.19762865819032524
2.08 0.19901582770738604
2.09 0.20041872892947554
2.1 0.20183676288987948
2.11 0.20326932552330454
2.12 0.204715807966269
2.13 0.20617559685761808
2.14 0.20764807463895404
2.15 0.20913261985477527
2.16 0.21062860745212203
2.17 0.2121354090795313
2.18 0.21365239338510691
2.19 0.21517892631351518
2.2 0.21671437140172234
2.21 0.21825809007329344
2.22 0.2198094419310772
2.23 0.22136778504810853
2.24 0.2229324762565621
2.25 0.22450287143459938
2.2600000000000002 0.22607832579095374
2.27 0.22765819414710636
2.2800000000000002 0.22924183121690883
2.29 0.23082859188351645
2.3000000000000003 0.23241783147349984
2.31 0.2340089060280093
2.32 0.23560117257087232
2.33 0.23719398937350986
2.34 0.23878671621656278
2.35 0.24037871464812713
2.36 0.24196934823850033
2.37 0.24355798283134888
2.38 0.245143986791212
2.39 0.24672673124726233
2.4 0.2483055903332507
2.41 0.24987994142356745
2.42 0.2514491653653578
2.43 0.2530126467066361
2.44 0.2545697739203475
2.45 0.25611993962433227
2.46 0.25766254079715234
2.47 0.2591969789897467
2.48 0.2607226605328848
2.49 0.26223899674039514
2.5 0.2637454041081486
2.5100000000000002 0.2652413045087832
2.52 0.26672612538215945
2.5300000000000002 0.26819929992154246
2.54 0.2696602672555095
2.5500000000000003 0.27110847262558674
2.56 0.2725433675596237
2.57 0.27396441004091704
2.58 0.2753710646731003
2.59 0.27676280284081806
2.6 0.2781391028662099
2.61 0.2794994501612289
2.62 0.2808433373758265
2.63 0.28217026454203586
2.64 0.28347973921399133
2.65 0.28477127660392143
2.66 0.28604439971415874
2.67 0.28729863946520984
2.68 0.2885335348199331
2.69 0.28974863290387154
2.7 0.29094348912179285
2.71 0.29211766727048893
2.72 0.29327073964788886
2.73 0.29440228715854105
2.74 0.2955118994155232
2.75 0.29659917483883547
2.7600000000000002 0.2976637207503398
2.77 0.29870515346530296
2.7800000000000002 0.29972309838060507
2.79 0.3007171900596759
2.8000000000000003 0.3016870723142201
2.81 0.3026323982827931
2.82 0.30355283050629134
2.83 0.3044480410004181
2.84 0.30531771132518704
2.85 0.30616153265152546
2.86 0.30697920582503896
2.87 0.3077704414269974
2.88 0.30853495983260254
2.89 0.30927249126659684
2.9 0.3099827758562714
2.91 0.31066556368192927
2.92 0.3113206148248621
2.93 0.31194769941289224
2.94 0.31254659766353526
2.95 0.3131170999248342
2.96 0.31365900671391456
2.97 0.3141721287533091
2.98 0.3146562870050998
2.99 0.3151113127029195
3.0 0.3155370473818573
3.0100000000000002 0.31593334290630803
3.02 0.3163000614958039
3.0300000000000002 0.3166370757488641
3.04 0.3169442686648976
3.0500000000000003 0.317221533664189
3.06 0.31746877460599804
3.0700000000000003 0.31768590580479844
3.08 0.3178728520446813
3.09 0.31802954859194343
3.1 0.31815594120588114
3.11 0.3182519861478053
3.12 0.3183176501882911
3.13 0.3183529106126752
3.14 0.31835775522480675
3.15 0.31838332810055336
3.16 0.3184393096190022
3.17 0.31852568041563506
3.18 0.3186424106097886
3.19 0.31878945980959406
3.2 0.31896677711866794
3.21 0.3191743011445636
3.22 0.31941196000899613
3.23 0.31967967135985786
3.24 0.3199773423850407
3.25 0.32030486982808853
3.2600000000000002 0.3206621400057007
3.27 0.3210490288271141
3.2800000000000002 0.3214654018153922
3.29 0.32191111413065054
3.3000000000000003 0.32238601059525396
3.31 0.3228899257210187
3.3200000000000003 0.32342268373845867
3.33 0.323984098628115
3.34 0.3245739741540116
3.35 0.3251921038992792
3.36 0.32583827130399545
3.37 0.3265122497052874
3.38 0.32721380237974695
3.39 0.32794268258820947
3.4 0.32869863362294877
3.41 0.32948138885734246
3.42 0.3302906717980633
3.43 0.33112619613985345
3.44 0.3319876658229383
3.45 0.3328747750931405
3.46 0.33378720856475286
3.47 0.33472464128623075
3.48 0.33568673880876504
3.49 0.33667315725779795
3.5 0.3376835434075428
3.5100000000000002 0.3387175347585704
3.52 0.3397747596185246
3.5300000000000002 0.34085483718602855
3.54 0.3419573776378445
3.5500000000000003 0.3430819822193482
3.56 0.34422824333837965
3.5700000000000003 0.34539574466252937
3.58 0.34658406121992225
3.59 0.34779275950355537
3.6 0.3490213975792482
3.61 0.3502695251972622
3.62 0.35153668390764303
3.63 0.3528224071793402
3.64 0.3541262205231547
3.65 0.3554476416185636
3.66 0.3567861804444706
3.67 0.35814133941392484
3.68 0.35951261351285435
3.69 0.3608994904428502
3.7 0.3623014507680412
3.71 0.36371796806609274
3.72 0.3651485090833603
3.73 0.36659253389422647
3.74 0.3680494960646457
3.75 0.3695188428199171
3.7600000000000002 0.3710000152167038
3.77 0.3724924483193105
3.7800000000000002 0.3739955713802309
3.79 0.3755088080249671
3.8000000000000003 0.37703157644112467
3.81 0.37856328957177804
3.8200000000000003 0.38010335531309897
3.83 0.38165117671623455
3.84 0.38320615219341725
3.85 0.3847676757282848
3.86 0.3863351370903817
3.87 0.38790792205380964
3.88 0.38948541261998826
3.89 0.39106698724448435
3.9 0.39265202106785824
3.91 0.3942398861504747
3.92 0.3958299517112179
3.93 0.3974215843700438
3.94 0.39901414839430077
3.95 0.40060700594873816
3.96 0.4021995173491228
3.97 0.40379104131937277
3.98 0.40538093525211466
3.99 0.40696855547256355
4.0 0.40855325750561866
4.01 0.4101343963460643
4.0200000000000005 0.4117113267317559
4.03 0.413283403419668
4.04 0.41484998146467555
4.05 0.4164104165009312
4.0600000000000005 0.4179640650256993
4.07 0.4195102846854985
4.08 0.4210484345644017
4.09 0.42257787547433506
4.1 0.42409797024721346
4.11 0.4256080840287445
4.12 0.4271075845737259
4.13 0.4285958425426612
4.14 0.4300722317995076
4.15 0.43153612971036964
4.16 0.43298691744294643
4.17 0.434423980266535
4.18 0.43584670785239044
4.19 0.437254494574236
4.2 0.43864673980871677
4.21 0.4400228482355841
4.22 0.44138223013739436
4.23 0.44272430169850613
4.24 0.44404848530315233
4.25 0.4453542098323645
4.26 0.44664091095952324
4.2700000000000005 0.4479080314443063
4.28 0.44915502142480485
4.29 0.4503813387075758
4.3 0.4515864490553986
4.3100000000000005 0.45276982647250147
4.32 0.453930953487025
4.33 0.45506932143048673
4.34 0.4561844307140134
4.3500000000000005 0.45727579110110594
4.36 0.45834292197670534
4.37 0.4593853526123243
4.38 0.46040262242701624
4.39 0.4613942812439493
4.4 0.4623598895423601
4.41 0.46329901870465984
4.42 0.4642112512584712
4.43 0.46509618111337514
4.44 0.4659534137921516
4.45 0.4667825666562994
4.46 0.467583269125629
4.47 0.4683551628917191
4.48 0.46909790212503943
4.49 0.469811153675543
4.5 0.47049459726653514
4.51 0.47114792568163805
4.5200000000000005 0.47177084494466653
4.53 0.4723630744922447
4.54 0.4729243473389941
4.55 0.4734544102351331
4.5600000000000005 0.47395302381633364
4.57 0.47441996274568643
4.58 0.4748550158476372
4.59 0.47525798623375864
4.6000000000000005 0.4756286914202356
4.61 0.4759669634369449
4.62 0.47627264892802107
4.63 0.4765456092438088
4.64 0.47678572052410756
4.65 0.47699287377262617
4.66 0.4771669749225722
4.67 0.4773079448933097
4.68 0.4774157196380274
4.69 0.4774902501823711
4.7 0.4775315026539984
4.71 0.4775394583030282
4.72 0.47756480309269345
4.73 0.47762343680118396
4.74 0.47771533277961953
4.75 0.4778404492661997
4.76 0.4779987294114116
4.7700000000000005 0.4781901013123293
4.78 0.47841447805597004
4.79 0.4786717577716635
4.8 0.4789618236923815
4.8100000000000005 0.47928454422496525
4.82 0.4796397730291806
4.83 0.48002734910552064
4.84 0.48044709689166776
4.8500000000000005 0.4808988263675191
4.86 0.4813823331686697
4.87 0.48189739870823967
4.88 0.48244379030692625
4.89 0.4830212613311494
4.9 0.48362955133915636
4.91 0.4842683862349397
4.92 0.48493747842982027
4.93 0.48563652701153415
4.94 0.48636521792066206
4.95 0.48712322413422837
4.96 0.4879102058562942
4.97 0.488725810715361
4.98 0.48956967396839723
4.99 0.490441418711293
5.0 0.4913406560955468
5.01 0.4922669855509788
5.0200000000000005 0.49321999501426517
5.03 0.49419926116308044
5.04 0.4952043496556343
5.05 0.4962348153753832
5.0600000000000005 0.49729020268069585
5.07 0.498370045659248
5.08 0.49947386838692004
5.09 0.5006011851909689
5.1000000000000005 0.5017515009172423
5.11 0.5029243112012062
5.12 0.5041191027425491
5.13 0.5053353535831315
5.14 0.5065725333880464
5.15 0.5078301037295536
5.16 0.509107518373658
5.17 0.5104042235690931
5.18 0.5117196583384804
5.19 0.5130532547714317
5.2 0.5144044383193614
5.21 0.5157726280917835
5.22 0.517157237153863
5.23 0.5185576728249989
5.24 0.5199733369782156
5.25 0.5214036263401415
5.26 0.5228479327913614
5.2700000000000005 0.5243056436669257
5.28 0.5257761420568078
5.29 0.5272588071061032
5.3 0.5287530143147674
5.3100000000000005 0.5302581358366939
5.32 0.5317735407779376
5.33 0.5332985954938945
5.34 0.5348326638852514
5.3500000000000005 0.5363751076925259
5.36 0.5379252867890199
5.37 0.5394825594720166
5.38 0.5410462827520561
5.39 0.5426158126401279
5.4 0.5441905044326264
5.41 0.54576971299392
5.42 0.5473527930363904
5.43 0.548939099397802
5.44 0.550527987315873
5.45 0.5521188126999159
5.46 0.5537109323994319
5.47 0.5553037044695415
5.48 0.556896488433141
5.49 0.5584886455396858
5.5 0.5600795390204973
5.51 0.5616685343405069
5.5200000000000005 0.5632549994463487
5.53 0.5648383050107211
5.54 0.566417824672944
5.55 0.5679929352756435
5.5600000000000005 0.569563017097499
5.57 0.5711274540819978
5.58 0.5726856340621469
5.59 0.574236948981091
5.6000000000000005 0.5757807951086017
5.61 0.5773165732533985
5.62 0.5788436889712739
5.63 0.5803615527689958
5.64 0.581869580303968
5.65 0.5833671925796342
5.66 0.5848538161366138
5.67 0.5863288832395648
5.68 0.5877918320597716
5.69 0.5892421068534615
5.7 0.590679158135858
5.71 0.5921024428509802
5.72 0.5935114245372052
5.73 0.5949055734886127
5.74 0.5962843669121346
5.75 0.5976472890805348
5.76 0.59899383148125
5.7700000000000005 0.6003234929611246
5.78 0.6016357798670746
5.79 0.6029302061827186
5.8 0.60420629366102
5.8100000000000005 0.6054635719529804
5.82 0.6067015787324354
5.83 0.6079198598169949
5.84 0.609117969285185
5.8500000000000005 0.6102954695898392
5.86 0.6114519316677941
5.87 0.6125869350459477
5.88 0.6137000679437328
5.89 0.6147909273720671
5.9 0.6158591192288383
5.91 0.6169042583909842
5.92 0.6179259688032283
5.93 0.6189238835635326
5.94 0.6198976450053306
5.95 0.6208469047766001
5.96 0.6217713239158417
5.97 0.6226705729250205
5.98 0.6235443318395388
5.99 0.6243922902952971
6.0 0.6252141475929052
6.01 0.6260096127591084
6.0200000000000005 0.6267784046054832
6.03 0.6275202517844661
6.04 0.6282348928427716
6.05 0.6289220762722568
6.0600000000000005 0.629581560558291
6.07 0.6302131142256815
6.08 0.6308165158822119
6.09 0.6313915542598437
6.1000000000000005 0.6319380282536303
6.11 0.6324557469583951
6.12 0.6329445297032175
6.13 0.6334042060837717
6.140000000000001 0.6338346159925647
6.15 0.6342356096471098
6.16 0.6346070476160763
6.17 0.6349488008434545
6.18 0.6352607506707644
6.19 0.6355427888573459
6.2 0.6357948175987567
6.21 0.6360167495433054
6.22 0.6362085078067464
6.23 0.6363700259851552
6.24 0.6365012481660076
6.25 0.6366021289374764
6.26 0.6366726333959617
6.2700000000000005 0.6367127371518667
6.28 0.6367224263336262
6.29 0.6367431550772564
6.3 0.6367942945766468
6.3100000000000005 0.636875827142477
6.32 0.6369877245686559
6.33 0.6371299481369828
6.34 0.6373024486235596
6.3500000000000005 0.6375051663069602
6.36 0.6377380309781729
6.37 0.6380009619523284
6.38 0.6382938680822344
6.390000000000001 0.6386166477737336
6.4 0.6389691890029119
6.41 0.6393513693351789
6.42 0.639763055946251
6.43 0.6402041056450674
6.44 0.640674364898669
6.45 0.641173669859081
6.46 0.6417018463922292
6.47 0.6422587101089362
6.48 0.6428440663980346
6.49 0.6434577104616434
6.5 0.6440994273526514
6.51 0.6447689920144566
6.5200000000000005 0.6454661693230093
6.53 0.6461907141312115
6.54 0.6469423713157227
6.55 0.6477208758262293
6.5600000000000005 0.6485259527372287
6.57 0.6493573173023884
6.58 0.6502146750115368
6.59 0.6510977216503416
6.6000000000000005 0.6520061433627403
6.61 0.6529396167161791
6.62 0.6538978087697229
6.63 0.6548803771450988
6.640000000000001 0.6558869701007324
6.65 0.6569172266088423
6.66 0.6579707764356529
6.67 0.6590472402247886
6.68 0.6601462295839106
6.69 0.6612673471746598
6.7 0.662410186805966
6.71 0.6635743335307822
6.72 0.6647593637463085
6.73 0.6659648452977588
6.74 0.6671903375857324
6.75 0.6684353916772464
6.76 0.6696995504204798
6.7700000000000005 0.6709823485632891
6.78 0.6722833128755425
6.79 0.6736019622753245
6.8 0.6749378079590566
6.8100000000000005 0.676290353535583
6.82 0.6776590951642606
6.83 0.679043521697096
6.84 0.6804431148249663
6.8500000000000005 0.6818573492279587
6.86 0.6832856927298607
6.87 0.6847276064568287
6.88 0.6861825450002617
6.890000000000001 0.687649956583899
6.9 0.689129283235162
6.91 0.6906199609607537
6.92 0.6921214199265248
6.93 0.6936330846416127
6.94 0.6951543741468562
6.95 0.696684702207481
6.96 0.6982234775100497
6.97 0.6997701038636637
6.98 0.7013239804054021
6.99 0.7028845018099712
7.0 0.7044510585035426
7.01 0.7060230368817458
7.0200000000000005 0.7075998195317766
7.03 0.7091807854585813
7.04 0.7107653103150675
7.05 0.7123527666362862
7.0600000000000005 0.7139425240775309
7.07 0.7155339496562823
7.08 0.7171264079979339
7.09 0.7187192615852191
7.1000000000000005 0.7203118710112584
7.11 0.7219035952361392
7.12 0.7234937918469347
7.13 0.7250818173210616
7.140000000000001 0.7266670272928706
7.15 0.7282487768233611
7.16 0.7298264206728995
7.17 0.7313993135768199
7.18 0.7329668105237795
7.19 0.7345282670367312
7.2 0.7360830394563763
7.21 0.7376304852269494
7.22 0.7391699631841849
7.23 0.740700833845309
7.24 0.7422224597008935
7.25 0.743734205508405
7.26 0.7452354385872773
7.2700000000000005 0.7467255291153286
7.28 0.7482038504263414
7.29 0.7496697793086189
7.3 0.7511226963043244
7.3100000000000005 0.7525619860094104
7.32 0.7539870373739347
7.33 0.7553972440025609
7.34 0.7567920044550355
7.3500000000000005 0.7581707225464283
7.36 0.7595328076469244
7.37 0.7608776749809475
7.38 0.7622047459253938
7.390000000000001 0.7635134483067543
7.4 0.7648032166968997
7.41 0.766073492707299
7.42 0.7673237252814424
7.43 0.7685533709852387
7.44 0.769761894295152
7.45 0.7709487678838484
7.46 0.772113472903114
7.47 0.7732554992638134
7.48 0.7743743459126515
7.49 0.7754695211055079
7.5 0.7765405426771065
7.51 0.7775869383067892
7.5200000000000005 0.7786082457801636
7.53 0.7796040132463923
7.54 0.7805737994708976
7.55 0.7815171740832544
7.5600000000000005 0.7824337178200497
7.57 0.7833230227624862
7.58 0.7841846925685144
7.59 0.7850183426992781
7.6000000000000005 0.7858236006396639
7.61 0.7866001061127502
7.62 0.7873475112879509
7.63 0.7880654809826604
7.640000000000001 0.7887536928572071
7.65 0.789411837602929
7.66 0.7900396191231904
7.67 0.7906367547071661
7.68 0.7912029751962234
7.69 0.791738025142741
7.7 0.7922416629612086
7.71 0.7927136610714585
7.72 0.7931538060338903
7.73 0.7935618986765507
7.74 0.7939377542139471
7.75 0.7942812023574737
7.76 0.7945920874173398
7.7700000000000005 0.7948702683959006
7.78 0.7951156190722948
7.79 0.7953280280783037
7.8 0.7955073989653583
7.8100000000000005 0.7956536502626221
7.82 0.7957667155260959
7.83 0.7958465433786912
7.84 0.795893097541233
7.8500000000000005 0.7959063568543623
7.86 0.7959263984174137
7.87 0.795979731747182
7.88 0.7960663326034728
7.890000000000001 0.7961861616299988
7.9 0.7963391643781352
7.91 0.7965252713397746
7.92 0.7967443979892426
7.930000000000001 0.7969964448342356
7.94 0.7972812974757267
7.95 0.7975988266767812
7.96 0.7979488884402098
7.97 0.798331324094985
7.98 0.7987459603913292
7.99 0.7991926096043837
8.0 0.799671069646352
8.01 0.8001811241870065
8.02 0.8007225427824376
8.03 0.801295081011921
8.040000000000001 0.8018984806227634
8.05 0.8025324696829854
8.06 0.8031967627416949
8.07 0.8038910609969897
8.08 0.804615052471228
8.09 0.8053684121934985
8.1 0.8061508023891106
8.11 0.8069618726759266
8.120000000000001 0.8078012602673451
8.13 0.8086685901817467
8.14 0.8095634754582005
8.15 0.8104855173782317
8.16 0.8114343056934429
8.17 0.8124094188587775
8.18 0.8134104242712121
8.19 0.8144368785136586
8.2 0.8154883276038554
8.21 0.8165643072480244
8.22 0.8176643430990668
8.23 0.8187879510190692
8.24 0.8199346373458902
8.25 0.8211038991635955
8.26 0.8222952245765083
8.27 0.8235080929866421
8.28 0.8247419753742806
8.290000000000001 0.8259963345814713
8.3 0.8272706255981968
8.31 0.8285642958509917
8.32 0.8298767854937716
8.33 0.8312075277006402
8.34 0.8325559489604455
8.35 0.833921469372855
8.36 0.8353035029457235
8.370000000000001 0.8367014578935252
8.38 0.8381147369366323
8.39 0.8395427376012146
8.4 0.840984852519546
8.41 0.8424404697305038
8.42 0.8439089729800475
8.43 0.8453897420214733
8.44 0.8468821529152387
8.45 0.8483855783281584
8.46 0.8498993878317771
8.47 0.8514229481997275
8.48 0.8529556237038887
8.49 0.8544967764091621
8.5 0.856045766466689
8.51 0.8576019524053394
8.52 0.8591646914213038
8.53 0.860733339665628
8.540000000000001 0.862307252529535
8.55 0.8638857849273845
8.56 0.8654682915771236
8.57 0.8670541272780914
8.58 0.8686426471860434
8.59 0.870233207085268
8.6 0.8718251636576732
8.61 0.8734178747487286
8.620000000000001 0.875010699630151
8.63 0.8766029992592306
8.64 0.8781941365346988
8.65 0.8797834765490452
8.66 0.8813703868371968
8.67 0.8829542376214802
8.68 0.8845344020527882
8.69 0.8861102564478863
8.700000000000001 0.8876811805227902
8.71 0.8892465576221612
8.72 0.8908057749446633
8.73 0.8923582237642376
8.74 0.8939032996472509
8.75 0.8954404026654825
8.76 0.8969689376049201
8.77 0.8984883141703355
8.78 0.8999979471856218
8.790000000000001 0.9014972567898767
8.8 0.9029856686292187
8.81 0.9044626140443295
8.82 0.9059275302537237
8.83 0.9073798605327453
8.84 0.9088190543882987
8.85 0.9102445677293244
8.86 0.911655863033036
8.870000000000001 0.9130524095069342
8.88 0.9144336832466238
8.89 0.9157991673894544
8.9 0.9171483522640198
8.91 0.9184807355355435
8.92 0.9197958223471883
8.93 0.9210931254573276
8.94 0.9223721653728197
8.950000000000001 0.9236324704783271
8.96 0.9248735771617296
8.97 0.9260950299356758
8.98 0.9272963815553259
8.99 0.9284771931323372
9.0 0.929637034245145
9.01 0.9307754830455949
9.02 0.931892126361985
9.03 0.9329865597985724
9.040000000000001 0.9340583878316062
9.05 0.9351072239019458
9.06 0.9361326905043253
9.07 0.9371344192733253
9.08 0.9381120510661131
9.09 0.9390652360420163
9.1 0.9399936337389895
9.11 0.9408969131470347
9.120000000000001 0.9417747527786441
9.13 0.9426268407363187
9.14 0.9434528747772316
9.15 0.9442525623750919
9.16 0.9450256207792721
9.17 0.9457717770712574
9.18 0.9464907682184756
9.19 0.947182341125565
9.200000000000001 0.9478462526831374
9.21 0.9484822698140895
9.22 0.9490901695175173
9.23 0.9496697389102878
9.24 0.9502207752663132
9.25 0.9507430860535818
9.26 0.95123648896899
9.27 0.9517008119710215
9.28 0.9521358933103152
9.290000000000001 0.9525415815581654
9.3 0.9529177356329926
9.31 0.9532642248248208
9.32 0.9535809288177955
9.33 0.9538677377107789
9.34 0.9541245520360457
9.35 0.9543512827761126
9.36 0.9545478513787232
9.370000000000001 0.954714189770013
9.38 0.954850240365873
9.39 0.9549559560815287
9.4 0.955031300339352
9.41 0.9550762470749146
9.42 0.9550907807412952
9.43 0.9551066651709456
9.44 0.9551529622025738
9.450000000000001 0.9552296558221317
9.46 0.9553367194982176
9.47 0.9554741161864626
9.48 0.9556417983356607
9.49 0.9558397078956588
9.5 0.9560677763270152
9.51 0.956325924612443
9.52 0.9566140632700547
9.53 0.9569320923684285
9.540000000000001 0.9572799015435208
9.55 0.957657370017446
9.56 0.9580643666191547
9.57 0.95850074980704
9.58 0.9589663676935021
9.59 0.9594610580715074
9.6 0.9599846484431804
9.61 0.9605369560504645
9.620000000000001 0.9611177879078963
9.63 0.9617269408375332
9.64 0.9623642015060834
9.65 0.9630293464642818
9.66 0.9637221421885637
9.67 0.9644423451250844
9.68 0.9651897017361393
9.69 0.9659639485490363
9.700000000000001 0.9667648122074765
9.71 0.9675920095254986
9.72 0.9684452475440469
9.73 0.9693242235902184
9.74 0.9702286253392495
9.75 0.9711581308793047
9.76 0.9721124087791252
9.77 0.9730911181586002
9.78 0.9740939087623234
9.790000000000001 0.9751204210361959
9.8 0.9761702862071376
9.81 0.9772431263659714
9.82 0.978338554553539
9.83 0.9794561748501135
9.84 0.9805955824681675
9.85 0.981756363848559
9.86 0.9829380967601946
9.870000000000001 0.9841403504032291
9.88 0.9853626855158583
9.89 0.9866046544847641
9.9 0.9878658014592657
9.91 0.9891456624692296
9.92 0.9904437655467925
9.93 0.9917596308519461
9.94 0.9930927708020315
9.950000000000001 0.9944426902051904
9.96 0.9958088863978136
9.97 0.9971908493860324
9.98 0.9985880619912852
9.99 1.0
