0.0 0.0
0.01 5.106856404976567e-06
0.02 1.5318814978525957e-05
0.03 3.063236751959515e-05
0.04 5.104225240646303e-05
0.05 7.65414554138917e-05
0.06 0.00010712121080486156
0.07 0.00014277100269877117
0.08 0.00018347856671844707
0.09 0.00022922989191876984
0.1 0.0002800092230001785
0.11 0.0003357990628107655
0.12 0.00039658017514111965
0.13 0.00046233158781651125
0.14 0.0005330305960914438
0.15 0.0006086527663520181
0.16 0.0006891719401319655
0.17 0.0007745602384486122
0.18 0.0008647880664654245
0.19 0.0009598241184881665
0.2 0.00105963538330207
0.21 0.001164187149857772
0.22 0.0012734430133141124
0.23 0.0013873648814462182
0.24 0.001505912981427604
0.25 0.0016290458669953242
0.26 0.0017567204260074815
0.27 0.0018888918884026672
0.28 0.002025513834571149
0.29 0.002166538204147849
0.3 0.00231191530523736
0.31 0.0024615938240814374
0.32 0.002615520835179568
0.33 0.0027736418118733657
0.34 0.0029359006374056647
0.35000000000000003 0.0031022396164652783
0.36 0.003272599487228484
0.37 0.003446919433908331
0.38 0.003625137099822918
0.39 0.0038071886009937717
0.4 0.003993008540285469
0.41000000000000003 0.004182530022097569
0.42 0.0043756846676198755
0.43 0.004572402630661954
0.44 0.004772612614067675
0.45 0.004976241886725458
0.46 0.00518321630118466
0.47000000000000003 0.005393460311888391
0.48 0.0056068969940327685
0.49 0.00582344806306241
0.5 0.006043033894811613
0.51 0.006265573546300425
0.52 0.00649098477719438
0.53 0.006719184071936397
0.54 0.00695008666255884
0.55 0.007183606552183374
0.56 0.007419656539215761
0.5700000000000001 0.00765814824224226
0.58 0.007898992125633768
0.59 0.008142097525863312
0.6 0.00838737267854191
0.61 0.008634724746177224
0.62 0.008884059846658807
0.63 0.009135283082473087
0.64 0.009388298570650523
0.65 0.009643009473446732
0.66 0.009899318029758545
0.67 0.010157125587275303
0.68 0.010416332635364836
0.6900000000000001 0.01067683883869283
0.7000000000000001 0.010938543071573393
0.71 0.011201343453047827
0.72 0.01146513738268776
0.73 0.011729821577117808
0.74 0.011995292107252156
0.75 0.012261444436238418
0.76 0.012528173458101241
0.77 0.012795373537077149
0.78 0.013062938547631128
0.79 0.013330761915144526
0.8 0.01359873665726278
0.81 0.013866755425890475
0.8200000000000001 0.014134710549820309
0.8300000000000001 0.014402494077981385
0.84 0.014669997823291344
0.85 0.014937113407095729
0.86 0.015203732304176978
0.87 0.015469745888314419
0.88 0.01573504547837555
0.89 0.015999522384917923
0.9 0.016263067957279855
0.91 0.01652557363113726
0.92 0.01678693097650273
0.93 0.017047031746142218
0.9400000000000001 0.01730576792438339
0.9500000000000001 0.01756303177628907
0.96 0.01781871589716794
0.97 0.018072713262393902
0.98 0.018324917277504533
0.99 0.018575221828548136
1.0 0.018823521332648082
1.01 0.019069710788752154
1.02 0.019313685828533995
1.03 0.01955534276741273
1.04 0.019794578655656245
1.05 0.0200312913295328
1.06 0.020265379462474985
1.07 0.020496742616219338
1.08 0.02072528129188438
1.09 0.0209508969809492
1.1 0.021173492216094224
1.11 0.021392970621865286
1.12 0.021609236965121667
1.1300000000000001 0.021822197205228423
1.1400000000000001 0.02203175854395291
1.1500000000000001 0.022237829475025155
1.16 0.02244031983332147
1.17 0.02263914084363048
1.18 0.022834205168960654
1.19 0.023025426958348277
1.2 0.0232127218941248
1.21 0.023396007238602523
1.22 0.023575201880137685
1.23 0.02375022637853011
1.24 0.02392100300971873
1.25 0.024087455809732754
1.26 0.024249510617858298
1.27 0.024407095118980853
1.28 0.02456013888506433
1.29 0.02470857341572795
1.3 0.024852332177882724
1.31 0.02499135064438997
1.32 0.025125566331704922
1.33 0.02525491883646918
1.34 0.0253793498710167
1.35 0.025498803297758558
1.36 0.02561322516241298
1.37 0.02572256372604771
1.3800000000000001 0.025826769495903134
1.3900000000000001 0.025925795254965314
1.4000000000000001 0.026019596090259455
1.41 0.02610812941983526
1.42 0.026191355018416993
1.43 0.026269235041692186
1.44 0.02634173404921431
1.45 0.026408819025895966
1.46 0.02647045940207061
1.47 0.02652662707210212
1.48 0.026577296411523094
1.49 0.02662244429268406
1.5 0.026662050098897484
1.51 0.026696095737061755
1.52 0.02672456564875214
1.53 0.02674744681976704
1.54 0.02676472878811962
1.55 0.02677640365046647
1.56 0.02678246606696654
1.57 0.02678291326456527
1.58 0.026788081490430066
1.59 0.026798862775702342
1.6 0.026815252189162142
1.61 0.026837242235458567
1.62 0.026864822859718186
1.6300000000000001 0.0268979814537241
1.6400000000000001 0.026936702863659182
1.6500000000000001 0.026980969399405336
1.6600000000000001 0.027030760845389176
1.67 0.027086054472962712
1.68 0.02714682505430618
1.69 0.027213044877838603
1.7 0.027284683765120055
1.71 0.02736170908922817
1.72 0.027444085794589915
1.73 0.027531776418248256
1.74 0.027624741112541873
1.75 0.027722937669174736
1.76 0.027826321544651058
1.77 0.027934845887049784
1.78 0.0280484615641116
1.79 0.028167117192610117
1.8 0.028290759168977928
1.81 0.028419331701156906
1.82 0.028552776841641214
1.83 0.02869103452168045
1.84 0.028834042586609293
1.85 0.02898173683226931
1.86 0.029134051042487542
1.87 0.029290917027575837
1.8800000000000001 0.029452264663814086
1.8900000000000001 0.029618021933879857
1.9000000000000001 0.02978811496818636
1.9100000000000001 0.029962468087090008
1.92 0.030141003843928448
1.93 0.030323643068849413
1.94 0.03051030491339044
1.95 0.030700906895769063
1.96 0.030895364946842967
1.97 0.031093593456699244
1.98 0.03129550532183188
1.99 0.03150101199286635
2.0 0.03171002352279033
2.0100000000000002 0.03192244861564948
2.02 0.032138194675667246
2.0300000000000002 0.03235716785674798
2.04 0.032579273112322615
2.05 0.032804414245496606
2.06 0.03303249395945986
2.07 0.03326341390811911
2.08 0.03349707474691309
2.09 0.0337333761837718
2.1 0.03397221703018121
2.11 0.034213495252315644
2.12 0.03445710802220026
2.13 0.034702951768867105
2.14 0.03495092222946844
2.15 0.035200914500312055
2.16 0.035452823087783795
2.17 0.035706541959123365
2.18 0.035961964593020326
2.19 0.036218984029997875
2.2 0.03647749292255292
2.21 0.036737383585021946
2.22 0.036998548043142794
2.23 0.037260878083283676
2.24 0.03752426530131153
2.25 0.03778860115107282
2.2600000000000002 0.03805377699246078
2.27 0.03831968413904434
2.2800000000000002 0.03858621390523461
2.29 0.03885325765296609
2.3000000000000003 0.039120706837870715
2.31 0.03938845305492375
2.32 0.03965638808354188
2.33 0.039924403932114466
2.34 0.040192392881950346
2.35 0.04046024753062337
2.36 0.04072786083470098
2.37 0.040995126151841206
2.38 0.04126193728224429
2.39 0.04152818850944651
2.4 0.04179377464044442
2.41 0.04205859104513885
2.42 0.0423225336950893
2.43 0.042585499201569725
2.44 0.042847384852918204
2.45 0.04310808865117375
2.46 0.043367509347994375
2.47 0.04362554647985148
2.48 0.04388210040249665
2.49 0.04413707232469764
2.5 0.04439036434124126
2.5100000000000002 0.04464187946520171
2.52 0.04489152165947382
2.5300000000000002 0.04513919586757106
2.54 0.04538480804368958
2.5500000000000003 0.045628265182039655
2.56 0.0458694753454469
2.57 0.04610834769322646
2.58 0.0463447925083337
2.59 0.04657872122379575
2.6 0.04681004644842896
2.61 0.04703868199184757
2.62 0.047264542888769814
2.63 0.047487545422628036
2.64 0.04770760714848975
2.65 0.04792464691529734
2.66 0.048138584887434326
2.67 0.048349342565626514
2.68 0.04855684280718691
2.69 0.04876100984561338
2.7 0.0489617693095486
2.71 0.049159048241112
2.72 0.04935277511361364
2.73 0.04954287984866027
2.74 0.04972929383266405
2.75 0.04991194993276455
2.7600000000000002 0.05009078251217471
2.77 0.05026572744496177
2.7800000000000002 0.05043672213027411
2.79 0.05060370550602508
2.8000000000000003 0.050766618062044994
2.81 0.050925401852712285
2.82 0.05108000050907518
2.83 0.051230359250474804
2.84 0.05137642489568088
2.85 0.05151814587355102
2.86 0.0516554722332244
2.87 0.05178835565386075
2.88 0.05191674945393511
2.89 0.05204060860009892
2.9 0.05215988971561772
2.91 0.05227455108839549
2.92 0.05238455267859555
2.93 0.05248985612586754
2.94 0.05259042475618994
2.95 0.05268622358833711
2.96 0.05277721933997971
2.97 0.05286338043342692
2.98 0.052944677001018604
2.99 0.05302108089017531
3.0 0.05309256566811344
3.0100000000000002 0.0531591066262328
3.02 0.05322068078418312
3.0300000000000002 0.053277266893616004
3.04 0.05332884544162813
3.0500000000000003 0.05337539865390121
3.06 0.05341691049754392
3.0700000000000003 0.05345336668364028
3.08 0.053484754669508895
3.09 0.05351106366067671
3.1 0.05353228461257069
3.11 0.053548410231930216
3.12 0.053559434977942744
3.13 0.05356535506310458
3.14 0.05356616845380827
3.15 0.05357046203695883
3.16 0.05357986111910516
3.17 0.05359436247136266
3.18 0.053613961111321155
3.19 0.05363865030381846
3.2 0.053668421561988304
3.21 0.053703264648584284
3.22 0.05374316757758238
3.23 0.05378811661606445
3.24 0.05383809628638618
3.25 0.0538930893686329
3.2600000000000002 0.05395307690336755
3.27 0.05401803819467516
3.2800000000000002 0.0540879508135089
3.29 0.05416279060134303
3.3000000000000003 0.054242531674138575
3.31 0.054327146426627886
3.3200000000000003 0.05441660553692475
3.33 0.05451087797146688
3.34 0.05460993099029829
3.35 0.05471373015269916
3.36 0.05482223932317121
3.37 0.05493542067778706
3.38 0.05505323471091217
3.39 0.055175640242308324
3.4 0.05530259442462808
3.41 0.055434052751309484
3.42 0.055569969064881056
3.43 0.05571029556568689
3.44 0.05585498282104218
3.45 0.056003979774829536
3.46 0.05615723375754664
3.47 0.05631469049681611
3.48 0.0564762941283682
3.49 0.05664198720750751
3.5 0.056811710721074576
3.5100000000000002 0.05698540409991362
3.52 0.057163005231857356
3.5300000000000002 0.05734445047524022
3.54 0.057529674672951094
3.5500000000000003 0.05771861116703646
3.56 0.05791119181386525
3.5700000000000003 0.05810734699986618
3.58 0.05830700565784841
3.59 0.05851009528391616
3.6 0.05871654195498793
3.61 0.058926270346930425
3.62 0.05913920375331737
3.63 0.05935526410482306
3.64 0.059574371989260064
3.65 0.0597964466722704
3.66 0.060021406118679003
3.67 0.06024916701451799
3.68 0.06047964478972991
3.69 0.060712753641557565
3.7 0.06094840655862762
3.71 0.0611865153457349
3.72 0.0614269906493334
3.73 0.06166974198373979
3.74 0.061914677758054586
3.75 0.06216170530380538
3.7600000000000002 0.062410730903316176
3.77 0.06266165981880596
3.7800000000000002 0.0629143963222191
3.79 0.06316884372578947
3.8000000000000003 0.06342490441333946
3.81 0.0636824798723142
3.8200000000000003 0.0639414707265505
3.83 0.06420177676977967
3.84 0.06446329699986172
3.85 0.06472592965374843
3.86 0.06498957224317135
3.87 0.06525412159105035
3.88 0.06551947386861674
3.89 0.06578552463324516
3.9 0.06605216886698612
3.91 0.06631930101579145
3.92 0.06658681502942296
3.93 0.06685460440203415
3.94 0.06712256221341373
3.95 0.06739058117087832
3.96 0.06765855365180151
3.97 0.06792637174676455
3.98 0.06819392730331328
3.99 0.06846111197030522
4.0 0.06872781724282902
4.01 0.06899393450767799
4.0200000000000005 0.06925935508935817
4.03 0.06952397029661021
4.04 0.0697876714694239
4.05 0.07005035002652214
4.0600000000000005 0.0703118975132914
4.07 0.07057220565013339
4.08 0.07083116638121303
4.09 0.07108867192357539
4.1 0.07134461481660466
4.11 0.07159888797179628
4.12 0.071851384722813
4.13 0.07210199887579437
4.14 0.07235062475988863
4.15 0.07259715727797478
4.16 0.07284149195754203
4.17 0.07308352500169292
4.18 0.07332315334023562
4.19 0.07356027468083022
4.2 0.07379478756015317
4.21 0.07402659139504324
4.22 0.07425558653359189
4.23 0.07448167430614029
4.24 0.07470475707614456
4.25 0.07492473829087064
4.26 0.07514152253187938
4.2700000000000005 0.07535501556526226
4.28 0.07556512439158779
4.29 0.075771757295518
4.3 0.07597482389505486
4.3100000000000005 0.07617423519037561
4.32 0.07636990361221595
4.33 0.0765617430697604
4.34 0.07674966899799844
4.3500000000000005 0.07693359840450566
4.36 0.07711344991560867
4.37 0.07728914382189317
4.38 0.07746060212301431
4.39 0.07762774857176913
4.4 0.07779050871739075
4.41 0.0779488099480248
4.42 0.07810258153234856
4.43 0.07825175466029409
4.44 0.07839626248283703
4.45 0.07853604015081338
4.46 0.07867102485272716
4.47 0.07880115585151272
4.48 0.07892637452021602
4.49 0.07904662437656032
4.5 0.0791618511163623
4.51 0.07927200264576575
4.5200000000000005 0.07937702911226095
4.53 0.07947688293445883
4.54 0.07957151883059012
4.55 0.07966089384570094
4.5600000000000005 0.07974496737751728
4.57 0.07982370120095224
4.58 0.07989705949123099
4.59 0.07996500884561006
4.6000000000000005 0.08002751830366832
4.61 0.08008455936614929
4.62 0.08013610601233491
4.63 0.08018213471593302
4.64 0.08022262445946218
4.65 0.08025755674711862
4.66 0.08028691561611216
4.67 0.08031068764645925
4.68 0.0803288619692227
4.69 0.08034143027318986
4.7 0.0803483868099819
4.71 0.08034972839758901
4.72 0.08035400237285018
4.73 0.080363889955959
4.74 0.08037938662439353
4.75 0.08040048529091232
4.76 0.08042717630791206
4.7700000000000005 0.080459447473357
4.78 0.0804972840382735
4.79 0.08054066871580214
4.8 0.08058958169179771
4.8100000000000005 0.0806440006369664
4.82 0.08070390072052701
4.83 0.0807692546253825
4.84 0.0808400325647857
4.8500000000000005 0.08091620230048235
4.86 0.08099772916231246
4.87 0.08108457606924971
4.88 0.08117670355185778
4.89 0.08127406977614014
4.9 0.08137663056875921
4.91 0.08148433944359933
4.92 0.08159714762964654
4.93 0.08171500410015725
4.94 0.08183785560308636
4.95 0.08196564669274474
4.96 0.08209831976265447
4.97 0.08223581507956931
4.98 0.08237807081862734
4.99 0.08252502309960111
5.0 0.08267660602421031
5.01 0.08283275171446101
5.0200000000000005 0.08299339035197469
5.03 0.08315845021826959
5.04 0.08332785773595675
5.05 0.08350153751081152
5.0600000000000005 0.08367941237468209
5.07 0.08386140342919499
5.08 0.08404743009021791
5.09 0.08423741013303954
5.1000000000000005 0.08443125973822559
5.11 0.08462889353811077
5.12 0.0848302246638852
5.13 0.08503516479323471
5.14 0.08524362419849361
5.15 0.0854555117952692
5.16 0.08567073519149677
5.17 0.08588920073688443
5.18 0.08611081357270685
5.19 0.08633547768190786
5.2 0.08656309593947129
5.21 0.08679357016302047
5.22 0.08702680116360709
5.23 0.08726268879664993
5.24 0.08750113201298547
5.25 0.08774202890999186
5.26 0.08798527678274926
5.2700000000000005 0.0882307721751992
5.28 0.08847841093126718
5.29 0.0887280882459127
5.3 0.08897969871607214
5.3100000000000005 0.08923313639146006
5.32 0.08948829482519606
5.33 0.08974506712422452
5.34 0.09000334599949553
5.3500000000000005 0.0902630238158764
5.36 0.09052399264176397
5.37 0.09078614429836834
5.38 0.09104937040864057
5.39 0.09131356244581694
5.4 0.09157861178155383
5.41 0.09184440973362797
5.42 0.09211084761317821
5.43 0.09237781677146552
5.44 0.09264520864612916
5.45 0.09291291480691811
5.46 0.0931808270008777
5.47 0.09344883719697229
5.48 0.0937168376301264
5.49 0.09398472084466698
5.5 0.09425237973715135
5.51 0.09451970759856565
5.5200000000000005 0.09478659815588017
5.53 0.09505294561294875
5.54 0.09531864469074032
5.55 0.09558359066689205
5.5600000000000005 0.09584767941457405
5.57 0.09611080744065698
5.58 0.09637287192317473
5.59 0.09663377074807512
5.6000000000000005 0.09689340254525275
5.61 0.09715166672385905
5.62 0.09740846350688509
5.63 0.09766369396501415
5.64 0.09791726004974152
5.65 0.09816906462575987
5.66 0.09841901150260957
5.67 0.09866700546559372
5.68 0.09891295230595912
5.69 0.09915675885034407
5.7 0.09939833298949585
5.71 0.09963758370626041
5.72 0.09987442110284799
5.73 0.10010875642737893
5.74 0.10034050209971453
5.75 0.10056957173657809
5.76 0.10079588017597262
5.7700000000000005 0.10101934350090125
5.78 0.10123987906239756
5.79 0.10145740550187334
5.8 0.10167184277279147
5.8100000000000005 0.10188311216167241
5.82 0.10209113630844316
5.83 0.10229583922613725
5.84 0.10249714631995566
5.8500000000000005 0.10269498440569814
5.86 0.1028892817275748
5.87 0.1030799679754083
5.88 0.10326697430123705
5.89 0.10345023333532982
5.9 0.10362967920162282
5.91 0.10380524753258984
5.92 0.10397687548355662
5.93 0.10414450174647044
5.94 0.10430806656313596
5.95 0.1044675117379287
5.96 0.10462278064999712
5.97 0.10477381826496425
5.98 0.10492057114614042
5.99 0.10506298746525763
6.0 0.1052010170127367
6.01 0.10533461120749786
6.0200000000000005 0.10546372310632568
6.03 0.10558830741279847
6.04 0.1057083204857927
6.05 0.10582372034757259
6.0600000000000005 0.10593446669147456
6.07 0.1060405208891963
6.08 0.10614184599769994
6.09 0.1062384067657383
6.1000000000000005 0.1063301696400131
6.11 0.10641710277097369
6.12 0.10649917601826442
6.13 0.10657636095582865
6.140000000000001 0.10664863087667673
6.15 0.10671596079732529
6.16 0.10677832746191447
6.17 0.10683570934600953
6.18 0.10688808666009285
6.19 0.10693544135275186
6.2 0.10697775711356808
6.21 0.10701501937571202
6.22 0.10704721531824808
6.23 0.10707433386815368
6.24 0.10709636570205555
6.25 0.10711330324768653
6.26 0.10712514068506508
6.2700000000000005 0.10713187394739976
6.28 0.10713350072172005
6.29 0.10713698099420527
6.3 0.10714556711802123
6.3100000000000005 0.10715925614361246
6.32 0.10717804336779999
6.33 0.10720192233451124
6.34 0.10723088483578425
6.3500000000000005 0.10726492091304747
6.36 0.10730401885867781
6.37 0.10734816521783909
6.38 0.1073973447906045
6.390000000000001 0.10745154063436635
6.4 0.10751073406653712
6.41 0.10757490466754646
6.42 0.10764403028413884
6.43 0.10771808703297728
6.44 0.10779704930455875
6.45 0.10788088976744759
6.46 0.1079695793728332
6.47 0.10806308735941926
6.48 0.10816138125865134
6.49 0.10826442690029095
6.5 0.10837218841834377
6.51 0.10848462825735036
6.5200000000000005 0.1086017071790483
6.53 0.10872338426941419
6.54 0.10884961694609524
6.55 0.10898036096623966
6.5600000000000005 0.10911557043473545
6.57 0.10925519781286815
6.58 0.1093991939274069
6.59 0.10954750798013001
6.6000000000000005 0.10970008755779995
6.61 0.10985687864259887
6.62 0.1100178256230353
6.63 0.11018287130533301
6.640000000000001 0.11035195692531304
6.65 0.11052502216078008
6.66 0.11070200514442423
6.67 0.11088284247724929
6.68 0.1110674692425388
6.69 0.11125581902037082
6.7 0.1114478239026926
6.71 0.11164341450896595
6.72 0.11184252000239432
6.73 0.11204506810674213
6.74 0.11225098512375695
6.75 0.11246019595120486
6.76 0.11267262410152917
6.7700000000000005 0.11288819172114206
6.78 0.1131068196103592
6.79 0.11332842724398619
6.8 0.113552932792566
6.8100000000000005 0.11378025314429582
6.82 0.11401030392762167
6.83 0.11424299953451833
6.84 0.11447825314446206
6.8500000000000005 0.11471597674910283
6.86 0.11495608117764239
6.87 0.11519847612292389
6.88 0.11544307016823849
6.890000000000001 0.11568977081485336
6.9 0.11593848451026505
6.91 0.11618911667718174
6.92 0.11644157174323694
6.93 0.11669575317143675
6.94 0.11695156349134168
6.95 0.1172089043309838
6.96 0.11746767644951879
6.97 0.11772777977061193
6.98 0.11798911341655596
6.99 0.1182515757431184
7.0 0.1185150643751143
7.01 0.11877947624270037
7.0200000000000005 0.11904470761838477
7.03 0.11931065415474651
7.04 0.11957721092285697
7.05 0.1198442724513956
7.0600000000000005 0.12011173276645046
7.07 0.12037948543199341
7.08 0.12064742359101897
7.09 0.12091544000733472
7.1000000000000005 0.12118342710798967
7.11 0.12145127702632713
7.12 0.12171888164564612
7.13 0.12198613264345554
7.140000000000001 0.12225292153630374
7.15 0.12251913972516511
7.16 0.12278467854136425
7.17 0.1230494292930176
7.18 0.12331328331197083
7.19 0.12357613200120973
7.2 0.12383786688272107
7.21 0.12409837964577902
7.22 0.12435756219563157
7.23 0.12461530670256067
7.24 0.12487150565128861
7.25 0.1251260518907021
7.26 0.12537883868386526
7.2700000000000005 0.12562975975829072
7.28 0.12587870935643822
7.29 0.1261255822864086
7.3 0.1263702739728005
7.3100000000000005 0.12661268050769592
7.32 0.12685269870174068
7.33 0.12709022613528462
7.34 0.12732516120954546
7.3500000000000005 0.1275574031977602
7.36 0.12778685229628692
7.37 0.12801340967561914
7.38 0.1282369775312746
7.390000000000001 0.1284574591345201
7.4 0.1286747588828924
7.41 0.12888878235047632
7.42 0.1290994363379002
7.43 0.12930662892200726
7.44 0.12951026950516403
7.45 0.12971026886416367
7.46 0.12990653919868395
7.47 0.13009899417925888
7.48 0.13028754899472275
7.49 0.13047212039908548
7.5 0.1306526267577985
7.51 0.13082898809337007
7.5200000000000005 0.13100112613028958
7.53 0.1311689643392201
7.54 0.13133242798041936
7.55 0.13149144414634883
7.5600000000000005 0.13164594180343225
7.57 0.1317958518329238
7.58 0.13194110707084847
7.59 0.13208164234697603
7.6000000000000005 0.13221739452279185
7.61 0.13234830252842814
7.62 0.13247430739851973
7.63 0.13259535230694977
7.640000000000001 0.13271138260045104
7.65 0.1328223458310303
7.66 0.13292819178718301
7.67 0.13302887252386789
7.68 0.1331243423912111
7.69 0.1332145580619113
7.7 0.13329947855731789
7.71 0.13337906527215615
7.72 0.13345328199787396
7.73 0.13352209494458644
7.74 0.13358547276159594
7.75 0.13364338655646632
7.76 0.13369580991263183
7.7700000000000005 0.1337427189055226
7.78 0.1337840921171897
7.79 0.13381991064941468
7.8 0.13385015813529041
7.8100000000000005 0.13387482074926038
7.82 0.1338938872156065
7.83 0.13390734881537644
7.84 0.13391519939174332
7.8500000000000005 0.13391743535379166
7.86 0.13392081502885675
7.87 0.13392980879508057
7.88 0.13394441253870976
7.890000000000001 0.13396461958072287
7.9 0.1339904206809371
7.91 0.134021804043688
7.92 0.13405875532507502
7.930000000000001 0.13410125764176634
7.94 0.1341492915813528
7.95 0.13420283521424134
7.96 0.1342618641070742
7.97 0.13432635133766094
7.98 0.13439626751140754
7.99 0.13447158077922505
8.0 0.13455225685690012
8.01 0.13463825904590696
8.02 0.13472954825563918
8.03 0.1348260830270395
8.040000000000001 0.1349278195576024
8.05 0.13503471172772488
8.06 0.13514671112837826
8.07 0.13526376709007357
8.08 0.13538582671309116
8.09 0.1355128348989444
8.1 0.13564473438304614
8.11 0.13578146576854616
8.120000000000001 0.13592296756130548
8.13 0.13606917620597417
8.14 0.13622002612313713
8.15 0.13637544974749233
8.16 0.13653537756702464
8.17 0.13669973816313807
8.18 0.13686845825170868
8.19 0.13704146272501927
8.2 0.13721867469453725
8.21 0.13740001553449582
8.22 0.137585404926239
8.23 0.13777476090328977
8.24 0.13796799989710135
8.25 0.13816503678345043
8.26 0.13836578492943183
8.27 0.13857015624101315
8.28 0.13877806121110886
8.290000000000001 0.13898940896813225
8.3 0.1392041073249848
8.31 0.13942206282844147
8.32 0.13964318080889163
8.33 0.13986736543039524
8.34 0.14009451974101356
8.35 0.14032454572337497
8.36 0.1405573443454362
8.370000000000001 0.1407928156113999
8.38 0.14103085861274978
8.39 0.14127137157936578
8.4 0.14151425193068065
8.41 0.14175939632684234
8.42 0.1420067007198445
8.43 0.14225606040459066
8.44 0.14250737006985634
8.45 0.14276052384911522
8.46 0.14301541537119591
8.47 0.14327193781073694
8.48 0.1435299839384076
8.49 0.14378944617086467
8.5 0.14405021662041398
8.51 0.1443121871443487
8.52 0.14457524939393543
8.53 0.1448392948630213
8.540000000000001 0.14510421493623576
8.55 0.14536990093676178
8.56 0.14563624417365204
8.57 0.14590313598866733
8.58 0.14617046780261428
8.59 0.1464381311611618
8.6 0.1467060177801158
8.61 0.1469740195901328
8.620000000000001 0.1472420287808549
8.63 0.1475099378444486
8.64 0.14777763961853146
8.65 0.14804502732847188
8.66 0.1483119946290476
8.67 0.14857843564545056
8.68 0.1488442450136254
8.69 0.14910931791993143
8.700000000000001 0.1493735501401175
8.71 0.14963683807760134
8.72 0.14989907880104475
8.73 0.15016017008121843
8.74 0.15042001042714923
8.75 0.1506784991215458
8.76 0.15093553625549735
8.77 0.15119102276244287
8.78 0.15144486045140756
8.790000000000001 0.1516969520395054
8.8 0.15194720118370644
8.81 0.15219551251186902
8.82 0.15244179165303745
8.83 0.15268594526700655
8.84 0.15292788107315522
8.85 0.15316750787855177
8.86 0.1534047356053347
8.870000000000001 0.1536394753173728
8.88 0.1538716392462094
8.89 0.15410114081629628
8.9 0.15432789466952287
8.91 0.15455181668904724
8.92 0.15477282402243595
8.93 0.15499083510411985
8.94 0.155205769677174
8.950000000000001 0.15541754881442973
8.96 0.15562609493892762
8.97 0.1558313318437204
8.98 0.1560331847110348
8.99 0.1562315801308027
9.0 0.1564264461185706
9.01 0.15661771213279813
9.02 0.15680530909155618
9.03 0.15698916938863428
9.040000000000001 0.15716922690906907
9.05 0.15734541704410396
9.06 0.1575176767055913
9.07 0.15768594433984795
9.08 0.15785015994097548
9.09 0.15801026506365595
9.1 0.15816620283543478
9.11 0.1583179179685014
9.120000000000001 0.15846535677097895
9.13 0.15860846715773425
9.14 0.1587471986607185
9.15 0.1588815024388501
9.16 0.15901133128744957
9.17 0.15913663964723773
9.18 0.15925738361290723
9.19 0.1593735209412774
9.200000000000001 0.1594850110590426
9.21 0.15959181507012368
9.22 0.15969389576263196
9.23 0.15979121761545492
9.24 0.15988374680447237
9.25 0.159971451208412
9.26 0.16005430041435212
9.27 0.16013226572287978
9.28 0.1602053201529119
9.290000000000001 0.16027343844618636
9.3 0.16033659707143014
9.31 0.1603947742282107
9.32 0.16044794985047697
9.33 0.1604961056097954
9.34 0.16053922491828618
9.35 0.1605772929312647
9.36 0.16061029654959236
9.370000000000001 0.1606382244217411
9.38 0.16066106694557447
9.39 0.16067881626984856
9.4 0.16069146629543582
9.41 0.16069901267627304
9.42 0.1607014528200358
9.43 0.1607041197515315
9.44 0.16071189284219933
9.450000000000001 0.16072476942182454
9.46 0.1607427450664778
9.47 0.16076581359920167
9.48 0.16079396709097094
9.49 0.16082719586192845
9.5 0.1608654884828986
9.51 0.1609088317771811
9.52 0.1609572108226277
9.53 0.16101060895400618
9.540000000000001 0.16106900776565458
9.55 0.16113238711443081
9.56 0.16120072512296207
9.57 0.16127399818319943
9.58 0.16135218096028317
9.59 0.16143524639672518
9.6 0.1615231657169145
9.61 0.1616159084319534
9.620000000000001 0.1617134423448303
9.63 0.16181573355593845
9.64 0.161922746468947
9.65 0.16203444379703347
9.66 0.1621507865694861
9.67 0.16227173413868484
9.68 0.1623972441874702
9.69 0.1625272727369094
9.700000000000001 0.1626617741544696
9.71 0.16280070116260817
9.72 0.16294400484778984
9.73 0.16309163466994162
9.74 0.1632435384723554
9.75 0.16339966249204957
9.76 0.1635599513705997
9.77 0.16372434816545017
9.78 0.16389279436171666
9.790000000000001 0.16406522988449163
9.8 0.16424159311166306
9.81 0.1644218208872584
9.82 0.164605848535324
9.83 0.16479360987435182
9.84 0.1649850372322643
9.85 0.16518006146196787
9.86 0.1653786119574869
9.870000000000001 0.1655806166706879
9.88 0.16578600212860503
9.89 0.16599469345137702
9.9 0.16620661437080597
9.91 0.16642168724954765
9.92 0.166639833100943
9.93 0.16686097160950009
9.94 0.1670850211520359
9.950000000000001 0.16731189881948577
9.96 0.1675415204393897
9.97 0.1677738005990625
9.98 0.16800865266945583
9.99 0.16824598882971853
