0.0 0.0
0.01 2.812457167133813e-05
0.02 8.436781921669055e-05
0.03 0.0001687179490025639
0.04 0.00028115726548228354
0.05 0.0004216621650821756
0.06 0.0005902031280529904
0.07 0.0007867447082893056
0.08 0.001011245521120353
0.09 0.001263658229076424
0.1 0.0015439295256357416
0.11 0.0018520001169574252
0.12 0.0021878047016069516
0.13 0.00255127194828129
0.14 0.002942324471541708
0.15 0.0033608788055630983
0.16 0.0038068453759095206
0.17 0.004280128469346589
0.18 0.004780626201702268
0.19 0.0053082304837886365
0.2 0.005862826985398192
0.21 0.006444295097389387
0.22 0.007052507891877201
0.23 0.007687332080545743
0.24 0.008348627971101186
0.25 0.009036249421884617
0.26 0.009750043794665804
0.27 0.010489851905640392
0.28 0.011255507974654595
0.29 0.012046839572683092
0.3 0.01286366756758766
0.31 0.01370580606818589
0.32 0.014573062366661359
0.33 0.015465236879348714
0.34 0.016382123085929397
0.35000000000000003 0.017323507467076088
0.36 0.01828916944058647
0.37 0.019278881296049696
0.38 0.02029240812809165
0.39 0.021329507768248254
0.4 0.022389930715519306
0.41000000000000003 0.02347342006565864
0.42 0.02457971143926028
0.43 0.025708532908703847
0.44 0.02685960492402693
0.45 0.028032640237796228
0.46 0.029227343829054123
0.47000000000000003 0.030443412826422187
0.48 0.03168053643044839
0.49 0.03293839583529032
0.5 0.03421666414983273
0.51 0.035515006318343784
0.52 0.03683307904078113
0.53 0.03817053069286598
0.54 0.03952700124605059
0.55 0.04090212218751252
0.56 0.042295516440317336
0.5700000000000001 0.04370679828390001
0.58 0.045135573275024654
0.59 0.04658143816939174
0.6 0.048043980844072395
0.61 0.049522780220959815
0.62 0.05101740619143953
0.63 0.05252741954249159
0.64 0.05405237188445065
0.65 0.05559180558066269
0.66 0.057145253679290686
0.67 0.05871223984753595
0.68 0.06029227830855646
0.6900000000000001 0.06188487378137923
0.7000000000000001 0.06348952142411952
0.71 0.06510570678083663
0.72 0.06673290573237323
0.73 0.06837058445154294
0.74 0.07001819936304977
0.75 0.07167519710854146
0.76 0.07334101451721885
0.77 0.07501507858244336
0.78 0.07669680644480495
0.79 0.0783856053821344
0.8 0.08008087280696433
0.81 0.08178199627196571
0.8200000000000001 0.0834883534839079
0.8300000000000001 0.08519931232671227
0.84 0.0869142308941915
0.85 0.08863245753308834
0.86 0.09035333089704897
0.87 0.09207618001218804
0.88 0.09380032435492189
0.89 0.09552507394276794
0.9 0.09724972943882566
0.91 0.098973582270674
0.92 0.10069591476443548
0.93 0.1024160002947732
0.9400000000000001 0.10413310345159937
0.9500000000000001 0.10584648022428589
0.96 0.10755537820417527
0.97 0.10925903680619699
0.98 0.11095668751039667
0.99 0.11264755412418499
1.0 0.11433085306610957
1.01 0.11600579367194368
1.02 0.11767157852387344
1.03 0.11932740380354705
1.04 0.12097245966972635
1.05 0.12260593066125233
1.06 0.12422699612600101
1.07 0.1258348306764648
1.08 0.12742860467254627
1.09 0.12900748473209514
1.1 0.13057063426965698
1.11 0.13211721406383062
1.12 0.1336463828535521
1.1300000000000001 0.13515729796353623
1.1400000000000001 0.13664911595900991
1.1500000000000001 0.1381209933297678
1.16 0.13957208720346695
1.17 0.14100155608795573
1.18 0.14240856064230148
1.19 0.1437922644760436
1.2 0.14515183497605155
1.21 0.1464864441602136
1.22 0.1477952695570212
1.23 0.14907749510994675
1.24 0.15033231210533957
1.25 0.15155892012238814
1.26 0.15275652800351547
1.27 0.15392435484339198
1.28 0.15506163099456582
1.29 0.15616759908752736
1.3 0.15724151506284278
1.31 0.15828264921281412
1.32 0.15929028722995012
1.33 0.16026373125936702
1.34 0.16120230095208235
1.35 0.1621053345160194
1.36 0.1629721897614065
1.37 0.16380224513713937
1.3800000000000001 0.16459490075457164
1.3900000000000001 0.16534957939511766
1.4000000000000001 0.16606572749798762
1.41 0.16674281612433509
1.42 0.16738034189407852
1.43 0.16797782789166527
1.44 0.16853482453707744
1.45 0.16905091041843787
1.46 0.16952569308265722
1.47 0.169958809780676
1.48 0.17034992816399114
1.49 0.17069874692932216
1.5 0.17100499640846084
1.51 0.17126843910056186
1.52 0.1714888701443701
1.53 0.17166611772813795
1.54 0.17180004343526445
1.55 0.1718905425239839
1.56 0.17193754413974155
1.57 0.17194101145921703
1.58 0.17198108115314625
1.59 0.1720646564658704
1.6 0.17219167195496912
1.61 0.17236202826327457
1.62 0.17257559232042227
1.6300000000000001 0.17283219761190194
1.6400000000000001 0.17313164451429713
1.6500000000000001 0.17347370069508977
1.6600000000000001 0.17385810157510664
1.67 0.1742845508514057
1.68 0.174752721078136
1.69 0.1752622543026662
1.7 0.17581276275405788
1.71 0.176403829580766
1.72 0.17703500963428248
1.73 0.17770583029529505
1.74 0.1784157923388194
1.75 0.179164370834674
1.76 0.17995101607960448
1.77 0.18077515455732943
1.78 0.18163618992276895
1.79 0.18253350400673043
1.8 0.18346645783736532
1.81 0.18443439267476788
1.82 0.18543663105516817
1.83 0.18647247784126875
1.84 0.18754122127539055
1.85 0.18864213403222319
1.86 0.18977447426811878
1.87 0.19093748666402272
1.8800000000000001 0.1921304034592994
1.8900000000000001 0.193352445473882
1.9000000000000001 0.19460282311635232
1.9100000000000001 0.19588073737573908
1.92 0.1971853807950047
1.93 0.19851593842437576
1.94 0.1998715887528555
1.95 0.2012515046164367
1.96 0.20265485408171344
1.97 0.2040808013037607
1.98 0.20552850735732142
1.99 0.2069971310405019
2.0 0.20848582965032975
2.0100000000000002 0.20999375972967976
2.02 0.21152007778520956
2.0300000000000002 0.21306394097608067
2.04 0.2146245077733627
2.05 0.21620093859013356
2.06 0.2177923963823943
2.07 0.21939804722101433
2.08 0.22101706083501163
2.09 0.2226486111265537
2.1 0.22429187665813555
2.11 0.22594604111245717
2.12 0.22761029372557864
2.13 0.2292838296939807
2.14 0.230965850556201
2.15 0.23265556454975297
2.16 0.2343521869440626
2.17 0.2360549403501842
2.18 0.2377630550080736
2.19 0.2394757690522113
2.2 0.24119232875637775
2.21 0.24291198875838688
2.22 0.24463401226558604
2.23 0.24635767124192726
2.24 0.24808224657741043
2.25 0.24980702824068918
2.2600000000000002 0.25153131541562096
2.27 0.25325441662252923
2.2800000000000002 0.2549756498249312
2.29 0.2566943425224673
2.3000000000000003 0.2584098318307527
2.31 0.26012146454885016
2.32 0.26182859721504503
2.33 0.2635305961515827
2.34 0.2652268374990062
2.35 0.2669167072407125
2.36 0.26859960121832194
2.37 0.27027492513843504
2.38 0.27194209457132806
2.39 0.27360053494211695
2.4 0.27524968151489876
2.41 0.2768889793703561
2.42 0.2785178833772922
2.43 0.2801358581585399
2.44 0.2817423780516717
2.45 0.28333692706491426
2.46 0.2849189988286561
2.47 0.2864880965429136
2.48 0.28804373292110685
2.49 0.2895854301304779
2.5 0.2911127197294649
2.5100000000000002 0.2926251426023343
2.52 0.2941222488913527
2.5300000000000002 0.2956035979267687
2.54 0.2970687581548588
2.5500000000000003 0.29851730706427804
2.56 0.29994883111094367
2.57 0.3013629256416672
2.58 0.30275919481673735
2.59 0.30413725153164684
2.6 0.3054967173381436
2.61 0.3068372223647775
2.62 0.30815840523710364
2.63 0.3094599129976933
2.64 0.310741401026097
2.65 0.31200253295889274
2.66 0.3132429806099472
2.67 0.3144624238910084
2.68 0.3156605507327429
2.69 0.3168370570063219
2.7 0.3179916464456566
2.71 0.31912403057037503
2.72 0.32023392860962907
2.73 0.32132106742681305
2.74 0.32238518144527134
2.75 0.3234260125750688
2.7600000000000002 0.3244433101408904
2.77 0.32543683081113595
2.7800000000000002 0.32640633852826845
2.79 0.3273516044404741
2.8000000000000003 0.32827240683468517
2.81 0.32916853107101746
2.82 0.330039769518667
2.83 0.33088592149331125
2.84 0.3317067931960554
2.85 0.33250219765396133
2.86 0.3332719546621971
2.87 0.3340158907278394
2.88 0.33473383901536047
2.89 0.33542563929383107
2.9 0.33609113788586464
2.91 0.3367301876183306
2.92 0.33734264777486084
2.93 0.3379283840501707
2.94 0.33848726850621835
2.95 0.3390191795302193
2.96 0.3395240017945369
2.97 0.34000162621846514
2.98 0.34045194993191935
2.99 0.3408748762410506
3.0 0.3412703145957967
3.0100000000000002 0.341638180559383
3.02 0.3419783957797845
3.0300000000000002 0.3422908879631602
3.04 0.3425755908492693
3.0500000000000003 0.3428324441888787
3.06 0.3430613937231689
3.0700000000000003 0.3432623911651475
3.08 0.34343539418307417
3.09 0.3435803663859056
3.1 0.34369727731076355
3.11 0.34378610241243046
3.12 0.34384682305487774
3.13 0.3438794265048272
3.14 0.3438839059273498
3.15 0.3439075514711976
3.16 0.3439593170246986
3.17 0.3440391917337604
3.18 0.3441471588431634
3.19 0.3442831956907708
3.2 0.34444727369970435
3.21 0.34463935836848675
3.22 0.34485940925915565
3.23 0.3451073799833519
3.24 0.34538321818638795
3.25 0.34568686552930095
3.2600000000000002 0.3460182576688976
3.27 0.34637732423579726
3.2800000000000002 0.3467639888104816
3.29 0.34717816889735903
3.3000000000000003 0.34761977589685417
3.31 0.3480887150755319
3.3200000000000003 0.3485848855342685
3.33 0.34910818017448064
3.34 0.3496584856624284
3.35 0.35023568239160324
3.36 0.35083964444321974
3.37 0.35147023954482576
3.38 0.3521273290270508
3.39 0.3528107677785099
3.4 0.35352040419888625
3.41 0.3542560801502124
3.42 0.3550176309063761
3.43 0.35580488510087427
3.44 0.3566176646728436
3.45 0.3574557848113964
3.46 0.35831905389829266
3.47 0.35920727344898185
3.48 0.3601202380520489
3.49 0.36105773530710344
3.5 0.36201954576115114
3.5100000000000002 0.3630054428434909
3.52 0.36401519279918304
3.5300000000000002 0.3650485546211382
3.54 0.3661052799808772
3.5500000000000003 0.3671851131580186
3.56 0.36828779096855285
3.5700000000000003 0.3694130426919645
3.58 0.370560589997271
3.59 0.37173014686804834
3.6 0.37292141952651947
3.61 0.3741341063567863
3.62 0.3753678978272917
3.63 0.37662247641260155
3.64 0.3778975165146059
3.65 0.37919268438324144
3.66 0.38050763803684534
3.67 0.3818420271822581
3.68 0.38319549313479984
3.69 0.38456766873825027
3.7 0.3859581782849752
3.71 0.38736663743634653
3.72 0.38879265314361505
3.73 0.39023582356940234
3.74 0.3916957380099912
3.75 0.3931719768186018
3.7600000000000002 0.39466411132985385
3.77 0.39617170378562594
3.7800000000000002 0.39769430726253585
3.79 0.3992314656012788
3.8000000000000003 0.4007827133380736
3.81 0.40234757563848017
3.8200000000000003 0.4039255682338694
3.83 0.405516197360838
3.84 0.40711895970387946
3.85 0.4087333423416377
3.86 0.41035882269708823
3.87 0.4119948684920079
3.88 0.4136409377061143
3.89 0.41529647854127383
3.9 0.41696092939119683
3.91 0.4186337188170595
3.92 0.4203142655295114
3.93 0.42200197837754794
3.94 0.4236962563447508
3.95 0.4253964885534179
3.96 0.4271020542771284
3.97 0.4288123229623089
3.98 0.4305266542593899
3.99 0.4322443980641617
4.0 0.4339648945699633
4.01 0.4356874743313562
4.0200000000000005 0.4374114583399578
4.03 0.439136158113128
4.04 0.44086087579622274
4.05 0.44258490427914526
4.0600000000000005 0.4443075273279439
4.07 0.4460280197322197
4.08 0.4477456474691208
4.09 0.4494596678847122
4.1 0.4511693298935181
4.11 0.4528738741970419
4.12 0.45457253352206933
4.13 0.45626453287956387
4.14 0.4579490898449572
4.15 0.4596254148606309
4.16 0.4612927115613732
4.17 0.4629501771235777
4.18 0.46459700263892795
4.19 0.4662323735132852
4.2 0.46785546989146143
4.21 0.4694654671085192
4.22 0.47106153616819446
4.23 0.47264284424898223
4.24 0.4742085552383632
4.25 0.47575783029558155
4.26 0.4772898284433042
4.2700000000000005 0.47880370718840676
4.28 0.48029862317203686
4.29 0.48177373284900266
4.3 0.4832281931964207
4.3100000000000005 0.4846611624514399
4.32 0.4860718008777268
4.33 0.4874592715602602
4.34 0.4888227412278414
4.3500000000000005 0.4901613811025672
4.36 0.49147436777536
4.37 0.49276088410647745
4.38 0.4940201201497553
4.39 0.49525127409916025
4.4 0.4964535532560472
4.41 0.4976261750153367
4.42 0.4987683678686398
4.43 0.49987937242217767
4.44 0.5009584424271585
4.45 0.5020048458200974
4.46 0.5030178657703919
4.47 0.5039968017322957
4.48 0.5049409704982801
4.49 0.5058497072506212
4.5 0.5067223666079194
4.51 0.507558323663135
4.5200000000000005 0.5083569750096213
4.53 0.5091177397515504
4.54 0.5098400604950606
4.55 0.5105234043164113
4.5600000000000005 0.5111672637034065
4.57 0.5117711574663539
4.58 0.5123346316148529
4.59 0.5128572601967563
4.6000000000000005 0.5133386460957341
4.61 0.5137784217839729
4.62 0.5141762500266757
4.63 0.5145318245351911
4.64 0.5148448705657829
4.65 0.5151151454612612
4.66 0.5153424391329345
4.67 0.5155265744805883
4.68 0.5156674077484823
4.69 0.5157648288156421
4.7 0.5158187614190335
4.71 0.5158291633085275
4.72 0.5158623002841579
4.73 0.5159389501606357
4.74 0.5160590529110514
4.75 0.5162225145679495
4.76 0.5164292074140293
4.7700000000000005 0.5166789702405247
4.78 0.5169716086720032
4.79 0.5173068955560085
4.8 0.5176845714156709
4.8100000000000005 0.5181043449631261
4.82 0.5185658936713168
4.83 0.51906886440151
4.84 0.5196128740836368
4.8500000000000005 0.5201975104463691
4.86 0.5208223327936716
4.87 0.5214868728244244
4.88 0.5221906354915893
4.89 0.5229330998973006
4.9 0.5237137202201995
4.91 0.5245319266712817
4.92 0.5253871264745257
4.93 0.5262787048685678
4.94 0.5272060261257329
4.95 0.5281684345847798
4.96 0.5291652556938002
4.97 0.5301957970598034
4.98 0.5312593495016319
4.99 0.532355188102985
5.0 0.5334825732624606
5.01 0.5346407517376879
5.0200000000000005 0.53582895768078
5.03 0.5370464136625075
5.04 0.5382923316827728
5.05 0.5395659141651414
5.0600000000000005 0.5408663549333741
5.07 0.542192840168083
5.08 0.5435445493418227
5.09 0.5449206561311064
5.1000000000000005 0.5463203293040151
5.11 0.5477427335822443
5.12 0.5491870304766004
5.13 0.5506523790951205
5.14 0.55213793692315
5.15 0.5536428605748549
5.16 0.5551663065157936
5.17 0.5567074317563002
5.18 0.5582653945155606
5.19 0.5598393548563737
5.2 0.5614284752907032
5.21 0.5630319213562176
5.22 0.5646488621641129
5.23 0.5662784709185881
5.24 0.5679199254084208
5.25 0.5695724084711562
5.26 0.5712351084304763
5.2700000000000005 0.5729072195073731
5.28 0.5745879422057881
5.29 0.5762764836734181
5.3 0.5779720580384221
5.3100000000000005 0.5796738867227832
5.32 0.5813811987331033
5.33 0.5830932309296213
5.34 0.5848092282742542
5.3500000000000005 0.586528444058469
5.36 0.5882501401117916
5.37 0.5899735869917595
5.38 0.5916980641561191
5.39 0.593422860118061
5.4 0.5951472725852746
5.41 0.5968706085835954
5.42 0.598592184565997
5.43 0.6003113265076698
5.44 0.602027369987908
5.45 0.6037396602595075
5.46 0.6054475523063604
5.47 0.6071504108899052
5.48 0.6088476105850805
5.49 0.6105385358063979
5.5 0.6122225808247358
5.51 0.6138991497754303
5.5200000000000005 0.6155676566582186
5.53 0.617227525329568
5.54 0.6188781894879027
5.55 0.6205190926522176
5.5600000000000005 0.6221496881345491
5.57 0.6237694390067519
5.58 0.6253778180620092
5.59 0.6269743077714846
5.6000000000000005 0.6285584002365062
5.61 0.6301295971366531
5.62 0.6316874096740956
5.63 0.6332313585145273
5.64 0.6347609737250027
5.65 0.6362757947089879
5.66 0.6377753701389047
5.67 0.6392592578864447
5.68 0.6407270249509067
5.69 0.6421782473858018
5.7 0.6436125102239559
5.71 0.6450294074013274
5.72 0.6464285416797438
5.73 0.6478095245687525
5.74 0.6491719762467685
5.75 0.6505155254816893
5.76 0.6518398095511435
5.7700000000000005 0.6531444741625222
5.78 0.6544291733729404
5.79 0.655693569509263
5.8 0.6569373330883245
5.8100000000000005 0.6581601427374599
5.82 0.6593616851154652
5.83 0.6605416548340887
5.84 0.6616997543801562
5.8500000000000005 0.6628356940384244
5.86 0.6639491918152498
5.87 0.6650399733631567
5.88 0.6661077719063822
5.89 0.6671523281674732
5.9 0.6681733902950013
5.91 0.6691707137924633
5.92 0.6701440614484256
5.93 0.6710932032679726
5.94 0.672017916405508
5.95 0.6729179850989644
5.96 0.6737932006054648
5.97 0.6746433611384807
5.98 0.67546827180653
5.99 0.6762677445534517
6.0 0.6770415981002946
6.01 0.6777896578888543
6.0200000000000005 0.6785117560268903
6.03 0.6792077312350528
6.04 0.679877428795549
6.05 0.680520700502572
6.0600000000000005 0.6811374046145202
6.07 0.6817274058080288
6.08 0.6822905751338337
6.09 0.68282678997449
6.1000000000000005 0.6833359340039626
6.11 0.6838178971491063
6.12 0.6842725755530518
6.13 0.6846998715405123
6.140000000000001 0.6850996935850256
6.15 0.6854719562781437
6.16 0.6858165803005817
6.17 0.6861334923953367
6.18 0.686422625342789
6.19 0.6866839179377903
6.2 0.6869173149687524
6.21 0.6871227671987393
6.22 0.6873002313485723
6.23 0.6874496700819523
6.24 0.6875710519926053
6.25 0.6876643515934552
6.26 0.6877295493078281
6.2700000000000005 0.6877666314626896
6.28 0.6877755902839188
6.29 0.6877947566742172
6.3 0.6878420442583625
6.3100000000000005 0.6879174431217083
6.32 0.6880209374492152
6.33 0.6881525055199851
6.34 0.6883121196997601
6.3500000000000005 0.6884997464313899
6.36 0.6887153462232677
6.37 0.6889588736357406
6.38 0.6892302772655002
6.390000000000001 0.6895294997279554
6.4 0.6898564776375972
6.41 0.6902111415863597
6.42 0.6905934161199871
6.43 0.6910032197124137
6.44 0.6914404647381666
6.45 0.6919050574428026
6.46 0.6923968979113893
6.47 0.692915880035043
6.48 0.6934618914755369
6.49 0.6940348136279935
6.5 0.6946345215816767
6.51 0.6952608840789016
6.5200000000000005 0.6959137634720766
6.53 0.6965930156789009
6.54 0.6972984901357349
6.55 0.6980300297491675
6.5600000000000005 0.6987874708458027
6.57 0.6995706431202905
6.58 0.7003793695816305
6.59 0.7012134664977755
6.6000000000000005 0.7020727433385665
6.61 0.7029570027170314
6.62 0.7038660403290835
6.63 0.7047996448916551
6.640000000000001 0.7057575980793084
6.65 0.7067396744593641
6.66 0.7077456414255948
6.67 0.7087752591305291
6.68 0.7098282804164201
6.69 0.7109044507449318
6.7 0.7120035081256021
6.71 0.7131251830431442
6.72 0.714269198383654
6.73 0.7154352693597906
6.74 0.7166231034350103
6.75 0.7178324002469286
6.76 0.7190628515298986
6.7700000000000005 0.7203141410368956
6.78 0.721585944460804
6.79 0.7228779293552082
6.8 0.7241897550547982
6.8100000000000005 0.725521072595504
6.82 0.726871524634483
6.83 0.728240745370091
6.84 0.729628360461975
6.8500000000000005 0.7310339869514367
6.86 0.7324572331822214
6.87 0.7338976987219006
6.88 0.735354974284022
6.890000000000001 0.7368286416512163
6.9 0.7383182735994563
6.91 0.7398234338236793
6.92 0.7413436768649934
6.93 0.7428785480397033
6.94 0.7444275833704045
6.95 0.7459903095194033
6.96 0.7475662437247462
6.97 0.7491548937391448
6.98 0.7507557577721068
6.99 0.7523683244355962
7.0 0.7539920726935658
7.01 0.7556264718157185
7.0200000000000005 0.7572709813358767
7.03 0.7589250510153553
7.04 0.7605881208117555
7.05 0.7622596208536108
7.0600000000000005 0.7639389714213469
7.07 0.7656255829350275
7.08 0.7673188559493869
7.09 0.7690181811566675
7.1000000000000005 0.7707229393978043
7.11 0.7724325016825182
7.12 0.7741462292189049
7.13 0.7758634734531248
7.140000000000001 0.7775835761198233
7.15 0.7793058693039313
7.16 0.7810296755145152
7.17 0.7827543077713693
7.18 0.7844790697050611
7.19 0.7862032556711546
7.2 0.7879261508793612
7.21 0.7896470315383785
7.22 0.791365165017189
7.23 0.7930798100236107
7.24 0.794790216800891
7.25 0.79649562734315
7.26 0.7981952756304788
7.2700000000000005 0.7998883878845017
7.28 0.8015741828452057
7.29 0.8032518720698342
7.3 0.8049206602546336
7.3100000000000005 0.8065797455802202
7.32 0.8082283200813158
7.33 0.8098655700415753
7.34 0.8114906764141927
7.3500000000000005 0.8131028152689348
7.36 0.8147011582662075
7.37 0.8162848731587006
7.38 0.8178531243211048
7.390000000000001 0.8194050733083167
7.4 0.8209398794424801
7.41 0.8224567004291208
7.42 0.8239546930025402
7.43 0.8254330136005353
7.44 0.8268908190683957
7.45 0.8283272673920139
7.46 0.8297415184598173
7.47 0.8311327348530889
7.48 0.832500082664111
7.49 0.8338427323413994
7.5 0.8351598595611519
7.51 0.8364506461238581
7.5200000000000005 0.8377142808748533
7.53 0.8389499606474209
7.54 0.8401568912268667
7.55 0.8413342883338103
7.5600000000000005 0.8424813786247509
7.57 0.8435974007077813
7.58 0.8446816061711454
7.59 0.8457332606221497
7.6000000000000005 0.8467516447337705
7.61 0.8477360552961244
7.62 0.8486858062698169
7.63 0.8496002298380301
7.640000000000001 0.8504786774540735
7.65 0.8513205208810054
7.66 0.8521251532198162
7.67 0.852891989922584
7.68 0.853620469786941
7.69 0.8543100559281396
7.7 0.854960236724984
7.71 0.85557052673589
7.72 0.856140467581362
7.73 0.8566696287892204
7.74 0.8571576085989944
7.75 0.8576040347219928
7.76 0.8580085650536979
7.7700000000000005 0.8583708883352816
7.78 0.8586907247612229
7.79 0.8589678265302177
7.8 0.8592019783367946
7.8100000000000005 0.859392997801306
7.82 0.8595407358362388
7.83 0.8596450769470732
7.84 0.859705939466227
7.8500000000000005 0.8597232757189457
7.86 0.8597494793175727
7.87 0.8598192022349426
7.88 0.8599323898627549
7.890000000000001 0.8600889536281057
7.9 0.8602887711733144
7.91 0.860531686603601
7.92 0.8608175108014046
7.930000000000001 0.8611460218058155
7.94 0.8615169652552956
7.95 0.8619300548915678
7.96 0.862384973122292
7.97 0.8628813716398969
7.98 0.8634188720937086
7.99 0.86399706681232
8.0 0.8646155195729668
8.01 0.8652737664145218
8.02 0.8659713164906043
8.03 0.8667076529591954
8.040000000000001 0.8674822339050842
8.05 0.8682944932914258
8.06 0.8691438419366724
8.07 0.870029668513145
8.08 0.8709513405635454
8.09 0.8719082055317579
8.1 0.8728995918043656
8.11 0.8739248097593985
8.120000000000001 0.8749831528189382
8.13 0.8760738985023342
8.14 0.8771963094769207
8.15 0.8783496346032811
8.16 0.8795331099722604
8.17 0.8807459599311028
8.18 0.8819873980962619
8.19 0.8832566283506144
8.2 0.8845528458229887
8.21 0.8858752378481043
8.22 0.8872229849052043
8.23 0.8885952615338387
8.24 0.8899912372254439
8.25 0.8914100772895307
8.26 0.892850943693468
8.27 0.8943129958750123
8.28 0.8957953915268897
8.290000000000001 0.8972972873528864
8.3 0.8988178397950496
8.31 0.900356205731731
8.32 0.9019115431463333
8.33 0.9034830117667362
8.34 0.9050697736754895
8.35 0.906670993890956
8.36 0.9082858409196856
8.370000000000001 0.9099134872803762
8.38 0.911553109999862
8.39 0.9132038910816254
8.4 0.9148650179473988
8.41 0.9165356838524664
8.42 0.9182150882753236
8.43 0.9199024372823899
8.44 0.9215969438685039
8.45 0.9232978282739523
8.46 0.9250043182788055
8.47 0.9267156494753502
8.48 0.9284310655194189
8.49 0.9301498183614186
8.5 0.9318711684578704
8.51 0.9335943849642636
8.52 0.9353187459100272
8.53 0.9370435383564139
8.540000000000001 0.9387680585380804
8.55 0.9404916119891371
8.56 0.9422135136544242
8.57 0.9439330879867577
8.58 0.9456496690308696
8.59 0.9473626004947491
8.6 0.9490712358090709
8.61 0.9507749381753784
8.620000000000001 0.9524730806036654
8.63 0.9541650459399829
8.64 0.9558502268846714
8.65 0.9575280260018001
8.66 0.9591978557203715
8.67 0.960859138327829
8.68 0.9625113059563799
8.69 0.964153800562632
8.700000000000001 0.9657860739010117
8.71 0.9674075874914185
8.72 0.9690178125815457
8.73 0.9706162301042802
8.74 0.9722023306305725
8.75 0.9737756143181514
8.76 0.9753355908564388
8.77 0.9768817794080021
8.78 0.9784137085468647
8.790000000000001 0.97993091619398
8.8 0.9814329495501575
8.81 0.9829193650267132
8.82 0.9843897281741062
8.83 0.9858436136088031
8.84 0.987280604938606
8.85 0.9887002946866597
8.86 0.9901022842143478
8.870000000000001 0.9914861836432723
8.88 0.9928516117765007
8.89 0.9941981960192554
8.9 0.9955255722992096
8.91 0.9968333849865434
8.92 0.9981212868139079
8.93 0.9993889387964311
8.94 1.0006360101518985
8.950000000000001 1.0018621782212278
8.96 1.0030671283893526
8.97 1.0042505540066227
8.98 1.0054121563108214
8.99 1.0065516443498976
9.0 1.0076687349054996
9.01 1.0087631524173921
9.02 1.0098346289088433
9.03 1.0108829039130485
9.040000000000001 1.0119077244006622
9.05 1.012908844708506
9.06 1.013886026469511
9.07 1.014839038543955
9.08 1.0157676569520442
9.09 1.0166716648078964
9.1 1.0175508522549668
9.11 1.018405016402966
9.120000000000001 1.0192339612663104
9.13 1.020037497704141
9.14 1.0208154433619556
9.15 1.021567622614879
9.16 1.0222938665126116
9.17 1.022994012726081
9.18 1.0236679054958306
9.19 1.0243153955821651
9.200000000000001 1.0249363402170837
9.21 1.0255306030580211
9.22 1.0260980541434193
9.23 1.0266385698501475
9.24 1.0271520328527952
9.25 1.0276383320848492
9.26 1.0280973627017753
9.27 1.028529026046018
9.28 1.0289332296139342
9.290000000000001 1.02930988702467
9.3 1.0296589179909985
9.31 1.029980248292124
9.32 1.030273809748466
9.33 1.0305395401984312
9.34 1.0307773834771827
9.35 1.0309872893974126
9.36 1.0311692137321264
9.370000000000001 1.0313231181994427
9.38 1.0314489704494174
9.39 1.0315467440528931
9.4 1.0316164184923786
9.41 1.0316579791549634
9.42 1.0316714173272667
9.43 1.0316861044621084
9.44 1.0317289138254155
9.450000000000001 1.0317998364419012
9.46 1.031898857436567
9.47 1.0320259560295633
9.48 1.0321811055290113
9.49 1.0323642733217941
9.5 1.0325754208623155
9.51 1.032814503659233
9.52 1.0330814712601704
9.53 1.03337626723441
9.540000000000001 1.0336988291535785
9.55 1.0340490885703253
9.56 1.0344269709950071
9.57 1.0348323958703838
9.58 1.035265276544335
9.59 1.0357255202406106
9.6 1.0362130280276203
9.61 1.0367276947852822
9.620000000000001 1.0372694091699364
9.63 1.0378380535773417
9.64 1.0384335041037696
9.65 1.0390556305052119
9.66 1.0397042961547198
9.67 1.0403793579978937
9.68 1.041080666506543
9.69 1.0418080656305393
9.700000000000001 1.042561392747884
9.71 1.0433404786130185
9.72 1.0441451473033998
9.73 1.0449752161643742
9.74 1.0458304957523739
9.75 1.046710789776476
9.76 1.0476158950383527
9.77 1.048545601370651
9.78 1.049499691573844
9.790000000000001 1.0504779413515926
9.8 1.0514801192446641
9.81 1.0525059865634538
9.82 1.0535552973191635
9.83 1.054627798153688
9.84 1.0557232282682687
9.85 1.0568413193509756
9.86 1.0579817955030841
9.870000000000001 1.0591443731644157
9.88 1.060328761037715
9.89 1.0615346600121474
9.9 1.0627617630859945
9.91 1.0640097552886447
9.92 1.0652783136019668
9.93 1.066567106881174
9.94 1.0678757957752827
9.950000000000001 1.0692040326472825
9.96 1.0705514614941385
9.97 1.0719177178667547
9.98 1.0733024287900397
9.99 1.0747052126832146
