0.0 0.0
0.01 0.0014181657026736962
0.02 0.0028358876993831135
0.03 0.004252722296415657
0.04 0.005668225824725587
0.05 0.00708195465267606
0.06 0.008493465199271239
0.07 0.009902313948041414
0.08 0.011308057461743527
0.09 0.01271025239803924
0.1 0.01410845552631197
0.11 0.015502223745783392
0.12 0.016891114105089696
0.13 0.018274683823476294
0.14 0.019652490313769092
0.15 0.021024091207279223
0.16 0.02238904438079672
0.17 0.023746907985827594
0.18 0.025097240480226768
0.19 0.0264396006623783
0.2 0.02777354770807216
0.21 0.02909864121022499
0.22 0.030414441221590673
0.23 0.031720508300603585
0.24 0.03301640356049607
0.25 0.034301688721828344
0.26 0.035575926168567105
0.27 0.03683867900784563
0.28 0.03808951113353621
0.29 0.03932798729376133
0.3 0.04055367316246803
0.31 0.041766135415185444
0.32 0.04296494180908207
0.33 0.04414966126743591
0.34 0.045319863968625855
0.35000000000000003 0.046475121439748544
0.36 0.047615006654961003
0.37 0.04873909413864379
0.38 0.04984696007347475
0.39 0.05093818241349848
0.4 0.05201234100227092
0.41000000000000003 0.05306901769615261
0.42 0.054107796492818244
0.43 0.05512826366504491
0.44 0.056130007899832315
0.45 0.05711262044290506
0.46 0.05807569524863694
0.47000000000000003 0.05901882913543119
0.48 0.05994162194658334
0.49 0.06084367671664404
0.5 0.061724599843292684
0.51 0.06258400126472247
0.52 0.06342149464252998
0.53 0.06423669755009197
0.54 0.06502923166640402
0.55 0.06579872297534488
0.56 0.06654480197031953
0.5700000000000001 0.06726710386422621
0.58 0.06796526880467892
0.59 0.0686389420944071
0.6 0.06928777441674407
0.61 0.0699114220661017
0.62 0.0705095471833186
0.63 0.07108181799575654
0.64 0.0716279090620069
0.65 0.07214750152105648
0.66 0.07264028334574864
0.67 0.07310594960036303
0.68 0.0735442027021226
0.6900000000000001 0.07395475268642485
0.7000000000000001 0.07433731747557677
0.71 0.07469162315080316
0.72 0.07501740422728005
0.73 0.0753144039319329
0.74 0.07558237448372322
0.75 0.07582107737613357
0.76 0.0760302836615459
0.77 0.07620977423719323
0.78 0.0763593401323502
0.79 0.07647878279641437
0.8 0.0765679143875128
0.81 0.07662655806125783
0.8200000000000001 0.07665454825925824
0.8300000000000001 0.07665173099698043
0.84 0.0766179641505383
0.85 0.07655311774197976
0.86 0.07645707422262103
0.87 0.07632972875397116
0.88 0.07617098948577326
0.89 0.07598077783067951
0.9 0.07575902873506558
0.91 0.0755056909454779
0.92 0.07522072727019938
0.93 0.07490411483540842
0.9400000000000001 0.07455584533539902
0.9500000000000001 0.07417592527632122
0.96 0.07376437621289487
0.97 0.07332123497754467
0.98 0.0728465539013993
0.99 0.0723404010265938
1.0 0.0718028603093132
1.01 0.07123403181301313
1.02 0.07063403189125424
1.03 0.07000299335958794
1.04 0.06934106565593548
1.05 0.06864841498890442
1.06 0.06792522447349542
1.07 0.06717169425365631
1.08 0.06638804161115248
1.09 0.06557450106023106
1.1 0.06473132442756924
1.11 0.06385878091701189
1.12 0.06295715715861637
1.1300000000000001 0.062026757241543634
1.1400000000000001 0.06106790273035008
1.1500000000000001 0.0600809326642569
1.16 0.059066203538995915
1.17 0.058024089270854264
1.18 0.05695498114256704
1.19 0.05585928773073234
1.2 0.05473743481445451
1.21 0.0535898652649498
1.22 0.05241703891588142
1.23 0.05121943241422538
1.24 0.049997539051500506
1.25 0.04875186857523571
1.26 0.047482946980582204
1.27 0.04619131628201847
1.28 0.0448775342651339
1.29 0.04354217421851953
1.3 0.04218582464583371
1.31 0.04080908895815364
1.32 0.03941258514676608
1.33 0.0379969454365939
1.34 0.03656281592049803
1.35 0.035110856174738914
1.36 0.03364173885592378
1.37 0.0321561492798116
1.3800000000000001 0.030654784982388796
1.3900000000000001 0.02913835526367332
1.4000000000000001 0.027607580714746068
1.41 0.026063192728550476
1.42 0.02450593299504172
1.43 0.022936552981307378
1.44 0.0213558133973181
1.45 0.01976448364800616
1.46 0.018163341272403623
1.47 0.01655317137060691
1.48 0.014934766019366287
1.49 0.013308923677129209
1.5 0.011676448579394911
1.51 0.010038150125263571
1.52 0.008394842256087288
1.53 0.006747342827151772
1.54 0.005096472973336524
1.55 0.003443056469717978
1.56 0.001787919088093835
1.57 0.00013188795041824906
1.58 0.0015242091198540632
1.59 0.003179544247510873
1.6 0.004833290155405702
1.61 0.0064846208133542
1.62 0.008132712085098982
1.6300000000000001 0.009776742372343819
1.6400000000000001 0.011415893254865903
1.6500000000000001 0.013049350125726052
1.6600000000000001 0.014676302820609966
1.67 0.016295946240349853
1.68 0.01790748096569466
1.69 0.019510113863417493
1.7 0.02110305868287352
1.71 0.02268553664214642
1.72 0.024256777002949665
1.73 0.025816017633479415
1.74 0.027362505558446923
1.75 0.0288954974955527
1.76 0.030414260377699936
1.77 0.03191807186028127
1.78 0.03340622081291174
1.79 0.03487800779501983
1.8 0.036332745514749236
1.81 0.037769759270665525
1.82 0.03918838737580382
1.83 0.040587981563636785
1.84 0.04196790737558489
1.85 0.0433275445297353
1.86 0.04466628727047833
1.87 0.0459835446988151
1.8800000000000001 0.047278741083132625
1.8900000000000001 0.04855131615028655
1.9000000000000001 0.04980072535687355
1.9100000000000001 0.05102644014061869
1.92 0.05222794815184352
1.93 0.053404753465021784
1.94 0.05455637677046944
1.95 0.05568235554625415
1.96 0.05678224421044686
1.97 0.05785561425387511
1.98 0.0589020543535716
1.99 0.05992117046714619
2.0 0.06091258590834121
2.0100000000000002 0.06187594140406117
2.02 0.06281089513319581
2.0300000000000002 0.06371712274758502
2.04 0.06459431737549799
2.05 0.06544218960802459
2.06 0.06626046746879931
2.07 0.06704889636749771
2.08 0.06780723903756726
2.09 0.06853527545866814
2.1 0.06923280276431937
2.11 0.0698996351352562
2.12 0.07053560367901994
2.13 0.07114055629631007
2.14 0.07171435753463934
2.15 0.07225688842983899
2.16 0.072768046335968
2.17 0.07324774474418531
2.18 0.07369591309114538
2.19 0.07411249655748114
2.2 0.07449745585693898
2.21 0.07485076701672651
2.22 0.07517242114963645
2.23 0.07546242421850226
2.24 0.07572079679354056
2.25 0.07594757380312614
2.2600000000000002 0.07614280427854336
2.27 0.07630655109324598
2.2800000000000002 0.0764388906971525
2.29 0.0765399128464933
2.3000000000000003 0.07660972032971738
2.31 0.07664842868995385
2.32 0.07665616594451546
2.33 0.07663307230191652
2.34 0.07657929987686724
2.35 0.07649501240369394
2.36 0.07638038494861996
2.37 0.07623560362133022
2.38 0.0760608652862284
2.39 0.07585637727377996
2.4 0.0756223570923235
2.41 0.0753590321407139
2.42 0.07506663942215072
2.43 0.07474542525952749
2.44 0.07439564501262465
2.45 0.07401756279745242
2.46 0.07361145120803801
2.47 0.07317759104093359
2.48 0.0727162710227097
2.49 0.07222778754068238
2.5 0.07171244437710973
2.5100000000000002 0.07117055244707701
2.52 0.07060242954027884
2.5300000000000002 0.07000840006688958
2.54 0.06938879480770219
2.5500000000000003 0.0687439506687011
2.56 0.06807421044022224
2.57 0.06737992256083966
2.58 0.06666144088610668
2.59 0.06591912446226661
2.6 0.06515333730503595
2.61 0.06436444818355203
2.62 0.0635528304095641
2.63 0.06271886163193839
2.64 0.061862923636533465
2.65 0.060985402151495255
2.66 0.06008668665800801
2.67 0.059167170206529666
2.68 0.058227249238529094
2.69 0.05726732341373496
2.7 0.056287795442895236
2.71 0.055289070926039866
2.72 0.0542715581962283
2.73 0.053235668168758965
2.74 0.05218181419580543
2.75 0.051110411926442584
2.7600000000000002 0.050021879172012146
2.77 0.0489166357767769
2.7800000000000002 0.04779510349380056
2.79 0.04665770586598839
2.8000000000000003 0.04550486811221425
2.81 0.04433701701845703
2.82 0.0431545808338611
2.83 0.04195798917163227
2.84 0.04074767291467494
2.85 0.03952406412587061
2.86 0.038287595962895264
2.87 0.03703870259746625
2.88 0.03577781913890811
2.89 0.03450538156191954
2.9 0.03322182663842363
2.91 0.03192759187337627
2.92 0.03062311544440779
2.93 0.0293088361451665
2.94 0.02798519333223313
2.95 0.026652626875468523
2.96 0.025311577111658833
2.97 0.02396248480131509
2.98 0.022605791088486385
2.99 0.021241937463439525
3.0 0.019871365728059805
3.0100000000000002 0.0184945179638219
3.02 0.017111836502181964
3.0300000000000002 0.015723763897236415
3.04 0.014330742900495371
3.0500000000000003 0.012933216437613462
3.06 0.01153162758692317
3.0700000000000003 0.010126419559610996
3.08 0.008718035681379615
3.09 0.007306919375434163
3.1 0.005893514146633801
3.11 0.004478263566646482
3.12 0.0030616112599444155
3.13 0.0016440008904793346
3.14 0.00022587614887284536
3.15 0.0011923192600393848
3.16 0.0026101416294748983
3.17 0.004027147262944692
3.18 0.005442892486631888
3.19 0.006856933662070311
3.2 0.008268827199288118
3.21 0.009678129570577523
3.22 0.011084397325055093
3.23 0.012487187104172837
3.24 0.01388605565834348
3.25 0.015280559864838903
3.2600000000000002 0.016670256747123625
3.27 0.018054703495780724
3.2800000000000002 0.019433457491190024
3.29 0.020806076328114098
3.3000000000000003 0.022172117842349286
3.31 0.023531140139594654
3.3200000000000003 0.024882701626693832
3.33 0.026226361045398914
3.34 0.027561677508808204
3.35 0.028888210540624217
3.36 0.030205520117378086
3.37 0.03151316671376487
3.38 0.03281071135122974
3.39 0.03409771564994572
3.4 0.03537374188431754
3.41 0.03663835304214726
3.42 0.03789111288759026
3.43 0.03913158602803132
3.44 0.04035933798500335
3.45 0.041573935269270945
3.46 0.042774945460195016
3.47 0.04396193728949316
3.48 0.04513448072950321
3.49 0.04629214708605738
3.5 0.047434509096065
3.5100000000000002 0.04856114102990231
3.52 0.049671618798698046
3.5300000000000002 0.05076552006660191
3.54 0.0518424243681157
3.5500000000000003 0.05290191323056188
3.56 0.05394357030175813
3.5700000000000003 0.05496698148296102
3.58 0.05597173506713353
3.59 0.05695742188258732
3.6 0.05792363544204103
3.61 0.05886997209712956
3.62 0.05979603119839233
3.63 0.060701415260759256
3.64 0.06158573013454654
3.65 0.06244858518196392
3.66 0.06328959345912866
3.67 0.0641083719035699
3.68 0.06490454152719966
3.69 0.06567772761471528
3.7 0.06642755992739043
3.71 0.0671536729121974
3.72 0.06785570591619815
3.73 0.06853330340612473
3.74 0.06918611519306432
3.75 0.06981379666214625
3.7600000000000002 0.07041600900712283
3.77 0.07099241946971789
3.7800000000000002 0.07154270158360919
3.79 0.0720665354228943
3.8000000000000003 0.07256360785487938
3.81 0.07303361279701522
3.8200000000000003 0.07347625147779238
3.83 0.0738912327013931
3.84 0.07427827311588381
3.85 0.07463709748471808
3.86 0.07496743896130541
3.87 0.07526903936638712
3.88 0.07554164946794599
3.89 0.07578502926336068
3.9 0.07599894826350397
3.91 0.0761831857784656
3.92 0.07633753120456892
3.93 0.07646178431233369
3.94 0.07655575553502447
3.95 0.07661926625740828
3.96 0.07665214910433153
3.97 0.07665424822871264
3.98 0.07662541959853125
3.99 0.07656553128238348
4.0 0.07647446373315799
4.01 0.07635211006937526
4.0200000000000005 0.07619837635372012
4.03 0.07601318186828603
4.04 0.0757964593860376
4.05 0.07554815543798785
4.0600000000000005 0.07526823057557615
4.07 0.0749566596277238
4.08 0.0746134319520362
4.09 0.07423855167961146
4.1 0.07383203795291028
4.11 0.07339392515613527
4.12 0.07292426313756313
4.13 0.07242311742326968
4.14 0.07189056942168631
4.15 0.07132671661842213
4.16 0.07073167276079079
4.17 0.07010556803147706
4.18 0.06944854921078608
4.19 0.06876077982691779
4.2 0.06804244029371845
4.21 0.06729372803536535
4.22 0.06651485759745179
4.23 0.06570606074394815
4.24 0.06486758653952802
4.25 0.06399970141676009
4.26 0.06310268922768435
4.2700000000000005 0.06217685127930604
4.28 0.06122250635256018
4.29 0.06023999070431913
4.3 0.059229658052039634
4.3100000000000005 0.05819187954066669
4.32 0.057127043691439804
4.33 0.05603555633227106
4.34 0.054917840509396916
4.3500000000000005 0.05377433638003207
4.36 0.05260550108578858
4.37 0.05141180860665337
4.38 0.05019374959535589
4.39 0.048951831191989696
4.4 0.047686576818791584
4.41 0.04639852595501905
4.42 0.04508823389190561
4.43 0.043756271467716594
4.44 0.04240322478296573
4.45 0.0410296948958977
4.46 0.039636297498381594
4.47 0.038223662572406975
4.48 0.03679243402741361
4.49 0.035343269318733245
4.5 0.033876839047461256
4.51 0.03239382654212477
4.5200000000000005 0.030894927422552277
4.53 0.029380849146396923
4.54 0.027852310538802983
4.55 0.026310041305753328
4.5600000000000005 0.02475478153167058
4.57 0.02318728116188839
4.58 0.02160829947064429
4.59 0.020018604515288235
4.6000000000000005 0.018418972577430925
4.61 0.01681018759179513
4.62 0.015193040563561223
4.63 0.013568328975034093
4.64 0.011936856182482131
4.65 0.010299430804028521
4.66 0.008656866099499038
4.67 0.007009979343149838
4.68 0.005359591190223096
4.69 0.0037065250382900495
4.7 0.0020516063843595772
4.71 0.00039566217873784545
4.72 0.0012604798233610494
4.73 0.0029159917114526448
4.74 0.0045700460696594765
4.75 0.006221816625823296
4.76 0.007870478898844046
4.7700000000000005 0.009515210843247654
4.78 0.011155193489988325
4.79 0.012789611582505429
4.8 0.014417654207062994
4.8100000000000005 0.016038515416420696
4.82 0.01765139484589949
4.83 0.01925549832092978
4.84 0.02085003845518793
4.8500000000000005 0.022434235238457778
4.86 0.024007316613376874
4.87 0.025568519040261705
4.88 0.02711708804923161
4.89 0.028652278778890473
4.9 0.03017335650085702
4.91 0.03167959712947142
4.92 0.03317028771604656
4.93 0.03464472692706712
4.94 0.03610222550578456
4.95 0.037542106716694196
4.96 0.03896370677242495
4.97 0.04036637524261331
4.98 0.04174947544437649
4.99 0.04311238481404453
5.0 0.0444544952598542
5.01 0.04577521349534931
5.0200000000000005 0.047073961353278855
5.03 0.04835017607982435
5.04 0.049603310609034224
5.05 0.0508328338173813
5.0600000000000005 0.05203823075840371
5.07 0.05321900287742977
5.08 0.0543746682064276
5.09 0.05550476153905752
5.1000000000000005 0.05660883458604475
5.11 0.05768645611102563
5.12 0.05873721204705702
5.13 0.05976070559400954
5.14 0.060756557297101124
5.15 0.06172440510685667
5.16 0.06266390442080762
5.17 0.06357472810727771
5.18 0.06445656651162013
5.19 0.06530912744530348
5.2 0.06613213615826051
5.21 0.06692533529493946
5.22 0.06768848483451385
5.23 0.068421362015726
5.24 0.06912376124685547
5.25 0.06979549400131813
5.26 0.0704363886994131
5.2700000000000005 0.0710462905767473
5.28 0.07162506153987609
5.29 0.07217258000970703
5.3 0.07268874075321843
5.3100000000000005 0.0731734547040517
5.32 0.073626648772538
5.33 0.07404826564572224
5.34 0.07443826357794889
5.3500000000000005 0.074796616172572
5.36 0.07512331215535084
5.37 0.07541835514009054
5.38 0.07568176338707946
5.39 0.07591356955487485
5.4 0.07611382044597687
5.41 0.0762825767469278
5.42 0.07641991276336332
5.43 0.07652591615053389
5.44 0.07660068763980547
5.45 0.07664434076163673
5.46 0.07665700156552213
5.47 0.07663880833737395
5.48 0.07658991131480891
5.49 0.07651047240078947
5.5 0.0764006648760573
5.51 0.07626067311078476
5.5200000000000005 0.07609069227585359
5.53 0.07589092805415917
5.54 0.07566159635232157
5.55 0.07540292301317307
5.5600000000000005 0.07511514352937439
5.57 0.07479850275850011
5.58 0.07445325463991667
5.59 0.0740796619137632
5.6000000000000005 0.07367799584233028
5.61 0.07324853593411662
5.62 0.07279156967082981
5.63 0.07230739223758255
5.64 0.07179630625652127
5.65 0.07125862152410986
5.66 0.0706946547522778
5.67 0.070104729313627
5.68 0.06948917499087948
5.69 0.06884832773073346
5.7 0.06818252940228328
5.71 0.06749212756014397
5.72 0.06677747521241166
5.73 0.06603893059357532
5.74 0.06527685694248599
5.75 0.06449162228547578
5.76 0.06368359922470944
5.7700000000000005 0.0628531647318384
5.78 0.06200069994701803
5.79 0.06112658998333618
5.8 0.06023122373669325
5.8100000000000005 0.05931499370116255
5.82 0.05837829578985095
5.83 0.0574215291612689
5.84 0.056445096051213305
5.8500000000000005 0.05544940161015414
5.86 0.05443485374611057
5.87 0.05340186297299163
5.88 0.052350842264371464
5.89 0.051282206912659216
5.9 0.05019637439361833
5.91 0.04909376423618198
5.92 0.047974797897505084
5.93 0.046839898643187466
5.94 0.04568949143259629
5.95 0.04452400280921016
5.96 0.04334386079590078
5.97 0.042149494795065356
5.98 0.040941335493514815
5.99 0.039719814772020634
6.0 0.03848536561941542
6.01 0.03723842205114263
6.0200000000000005 0.03597941903214154
6.03 0.034708792403953824
6.04 0.03342697881593068
6.05 0.032134415660419954
6.0600000000000005 0.030831541011805446
6.07 0.0295187935692703
6.08 0.028196612603150772
6.09 0.02686543790474722
6.1000000000000005 0.025525709739452722
6.11 0.02417786880306066
6.12 0.022822356181106642
6.13 0.0214596133111021
6.140000000000001 0.020090081947511152
6.15 0.018714204129322985
6.16 0.017332422150067455
6.17 0.01594517853012396
6.18 0.014552915991168026
6.19 0.013156077432600997
6.2 0.011755105909807056
6.21 0.010350444614077898
6.22 0.008942536854049044
6.23 0.0075318260384860634
6.24 0.006118755660261704
6.25 0.0047037692813607776
6.26 0.003287310518753433
6.2700000000000005 0.0018698230309724618
6.28 0.00045175050523335136
6.29 0.0009664633550680324
6.3 0.0023843748426409608
6.3100000000000005 0.0038015402585340305
6.32 0.00521751592448001
6.33 0.006631858195516811
6.34 0.008044123473045279
6.3500000000000005 0.009453868218488912
6.36 0.010860648967716543
6.37 0.012264022346392229
6.38 0.013663545086411502
6.390000000000001 0.015058774043586812
6.4 0.016449266216741032
6.41 0.017834578768370146
6.42 0.019214269047031076
6.43 0.020587894611613686
6.44 0.02195501325765243
6.45 0.023315183045831668
6.46 0.024667962332839712
6.47 0.02601290980472083
6.48 0.027349584512877226
6.49 0.028677545912867666
6.5 0.029996353906150523
6.51 0.03130556888491346
6.5200000000000005 0.03260475178013297
6.53 0.03389346411300203
6.54 0.03517126804986424
6.55 0.03643772646078678
6.5600000000000005 0.03769240298190468
6.57 0.038934862081663156
6.58 0.04016466913108552
6.59 0.04138139047818458
6.6000000000000005 0.042584593526638424
6.61 0.04377384681884235
6.62 0.04494872012344912
6.63 0.04610878452750122
6.640000000000001 0.04725361253325766
6.65 0.04838277815981122
6.66 0.0494958570495892
6.67 0.05059242657982237
6.68 0.0516720659790648
6.69 0.05273435644883927
6.7 0.05377888129047842
6.71 0.054805226037225444
6.72 0.055812978591650096
6.73 0.056801729368432086
6.74 0.05777107144255373
6.75 0.05872060070293991
6.76 0.059649916011571436
6.7700000000000005 0.060558619368095166
6.78 0.06144631607994094
6.79 0.0623126149379521
6.8 0.06315712839752283
6.8100000000000005 0.06397947276522956
6.82 0.06477926839093295
6.83 0.06555613986531905
6.84 0.06630971622283423
6.8500000000000005 0.06703963114996346
6.86 0.06774552319878625
6.87 0.06842703600573716
6.88 0.06908381851548309
6.890000000000001 0.06971552520982179
6.9 0.07032181634149036
6.91 0.07090235817276398
6.92 0.07145682321870939
6.93 0.07198489049494751
6.94 0.07248624576976505
6.95 0.07296058182040192
6.96 0.07340759869332977
6.97 0.07382700396831897
6.98 0.07421851302608266
6.99 0.07458184931926819
7.0 0.07491674464655496
7.01 0.07522293942960083
7.0200000000000005 0.07550018299256721
7.03 0.07574823384393603
7.04 0.0759668599603189
7.05 0.07615583907194358
7.0600000000000005 0.07631495894948688
7.07 0.07644401769191089
7.08 0.07654282401494282
7.09 0.07661119753982507
7.1000000000000005 0.07664896908194771
7.11 0.07665598093896171
7.12 0.07663208717795643
7.13 0.07657715392127291
7.140000000000001 0.07649105963050935
7.15 0.07637369538826384
7.16 0.07622496517714568
7.17 0.07604478615557639
7.18 0.07583308892988769
7.19 0.07558981782221545
7.2 0.07531493113367697
7.21 0.07500840140230963
7.22 0.07467021565524075
7.23 0.07430037565455153
7.24 0.07389889813628833
7.25 0.07346581504207221
7.26 0.07300117374275035
7.2700000000000005 0.07250503725352937
7.28 0.07197748444002965
7.29 0.07141861021469581
7.3 0.07082852572300054
7.3100000000000005 0.07020735851887876
7.32 0.06955525272883249
7.33 0.06887236920414923
7.34 0.06815888566068456
7.3500000000000005 0.06741499680566398
7.36 0.06664091445096938
7.37 0.06583686761238378
7.38 0.0650031025942821
7.390000000000001 0.06413988305926628
7.4 0.0632474900822603
7.41 0.06232622218859561
7.42 0.06137639537563732
7.43 0.060398343117520584
7.44 0.05939241635258812
7.45 0.05835898345314523
7.46 0.057298430177170095
7.47 0.05621115960164844
7.48 0.05509759203722644
7.49 0.053958164923907266
7.5 0.05279333270754758
7.51 0.05160356669694457
7.5200000000000005 0.05038935490133612
7.53 0.04915120184817529
7.54 0.0478896283810742
7.55 0.04660517143785324
7.5600000000000005 0.04529838380866963
7.57 0.043969833874239285
7.58 0.04262010532420697
7.59 0.041249796855762834
7.6000000000000005 0.03985952185264479
7.61 0.038449908044709505
7.62 0.037021597148296594
7.63 0.03557524448765856
7.640000000000001 0.03411151859776687
7.65 0.03263110080885353
7.66 0.031134684813085726
7.67 0.02962297621381974
7.68 0.028096692057918194
7.69 0.026556560351658532
7.7 0.025003319560802543
7.71 0.02343771809543327
7.72 0.02186051378020969
7.73 0.02027247331072215
7.74 0.018674371696671507
7.75 0.017066991692625152
7.76 0.015451123217141965
7.7700000000000005 0.013827562761082827
7.78 0.012197112785957313
7.79 0.010560581113179382
7.8 0.008918780305134945
7.8100000000000005 0.007272527038981154
7.82 0.005622641474121304
7.83 0.0039699466143123165
7.84 0.0023152676653819706
7.8500000000000005 0.0006594313895398266
7.86 0.000996734542720767
7.87 0.002652402202129495
7.88 0.004306744050545565
7.890000000000001 0.005958933590258812
7.9 0.007608146011677998
7.91 0.009253558838407366
7.92 0.010894352568714532
7.930000000000001 0.012529711312408116
7.94 0.014158823422151797
7.95 0.01578088211826123
7.96 0.017395086106042585
7.97 0.019000640184757014
7.98 0.02059675584731535
7.99 0.022182651869832096
8.0 0.023757554890198245
8.01 0.025320699974856736
8.02 0.026871331173000355
8.03 0.028408702057442718
8.040000000000001 0.029932076251448312
8.05 0.03144072794084295
8.06 0.03293394237076826
8.07 0.03441101632647473
8.08 0.03587125859759677
8.09 0.037313990425388806
8.1 0.03873854593244577
8.11 0.04014427253447287
8.120000000000001 0.04153053133371398
8.13 0.04289669749368876
8.14 0.04424216059493772
8.15 0.04556632497150991
8.16 0.04686861002797941
8.17 0.04814845053681548
8.18 0.04940529691597521
8.19 0.0506386154866308
8.2 0.05184788871098334
8.21 0.053032615410158565
8.22 0.05419231096221631
8.23 0.055326507480350395
8.24 0.05643475397138558
8.25 0.05751661647472232
8.26 0.05857167818191128
8.27 0.0595995395370753
8.28 0.06059981831842814
8.290000000000001 0.06157214970117202
8.3 0.06251618630208294
8.31 0.0634315982061256
8.32 0.0643180729754597
8.33 0.06517531564123002
8.34 0.0660030486785521
8.35 0.06680101196512926
8.36 0.06756896272395357
8.370000000000001 0.0683066754505648
8.38 0.0690139418253538
8.39 0.06969057061141642
8.4 0.07033638753847096
8.41 0.07095123517336882
8.42 0.07153497277773511
8.43 0.07208747615328374
8.44 0.0726086374753603
8.45 0.07309836511526897
8.46 0.07355658345194402
8.47 0.07398323267352906
8.48 0.0743782685694286
8.49 0.07474166231339388
8.5 0.0750734002382054
8.51 0.0753734836025109
8.52 0.07564192835037384
8.53 0.07587876486408132
8.540000000000001 0.07608403771075578
8.55 0.07625780538330654
8.56 0.07640014003624998
8.57 0.07651112721691809
8.58 0.0765908655925659
8.59 0.07663946667387708
8.6 0.07665705453535797
8.61 0.0766437655330961
8.620000000000001 0.07659974802035002
8.63 0.07652516206142333
8.64 0.07642017914426122
8.65 0.07628498189219877
8.66 0.07611976377527255
8.67 0.07592472882149402
8.68 0.07570009132847157
8.69 0.07544607557574959
8.700000000000001 0.07516291553822245
8.71 0.07485085460096358
8.72 0.07451014527579668
8.73 0.07414104891992183
8.74 0.07374383545689306
8.75 0.07331878310023024
8.76 0.07286617807993392
8.77 0.07238631437215623
8.78 0.07187949343226785
8.790000000000001 0.07134602393154475
8.8 0.0707862214976881
8.81 0.07020040845937152
8.82 0.06958891359500231
8.83 0.06895207188586447
8.84 0.06829022427380178
8.85 0.06760371742358445
8.86 0.0668929034900909
8.870000000000001 0.06615813989042371
8.88 0.06539978908106694
8.89 0.06461821834017888
8.9 0.06381379955510544
8.91 0.06298690901518543
8.92 0.06213792720990985
8.93 0.06126723863248598
8.94 0.06037523158884696
8.950000000000001 0.05946229801213757
8.96 0.0585288332826983
8.97 0.057575236053557195
8.98 0.05660190808143524
8.99 0.0556092540632572
9.0 0.0545976814781547
9.01 0.05356760043493878
9.02 0.05251942352501168
9.03 0.051453565680680796
9.040000000000001 0.05037044403882883
9.05 0.049270477809890495
9.06 0.048154088152073546
9.07 0.0470216980507639
9.08 0.04587373220304079
9.09 0.04471061690722619
9.1 0.04353277995738624
9.11 0.04234065054269722
9.120000000000001 0.04113465915158254
9.13 0.03991523748052475
9.14 0.038682818347447544
9.15 0.0374378356095645
9.16 0.03618072408558117
9.17 0.03491191948213701
9.18 0.033631858324367936
9.19 0.03234097789046757
9.200000000000001 0.031039716150121688
9.21 0.029728511706687742
9.22 0.02840780374298488
9.23 0.027078031970564114
9.24 0.025739636582317867
9.25 0.02439305820829032
9.26 0.02303873787454624
9.27 0.02167711696495352
9.28 0.020308637185733214
9.290000000000001 0.018933740532627922
9.3 0.01755286926053997
9.31 0.016166465855483526
9.32 0.014774973008702095
9.33 0.013378833592792667
9.34 0.011978490639681866
9.35 0.010574387320296122
9.36 0.009166966925767678
9.370000000000001 0.007756672850016325
9.38 0.006343948573548343
9.39 0.004929237648307517
9.4 0.003512983683421687
9.41 0.002095630331678687
9.42 0.0006776212765704925
9.43 0.0007405997802577607
9.44 0.002158589131317178
9.450000000000001 0.0035759030755066422
9.46 0.00499209793042848
9.47 0.006406730044955444
9.48 0.007819355812207355
9.49 0.009229531683104121
9.5 0.010636814180656467
9.51 0.012040759915156742
9.52 0.013440925600431641
9.53 0.014836868071317849
9.540000000000001 0.016228144302521216
9.55 0.017614311429017333
9.56 0.018994926768155892
9.57 0.020369547843621036
9.58 0.021737732411408032
9.59 0.023099038487969105
9.6 0.02445302438068283
9.61 0.02579924872079847
9.620000000000001 0.027137270499006036
9.63 0.028466649103779048
9.64 0.02978694436263994
9.65 0.031097716586487814
9.66 0.03239852661713435
9.67 0.033688935878186145
9.68 0.034968506429410885
9.69 0.03623680102472213
9.700000000000001 0.037493383173914284
9.71 0.03873781720827542
9.72 0.03996966835020627
9.73 0.04118850278696346
9.74 0.04239388774864825
9.75 0.04358539159055453
9.76 0.044762583879986426
9.77 0.04592503548765269
9.78 0.04707231868373902
9.790000000000001 0.04820400723875664
9.8 0.04931967652925822
9.81 0.050418903648511176
9.82 0.05150126752220714
9.83 0.05256634902928655
9.84 0.053613731127947845
9.85 0.05464299898690625
9.86 0.0556537401219599
9.870000000000001 0.0566455445379155
9.88 0.05761800487591625
9.89 0.05857071656621273
9.9 0.05950327798640276
9.91 0.06041529062516483
9.92 0.06130635925149784
9.93 0.062176092089473216
9.94 0.06302410099849605
9.950000000000001 0.06385000165906289
9.96 0.06465341376399412
9.97 0.0654339612151116
9.98 0.06619127232531802
9.99 0.06692498002602784
