0.0 0.0
0.01 0.0018116367113939502
0.02 0.003622746903374175
0.03 0.005432804024196041
0.04 0.007241281457656002
0.05 0.009047652491369369
0.06 0.010851390285656926
0.07 0.01265196784324315
0.08 0.014448857979969228
0.09 0.016241533296723763
0.1 0.018029466152794434
0.11 0.019812128640843512
0.12 0.021588992563710753
0.13 0.023359529413246573
0.14 0.025123210351379176
0.15 0.02687950619361847
0.16 0.028627887395200734
0.17 0.030367824040076704
0.18 0.03209878583294706
0.19 0.03382024209454805
0.2 0.03553166176039068
0.21 0.037232513383156474
0.22 0.038922265138952826
0.23 0.04060038483763005
0.24 0.042266339937363236
0.25 0.04391959756369991
0.26 0.045559624533276236
0.27 0.04718588738240108
0.28 0.04879785240070978
0.29 0.05039498567008617
0.3 0.05197675310905179
0.31 0.05354262052281957
0.32 0.0550920536592093
0.33 0.05662451827061836
0.34 0.05813948018224311
0.35000000000000003 0.05963640536674095
0.36 0.061114760025524385
0.37 0.0625740106768739
0.38 0.06401362425105547
0.39 0.06543306819262454
0.4 0.06683181057009785
0.41000000000000003 0.06820932019316793
0.42 0.06956506673763353
0.43 0.07089852087821644
0.44 0.07220915442942707
0.45 0.0734964404946406
0.46 0.07475985362353904
0.47000000000000003 0.07599886997806736
0.48 0.07721296750704808
0.49 0.0784016261295923
0.5 0.0795643279274359
0.51 0.08070055734632531
0.52 0.08180980140656702
0.53 0.0828915499228467
0.54 0.08394529573341672
0.55 0.0849705349387363
0.56 0.08596676714964463
0.5700000000000001 0.08693349574513012
0.58 0.08787022813975022
0.59 0.08877647606074252
0.6 0.08965175583485704
0.61 0.09049558868491796
0.62 0.0913075010361207
0.63 0.0920870248320398
0.64 0.09283369786031889
0.65 0.09354706408798806
0.66 0.09422667400634008
0.67 0.0948720849852757
0.68 0.09548286163700814
0.6900000000000001 0.09605857618899642
0.7000000000000001 0.09659880886595372
0.71 0.0971031482807553
0.72 0.09757119183404511
0.73 0.09800254612231674
0.74 0.09839682735421658
0.75 0.0987536617747916
0.76 0.09907268609737664
0.77 0.09935354794278463
0.78 0.09959590628543834
0.79 0.09979943190604787
0.8 0.09996380785040762
0.81 0.1000887298938576
0.8200000000000001 0.10017390701091586
0.8300000000000001 0.10021906184956228
0.84 0.10022393120961387
0.85 0.10018826652460097
0.86 0.10011183434651931
0.87 0.09999441683279471
0.88 0.09983581223476695
0.89 0.09963583538695743
0.9 0.09939431819635688
0.91 0.09911111013092895
0.92 0.09878607870649182
0.93 0.09841910997110909
0.9400000000000001 0.09801010898607884
0.9500000000000001 0.09755900030258761
0.96 0.09706572843305354
0.97 0.09653025831615628
0.98 0.09595257577452386
0.99 0.09533268796400987
1.0 0.09467062381347732
1.01 0.09396643445397115
1.02 0.0932201936361454
1.03 0.09243199813478506
1.04 0.09160196813924727
1.05 0.09073024762862952
1.06 0.08981700473045898
1.07 0.08886243206168942
1.08 0.08786674705078297
1.09 0.08683019223965176
1.1 0.08575303556423902
1.11 0.08463557061251532
1.12 0.0834781168586838
1.1300000000000001 0.0822810198723947
1.1400000000000001 0.08104465150178942
1.1500000000000001 0.07976941002921635
1.16 0.07845572029848584
1.17 0.07710403381256489
1.18 0.07571482880064764
1.19 0.07428861025357841
1.2 0.07282590992665199
1.21 0.07132728630886542
1.22 0.0697933245577535
1.23 0.06822463639899992
1.24 0.06662185999008499
1.25 0.06498565974729825
1.26 0.06331672613552457
1.27 0.06161577542028931
1.28 0.05988354938163521
1.29 0.05812081498949141
1.3 0.05632836404028993
1.31 0.05450701275467929
1.32 0.05265760133628649
1.33 0.05078099349158246
1.34 0.0488780759110087
1.35 0.046949757711635065
1.36 0.04499696984172342
1.37 0.043020664447688525
1.3800000000000001 0.041021814204053764
1.3900000000000001 0.03900141160711624
1.4000000000000001 0.03696046823314563
1.41 0.03490001396205292
1.42 0.03282109616757594
1.43 0.030724778875138234
1.44 0.028612141888641314
1.45 0.02648427988755778
1.46 0.024342301495789552
1.47 0.022187328323854706
1.48 0.020020493986056057
1.49 0.017842943094374057
1.5 0.015655830230906234
1.51 0.013460318900753096
1.52 0.011257580467319502
1.53 0.009048793072063374
1.54 0.006835140540780532
1.55 0.004617811278562683
1.56 0.0023979971556072157
1.57 0.00017689238609077873
1.58 0.0020443075976559395
1.59 0.004264407273417509
1.6 0.006482212157543461
1.61 0.008696529931314019
1.62 0.01090617156296529
1.6300000000000001 0.01310995242313293
1.6400000000000001 0.015306693391497997
1.6500000000000001 0.017495221952450388
1.6600000000000001 0.019674373277625522
1.67 0.021842991293217543
1.68 0.023999929730027982
1.69 0.026144053154268834
1.7 0.02827423797721107
1.71 0.030389373441841828
1.72 0.032488362584774895
1.73 0.03457012317174761
1.74 0.036633588605125215
1.75 0.038677708801932484
1.76 0.040701451041030165
1.77 0.042703800778158024
1.78 0.044683762427671615
1.79 0.04664036010990859
1.8 0.04857263836323042
1.81 0.05047966281989649
1.82 0.05236052084504095
1.83 0.05421432213813252
1.84 0.05604019929641248
1.85 0.05783730833991518
1.86 0.059604829197786265
1.87 0.06134196615572126
1.8800000000000001 0.06304794826445567
1.8900000000000001 0.06472202970933601
1.9000000000000001 0.06636349014110972
1.9100000000000001 0.06797163496816028
1.92 0.06954579561051455
1.93 0.07108532971603596
1.94 0.07258962133930195
1.95 0.0740580810837493
1.96 0.07549014620774167
1.97 0.07688528069529282
1.98 0.07824297529223881
1.99 0.07956274750872067
2.0 0.08084414158889276
2.0100000000000002 0.08208672844882557
2.02 0.08329010558361781
2.0300000000000002 0.08445389694477663
2.04 0.08557775278895997
2.05 0.08666134949920766
2.06 0.08770438937981674
2.07 0.0887066004260367
2.08 0.08966773606978043
2.09 0.09058757490256045
2.1 0.09146592037686598
2.11 0.09230260048720745
2.12 0.09309746743205011
2.13 0.09385039725786089
2.14 0.09456128948648365
2.15 0.09523006672705044
2.16 0.09585667427362296
2.17 0.09644107968974257
2.18 0.09698327238105178
2.19 0.09748326315712547
2.2 0.0979410837836314
2.21 0.09835678652591225
2.22 0.098730443685054
2.23 0.09906214712748007
2.24 0.09935200780907932
2.25 0.09960015529484152
2.2600000000000002 0.0998067372749479
2.27 0.09997191907822635
2.2800000000000002 0.10009588318384986
2.29 0.10017882873211859
2.3000000000000003 0.10022097103513687
2.31 0.10022254108815447
2.32 0.10018378508231271
2.33 0.10010496391949471
2.34 0.09998635272994826
2.35 0.09982824039331199
2.36 0.09963092906364318
2.37 0.09939473369900675
2.38 0.09911998159615848
2.39 0.09880701193081318
2.4 0.09845617530396378
2.41 0.09806783329468001
2.42 0.0976423580197872
2.43 0.0971801317007928
2.44 0.09668154623840056
2.45 0.09614700279492316
2.46 0.09557691138487381
2.47 0.09497169047399463
2.48 0.09433176658694901
2.49 0.09365757392388331
2.5 0.09294955398603776
2.5100000000000002 0.09220815521056269
2.52 0.09143383261467425
2.5300000000000002 0.0906270474492646
2.54 0.08978826686205603
2.5500000000000003 0.08891796357037439
2.56 0.08801661554359555
2.57 0.08708470569530183
2.58 0.08612272158516736
2.59 0.08513115513057795
2.6 0.08411050232797289
2.61 0.08306126298388422
2.62 0.08198394045563327
2.63 0.08087904140163417
2.64 0.07974707554123917
2.65 0.0785885554240523
2.66 0.07740399620862369
2.67 0.07619391545043103
2.68 0.07495883289904147
2.69 0.07369927030434267
2.7 0.0724157512317183
2.71 0.07110880088604195
2.72 0.0697789459443509
2.73 0.06842671439705861
2.74 0.06705263539755582
2.75 0.06565723912004849
2.7600000000000002 0.06424105662546932
2.77 0.06280461973530323
2.7800000000000002 0.06134846091315458
2.79 0.05987311315388699
2.8000000000000003 0.0583791098801566
2.81 0.05686698484616318
2.82 0.055337272048433264
2.83 0.053790505643452974
2.84 0.05222721987196244
2.85 0.05064794898972111
2.86 0.049053227204554684
2.87 0.04744358861948812
2.88 0.04581956718177176
2.89 0.04418169663760257
2.9 0.042530510492345436
2.91 0.04086654197605304
2.92 0.03919032401408814
2.93 0.037502389202645176
2.94 0.035803269788973024
2.95 0.03409349765609496
2.96 0.03237360431182624
2.97 0.030644120881884975
2.98 0.02890557810689589
2.99 0.027158506343081753
3.0 0.025403435566441715
3.0100000000000002 0.023640895380211528
3.02 0.02187141502540401
3.0300000000000002 0.020095523394224775
3.04 0.018313749046161783
3.0500000000000003 0.01652662022654322
3.06 0.014734664887362685
3.0700000000000003 0.012938410710166033
3.08 0.011138385130798947
3.09 0.009335115365809785
3.1 0.007529128440306333
3.11 0.00572095121706274
3.12 0.0039111104266726805
3.13 0.0021001326985477134
3.14 0.00028854459255550554
3.15 0.0015231273689025856
3.16 0.0033343566685799606
3.17 0.005144616762039662
3.18 0.006953381045481074
3.19 0.00876012282393888
3.2 0.010564315280059779
3.21 0.01236543144365713
3.22 0.014162944162249462
3.23 0.01595632607278304
3.24 0.01774504957474412
3.25 0.019528586804861817
3.2600000000000002 0.0213064096136067
3.27 0.023077989543686745
3.2800000000000002 0.024842797810745276
3.29 0.02660030528646289
3.3000000000000003 0.02834998248426828
3.31 0.03009129954785957
3.3200000000000003 0.03182372624274098
3.33 0.033546731950977106
3.34 0.03525978566936862
3.35 0.03696235601125212
3.36 0.03865391121212685
3.37 0.040333919139311725
3.38 0.04200184730583411
3.39 0.04365716288875315
3.4 0.04529933275211828
3.41 0.04692782347476548
3.42 0.048542101383149225
3.43 0.05014163258941306
3.44 0.051725883034894164
3.45 0.05329431853926219
3.46 0.05484640485548757
3.47 0.056381607730835295
3.48 0.05789939297407754
3.49 0.059399226529117624
3.5 0.06088057455521463
3.5100000000000002 0.06234290351399837
3.52 0.06378568026345846
3.5300000000000002 0.06520837215909209
3.54 0.06661044716239035
3.5500000000000003 0.0679913739568398
3.56 0.06935062207161227
3.5700000000000003 0.07068766201311504
3.58 0.07200196540456305
3.59 0.07329300513373777
3.6 0.0745602555090858
3.61 0.07580319242430969
3.62 0.07702129353159413
3.63 0.0782140384236068
3.64 0.07938090882440542
3.65 0.08052138878937322
3.66 0.08163496491430289
3.67 0.08272112655373164
3.68 0.08377936604863076
3.69 0.08480917896353528
3.7 0.08581006433319396
3.71 0.08678152491880586
3.72 0.08772306747390064
3.73 0.08863420301990393
3.74 0.08951444713141941
3.75 0.09036332023124147
3.7600000000000002 0.09118034789510228
3.77 0.0919650611661348
3.7800000000000002 0.09271699687902381
3.79 0.09343569799379375
3.8000000000000003 0.09412071393916914
3.81 0.09477160096541722
3.8200000000000003 0.09538792250657101
3.83 0.09596924955190199
3.84 0.09651516102649438
3.85 0.09702524418074882
3.86 0.09749909498861738
3.87 0.0979363185543515
3.88 0.09833652952751329
3.89 0.09869935252597788
3.9 0.09902442256662512
3.91 0.09931138550339123
3.92 0.09955989847232014
3.93 0.09976963034322568
3.94 0.09994026217754469
3.95 0.10007148769192704
3.96 0.1001630137270798
3.97 0.10021456072134578
3.98 0.10022586318846635
3.99 0.10019667019894063
4.0 0.10012674586436343
4.01 0.10001586982408307
4.0200000000000005 0.09986383773349124
4.03 0.09967046175321642
4.04 0.09943557103846071
4.05 0.0991590122276843
4.0600000000000005 0.09884064992980256
4.07 0.09848036720903301
4.08 0.09807806606648865
4.09 0.0976336679175863
4.1 0.09714711406430213
4.11 0.09661836616127556
4.12 0.09604740667473528
4.13 0.09543423933318902
4.14 0.09477888956879268
4.15 0.09408140494828827
4.16 0.09334185559237931
4.17 0.09256033458238576
4.18 0.0917369583530077
4.19 0.09087186707000583
4.2 0.08996522499159751
4.21 0.08901722081235165
4.22 0.08802806798836588
4.23 0.08699800504249783
4.24 0.08592729584842973
4.25 0.08481622989234275
4.26 0.08366512251099233
4.2700000000000005 0.08247431510498217
4.28 0.08124417532605482
4.29 0.07997509723723564
4.3 0.07866750144469613
4.3100000000000005 0.07732183520022781
4.32 0.07593857247326076
4.33 0.07451821399139263
4.34 0.07306128724844825
4.3500000000000005 0.0715683464791347
4.36 0.07003997259941296
4.37 0.06847677311177096
4.38 0.06687938197464577
4.39 0.06524845943531245
4.4 0.06358469182563531
4.41 0.06188879132015584
4.42 0.0601614956560722
4.43 0.058403567814760936
4.44 0.05661579566457751
4.45 0.054798991564772276
4.46 0.052953991930454615
4.47 0.05108165675864538
4.48 0.049182869115558504
4.49 0.04725853458536318
4.5 0.045309580680784195
4.51 0.043336956216014896
4.5200000000000005 0.04134163064252126
4.53 0.039324593348435515
4.54 0.03728685292234239
4.55 0.03522943638238077
4.5600000000000005 0.0331533883716873
4.57 0.031059770321322344
4.58 0.028949659581920497
4.59 0.026824148525418652
4.6000000000000005 0.02468434361830883
4.61 0.022531364467964898
4.62 0.02036634284368043
4.63 0.01819042167414912
4.64 0.016004754023195678
4.65 0.013810502045645635
4.66 0.011608835925293602
4.67 0.00940093279698928
4.68 0.007187975654925607
4.69 0.004971152249255371
4.7 0.0027516539732115102
4.71 0.0005306747429349251
4.72 0.0016905901277521637
4.73 0.003910945055378089
4.74 0.006129195315393594
4.75 0.008344148169022035
4.76 0.0105546139861256
4.7700000000000005 0.012759407361846704
4.78 0.01495734822480143
4.79 0.017147262934637957
4.8 0.01932798536680475
4.8100000000000005 0.02149835798242702
4.82 0.023657232881238204
4.83 0.025803472835579593
4.84 0.027935952303541817
4.8500000000000005 0.030053558419403863
4.86 0.03215519195959821
4.87 0.03423976828252352
4.88 0.03630621824060826
4.89 0.03835348906313158
4.9 0.04038054520840238
4.91 0.04238636918400088
4.92 0.04436996233389473
4.93 0.04633034559134562
4.94 0.048266560196636596
4.95 0.05017766837875757
4.96 0.052062754000303836
4.97 0.05392092316494711
4.98 0.0557513047869591
4.99 0.05755305112237129
5.0 0.05932533826147295
5.01 0.06106736658244905
5.0200000000000005 0.06277836116607338
5.03 0.06445757217147215
5.04 0.06610427517307754
5.05 0.06771777145898333
5.0600000000000005 0.06929738829101635
5.07 0.07084247912691884
5.08 0.07235242380513422
5.09 0.07382662869275944
5.1000000000000005 0.07526452679731166
5.11 0.07666557784302841
5.12 0.07802926831248759
5.13 0.07935511145439486
5.14 0.08064264725844873
5.15 0.08189144239824224
5.16 0.0831010901432084
5.17 0.08427121024066418
5.18 0.08540144876903884
5.19 0.08649147796340964
5.2 0.08754099601449672
5.21 0.0885497268422895
5.22 0.08951741984549616
5.23 0.09044384962802601
5.24 0.09132881570371865
5.25 0.0921721421805444
5.26 0.09297367742549965
5.2700000000000005 0.09373329371142124
5.28 0.0944508868469353
5.29 0.09512637579075159
5.3 0.09575970225149785
5.3100000000000005 0.09635083027427688
5.32 0.0968997458151107
5.33 0.0974064563044152
5.34 0.09787099020062633
5.3500000000000005 0.0982933965350771
5.36 0.09867374444919169
5.37 0.09901212272504348
5.38 0.09930863931028608
5.39 0.09956342083844112
5.4 0.09977661214549127
5.41 0.09994837578369568
5.42 0.10007889153351064
5.43 0.10016835591446284
5.44 0.10021698169578999
5.45 0.10022499740762682
5.46 0.10019264685347867
5.47 0.10012018862469164
5.48 0.1000078956175905
5.49 0.0998560545539222
5.5 0.09966496550520706
5.51 0.09943494142156625
5.5200000000000005 0.09916630766555865
5.53 0.09885940155152824
5.54 0.09851457189092928
5.55 0.09813217854406629
5.5600000000000005 0.09771259197865116
5.57 0.09725619283555186
5.58 0.09676337150207688
5.59 0.09623452769311004
5.6000000000000005 0.0956700700403817
5.61 0.09507041569013787
5.62 0.09443598990943754
5.63 0.0937672257012904
5.64 0.09306456342881371
5.65 0.09232845044857473
5.66 0.09155934075324962
5.67 0.09075769462372157
5.68 0.08992397829070943
5.69 0.0890586636060051
5.7 0.0881622277233767
5.71 0.08723515278917605
5.72 0.08627792564267481
5.73 0.08529103752613348
5.74 0.08427498380459704
5.75 0.08323026369539141
5.76 0.08215738000728508
5.7700000000000005 0.08105683888926662
5.78 0.0799291495888757
5.79 0.07877482422001317
5.8 0.077594377540148
5.8100000000000005 0.07638832673682647
5.82 0.07515719122337954
5.83 0.073901492443717
5.84 0.07262175368608688
5.8500000000000005 0.07131849990567424
5.86 0.06999225755590177
5.87 0.06864355442829186
5.88 0.06727291950074246
5.89 0.06588088279406294
5.9 0.06446797523661128
5.91 0.06303472853687028
5.92 0.061581675063792744
5.93 0.06010934773474735
5.94 0.058618279910886056
5.95 0.057109005299758195
5.96 0.0555820578649854
5.97 0.05403797174281648
5.98 0.05247728116537287
5.99 0.050900520390397316
6.0 0.04930822363731183
6.01 0.047700925029395484
6.0200000000000005 0.046079158541884144
6.03 0.04444345795579938
6.04 0.04279435681730493
6.05 0.04113238840239783
6.0600000000000005 0.039458085686730295
6.07 0.03777198132036568
6.08 0.03607460760726444
6.09 0.0343664964893025
6.1000000000000005 0.03264817953461722
6.11 0.03092018793008088
6.12 0.02918305247769668
6.13 0.027437303594717438
6.140000000000001 0.025683471317281565
6.15 0.023922085307365046
6.16 0.022153674862843843
6.17 0.02037876893046612
6.18 0.01859789612152909
6.19 0.016811584730057675
6.2 0.015020362753282354
6.21 0.013224757914210775
6.22 0.011425297686092776
6.23 0.009622509318573206
6.24 0.00781691986533137
6.25 0.006009056213001145
6.26 0.004199445111172182
6.2700000000000005 0.0023886132032665446
6.28 0.0005770870580896261
6.29 0.0012346067981500286
6.3 0.003045941849551785
6.3100000000000005 0.004856391558170294
6.32 0.006665429331800204
6.33 0.008472528492103651
6.34 0.010277162243280178
6.3500000000000005 0.012078803641484824
6.36 0.013876925565195179
6.37 0.015671000686733126
6.38 0.017460501445141177
6.390000000000001 0.019244900020619113
6.4 0.021023668310721975
6.41 0.022796277908525526
6.42 0.02456220008295904
6.43 0.02632090576151112
6.44 0.028071865515511284
6.45 0.02981454954818967
6.46 0.03154842768572076
6.47 0.03327296937145084
6.48 0.03498764366351563
6.49 0.0366919192360486
6.5 0.038385264384185776
6.51 0.04006714703306641
6.5200000000000005 0.04173703475103483
6.53 0.0433943947672432
6.54 0.04503869399385935
6.55 0.04666939905307826
6.5600000000000005 0.04828597630913949
6.57 0.049887891905548785
6.58 0.05147461180770534
6.59 0.05304560185112914
6.6000000000000005 0.0546003277954884
6.61 0.05613825538461975
6.62 0.05765885041273867
6.63 0.0591615787970286
6.640000000000001 0.060645906656802445
6.65 0.06211130039942255
6.66 0.06355722681316771
6.67 0.06498315316722837
6.68 0.06638854731901202
6.69 0.06777287782893614
6.7 0.06913561408288227
6.71 0.070476226422483
6.72 0.07179418628340593
6.73 0.07308896634179768
6.74 0.07436004066904396
6.75 0.07560688489499874
6.76 0.07682897637982491
6.7700000000000005 0.0780257943945895
6.78 0.07919682031074254
6.79 0.08034153779860803
6.8 0.08145943303500222
6.8100000000000005 0.0825499949200894
6.82 0.08361271530357471
6.83 0.08464708922032504
6.84 0.08565261513549802
6.8500000000000005 0.08662879519924781
6.86 0.0875751355110658
6.87 0.08849114639380183
6.88 0.08937634267739641
6.890000000000001 0.09023024399234468
6.9 0.0910523750728917
6.91 0.09184226606995108
6.92 0.09259945287371572
6.93 0.09332347744591453
6.94 0.09401388816165335
6.95 0.09467024016075427
6.96 0.09529209570849315
6.97 0.0958790245656075
6.98 0.09643060436743355
6.99 0.09694642101199838
7.0 0.0974260690568805
7.01 0.09786915212461655
7.0200000000000005 0.09827528331641462
7.03 0.09864408563390319
7.04 0.09897519240861982
7.05 0.0992682477389136
7.0600000000000005 0.09952290693390652
7.07 0.09973883696413142
7.08 0.09991571691842703
7.09 0.10005323846664727
7.1000000000000005 0.10015110632770147
7.11 0.10020903874241562
7.12 0.1002267679506662
7.13 0.10020404067220837
7.140000000000001 0.10014061859058133
7.15 0.10003627883944356
7.16 0.09989081449064828
7.17 0.09970403504334484
7.18 0.09947576691334487
7.19 0.09920585392196456
7.2 0.09889415778351661
7.21 0.09854055859059013
7.22 0.09814495529622462
7.23 0.09770726619204857
7.24 0.09722742938142115
7.25 0.09670540324658423
7.26 0.09614116690880188
7.2700000000000005 0.09553472068043356
7.28 0.09488608650786105
7.29 0.09419530840416378
7.3 0.09346245287041217
7.3100000000000005 0.09268760930442597
7.32 0.09187089039583095
7.33 0.09101243250622079
7.34 0.0901123960332279
7.3500000000000005 0.08917096575728745
7.36 0.08818835116987764
7.37 0.0871647867820093
7.38 0.08610053241174341
7.390000000000001 0.08499587344951341
7.4 0.08385112110003962
7.41 0.08266661259963182
7.42 0.08144271140769813
7.43 0.08017980737128824
7.44 0.07887831686153585
7.45 0.0775386828808867
7.46 0.0761613751400361
7.47 0.07474689010354155
7.48 0.07329575100311726
7.49 0.07180850781766916
7.5 0.07028573721918319
7.51 0.06872804248364087
7.5200000000000005 0.06713605336619817
7.53 0.06551042593993604
7.54 0.06385184239756359
7.55 0.06216101081553527
7.5600000000000005 0.06043866488012727
7.57 0.058685563575103336
7.58 0.05690249083069615
7.59 0.055090255133722225
7.6000000000000005 0.05324968909875116
7.61 0.05138164900034844
7.62 0.04948701426651717
7.63 0.04756668693357412
7.640000000000001 0.04562159106279939
7.65 0.043652672119316366
7.66 0.041660896313760874
7.67 0.03964724990742326
7.68 0.03761273848164734
7.69 0.03555838617238956
7.7 0.033485234870950564
7.71 0.03139434339199793
7.72 0.029286786610111446
7.73 0.027163654566181777
7.74 0.02502605154509794
7.75 0.02287509512625339
7.76 0.02071191520849958
7.7700000000000005 0.018537653011258415
7.78 0.01635346005359326
7.79 0.014160497113111785
7.8 0.011959933166651494
7.8100000000000005 0.009752944314757941
7.82 0.007540712692029252
7.83 0.005324425365446255
7.84 0.0031052732228583645
7.8500000000000005 0.0008844498538243968
7.86 0.0013368495749592018
7.87 0.003557429447395754
7.88 0.005776094826625687
7.890000000000001 0.007991652582301953
7.9 0.010202912514241122
7.91 0.012408688470206533
7.92 0.014607799455594575
7.930000000000001 0.016799070732831455
7.94 0.01898133490832044
7.95 0.02115343300482975
7.96 0.023314215517257514
7.97 0.025462543449776366
7.98 0.027597289332423364
7.99 0.02971733821527433
8.0 0.03182158863842331
8.01 0.03390895357606795
8.02 0.035978361353095935
8.03 0.038028756532659434
8.040000000000001 0.040059100773323905
8.05 0.04206837365447739
8.06 0.044055573468799805
8.07 0.04601971798068408
8.08 0.04795984514962725
8.09 0.04987501381770971
8.1 0.05176430436039764
8.11 0.05362681930001295
8.120000000000001 0.05546168388133105
8.13 0.05726804660887383
8.14 0.05904507974558106
8.15 0.06079197977264566
8.16 0.06250796781041103
8.17 0.06419229000032983
8.18 0.06584421784808601
8.19 0.06746304852808017
8.2 0.06904810514957276
8.21 0.07059873698487218
8.22 0.0721143196600386
8.23 0.07359425530866262
8.24 0.07503797268934868
8.25 0.07644492726761244
8.26 0.07781460126296888
8.27 0.07914650366204905
8.28 0.08044017019864523
8.290000000000001 0.08169516330163701
8.3 0.08291107201179772
8.31 0.08408751186852874
8.32 0.08522412476760273
8.33 0.08632057879103362
8.34 0.08737656801022037
8.35 0.0883918122635341
8.36 0.0893660569095379
8.370000000000001 0.09029907255704621
8.38 0.09119065477323543
8.39 0.09204062377103328
8.4 0.09284882407700623
8.41 0.09361512418097188
8.42 0.09433941616855289
8.43 0.09502161533788353
8.44 0.09566165980166826
8.45 0.0962595100757745
8.46 0.09681514865552882
8.47 0.09732857958086298
8.48 0.09779982799143516
8.49 0.0982289396728268
8.5 0.09861598059489118
8.51 0.09896103644329843
8.52 0.0992642121452974
8.53 0.09952563139067774
8.540000000000001 0.09974543614888944
8.55 0.09992378618324067
8.56 0.1000608585630627
8.57 0.1001568471746939
8.58 0.1002119622321052
8.59 0.10022642978794839
8.6 0.10020049124577578
8.61 0.10013440287414707
8.620000000000001 0.10002843532329893
8.63 0.09988287314501985
8.64 0.09969801431634129
8.65 0.09947416976761438
8.66 0.09921166291551596
8.67 0.09891082920148485
8.68 0.09857201563606614
8.69 0.0981955803496006
8.700000000000001 0.097781892149671
8.71 0.09733133008568144
8.72 0.09684428302091964
8.73 0.09632114921242184
8.74 0.0957623358989299
8.75 0.09516825889720655
8.76 0.09453934220694417
8.77 0.09387601762448142
8.78 0.09317872436551256
8.790000000000001 0.09244790869695693
8.8 0.09168402357812609
8.81 0.09088752831131118
8.82 0.09005888820188805
8.83 0.0891985742280209
8.84 0.08830706272002155
8.85 0.08738483504941086
8.86 0.0864323773277032
8.870000000000001 0.08545018011492676
8.88 0.08443873813787083
8.89 0.08339855001803857
8.9 0.08233011800927385
8.91 0.08123394774501
8.92 0.08011054799508399
8.93 0.0789604304320427
8.94 0.07778410940685895
8.950000000000001 0.07658210173396585
8.96 0.07535492648550708
8.97 0.0741031047946904
8.98 0.07282715966812896
8.99 0.07152761580704044
9.0 0.07020499943717096
9.01 0.06885983814730384
9.02 0.06749266073620527
9.03 0.0661039970678552
9.040000000000001 0.06469437793480479
9.05 0.06326433492950015
9.06 0.061814400323400624
9.07 0.060345106953726003
9.08 0.05885698811765464
9.09 0.057350577473794156
9.1 0.055826408950745345
9.11 0.05428501666257294
9.120000000000001 0.05272693483099848
9.13 0.05115269771412613
9.14 0.049562839541508266
9.15 0.04795789445536172
9.16 0.046338396457737734
9.17 0.04470487936345082
9.18 0.04305787675856923
9.19 0.04139792196426904
9.200000000000001 0.03972554800585212
9.21 0.03804128758673057
9.22 0.03634567306717163
9.23 0.034639236447608655
9.24 0.03292250935631099
9.25 0.031196023041213276
9.26 0.02946030836570116
9.27 0.027715895808149968
9.28 0.025963315465014555
9.290000000000001 0.024203097057265793
9.3 0.02243576993997323
9.31 0.020661863114825273
9.32 0.01888190524539006
9.33 0.01709642467490924
9.34 0.015305949446422653
9.35 0.0135110073250209
9.36 0.011712125822021876
9.370000000000001 0.009909832220868435
9.38 0.008104653604545252
9.39 0.0062971168843075
9.4 0.004487748829524302
9.41 0.0026770760984293953
9.42 0.0008656252695777384
9.43 0.0009460771261950313
9.44 0.002757504573513329
9.450000000000001 0.004568130540105718
9.46 0.006377428444553367
9.47 0.008184871624350533
9.48 0.00998993330447373
9.49 0.011792086566667064
9.5 0.013590804319645183
9.51 0.015385559270416706
9.52 0.017175823896931716
9.53 0.018961070422256063
9.540000000000001 0.020740770790476027
9.55 0.022514396644534834
9.56 0.024281419306209
9.57 0.026041309758421317
9.58 0.02779353863009858
9.59 0.029537576183776035
9.6 0.03127289230615109
9.61 0.03299895650179098
9.620000000000001 0.03471523789019669
9.63 0.03642120520642513
9.64 0.038116326805476886
9.65 0.039800070670646184
9.66 0.041471904426039936
9.67 0.04313129535346691
9.68 0.044777710413897616
9.69 0.04641061627369811
9.700000000000001 0.04802947933583639
9.71 0.04963376577626146
9.72 0.05122294158565739
9.73 0.05279647261676459
9.74 0.05435382463747066
9.75 0.05589446338986362
9.76 0.05741785465544277
9.77 0.05892346432667933
9.78 0.06041075848511865
9.790000000000001 0.06187920348621172
9.8 0.06332826605106195
9.81 0.06475741336527442
9.82 0.06616611318508456
9.83 0.06755383395094655
9.84 0.06892004490875626
9.85 0.07026421623887888
9.86 0.07158581919314869
9.870000000000001 0.0728843262400028
9.88 0.07415921121790622
9.89 0.07540994949722286
9.9 0.07663601815067447
9.91 0.07783689613253299
9.92 0.07901206446667586
9.93 0.08016100644363357
9.94 0.08128320782674679
9.950000000000001 0.0823781570675439
9.96 0.08344534553044017
9.97 0.08448426772685229
9.98 0.08549442155880736
9.99 0.08647530857211946
