0.0 0.0
0.01 0.002812457167133813
0.02 0.0056243247545352424
0.03 0.008435012978587335
0.04 0.011243931647971965
0.05 0.014050489959989209
0.06 0.016854096297081487
0.07 0.019654158023631522
0.08 0.022450081283104748
0.09 0.025241270795607087
0.1 0.028027129655931758
0.11 0.030807059132168354
0.12 0.03358045846495263
0.13 0.03634672466743377
0.14 0.03910525232604184
0.15 0.04185543340213906
0.16 0.044596657034642224
0.17 0.04732830934370682
0.18 0.05004977323556792
0.19 0.052760428208636814
0.2 0.05545965016095557
0.21 0.058146811199119575
0.22 0.060821279448781344
0.23 0.06348241886685412
0.24 0.0661295890555444
0.25 0.06876214507834298
0.26 0.0713794372781187
0.27 0.0739808110974589
0.28 0.07656560690142028
0.29 0.07913315980284975
0.3 0.08168279949045681
0.31 0.08421385005982299
0.32 0.08672562984754677
0.33 0.08921745126873552
0.34 0.0916886206580685
0.35000000000000003 0.09413843811466889
0.36 0.09656619735103827
0.37 0.09897118554632277
0.38 0.1013526832041952
0.39 0.1037099640156605
0.4 0.10604229472710491
0.41000000000000003 0.10834893501393392
0.42 0.11062913736016386
0.43 0.11288214694435682
0.44 0.11510720153230804
0.45 0.11730353137692956
0.46 0.11947035912578953
0.47000000000000003 0.12160689973680648
0.48 0.12371236040261989
0.49 0.12578594048419334
0.5 0.1278268314542413
0.51 0.12983421685110486
0.52 0.13180727224373467
0.53 0.13374516520848515
0.54 0.13564705531846064
0.55 0.1375120941461928
0.56 0.13933942528048118
0.5700000000000001 0.1411281843582673
0.58 0.1428774991124642
0.59 0.14458648943670876
0.6 0.14625426746806505
0.61 0.1478799376887426
0.62 0.14946259704797138
0.63 0.15100133510520583
0.64 0.152495234195906
0.65 0.1539433696212038
0.66 0.15534480986279975
0.67 0.15669861682452593
0.68 0.15800384610205126
0.6900000000000001 0.1592595472822772
0.7000000000000001 0.1604647642740293
0.71 0.16161853567171158
0.72 0.1627198951536587
0.73 0.16376787191697129
0.74 0.16476149115068364
0.75 0.1656997745491688
0.76 0.16658174086773903
0.77 0.1674064065224499
0.78 0.1681727862361598
0.79 0.16887989373294496
0.8 0.16952674248299232
0.81 0.1701123465001376
0.8200000000000001 0.17063572119421774
0.8300000000000001 0.17109588428043598
0.84 0.171491856747924
0.85 0.17182266388968298
0.86 0.1720873363960643
0.87 0.17228491151390535
0.88 0.17241443427338576
0.89 0.17247495878460425
0.9 0.17246554960577262
0.91 0.17238528318483384
0.92 0.17223324937614895
0.93 0.172008553033771
0.9400000000000001 0.17171031568261722
0.9500000000000001 0.17133767726865087
0.96 0.17088979798893783
0.97 0.1703658602021729
0.98 0.16976507041996636
0.99 0.16908666137883188
1.0 0.1683298941924586
1.01 0.16749406058341065
1.02 0.16657848519297594
1.03 0.1655825279673604
1.04 0.16450558661793024
1.05 0.1633470991525981
1.06 0.1621065464748669
1.07 0.16078345504637992
1.08 0.1593773996081467
1.09 0.15788800595488667
1.1 0.15631495375618562
1.11 0.15465797941736428
1.12 0.15291687897215026
1.1300000000000001 0.151091510998413
1.1400000000000001 0.14918179954736693
1.1500000000000001 0.14718773707578772
1.16 0.14510938736991638
1.17 0.14294688844887743
1.18 0.14070045543457405
1.19 0.138370383374212
1.2 0.1359570500007951
1.21 0.13346091841620444
1.22 0.13088253968076022
1.23 0.12822255529255458
1.24 0.12548169953928195
1.25 0.12266080170485612
1.26 0.11976078811273305
1.27 0.1167826839876516
1.28 0.1137276151173841
1.29 0.11059680929615229
1.3 0.10739159753154161
1.31 0.10411341499713539
1.32 0.10076380171359918
1.33 0.097344402941687
1.34 0.0938569692715361
1.35 0.0903033563937051
1.36 0.08668552453871135
1.37 0.08300553757328397
1.3800000000000001 0.07926556174322569
1.3900000000000001 0.07546786405460115
1.4000000000000001 0.07161481028699579
1.41 0.06770886263474532
1.42 0.0637525769743435
1.43 0.059748599758672576
1.44 0.05569966454121774
1.45 0.051608588136040405
1.46 0.047478266421936394
1.47 0.04331166980187843
1.48 0.039111838331513424
1.49 0.034881876533104164
1.5 0.030624947913866562
1.51 0.026344269210100253
1.52 0.022043104380824716
1.53 0.017724758376786033
1.54 0.013392570712651443
1.55 0.009049908871945322
1.56 0.004700161575766151
1.57 0.00034673194754935096
1.58 0.004006969392922164
1.59 0.008357531272415019
1.6 0.01270154890986937
1.61 0.01703563083054487
1.62 0.021356405714769097
1.6300000000000001 0.02566052914796502
1.6400000000000001 0.029944690239522693
1.6500000000000001 0.0342056180792633
1.6600000000000001 0.038440088001688556
1.67 0.042644927629903434
1.68 0.04681702267302761
1.69 0.05095332245302325
1.7 0.05505084513916593
1.71 0.059106682670810956
1.72 0.06311800535164766
1.73 0.06708206610125658
1.74 0.07099620435243782
1.75 0.07485784958546084
1.76 0.07866452449304666
1.77 0.08241384777249816
1.78 0.0861035365439504
1.79 0.08973140839614792
1.8 0.0932953830634871
1.81 0.09679348374025606
1.82 0.10022383804002917
1.83 0.10358467861005943
1.84 0.10687434341218169
1.85 0.11009127568326525
1.86 0.1132340235895574
1.87 0.11630123959039301
1.8800000000000001 0.11929167952767114
1.8900000000000001 0.12220420145825842
1.9000000000000001 0.1250377642470318
1.9100000000000001 0.1277914259386757
1.92 0.13046434192656034
1.93 0.13305576293710886
1.94 0.13556503284797128
1.95 0.13799158635812364
1.96 0.1403349465276744
1.97 0.14259472220472177
1.98 0.14477060535607686
1.99 0.14686236831804514
2.0 0.1488698609827835
2.0100000000000002 0.15079300793499967
2.02 0.1526318055529804
2.0300000000000002 0.15438631908711067
2.04 0.15605667972820222
2.05 0.15764308167708696
2.06 0.15914577922607476
2.07 0.16056508386199847
2.08 0.1619013613997311
2.09 0.16315502915420738
2.1 0.16432655315818456
2.11 0.16541644543216258
2.12 0.16642526131214833
2.13 0.1673535968402038
2.14 0.16820208622203114
2.15 0.1689713993551956
2.16 0.169662239430962
2.17 0.17027534061216093
2.18 0.17081146578893877
2.19 0.17127140441376987
2.2 0.17165597041664477
2.21 0.17196600020091354
2.22 0.17220235071991316
2.23 0.1723658976341236
2.24 0.1724575335483174
2.25 0.1724781663278725
2.2600000000000002 0.17242871749317518
2.27 0.17231012069082954
2.2800000000000002 0.1721233202401946
2.29 0.17186926975360953
2.3000000000000003 0.1715489308285396
2.31 0.1711632718097435
2.32 0.17071326661949107
2.33 0.1701998936537667
2.34 0.16962413474235083
2.35 0.16898697417062844
2.36 0.1682893977609441
2.37 0.16753239201131206
2.38 0.16671694328929942
2.39 0.1658440370788909
2.4 0.16491465727817742
2.41 0.16392978554573898
2.42 0.16289040069360952
2.43 0.1617974781247735
2.44 0.16065198931317326
2.45 0.159454901324261
2.46 0.15820717637418424
2.47 0.1569097714257436
2.48 0.15556363781933172
2.49 0.15416972093710224
2.5 0.1527289598987013
2.5100000000000002 0.1512422872869373
2.52 0.14971062890183875
2.5300000000000002 0.14813490354160316
2.54 0.1465160228090097
2.5500000000000003 0.1448548909419211
2.56 0.14315240466656665
2.57 0.14140945307235364
2.58 0.13962691750701392
2.59 0.13780567149094702
2.6 0.1359465806496773
2.61 0.13405050266339671
2.62 0.13211828723261068
2.63 0.13015077605896527
2.64 0.12814880284036817
2.65 0.12611319327957468
2.66 0.12404476510544417
2.67 0.12194432810612417
2.68 0.11981268417345083
2.69 0.11765062735790162
2.7 0.11545894393346608
2.71 0.11323841247184485
2.72 0.11098980392540864
2.73 0.10871388171839352
2.74 0.10641140184583076
2.75 0.10408311297974288
2.7600000000000002 0.10172975658216134
2.77 0.09935206702455238
2.7800000000000002 0.09695077171325392
2.79 0.09452659122056192
2.8000000000000003 0.09208023942111061
2.81 0.08961242363322806
2.82 0.0871238447649536
2.83 0.08461519746443179
2.84 0.08208717027441204
2.85 0.07954044579059401
2.86 0.0769757008235825
2.87 0.07439360656422449
2.88 0.0717948287521131
2.89 0.06918002784706141
2.9 0.06654985920335423
2.91 0.06390497324659992
2.92 0.06124601565301732
2.93 0.05857362753099308
2.94 0.05588844560476659
2.95 0.05319110240009372
2.96 0.050482226431761326
2.97 0.047762442392820244
2.98 0.04503237134541929
2.99 0.04229263091312335
3.0 0.03954383547460875
3.0100000000000002 0.0367865963586281
3.02 0.034021522040149084
3.0300000000000002 0.031249218337568427
3.04 0.028470288610912737
3.0500000000000003 0.025685333960934947
3.06 0.022894953429026286
3.0700000000000003 0.020099744197856467
3.08 0.017300301792668664
3.09 0.014497220283147556
3.1 0.011691092485788607
3.11 0.008882510166695065
3.12 0.006072064244728706
3.13 0.003260344994947949
3.14 0.00044794225225934736
3.15 0.0023645543847818245
3.16 0.005176555350094296
3.17 0.007987470906180703
3.18 0.010796710940296583
3.19 0.01360368476074252
3.2 0.01640780089335206
3.21 0.019208466878240377
3.22 0.022005089066888063
3.23 0.02479707241962708
3.24 0.0275838203036052
3.25 0.030364734291300374
3.2600000000000002 0.0331392139596633
3.27 0.03590665668996465
3.2800000000000002 0.03866645746843044
3.29 0.04141800868774563
3.3000000000000003 0.04416069994951691
3.31 0.046893917867780466
3.3200000000000003 0.04961704587365362
3.33 0.05232946402122291
3.34 0.055030548794776334
3.35 0.05771967291748489
3.36 0.06039620516164522
3.37 0.06305951016060614
3.38 0.06570894822249934
3.39 0.0683438751459113
3.4 0.07096364203762964
3.41 0.07356759513261868
3.42 0.07615507561637276
3.43 0.0787254194498177
3.44 0.08127795719693261
3.45 0.08381201385527816
3.46 0.08632690868962799
3.47 0.08882195506891438
3.48 0.09129646030670518
3.49 0.09374972550545384
3.5 0.09618104540476848
3.5100000000000002 0.09858970823397029
3.52 0.10097499556922017
3.5300000000000002 0.10333618219551843
3.54 0.10567253597389775
3.5500000000000003 0.10798331771414542
3.56 0.11026778105342261
3.5700000000000003 0.11252517234116169
3.58 0.11475473053064866
3.59 0.116955687077732
3.6 0.11912726584710942
3.61 0.12126868302668813
3.62 0.12337914705053854
3.63 0.1254578585309877
3.64 0.12750401020044144
3.65 0.12951678686355098
3.66 0.13149536536038303
3.67 0.13343891454128284
3.68 0.13534659525417037
3.69 0.13721756034504015
3.7 0.1390509546724898
3.71 0.14084591513713815
3.72 0.14260157072685034
3.73 0.1443170425787291
3.74 0.14599144405888612
3.75 0.14762388086106054
3.7600000000000002 0.14921345112520354
3.77 0.15075924557720383
3.7800000000000002 0.15226034769099156
3.79 0.15371583387430404
3.8000000000000003 0.1551247736794753
3.81 0.15648623004065382
3.8200000000000003 0.15779925953892332
3.83 0.15906291269686282
3.84 0.16027623430414423
3.85 0.16143826377582488
3.86 0.16254803554505204
3.87 0.16360457949196686
3.88 0.16460692141064215
3.89 0.16555408351594655
3.9 0.1664450849922942
3.91 0.16727894258627102
3.92 0.16805467124518797
3.93 0.16877128480365328
3.94 0.16942779672028324
3.95 0.17002322086670732
3.96 0.17055657237104857
3.97 0.17102686851805632
3.98 0.17143312970809774
3.99 0.17177438047717852
4.0 0.17204965058015753
4.01 0.17225797613929011
4.0200000000000005 0.1723984008601599
4.03 0.1724699773170233
4.04 0.1724717683094736
4.05 0.17240284829225008
4.0600000000000005 0.17226230487986413
4.07 0.17204924042758243
4.08 0.17176277369011203
4.09 0.1714020415591349
4.1 0.17096620088059436
4.11 0.17045443035238012
4.12 0.16986593250274426
4.13 0.16919993574945702
4.14 0.16845569653933604
4.15 0.16763250156737114
4.16 0.16672967007423176
4.17 0.16574655622044532
4.18 0.16468255153502293
4.19 0.16353708743573003
4.2 0.16230963781762087
4.21 0.16099972170577465
4.22 0.15960690596753052
4.23 0.15813080807877528
4.24 0.15657109893809804
4.25 0.15492750572184016
4.26 0.15319981477226816
4.2700000000000005 0.1513878745102546
4.28 0.149491598363015
4.29 0.1475109676965768
4.3 0.145446034741804
4.3100000000000005 0.14329692550192616
4.32 0.14106384262868255
4.33 0.13874706825334637
4.34 0.13634696675811564
4.3500000000000005 0.13386398747257952
4.36 0.13129866727928052
4.37 0.1286516331117437
4.38 0.12592360432779137
4.39 0.12311539494048807
4.4 0.12022791568869226
4.41 0.11726217592894733
4.42 0.11421928533031579
4.43 0.11110045535378887
4.44 0.10790700049807393
4.45 0.10464033929389424
4.46 0.10130199502945017
4.47 0.09789359619038245
4.48 0.09441687659843476
4.49 0.09087367523410979
4.5 0.08726593572982468
4.51 0.0835957055215656
4.5200000000000005 0.07986513464863142
4.53 0.07607647419290184
4.54 0.07223207435102301
4.55 0.0683343821350712
4.5600000000000005 0.06438593869951877
4.57 0.06038937629475399
4.58 0.05634741484990531
4.59 0.05226285819033375
4.6000000000000005 0.0481385898977833
4.61 0.04397756882387474
4.62 0.039782824270277205
4.63 0.035557450851546886
4.64 0.03130460305917226
4.65 0.027027489547845708
4.66 0.02272936716731908
4.67 0.01841353476536905
4.68 0.014083326789402278
4.69 0.009742106715986007
4.7 0.005393260339130271
4.71 0.0010401889494023482
4.72 0.0033136975630455832
4.73 0.007664987647779501
4.74 0.012010275041564863
4.75 0.016346165689810073
4.76 0.020669284607979222
4.7700000000000005 0.02497628264954078
4.78 0.029263843147852943
4.79 0.03352868840053185
4.8 0.03776758596624063
4.8100000000000005 0.04197735474550998
4.82 0.04615487081907592
4.83 0.05029707301932507
4.84 0.05440096821268407
4.8500000000000005 0.05846363627322402
4.86 0.06248223473025143
4.87 0.06645400307528788
4.88 0.0703762667164765
4.89 0.07424644057113998
4.9 0.07806203228988026
4.91 0.08182064510822577
4.92 0.08551998032439623
4.93 0.08915783940420921
4.94 0.09273212571650741
4.95 0.09624084590469877
4.96 0.09968211090205222
4.97 0.10305413660030786
4.98 0.10635524418285833
4.99 0.10958386013530655
5.0 0.11273851594755764
5.01 0.11581784752273631
5.0200000000000005 0.11882059430920824
5.03 0.12174559817275352
5.04 0.12459180202652698
5.05 0.1273582482368682
5.0600000000000005 0.13004407682326732
5.07 0.13264852347088343
5.08 0.13517091737397302
5.09 0.13761067892836967
5.1000000000000005 0.13996731729086698
5.11 0.14224042782292481
5.12 0.14442968943560303
5.13 0.14653486185201725
5.14 0.1485557828029474
5.15 0.1504923651704903
5.16 0.15234459409386275
5.17 0.15411252405066386
5.18 0.15579627592603307
5.19 0.1573960340813125
5.2 0.15891204343294052
5.21 0.1603446065514436
5.22 0.1616940807895381
5.23 0.16296087544751894
5.24 0.16414544898328032
5.25 0.1652483062735331
5.26 0.1662699959320057
5.2700000000000005 0.16721110768969066
5.28 0.1680722698414958
5.29 0.16885414676300087
5.3 0.16955743650039765
5.3100000000000005 0.1701828684361045
5.32 0.17073120103201153
5.33 0.17120321965179444
5.34 0.17159973446329052
5.3500000000000005 0.17192157842148206
5.36 0.17216960533226075
5.37 0.17234468799679104
5.38 0.1724477164359654
5.39 0.1724795961941769
5.4 0.17244124672136457
5.41 0.1723335998320864
5.42 0.17215759824016108
5.43 0.17191419416727932
5.44 0.17160434802381241
5.45 0.17122902715996274
5.46 0.1707892046852775
5.47 0.17028585835448182
5.48 0.16971996951753304
5.49 0.16909252213174228
5.5 0.1684045018337885
5.51 0.16765689506944745
5.5200000000000005 0.16685068827882854
5.53 0.16598686713495
5.54 0.16506641583347487
5.55 0.16409031643148045
5.5600000000000005 0.16305954823314464
5.57 0.16197508722028517
5.58 0.16083790552572927
5.59 0.15964897094753908
5.6000000000000005 0.15840924650216745
5.61 0.15711969001468495
5.62 0.15578125374426166
5.63 0.1543948840431604
5.64 0.1529615210475491
5.65 0.15148209839851132
5.66 0.14995754299168015
5.67 0.14838877475400575
5.68 0.1467767064462033
5.69 0.14512224348950814
5.7 0.14342628381541658
5.71 0.14168971773714925
5.72 0.13991342784163693
5.73 0.13809828890087986
5.74 0.13624516780159132
5.75 0.1343549234920842
5.76 0.1324284069454178
5.7700000000000005 0.13046646113786511
5.78 0.12846992104181637
5.79 0.1264396136322727
5.8 0.12437635790613799
5.8100000000000005 0.12228096491354874
5.82 0.12015423780053659
5.83 0.11799697186234208
5.84 0.11580995460674673
5.8500000000000005 0.1135939658268249
5.86 0.1113497776825442
5.87 0.10907815479068254
5.88 0.1067798543225596
5.89 0.1044556261091033
5.9 0.10210621275281331
5.91 0.09973234974618979
5.92 0.09733476559624027
5.93 0.09491418195468895
5.94 0.09247131375353677
5.95 0.09000686934564583
5.96 0.08752155065003309
5.97 0.08501605330158708
5.98 0.0824910668049301
5.99 0.0799472746921689
6.0 0.0773853546842892
6.01 0.07480597885596847
6.0200000000000005 0.07220981380359033
6.03 0.06959752081625771
6.04 0.06696975604961368
6.05 0.06432717070229224
6.0600000000000005 0.061670411194826746
6.07 0.05900011935085743
6.08 0.056316932580485334
6.09 0.05362148406563193
6.1000000000000005 0.05091440294726595
6.11 0.048196314514372514
6.12 0.04546784039453838
6.13 0.04272959874604256
6.140000000000001 0.03998220445133792
6.15 0.03722626931182267
6.16 0.03446240224379642
6.17 0.03169120947551071
6.18 0.02891329474521777
6.19 0.026129259500130637
6.2 0.02333970309621078
6.21 0.020545222998697148
6.22 0.017746414983302237
6.23 0.014943873337994011
6.24 0.012138191065291225
6.25 0.009329960084995108
6.26 0.006519771437290274
6.2700000000000005 0.003708215486140541
6.28 0.0008958821229126605
6.29 0.0019166390298443361
6.3 0.004728758414527919
6.3100000000000005 0.007539886334590624
6.32 0.010349432750693397
6.33 0.013156807076975726
6.34 0.0159614179775061
6.3500000000000005 0.01876267316298566
6.36 0.021559979187772273
6.37 0.024352741247299487
6.38 0.02714036297595869
6.390000000000001 0.029922246245521446
6.4 0.03269779096417559
6.41 0.03546639487625685
6.42 0.03822745336275147
6.43 0.04098035924265674
6.44 0.04372450257528483
6.45 0.046459270463597616
6.46 0.0491840468586698
6.47 0.051898212365374057
6.48 0.05460114404939155
6.49 0.057292215245654136
6.5 0.05997079536833302
6.51 0.06263624972248664
6.5200000000000005 0.0652879393174972
6.53 0.06792522068242181
6.54 0.07054744568340167
6.55 0.0731539613432707
6.5600000000000005 0.07574410966351983
6.57 0.07831722744878039
6.58 0.08087264613400227
6.59 0.08340969161450427
6.6000000000000005 0.08592768407910037
6.61 0.0884259378464991
6.62 0.09090376120520617
6.63 0.09336045625715633
6.640000000000001 0.09579531876532411
6.65 0.09820763800558044
6.66 0.10059669662307309
6.67 0.10296177049342913
6.68 0.1053021285890976
6.69 0.10761703285116855
6.7 0.10990573806702707
6.71 0.11216749175422484
6.72 0.1144015340509694
6.73 0.11660709761366693
6.74 0.11878340752197017
6.75 0.12092968119182097
6.76 0.12304512829699651
6.7700000000000005 0.12512895069971106
6.78 0.12718034239084589
6.79 0.12919848944042786
6.8 0.13118256995899955
6.8100000000000005 0.13313175407057387
6.82 0.13504520389789693
6.83 0.13692207356079386
6.84 0.13876150918840358
6.8500000000000005 0.1405626489461682
6.86 0.1423246230784752
6.87 0.14404655396791335
6.88 0.14572755621214195
6.890000000000001 0.14736673671943556
6.9 0.1489631948240076
6.91 0.1505160224222924
6.92 0.15202430413139534
6.93 0.15348711747100577
6.94 0.15490353307010585
6.95 0.15627261489988098
6.96 0.15759342053429742
6.97 0.158865001439868
6.98 0.16008640329619744
6.99 0.1612566663489509
7.0 0.16237482579696536
7.01 0.1634399122152628
7.0200000000000005 0.16445095201580662
7.03 0.16540696794787668
7.04 0.166306979640017
7.05 0.16715000418553627
7.0600000000000005 0.16793505677360993
7.07 0.1686611513680604
7.08 0.16932730143594119
7.09 0.1699325207280683
7.1000000000000005 0.17047582411367543
7.11 0.17095622847138128
7.12 0.17137275363865795
7.13 0.17172442342198535
7.140000000000001 0.17201026666986105
7.15 0.172229318410795
7.16 0.1723806210583752
7.17 0.17246322568542374
7.18 0.17247619336918074
7.19 0.17241859660934283
7.2 0.17228952082067242
7.21 0.17208806590172038
7.22 0.17181334788105476
7.23 0.1714645006421712
7.24 0.17104067772802603
7.25 0.17054105422588658
7.26 0.16996482873287946
7.2700000000000005 0.16931122540230287
7.28 0.16857949607039463
7.29 0.16776892246285038
7.3 0.16687881847994987
7.3100000000000005 0.16590853255865678
7.32 0.1648574501095602
7.33 0.16372499602594986
7.34 0.1625106372617262
7.3500000000000005 0.1612138854742127
7.36 0.15983429972726051
7.37 0.15837148924931935
7.38 0.1568251162404169
7.390000000000001 0.15519489872119346
7.4 0.15348061341635535
7.41 0.15168209866406387
7.42 0.14979925734193952
7.43 0.1478320597995083
7.44 0.14578054678603403
7.45 0.14364483236183562
7.46 0.14142510678032558
7.47 0.1391216393271757
7.48 0.1367347811022075
7.49 0.13426496772884508
7.5 0.13171272197525088
7.51 0.12907865627061998
7.5200000000000005 0.12636347509952842
7.53 0.12356797725675014
7.54 0.12069305794457261
7.55 0.1177397106943717
7.5600000000000005 0.11470902909406294
7.57 0.11160220830304543
7.58 0.10842054633640387
7.59 0.10516544510043714
7.6000000000000005 0.10183841116207443
7.61 0.09844105623538889
7.62 0.09497509736926284
7.63 0.09144235682130791
7.640000000000001 0.08784476160434623
7.65 0.08418434269319293
7.66 0.08046323388106931
7.67 0.076683670276777
7.68 0.07284798643570525
7.69 0.06895861411986721
7.7 0.0650180796844339
7.71 0.061029001090608694
7.72 0.05699408454720285
7.73 0.05291612078584474
7.74 0.04879798097739883
7.75 0.044642612299841705
7.76 0.04045303317052142
7.7700000000000005 0.036232328158358
7.78 0.031983642594133374
7.79 0.02771017689949601
7.8 0.02341518065768145
7.8100000000000005 0.019101946451138507
7.82 0.014773803493287566
7.83 0.010434111083427195
7.84 0.006086251915394338
7.8500000000000005 0.0017336252718740304
7.86 0.0026203598627005005
7.87 0.006972291736990886
7.88 0.01131876278122491
7.890000000000001 0.015656376535071386
7.9 0.01998175452086935
7.91 0.02429154302867189
7.92 0.028582419780347538
7.930000000000001 0.03285110044108632
7.94 0.037094344948009964
7.95 0.041308963627216734
7.96 0.04549182307242861
7.97 0.04963985176048625
7.98 0.05375004538116178
7.99 0.05781947186115836
8.0 0.06184527606467457
8.01 0.06582468415549765
8.02 0.06975500760825337
8.03 0.07363364685910624
8.040000000000001 0.07745809458887686
8.05 0.08122593863416501
8.06 0.08493486452466104
8.07 0.08858265764726334
8.08 0.09216720504003546
8.09 0.0956864968212385
8.1 0.09913862726077229
8.11 0.10252179550328934
8.120000000000001 0.10583430595397744
8.13 0.10907456833958734
8.14 0.11224109745865338
8.15 0.11533251263603769
8.16 0.11834753689792928
8.17 0.12128499588423337
8.18 0.12414381651590722
8.19 0.1269230254352498
8.2 0.12962174723741665
8.21 0.13223920251156707
8.22 0.13477470570999417
8.23 0.1372276628634444
8.24 0.13959756916052166
8.25 0.1418840064086673
8.26 0.14408664039371805
8.27 0.14620521815443396
8.28 0.14823956518773734
8.290000000000001 0.15018958259967227
8.3 0.1520552442163271
8.31 0.1538365936681476
8.32 0.15553374146022445
8.33 0.15714686204029413
8.34 0.15867619087532034
8.35 0.16012202154665856
8.36 0.16148470287295286
8.370000000000001 0.1627646360690751
8.38 0.163962271948574
8.39 0.16507810817633667
8.4 0.1661126865773523
8.41 0.1670665905067689
8.42 0.16794044228570618
8.43 0.1687349007066216
8.44 0.16945065861141445
8.45 0.17008844054484684
8.46 0.17064900048531054
8.47 0.17113311965447614
8.48 0.1715416044068651
8.49 0.17187528419997603
8.5 0.17213500964519032
8.51 0.17232165063931876
8.52 0.17243609457635242
8.53 0.17247924463866016
8.540000000000001 0.17245201816665104
8.55 0.17235534510566977
8.56 0.17219016652870828
8.57 0.17195743323334728
8.58 0.1716581044111929
8.59 0.1712931463879505
8.6 0.1708635314321876
8.61 0.17037023663074344
8.620000000000001 0.16981424282869792
8.63 0.16919653363175227
8.64 0.16851809446885285
8.65 0.16777991171287251
8.66 0.16698297185715516
8.67 0.16612826074573833
8.68 0.16521676285509024
8.69 0.1642494606252084
8.700000000000001 0.1632273338379732
8.71 0.1621513590406814
8.72 0.16102250901272802
8.73 0.15984175227345293
8.74 0.1586100526292264
8.75 0.15732836875789058
8.76 0.15599765382874772
8.77 0.1546188551563297
8.78 0.15319291388625478
8.790000000000001 0.151720764711531
8.8 0.1502033356177397
8.81 0.1486415476555735
8.82 0.1470363147392923
8.83 0.14538854346969576
8.84 0.14369913298028875
8.85 0.1419689748053682
8.86 0.14019895276881725
8.870000000000001 0.13838994289245476
8.88 0.13654281332283727
8.89 0.1346584242754664
8.9 0.13273762799541022
8.91 0.13078126873339097
8.92 0.12879018273644718
8.93 0.12676519825231797
8.94 0.12470713554674595
8.950000000000001 0.1226168069329417
8.96 0.12049501681248564
8.97 0.11834256172698854
8.98 0.11616023041987081
8.99 0.11394880390765176
9.0 0.11170905556017723
9.01 0.10944175118924755
9.02 0.10714764914513537
9.03 0.10482750042051699
9.040000000000001 0.1024820487613631
9.05 0.10011203078436827
9.06 0.09771817610051221
9.07 0.09530120744438718
9.08 0.09286184080892744
9.09 0.09040078558521446
9.1 0.08791874470704138
9.11 0.0854164147999441
9.120000000000001 0.08289448633441997
9.13 0.08035364378307686
9.14 0.07779456578146234
9.15 0.075217925292347
9.16 0.07262438977324276
9.17 0.07001462134695158
9.18 0.06738927697495165
9.19 0.0647490086334404
9.200000000000001 0.06209446349186254
9.21 0.059426284093763014
9.22 0.056745108539806924
9.23 0.05405157067283021
9.24 0.05134630026477765
9.25 0.04862992320540234
9.26 0.04590306169260226
9.27 0.04316633442427807
9.28 0.04042035679160071
9.290000000000001 0.03766574107358296
9.3 0.0349030966328566
9.31 0.032133030112551
9.32 0.029356145634191207
9.33 0.026573044996518302
9.34 0.02378432787515012
9.35 0.020990592022998557
9.36 0.018192433471364216
9.370000000000001 0.015390446731629651
9.38 0.012585224997479317
9.39 0.009777360347564512
9.4 0.006967443948551881
9.41 0.004156066258476452
9.42 0.0013438172303331353
9.43 0.0014687134841631683
9.44 0.00428093633071697
9.450000000000001 0.007092261648559673
9.46 0.009902099466589992
9.47 0.012709859299622848
9.48 0.015514949944805075
9.49 0.018316779278274357
9.5 0.021114754052128162
9.51 0.023908279691774177
9.52 0.026696760093734197
9.53 0.029479597423975115
9.540000000000001 0.03225619191684341
9.55 0.03502594167467769
9.56 0.03778824246818633
9.57 0.04054248753766406
9.58 0.04328806739513959
9.59 0.04602436962754078
9.6 0.048750778700970866
9.61 0.05146667576619267
9.620000000000001 0.0541714384654214
9.63 0.0568644407405301
9.64 0.05954505264278612
9.65 0.06221264014422559
9.66 0.06486656495079605
9.67 0.06750618431739519
9.68 0.07013085086494085
9.69 0.07273991239962023
9.700000000000001 0.07533271173446847
9.71 0.07790858651343871
9.72 0.08046686903813968
9.73 0.08300688609741595
9.74 0.08552795879996969
9.75 0.0880294024102264
9.76 0.09051052618766249
9.77 0.09297063322982702
9.78 0.09540902031930316
9.790000000000001 0.09782497777486839
9.8 0.10021778930713555
9.81 0.10258673187896725
9.82 0.10493107557097728
9.83 0.10725008345245388
9.84 0.10954301145806046
9.85 0.11180910827068838
9.86 0.11404761521086688
9.870000000000001 0.11625776613315084
9.88 0.11843878732994188
9.89 0.1205898974432239
9.9 0.12271030738472036
9.91 0.12479922026501429
9.92 0.12685583133220624
9.93 0.12887932792071652
9.94 0.13086888941087718
9.950000000000001 0.13282368719999232
9.96 0.13474288468559112
9.97 0.13662563726163718
9.98 0.13847109232849403
9.99 0.14027838931750616
