0.0 0.10379252094087006
0.01 0.1942634724013079
0.02 0.2737054160020035
0.03 0.34383529137926283
0.04 0.4059920362205945
0.05 0.4612528735610473
0.06 0.5105056302645595
0.07 0.5544957810327059
0.08 0.5938582461542091
0.09 0.6291396310248786
0.1 0.6608142819926363
0.11 0.6892962341666867
0.12 0.7149483651702084
0.13 0.7380896058113119
0.14 0.7590007688164777
0.15 0.7779293710790441
0.16 0.7950937037684541
0.17 0.8106863246208034
0.18 0.8248770933677987
0.19 0.837815835468066
0.2 0.8496346952203722
0.21 0.860450223115821
0.22 0.870365231364906
0.23 0.8794704441914901
0.24 0.8878459645474833
0.25 0.8955625755664075
0.26 0.9026828927884769
0.27 0.9092623815737215
0.28 0.9153502529130961
0.29 0.920990249876344
0.3 0.9262213360872475
0.31 0.9310782968237405
0.32 0.9355922625654524
0.33 0.9397911640391572
0.34 0.9437001270416068
0.35000000000000003 0.9473418145554307
0.36 0.9507367229270361
0.37 0.9539034381562889
0.38 0.9568588576658105
0.39 0.95961838228051
0.4 0.9621960825606676
0.41000000000000003 0.9646048430972989
0.42 0.9668564878973294
0.43 0.9689618895572836
0.44 0.970931064545399
0.45 0.9727732565800583
0.46 0.9744970098034128
0.47000000000000003 0.9761102331989476
0.48 0.977620257486408
0.49 0.979033885542932
0.5 0.9803574372416365
0.51 0.9815967894647456
0.52 0.982757411934477
0.53 0.9838443994084213
0.54 0.9848625007045693
0.55 0.985816144952238
0.56 0.9867094654069917
0.5700000000000001 0.9875463211186136
0.58 0.9883303166998157
0.59 0.989064820408484
0.6 0.9897529807268033
0.61 0.9903977415957284
0.62 0.9910018564422264
0.63 0.9915679011188882
0.64 0.9920982858603787
0.65 0.9925952663483402
0.66 0.9930609539653807
0.67 0.9934973253094236
0.68 0.9939062310316438
0.6900000000000001 0.9942894040543124
0.7000000000000001 0.9946484672189047
0.71 0.9949849404096611
0.72 0.9953002471933016
0.73 0.9955957210116726
0.74 0.9958726109606757
0.75 0.9961320871858019
0.76 0.9963752459219302
0.77 0.9966031142026821
0.78 0.9968166542625172
0.79 0.9970167676528685
0.8 0.9972042990919324
0.81 0.9973800400661971
0.8200000000000001 0.9975447322004288
0.8300000000000001 0.9976990704115808
0.84 0.9978437058609578
0.85 0.9979792487179391
0.86 0.9981062707476109
0.87 0.9982253077337991
0.88 0.9983368617481918
0.89 0.9984414032755099
0.9 0.9985393732040108
0.91 0.9986311846899788
0.92 0.9987172249042837
0.93 0.9987978566685503
0.9400000000000001 0.9988734199879846
0.9500000000000001 0.9989442334874417
0.96 0.9990105957568878
0.97 0.9990727866120154
0.98 0.9991310682753892
0.99 0.9991856864831627
1.0 0.9992368715220742
1.01 0.9992848392011343
1.02 0.9993297917621302
1.03 0.9993719187328145
1.04 0.9994113977263922
1.05 0.9994483951906985
1.06 0.9994830671102355
1.07 0.9995155596640437
1.08 0.9995460098421891
1.09 0.999574546023472
1.1 0.9996012885168026
1.11 0.9996263500685288
1.12 0.9996498363378604
1.1300000000000001 0.9996718463423971
1.1400000000000001 0.9996924728756432
1.1500000000000001 0.9997118028982694
1.16 0.9997299179047751
1.17 0.9997468942670978
1.18 0.9997628035566196
1.19 0.9997777128459309
1.2 0.999791684991621
1.21 0.9998047788992933
1.22 0.999817049771919
1.23 0.9998285493425788
1.24 0.9998393260925743
1.25 0.9998494254558282
1.26 0.9998588900104355
1.27 0.9998677596581736
1.28 0.9998760717927296
1.29 0.9998838614573512
1.3 0.9998911614925888
1.31 0.9998980026747513
1.32 0.9999044138456564
1.33 0.9999104220342284
1.34 0.9999160525704497
1.35 0.9999213291921513
1.36 0.9999262741450896
1.37 0.999930908276734
1.3800000000000001 0.9999352511241575
1.3900000000000001 0.9999393209964043
1.4000000000000001 0.9999431350516789
1.41 0.9999467093696848
1.42 0.9999500590194135
1.43 0.9999531981226765
1.44 0.9999561399136393
1.45 0.9999588967946178
1.46 0.9999614803883634
1.47 0.999963901587065
1.48 0.999966170598269
1.49 0.9999682969879131
1.5 0.9999702897206557
1.51 0.9999721571976704
1.52 0.9999739072920641
1.53 0.9999755473820701
1.54 0.9999770843821525
1.55 0.999978524772159
1.56 0.9999798746246376
1.57 0.9999811396304387
1.58 0.9999823251227072
1.59 0.9999834360993666
1.6 0.9999844772441894
1.61 0.9999854529465434
1.62 0.9999863673198978
1.6300000000000001 0.9999872242191638
1.6400000000000001 0.9999880272569478
1.6500000000000001 0.9999887798187811
1.6600000000000001 0.9999894850773929
1.67 0.9999901460060872
1.68 0.9999907653912765
1.69 0.99999134584423
1.7 0.9999918898120825
1.71 0.999992399588151
1.72 0.9999928773216032
1.73 0.9999933250265179
1.74 0.9999937445903768
1.75 0.9999941377820211
1.76 0.99999450625911
1.77 0.9999948515751077
1.78 0.9999951751858337
1.79 0.9999954784556002
1.8 0.9999957626629639
1.81 0.9999960290061161
1.82 0.9999962786079343
1.83 0.9999965125207161
1.84 0.9999967317306154
1.85 0.9999969371618009
1.86 0.9999971296803505
1.87 0.9999973100979045
1.8800000000000001 0.999997479175086
1.8900000000000001 0.9999976376247086
1.9000000000000001 0.9999977861147806
1.9100000000000001 0.9999979252713223
1.92 0.9999980556810045
1.93 0.9999981778936221
1.94 0.9999982924244116
1.95 0.9999983997562244
1.96 0.9999985003415609
1.97 0.9999985946044795
1.98 0.9999986829423837
1.99 0.9999987657276979
2.0 0.9999988433094368
2.0100000000000002 0.9999989160146779
2.02 0.9999989841499396
2.0300000000000002 0.9999990480024736
2.04 0.9999991078414765
2.05 0.9999991639192234
2.06 0.9999992164721327
2.07 0.9999992657217629
2.08 0.9999993118757455
2.09 0.9999993551286618
2.1 0.9999993956628614
2.11 0.999999433649233
2.12 0.9999994692479233
2.13 0.999999502609013
2.14 0.9999995338731497
2.15 0.9999995631721397
2.16 0.9999995906295047
2.17 0.9999996163610027
2.18 0.9999996404751148
2.19 0.9999996630735041
2.2 0.999999684251443
2.21 0.9999997040982161
2.22 0.9999997226974954
2.23 0.9999997401276935
2.24 0.9999997564622943
2.25 0.9999997717701635
2.2600000000000002 0.9999997861158372
2.27 0.9999997995597957
2.2800000000000002 0.999999812158717
2.29 0.9999998239657173
2.3000000000000003 0.9999998350305739
2.31 0.9999998453999349
2.32 0.9999998551175168
2.33 0.9999998642242878
2.34 0.9999998727586411
2.35 0.999999880756557
2.36 0.9999998882517538
2.37 0.9999998952758306
2.38 0.9999999018584004
2.39 0.9999999080272142
2.4 0.9999999138082796
2.41 0.9999999192259686
2.42 0.9999999243031223
2.43 0.999999929061145
2.44 0.9999999335200963
2.45 0.9999999376987744
2.46 0.9999999416147963
2.47 0.9999999452846722
2.48 0.9999999487238729
2.49 0.9999999519468985
2.5 0.9999999549673368
2.5100000000000002 0.9999999577979217
2.52 0.9999999604505867
2.5300000000000002 0.9999999629365149
2.54 0.9999999652661872
2.5500000000000003 0.9999999674494248
2.56 0.9999999694954322
2.57 0.9999999714128355
2.58 0.9999999732097177
2.59 0.9999999748936548
2.6 0.9999999764717458
2.61 0.9999999779506439
2.62 0.9999999793365842
2.63 0.9999999806354093
2.64 0.999999981852595
2.65 0.9999999829932733
2.66 0.9999999840622525
2.67 0.9999999850640399
2.68 0.9999999860028587
2.69 0.9999999868826668
2.7 0.9999999877071734
2.71 0.9999999884798547
2.72 0.999999989203968
2.73 0.9999999898825666
2.74 0.9999999905185107
2.75 0.9999999911144818
2.7600000000000002 0.9999999916729924
2.77 0.999999992196397
2.7800000000000002 0.9999999926869023
2.79 0.9999999931465764
2.8000000000000003 0.9999999935773571
2.81 0.9999999939810605
2.82 0.9999999943593886
2.83 0.9999999947139363
2.84 0.9999999950461986
2.85 0.9999999953575761
2.86 0.9999999956493818
2.87 0.9999999959228454
2.88 0.9999999961791202
2.89 0.9999999964192865
2.9 0.9999999966443568
2.91 0.9999999968552801
2.92 0.9999999970529457
2.93 0.9999999972381864
2.94 0.9999999974117838
2.95 0.9999999975744696
2.96 0.9999999977269295
2.97 0.9999999978698063
2.98 0.9999999980037025
2.99 0.9999999981291824
3.0 0.999999998246775
3.0100000000000002 0.9999999983569763
3.02 0.9999999984602508
3.0300000000000002 0.9999999985570338
3.04 0.9999999986477333
3.0500000000000003 0.9999999987327319
3.06 0.9999999988123875
3.0700000000000003 0.9999999988870365
3.08 0.9999999989569934
3.09 0.9999999990225529
3.1 0.9999999990839916
3.11 0.9999999991415687
3.12 0.9999999991955265
3.13 0.9999999992460927
3.14 0.9999999992934807
3.15 0.99999999933789
3.16 0.9999999993795078
3.17 0.9999999994185097
3.18 0.9999999994550602
3.19 0.9999999994893132
3.2 0.9999999995214132
3.21 0.9999999995514953
3.22 0.9999999995796868
3.23 0.9999999996061063
3.24 0.9999999996308649
3.25 0.9999999996540675
3.2600000000000002 0.9999999996758115
3.27 0.9999999996961888
3.2800000000000002 0.9999999997152855
3.29 0.9999999997331817
3.3000000000000003 0.9999999997499529
3.31 0.99999999976567
3.3200000000000003 0.9999999997803992
3.33 0.9999999997942024
3.34 0.9999999998071383
3.35 0.9999999998192609
3.36 0.9999999998306217
3.37 0.9999999998412682
3.38 0.9999999998512455
3.39 0.9999999998605958
3.4 0.9999999998693583
3.41 0.9999999998775699
3.42 0.9999999998852656
3.43 0.9999999998924775
3.44 0.999999999899236
3.45 0.9999999999055698
3.46 0.9999999999115056
3.47 0.9999999999170681
3.48 0.9999999999222811
3.49 0.9999999999271663
3.5 0.9999999999317444
3.5100000000000002 0.9999999999360348
3.52 0.9999999999400556
3.5300000000000002 0.9999999999438234
3.54 0.9999999999473547
3.5500000000000003 0.999999999950664
3.56 0.9999999999537651
3.5700000000000003 0.9999999999566713
3.58 0.9999999999593949
3.59 0.9999999999619472
3.6 0.9999999999643391
3.61 0.9999999999665808
3.62 0.9999999999686815
3.63 0.9999999999706501
3.64 0.9999999999724951
3.65 0.9999999999742241
3.66 0.9999999999758444
3.67 0.999999999977363
3.68 0.999999999978786
3.69 0.9999999999801196
3.7 0.9999999999813691
3.71 0.9999999999825402
3.72 0.9999999999836378
3.73 0.9999999999846664
3.74 0.9999999999856303
3.75 0.9999999999865337
3.7600000000000002 0.9999999999873803
3.77 0.9999999999881737
3.7800000000000002 0.999999999988917
3.79 0.9999999999896138
3.8000000000000003 0.9999999999902667
3.81 0.9999999999908785
3.8200000000000003 0.999999999991452
3.83 0.9999999999919894
3.84 0.999999999992493
3.85 0.999999999992965
3.86 0.9999999999934072
3.87 0.9999999999938217
3.88 0.9999999999942102
3.89 0.9999999999945741
3.9 0.9999999999949153
3.91 0.9999999999952351
3.92 0.9999999999955347
3.93 0.9999999999958153
3.94 0.9999999999960786
3.95 0.999999999996325
3.96 0.999999999996556
3.97 0.9999999999967726
3.98 0.9999999999969755
3.99 0.9999999999971657
4.0 0.9999999999973439
4.01 0.999999999997511
4.0200000000000005 0.9999999999976674
4.03 0.9999999999978141
4.04 0.9999999999979517
4.05 0.9999999999980805
4.0600000000000005 0.9999999999982012
4.07 0.9999999999983142
4.08 0.9999999999984204
4.09 0.9999999999985197
4.1 0.9999999999986128
4.11 0.9999999999987002
4.12 0.9999999999987821
4.13 0.9999999999988587
4.14 0.9999999999989306
4.15 0.9999999999989979
4.16 0.9999999999990609
4.17 0.99999999999912
4.18 0.9999999999991754
4.19 0.9999999999992273
4.2 0.9999999999992759
4.21 0.9999999999993215
4.22 0.9999999999993643
4.23 0.9999999999994045
4.24 0.999999999999442
4.25 0.9999999999994771
4.26 0.99999999999951
4.2700000000000005 0.9999999999995407
4.28 0.9999999999995698
4.29 0.9999999999995969
4.3 0.9999999999996224
4.3100000000000005 0.9999999999996463
4.32 0.9999999999996687
4.33 0.9999999999996896
4.34 0.9999999999997091
4.3500000000000005 0.9999999999997274
4.36 0.9999999999997446
4.37 0.9999999999997607
4.38 0.999999999999776
4.39 0.9999999999997901
4.4 0.9999999999998034
4.41 0.9999999999998158
4.42 0.9999999999998275
4.43 0.9999999999998384
4.44 0.9999999999998486
4.45 0.9999999999998581
4.46 0.9999999999998672
4.47 0.9999999999998757
4.48 0.9999999999998836
4.49 0.999999999999891
4.5 0.9999999999998981
4.51 0.9999999999999044
4.5200000000000005 0.9999999999999106
4.53 0.9999999999999163
4.54 0.9999999999999216
4.55 0.9999999999999266
4.5600000000000005 0.9999999999999313
4.57 0.9999999999999357
4.58 0.9999999999999398
4.59 0.9999999999999437
4.6000000000000005 0.9999999999999473
4.61 0.9999999999999506
4.62 0.9999999999999538
4.63 0.9999999999999568
4.64 0.9999999999999596
4.65 0.9999999999999621
4.66 0.9999999999999645
4.67 0.9999999999999668
4.68 0.9999999999999689
4.69 0.999999999999971
4.7 0.9999999999999729
4.71 0.9999999999999747
4.72 0.9999999999999764
4.73 0.9999999999999779
4.74 0.9999999999999793
4.75 0.9999999999999807
4.76 0.9999999999999819
4.7700000000000005 0.9999999999999832
4.78 0.9999999999999842
4.79 0.9999999999999855
4.8 0.9999999999999862
4.8100000000000005 0.9999999999999873
4.82 0.9999999999999881
4.83 0.9999999999999889
4.84 0.9999999999999896
4.8500000000000005 0.9999999999999905
4.86 0.9999999999999912
4.87 0.9999999999999918
4.88 0.9999999999999922
4.89 0.9999999999999928
4.9 0.9999999999999933
4.91 0.9999999999999939
4.92 0.9999999999999942
4.93 0.9999999999999947
4.94 0.9999999999999951
4.95 0.9999999999999953
4.96 0.9999999999999958
4.97 0.9999999999999961
4.98 0.9999999999999966
4.99 0.9999999999999968
5.0 0.9999999999999971
5.01 0.9999999999999972
5.0200000000000005 0.9999999999999974
5.03 0.9999999999999977
5.04 0.9999999999999978
5.05 0.999999999999998
5.0600000000000005 0.9999999999999981
5.07 0.9999999999999984
5.08 0.9999999999999986
5.09 0.9999999999999987
5.1000000000000005 0.9999999999999989
5.11 0.9999999999999991
5.12 0.9999999999999992
5.13 0.9999999999999994
5.14 0.9999999999999997
5.15 0.9999999999999999
5.16 1.0
5.17 1.0
5.18 1.0
5.19 1.0
5.2 1.0
5.21 1.0
5.22 1.0
5.23 1.0
5.24 1.0
5.25 1.0
5.26 1.0
5.2700000000000005 1.0
5.28 1.0
5.29 1.0
5.3 1.0
5.3100000000000005 1.0
5.32 1.0
5.33 1.0
5.34 1.0
5.3500000000000005 1.0
5.36 1.0
5.37 1.0
5.38 1.0
5.39 1.0
5.4 1.0
5.41 1.0
5.42 1.0
5.43 1.0
5.44 1.0
5.45 1.0
5.46 1.0
5.47 1.0
5.48 1.0
5.49 1.0
5.5 1.0
5.51 1.0
5.5200000000000005 1.0
5.53 1.0
5.54 1.0
5.55 1.0
5.5600000000000005 1.0
5.57 1.0
5.58 1.0
5.59 1.0
5.6000000000000005 1.0
5.61 1.0
5.62 1.0
5.63 1.0
5.64 1.0
5.65 1.0
5.66 1.0
5.67 1.0
5.68 1.0
5.69 1.0
5.7 1.0
5.71 1.0
5.72 1.0
5.73 1.0
5.74 1.0
5.75 1.0
5.76 1.0
5.7700000000000005 1.0
5.78 1.0
5.79 1.0
5.8 1.0
5.8100000000000005 1.0
5.82 1.0
5.83 1.0
5.84 1.0
5.8500000000000005 1.0
5.86 1.0
5.87 1.0
5.88 1.0
5.89 1.0
5.9 1.0
5.91 1.0
5.92 1.0
5.93 1.0
5.94 1.0
5.95 1.0
5.96 1.0
5.97 1.0
5.98 1.0
5.99 1.0
6.0 1.0
6.01 1.0
6.0200000000000005 1.0
6.03 1.0
6.04 1.0
6.05 1.0
6.0600000000000005 1.0
6.07 1.0
6.08 1.0
6.09 1.0
6.1000000000000005 1.0
6.11 1.0
6.12 1.0
6.13 1.0
6.140000000000001 1.0
6.15 1.0
6.16 1.0
6.17 1.0
6.18 1.0
6.19 1.0
6.2 1.0
6.21 1.0
6.22 1.0
6.23 1.0
6.24 1.0
6.25 1.0
6.26 1.0
6.2700000000000005 1.0
6.28 1.0
6.29 1.0
6.3 1.0
6.3100000000000005 1.0
6.32 1.0
6.33 1.0
6.34 1.0
6.3500000000000005 1.0
6.36 1.0
6.37 1.0
6.38 1.0
6.390000000000001 1.0
6.4 1.0
6.41 1.0
6.42 1.0
6.43 1.0
6.44 1.0
6.45 1.0
6.46 1.0
6.47 1.0
6.48 1.0
6.49 1.0
6.5 1.0
6.51 1.0
6.5200000000000005 1.0
6.53 1.0
6.54 1.0
6.55 1.0
6.5600000000000005 1.0
6.57 1.0
6.58 1.0
6.59 1.0
6.6000000000000005 1.0
6.61 1.0
6.62 1.0
6.63 1.0
6.640000000000001 1.0
6.65 1.0
6.66 1.0
6.67 1.0
6.68 1.0
6.69 1.0
6.7 1.0
6.71 1.0
6.72 1.0
6.73 1.0
6.74 1.0
6.75 1.0
6.76 1.0
6.7700000000000005 1.0
6.78 1.0
6.79 1.0
6.8 1.0
6.8100000000000005 1.0
6.82 1.0
6.83 1.0
6.84 1.0
6.8500000000000005 1.0
6.86 1.0
6.87 1.0
6.88 1.0
6.890000000000001 1.0
6.9 1.0
6.91 1.0
6.92 1.0
6.93 1.0
6.94 1.0
6.95 1.0
6.96 1.0
6.97 1.0
6.98 1.0
6.99 1.0
7.0 1.0
7.01 1.0
7.0200000000000005 1.0
7.03 1.0
7.04 1.0
7.05 1.0
7.0600000000000005 1.0
7.07 1.0
7.08 1.0
7.09 1.0
7.1000000000000005 1.0
7.11 1.0
7.12 1.0
7.13 1.0
7.140000000000001 1.0
7.15 1.0
7.16 1.0
7.17 1.0
7.18 1.0
7.19 1.0
7.2 1.0
7.21 1.0
7.22 1.0
7.23 1.0
7.24 1.0
7.25 1.0
7.26 1.0
7.2700000000000005 1.0
7.28 1.0
7.29 1.0
7.3 1.0
7.3100000000000005 1.0
7.32 1.0
7.33 1.0
7.34 1.0
7.3500000000000005 1.0
7.36 1.0
7.37 1.0
7.38 1.0
7.390000000000001 1.0
7.4 1.0
7.41 1.0
7.42 1.0
7.43 1.0
7.44 1.0
7.45 1.0
7.46 1.0
7.47 1.0
7.48 1.0
7.49 1.0
7.5 1.0
7.51 1.0
7.5200000000000005 1.0
7.53 1.0
7.54 1.0
7.55 1.0
7.5600000000000005 1.0
7.57 1.0
7.58 1.0
7.59 1.0
7.6000000000000005 1.0
7.61 1.0
7.62 1.0
7.63 1.0
7.640000000000001 1.0
7.65 1.0
7.66 1.0
7.67 1.0
7.68 1.0
7.69 1.0
7.7 1.0
7.71 1.0
7.72 1.0
7.73 1.0
7.74 1.0
7.75 1.0
7.76 1.0
7.7700000000000005 1.0
7.78 1.0
7.79 1.0
7.8 1.0
7.8100000000000005 1.0
7.82 1.0
7.83 1.0
7.84 1.0
7.8500000000000005 1.0
7.86 1.0
7.87 1.0
7.88 1.0
7.890000000000001 1.0
7.9 1.0
7.91 1.0
7.92 1.0
7.930000000000001 1.0
7.94 1.0
7.95 1.0
7.96 1.0
7.97 1.0
7.98 1.0
7.99 1.0
8.0 1.0
8.01 1.0
8.02 1.0
8.03 1.0
8.040000000000001 1.0
8.05 1.0
8.06 1.0
8.07 1.0
8.08 1.0
8.09 1.0
8.1 1.0
8.11 1.0
8.120000000000001 1.0
8.13 1.0
8.14 1.0
8.15 1.0
8.16 1.0
8.17 1.0
8.18 1.0
8.19 1.0
8.2 1.0
8.21 1.0
8.22 1.0
8.23 1.0
8.24 1.0
8.25 1.0
8.26 1.0
8.27 1.0
8.28 1.0
8.290000000000001 1.0
8.3 1.0
8.31 1.0
8.32 1.0
8.33 1.0
8.34 1.0
8.35 1.0
8.36 1.0
8.370000000000001 1.0
8.38 1.0
8.39 1.0
8.4 1.0
8.41 1.0
8.42 1.0
8.43 1.0
8.44 1.0
8.45 1.0
8.46 1.0
8.47 1.0
8.48 1.0
8.49 1.0
8.5 1.0
8.51 1.0
8.52 1.0
8.53 1.0
8.540000000000001 1.0
8.55 1.0
8.56 1.0
8.57 1.0
8.58 1.0
8.59 1.0
8.6 1.0
8.61 1.0
8.620000000000001 1.0
8.63 1.0
8.64 1.0
8.65 1.0
8.66 1.0
8.67 1.0
8.68 1.0
8.69 1.0
8.700000000000001 1.0
8.71 1.0
8.72 1.0
8.73 1.0
8.74 1.0
8.75 1.0
8.76 1.0
8.77 1.0
8.78 1.0
8.790000000000001 1.0
8.8 1.0
8.81 1.0
8.82 1.0
8.83 1.0
8.84 1.0
8.85 1.0
8.86 1.0
8.870000000000001 1.0
8.88 1.0
8.89 1.0
8.9 1.0
8.91 1.0
8.92 1.0
8.93 1.0
8.94 1.0
8.950000000000001 1.0
8.96 1.0
8.97 1.0
8.98 1.0
8.99 1.0
9.0 1.0
9.01 1.0
9.02 1.0
9.03 1.0
9.040000000000001 1.0
9.05 1.0
9.06 1.0
9.07 1.0
9.08 1.0
9.09 1.0
9.1 1.0
9.11 1.0
9.120000000000001 1.0
9.13 1.0
9.14 1.0
9.15 1.0
9.16 1.0
9.17 1.0
9.18 1.0
9.19 1.0
9.200000000000001 1.0
9.21 1.0
9.22 1.0
9.23 1.0
9.24 1.0
9.25 1.0
9.26 1.0
9.27 1.0
9.28 1.0
9.290000000000001 1.0
9.3 1.0
9.31 1.0
9.32 1.0
9.33 1.0
9.34 1.0
9.35 1.0
9.36 1.0
9.370000000000001 1.0
9.38 1.0
9.39 1.0
9.4 1.0
9.41 1.0
9.42 1.0
9.43 1.0
9.44 1.0
9.450000000000001 1.0
9.46 1.0
9.47 1.0
9.48 1.0
9.49 1.0
9.5 1.0
9.51 1.0
9.52 1.0
9.53 1.0
9.540000000000001 1.0
9.55 1.0
9.56 1.0
9.57 1.0
9.58 1.0
9.59 1.0
9.6 1.0
9.61 1.0
9.620000000000001 1.0
9.63 1.0
9.64 1.0
9.65 1.0
9.66 1.0
9.67 1.0
9.68 1.0
9.69 1.0
9.700000000000001 1.0
9.71 1.0
9.72 1.0
9.73 1.0
9.74 1.0
9.75 1.0
9.76 1.0
9.77 1.0
9.78 1.0
9.790000000000001 1.0
9.8 1.0
9.81 1.0
9.82 1.0
9.83 1.0
9.84 1.0
9.85 1.0
9.86 1.0
9.870000000000001 1.0
9.88 1.0
9.89 1.0
9.9 1.0
9.91 1.0
9.92 1.0
9.93 1.0
9.94 1.0
9.950000000000001 1.0
9.96 1.0
9.97 1.0
9.98 1.0
9.99 1.0
