0.0 0.07477550554971464
0.01 0.140125884581843
0.02 0.19753043451395066
0.03 0.2481346558660164
0.04 0.29285545382608286
0.05 0.33244613358918046
0.06 0.36753839485370726
0.07 0.3986704904623718
0.08 0.4263067256143191
0.09 0.4508513635924896
0.1 0.47265882495352707
0.11 0.4920413774475059
0.12 0.509275094497529
0.13 0.5246045966671867
0.14 0.5382469208685715
0.15 0.5503947506665718
0.16 0.5612191669411601
0.17 0.570872028504141
0.18 0.5794880588637694
0.19 0.5871866928624023
0.2 0.5940737218271054
0.21 0.6002427657670178
0.22 0.6057765943838198
0.23 0.6107483141112392
0.24 0.6152224353024268
0.25 0.6192558315251201
0.26 0.6228986013619418
0.27 0.6261948419251031
0.28 0.6291833423418131
0.29 0.6318982046649366
0.3 0.6343693989652158
0.31 0.6366232587414691
0.32 0.6386829222311248
0.33 0.6405687247089188
0.34 0.6422985464222098
0.35000000000000003 0.6438881204224787
0.36 0.6453513042082571
0.37 0.646700318787992
0.38 0.6479459584946402
0.39 0.6490977746299176
0.4 0.6501642357788471
0.41000000000000003 0.6511528674098476
0.42 0.6520703731589695
0.43 0.6529227399874898
0.44 0.6537153291996523
0.45 0.6544529551125327
0.46 0.6551399529839566
0.47000000000000003 0.655780237628425
0.48 0.6563773539863353
0.49 0.6569345207593773
0.5 0.6574546680854326
0.51 0.6579404700998613
0.52 0.6583943731165528
0.53 0.6588186200611584
0.54 0.6592152716998293
0.55 0.6595862251287256
0.56 0.6599332299216333
0.5700000000000001 0.6602579022742298
0.58 0.6605617374329228
0.59 0.6608461206527972
0.6 0.6611123368921485
0.61 0.6613615794195472
0.62 0.6615949574826137
0.63 0.6618135031650126
0.64 0.6620181775390225
0.65 0.6622098762048612
0.66 0.6623894342943245
0.67 0.6625576310048026
0.68 0.6627151937200703
0.6900000000000001 0.6628628017661042
0.7000000000000001 0.6630010898433144
0.71 0.6631306511707966
0.72 0.6632520403733316
0.73 0.663365776137737
0.74 0.6634723436616866
0.75 0.6635721969151629
0.76 0.6636657607321906
0.77 0.66375343274837
0.78 0.6638355851978973
0.79 0.6639125665822045
0.8 0.6639847032210032
0.81 0.6640523006953666
0.8200000000000001 0.6641156451914815
0.8300000000000001 0.6641750047528355
0.84 0.664230630447848
0.85 0.6642827574592921
0.86 0.6643316061012748
0.87 0.6643773827690285
0.88 0.6644202808263135
0.89 0.6644604814348306
0.9 0.6644981543296758
0.91 0.6645334585445553
0.92 0.6645665430901789
0.93 0.6645975475889994
0.9400000000000001 0.6646266028692142
0.9500000000000001 0.6646538315207446
0.96 0.6646793484157
0.97 0.6647032611956608
0.98 0.6647256707279502
0.99 0.664746671532908
1.0 0.6647663521840493
1.01 0.664784795682856
1.02 0.6648020798098331
1.03 0.6648182774533556
1.04 0.6648334569177244
1.05 0.6648476822117612
1.06 0.6648610133191822
1.07 0.664873506451912
1.08 0.6648852142874179
1.09 0.6648961861910833
1.1 0.6649064684245649
1.11 0.6649161043410241
1.12 0.6649251345680609
1.1300000000000001 0.6649335971791284
1.1400000000000001 0.6649415278541564
1.1500000000000001 0.6649489600300648
1.16 0.6649559250418038
1.17 0.6649624522545209
1.18 0.6649685691874108
1.19 0.6649743016297756
1.2 0.6649796737497838
1.21 0.6649847081963892
1.22 0.6649894261948393
1.23 0.664993847636178
1.24 0.6649979911611201
1.25 0.6650018742386519
1.26 0.6650055132396885
1.27 0.6650089235061016
1.28 0.665012119415406
1.29 0.6650151144413795
1.3 0.6650179212108729
1.31 0.6650205515570469
1.32 0.6650230165692623
1.33 0.6650253266398359
1.34 0.6650274915078542
1.35 0.6650295203002353
1.36 0.6650314215702083
1.37 0.665033203333374
1.3800000000000001 0.6650348731014992
1.3900000000000001 0.6650364379141863
1.4000000000000001 0.6650379043685521
1.41 0.6650392786470419
1.42 0.6650405665434935
1.43 0.6650417734875649
1.44 0.6650429045676245
1.45 0.6650439645522045
1.46 0.665044957910104
1.47 0.6650458888292298
1.48 0.6650467612342518
1.49 0.6650475788031495
1.5 0.6650483449827179
1.51 0.6650490630030995
1.52 0.6650497358914017
1.53 0.6650503664844587
1.54 0.6650509574407921
1.55 0.6650515112518188
1.56 0.6650520302523544
1.57 0.6650525166304562
1.58 0.6650529724366487
1.59 0.6650533995925682
1.6 0.6650537998990638
1.61 0.6650541750437899
1.62 0.6650545266083217
1.6300000000000001 0.6650548560748216
1.6400000000000001 0.6650551648322897
1.6500000000000001 0.665055454182418
1.6600000000000001 0.6650557253450796
1.67 0.6650559794634707
1.68 0.6650562176089302
1.69 0.665056440785457
1.7 0.6650566499339422
1.71 0.665056845936136
1.72 0.6650570296183651
1.73 0.6650572017550165
1.74 0.665057363071802
1.75 0.6650575142488178
1.76 0.665057655923412
1.77 0.6650577886928712
1.78 0.6650579131169392
1.79 0.6650580297201755
1.8 0.6650581389941687
1.81 0.6650582413996076
1.82 0.6650583373682235
1.83 0.6650584273046114
1.84 0.6650585115879345
1.85 0.6650585905735232
1.86 0.6650586645943735
1.87 0.6650587339625499
1.8800000000000001 0.6650587989705022
1.8900000000000001 0.665058859892298
1.9000000000000001 0.6650589169847776
1.9100000000000001 0.6650589704886375
1.92 0.6650590206294449
1.93 0.6650590676185888
1.94 0.6650591116541711
1.95 0.6650591529218413
1.96 0.6650591915955802
1.97 0.6650592278384325
1.98 0.6650592618031947
1.99 0.6650592936330592
2.0 0.6650593234622173
2.0100000000000002 0.6650593514164262
2.02 0.6650593776135382
2.0300000000000002 0.6650594021639976
2.04 0.6650594251713071
2.05 0.6650594467324632
2.06 0.6650594669383656
2.07 0.6650594858742006
2.08 0.6650595036198
2.09 0.6650595202499773
2.1 0.6650595358348439
2.11 0.6650595504401041
2.12 0.6650595641273322
2.13 0.6650595769542325
2.14 0.6650595889748817
2.15 0.665059600239958
2.16 0.6650596107969536
2.17 0.665059620690376
2.18 0.665059629961935
2.19 0.6650596386507185
2.2 0.6650596467933575
2.21 0.6650596544241806
2.22 0.6650596615753588
2.23 0.6650596682770408
2.24 0.6650596745574799
2.25 0.6650596804431542
2.2600000000000002 0.6650596859588771
2.27 0.6650596911279023
2.2800000000000002 0.6650596959720219
2.29 0.6650597005116582
2.3000000000000003 0.66505970476595
2.31 0.6650597087528328
2.32 0.6650597124891152
2.33 0.6650597159905489
2.34 0.6650597192718956
2.35 0.6650597223469888
2.36 0.6650597252287935
2.37 0.6650597279294586
2.38 0.66505973046037
2.39 0.6650597328321978
2.4 0.6650597350549413
2.41 0.6650597371379715
2.42 0.6650597390900702
2.43 0.6650597409194674
2.44 0.6650597426338755
2.45 0.6650597442405223
2.46 0.6650597457461812
2.47 0.6650597471572002
2.48 0.6650597484795278
2.49 0.6650597497187387
2.5 0.6650597508800575
2.5100000000000002 0.6650597519683802
2.52 0.665059752988295
2.5300000000000002 0.6650597539441018
2.54 0.66505975483983
2.5500000000000003 0.6650597556792563
2.56 0.6650597564659194
2.57 0.6650597572031356
2.58 0.6650597578940132
2.59 0.6650597585414648
2.6 0.6650597591482201
2.61 0.6650597597168372
2.62 0.6650597602497129
2.63 0.6650597607490941
2.64 0.6650597612170861
2.65 0.6650597616556618
2.66 0.6650597620666703
2.67 0.6650597624518443
2.68 0.6650597628128077
2.69 0.6650597631510823
2.7 0.6650597634680943
2.71 0.66505976376518
2.72 0.665059764043592
2.73 0.6650597643045042
2.74 0.6650597645490163
2.75 0.6650597647781593
2.7600000000000002 0.6650597649928993
2.77 0.6650597651941415
2.7800000000000002 0.6650597653827343
2.79 0.665059765559473
2.8000000000000003 0.6650597657251025
2.81 0.6650597658803211
2.82 0.6650597660257833
2.83 0.6650597661621024
2.84 0.6650597662898529
2.85 0.6650597664095734
2.86 0.6650597665217689
2.87 0.6650597666269121
2.88 0.6650597667254463
2.89 0.6650597668177872
2.9 0.6650597669043238
2.91 0.665059766985421
2.92 0.6650597670614208
2.93 0.6650597671326435
2.94 0.6650597671993894
2.95 0.6650597672619399
2.96 0.6650597673205587
2.97 0.6650597673754929
2.98 0.6650597674269741
2.99 0.6650597674752196
3.0 0.6650597675204324
3.0100000000000002 0.6650597675628034
3.02 0.6650597676025111
3.0300000000000002 0.6650597676397229
3.04 0.6650597676745956
3.0500000000000003 0.6650597677072765
3.06 0.6650597677379031
3.0700000000000003 0.6650597677666046
3.08 0.6650597677935021
3.09 0.6650597678187089
3.1 0.6650597678423312
3.11 0.6650597678644689
3.12 0.6650597678852149
3.13 0.6650597679046569
3.14 0.665059767922877
3.15 0.6650597679399518
3.16 0.6650597679559533
3.17 0.665059767970949
3.18 0.6650597679850021
3.19 0.6650597679981719
3.2 0.6650597680105139
3.21 0.6650597680220801
3.22 0.6650597680329193
3.23 0.6650597680430772
3.24 0.6650597680525967
3.25 0.6650597680615177
3.2600000000000002 0.6650597680698781
3.27 0.6650597680777129
3.2800000000000002 0.6650597680850553
3.29 0.6650597680919361
3.3000000000000003 0.6650597680983844
3.31 0.6650597681044275
3.3200000000000003 0.6650597681100906
3.33 0.6650597681153978
3.34 0.6650597681203715
3.35 0.6650597681250325
3.36 0.6650597681294005
3.37 0.6650597681334939
3.38 0.6650597681373301
3.39 0.6650597681409253
3.4 0.6650597681442943
3.41 0.6650597681474517
3.42 0.6650597681504106
3.43 0.6650597681531834
3.44 0.6650597681557819
3.45 0.6650597681582171
3.46 0.6650597681604993
3.47 0.665059768162638
3.48 0.6650597681646423
3.49 0.6650597681665206
3.5 0.6650597681682808
3.5100000000000002 0.6650597681699304
3.52 0.6650597681714763
3.5300000000000002 0.6650597681729251
3.54 0.6650597681742828
3.5500000000000003 0.6650597681755551
3.56 0.6650597681767475
3.5700000000000003 0.6650597681778649
3.58 0.6650597681789121
3.59 0.6650597681798935
3.6 0.6650597681808132
3.61 0.6650597681816751
3.62 0.6650597681824829
3.63 0.6650597681832398
3.64 0.6650597681839492
3.65 0.6650597681846139
3.66 0.6650597681852369
3.67 0.6650597681858207
3.68 0.6650597681863678
3.69 0.6650597681868805
3.7 0.665059768187361
3.71 0.6650597681878113
3.72 0.6650597681882334
3.73 0.6650597681886289
3.74 0.6650597681889996
3.75 0.6650597681893469
3.7600000000000002 0.6650597681896723
3.77 0.6650597681899773
3.7800000000000002 0.6650597681902631
3.79 0.665059768190531
3.8000000000000003 0.6650597681907822
3.81 0.6650597681910175
3.8200000000000003 0.6650597681912379
3.83 0.6650597681914445
3.84 0.6650597681916383
3.85 0.6650597681918197
3.86 0.6650597681919898
3.87 0.6650597681921491
3.88 0.6650597681922984
3.89 0.6650597681924384
3.9 0.6650597681925696
3.91 0.6650597681926925
3.92 0.6650597681928078
3.93 0.6650597681929158
3.94 0.6650597681930169
3.95 0.6650597681931117
3.96 0.6650597681932006
3.97 0.6650597681932838
3.98 0.6650597681933619
3.99 0.665059768193435
4.0 0.6650597681935035
4.01 0.6650597681935677
4.0200000000000005 0.665059768193628
4.03 0.6650597681936844
4.04 0.6650597681937372
4.05 0.6650597681937869
4.0600000000000005 0.6650597681938334
4.07 0.6650597681938768
4.08 0.6650597681939177
4.09 0.6650597681939558
4.1 0.6650597681939917
4.11 0.6650597681940252
4.12 0.6650597681940567
4.13 0.6650597681940861
4.14 0.6650597681941136
4.15 0.6650597681941395
4.16 0.6650597681941638
4.17 0.6650597681941866
4.18 0.6650597681942079
4.19 0.6650597681942277
4.2 0.6650597681942465
4.21 0.6650597681942639
4.22 0.6650597681942805
4.23 0.6650597681942958
4.24 0.6650597681943102
4.25 0.6650597681943238
4.26 0.6650597681943364
4.2700000000000005 0.6650597681943483
4.28 0.6650597681943594
4.29 0.6650597681943698
4.3 0.6650597681943796
4.3100000000000005 0.6650597681943887
4.32 0.6650597681943973
4.33 0.6650597681944054
4.34 0.6650597681944129
4.3500000000000005 0.66505976819442
4.36 0.6650597681944267
4.37 0.6650597681944329
4.38 0.6650597681944388
4.39 0.6650597681944441
4.4 0.6650597681944492
4.41 0.6650597681944541
4.42 0.6650597681944587
4.43 0.6650597681944629
4.44 0.6650597681944669
4.45 0.6650597681944705
4.46 0.665059768194474
4.47 0.6650597681944772
4.48 0.6650597681944802
4.49 0.6650597681944831
4.5 0.6650597681944858
4.51 0.6650597681944883
4.5200000000000005 0.6650597681944906
4.53 0.6650597681944928
4.54 0.6650597681944947
4.55 0.6650597681944967
4.5600000000000005 0.6650597681944985
4.57 0.6650597681945003
4.58 0.6650597681945019
4.59 0.6650597681945033
4.6000000000000005 0.6650597681945046
4.61 0.665059768194506
4.62 0.6650597681945073
4.63 0.6650597681945084
4.64 0.6650597681945095
4.65 0.6650597681945105
4.66 0.6650597681945115
4.67 0.6650597681945124
4.68 0.6650597681945132
4.69 0.665059768194514
4.7 0.6650597681945146
4.71 0.6650597681945153
4.72 0.6650597681945161
4.73 0.6650597681945166
4.74 0.6650597681945172
4.75 0.6650597681945177
4.76 0.6650597681945182
4.7700000000000005 0.6650597681945186
4.78 0.6650597681945191
4.79 0.6650597681945195
4.8 0.6650597681945198
4.8100000000000005 0.6650597681945203
4.82 0.6650597681945206
4.83 0.6650597681945208
4.84 0.6650597681945212
4.8500000000000005 0.6650597681945215
4.86 0.6650597681945217
4.87 0.6650597681945221
4.88 0.6650597681945223
4.89 0.6650597681945224
4.9 0.6650597681945226
4.91 0.6650597681945227
4.92 0.6650597681945228
4.93 0.6650597681945231
4.94 0.6650597681945232
4.95 0.6650597681945233
4.96 0.6650597681945234
4.97 0.6650597681945236
4.98 0.6650597681945237
4.99 0.6650597681945238
5.0 0.6650597681945241
5.01 0.6650597681945242
5.0200000000000005 0.6650597681945243
5.03 0.6650597681945244
5.04 0.6650597681945246
5.05 0.6650597681945247
5.0600000000000005 0.6650597681945247
5.07 0.6650597681945247
5.08 0.6650597681945247
5.09 0.6650597681945247
5.1000000000000005 0.6650597681945247
5.11 0.6650597681945247
5.12 0.6650597681945247
5.13 0.6650597681945247
5.14 0.6650597681945247
5.15 0.6650597681945247
5.16 0.6650597681945247
5.17 0.6650597681945247
5.18 0.6650597681945247
5.19 0.6650597681945247
5.2 0.6650597681945247
5.21 0.6650597681945247
5.22 0.6650597681945247
5.23 0.6650597681945247
5.24 0.6650597681945247
5.25 0.6650597681945247
5.26 0.6650597681945247
5.2700000000000005 0.6650597681945247
5.28 0.6650597681945247
5.29 0.6650597681945247
5.3 0.6650597681945247
5.3100000000000005 0.6650597681945247
5.32 0.6650597681945247
5.33 0.6650597681945247
5.34 0.6650597681945247
5.3500000000000005 0.6650597681945247
5.36 0.6650597681945247
5.37 0.6650597681945247
5.38 0.6650597681945247
5.39 0.6650597681945247
5.4 0.6650597681945247
5.41 0.6650597681945247
5.42 0.6650597681945247
5.43 0.6650597681945247
5.44 0.6650597681945247
5.45 0.6650597681945247
5.46 0.6650597681945247
5.47 0.6650597681945247
5.48 0.6650597681945247
5.49 0.6650597681945247
5.5 0.6650597681945247
5.51 0.6650597681945247
5.5200000000000005 0.6650597681945247
5.53 0.6650597681945247
5.54 0.6650597681945247
5.55 0.6650597681945247
5.5600000000000005 0.6650597681945247
5.57 0.6650597681945247
5.58 0.6650597681945247
5.59 0.6650597681945247
5.6000000000000005 0.6650597681945247
5.61 0.6650597681945247
5.62 0.6650597681945247
5.63 0.6650597681945247
5.64 0.6650597681945247
5.65 0.6650597681945247
5.66 0.6650597681945247
5.67 0.6650597681945247
5.68 0.6650597681945247
5.69 0.6650597681945247
5.7 0.6650597681945247
5.71 0.6650597681945247
5.72 0.6650597681945247
5.73 0.6650597681945247
5.74 0.6650597681945247
5.75 0.6650597681945247
5.76 0.6650597681945247
5.7700000000000005 0.6650597681945247
5.78 0.6650597681945247
5.79 0.6650597681945247
5.8 0.6650597681945247
5.8100000000000005 0.6650597681945247
5.82 0.6650597681945247
5.83 0.6650597681945247
5.84 0.6650597681945247
5.8500000000000005 0.6650597681945247
5.86 0.6650597681945247
5.87 0.6650597681945247
5.88 0.6650597681945247
5.89 0.6650597681945247
5.9 0.6650597681945247
5.91 0.6650597681945247
5.92 0.6650597681945247
5.93 0.6650597681945247
5.94 0.6650597681945247
5.95 0.6650597681945247
5.96 0.6650597681945247
5.97 0.6650597681945247
5.98 0.6650597681945247
5.99 0.6650597681945247
6.0 0.6650597681945247
6.01 0.6650597681945247
6.0200000000000005 0.6650597681945247
6.03 0.6650597681945247
6.04 0.6650597681945247
6.05 0.6650597681945247
6.0600000000000005 0.6650597681945247
6.07 0.6650597681945247
6.08 0.6650597681945247
6.09 0.6650597681945247
6.1000000000000005 0.6650597681945247
6.11 0.6650597681945247
6.12 0.6650597681945247
6.13 0.6650597681945247
6.140000000000001 0.6650597681945247
6.15 0.6650597681945247
6.16 0.6650597681945247
6.17 0.6650597681945247
6.18 0.6650597681945247
6.19 0.6650597681945247
6.2 0.6650597681945247
6.21 0.6650597681945247
6.22 0.6650597681945247
6.23 0.6650597681945247
6.24 0.6650597681945247
6.25 0.6650597681945247
6.26 0.6650597681945247
6.2700000000000005 0.6650597681945247
6.28 0.6650597681945247
6.29 0.6650597681945247
6.3 0.6650597681945247
6.3100000000000005 0.6650597681945247
6.32 0.6650597681945247
6.33 0.6650597681945247
6.34 0.6650597681945247
6.3500000000000005 0.6650597681945247
6.36 0.6650597681945247
6.37 0.6650597681945247
6.38 0.6650597681945247
6.390000000000001 0.6650597681945247
6.4 0.6650597681945247
6.41 0.6650597681945247
6.42 0.6650597681945247
6.43 0.6650597681945247
6.44 0.6650597681945247
6.45 0.6650597681945247
6.46 0.6650597681945247
6.47 0.6650597681945247
6.48 0.6650597681945247
6.49 0.6650597681945247
6.5 0.6650597681945247
6.51 0.6650597681945247
6.5200000000000005 0.6650597681945247
6.53 0.6650597681945247
6.54 0.6650597681945247
6.55 0.6650597681945247
6.5600000000000005 0.6650597681945247
6.57 0.6650597681945247
6.58 0.6650597681945247
6.59 0.6650597681945247
6.6000000000000005 0.6650597681945247
6.61 0.6650597681945247
6.62 0.6650597681945247
6.63 0.6650597681945247
6.640000000000001 0.6650597681945247
6.65 0.6650597681945247
6.66 0.6650597681945247
6.67 0.6650597681945247
6.68 0.6650597681945247
6.69 0.6650597681945247
6.7 0.6650597681945247
6.71 0.6650597681945247
6.72 0.6650597681945247
6.73 0.6650597681945247
6.74 0.6650597681945247
6.75 0.6650597681945247
6.76 0.6650597681945247
6.7700000000000005 0.6650597681945247
6.78 0.6650597681945247
6.79 0.6650597681945247
6.8 0.6650597681945247
6.8100000000000005 0.6650597681945247
6.82 0.6650597681945247
6.83 0.6650597681945247
6.84 0.6650597681945247
6.8500000000000005 0.6650597681945247
6.86 0.6650597681945247
6.87 0.6650597681945247
6.88 0.6650597681945247
6.890000000000001 0.6650597681945247
6.9 0.6650597681945247
6.91 0.6650597681945247
6.92 0.6650597681945247
6.93 0.6650597681945247
6.94 0.6650597681945247
6.95 0.6650597681945247
6.96 0.6650597681945247
6.97 0.6650597681945247
6.98 0.6650597681945247
6.99 0.6650597681945247
7.0 0.6650597681945247
7.01 0.6650597681945247
7.0200000000000005 0.6650597681945247
7.03 0.6650597681945247
7.04 0.6650597681945247
7.05 0.6650597681945247
7.0600000000000005 0.6650597681945247
7.07 0.6650597681945247
7.08 0.6650597681945247
7.09 0.6650597681945247
7.1000000000000005 0.6650597681945247
7.11 0.6650597681945247
7.12 0.6650597681945247
7.13 0.6650597681945247
7.140000000000001 0.6650597681945247
7.15 0.6650597681945247
7.16 0.6650597681945247
7.17 0.6650597681945247
7.18 0.6650597681945247
7.19 0.6650597681945247
7.2 0.6650597681945247
7.21 0.6650597681945247
7.22 0.6650597681945247
7.23 0.6650597681945247
7.24 0.6650597681945247
7.25 0.6650597681945247
7.26 0.6650597681945247
7.2700000000000005 0.6650597681945247
7.28 0.6650597681945247
7.29 0.6650597681945247
7.3 0.6650597681945247
7.3100000000000005 0.6650597681945247
7.32 0.6650597681945247
7.33 0.6650597681945247
7.34 0.6650597681945247
7.3500000000000005 0.6650597681945247
7.36 0.6650597681945247
7.37 0.6650597681945247
7.38 0.6650597681945247
7.390000000000001 0.6650597681945247
7.4 0.6650597681945247
7.41 0.6650597681945247
7.42 0.6650597681945247
7.43 0.6650597681945247
7.44 0.6650597681945247
7.45 0.6650597681945247
7.46 0.6650597681945247
7.47 0.6650597681945247
7.48 0.6650597681945247
7.49 0.6650597681945247
7.5 0.6650597681945247
7.51 0.6650597681945247
7.5200000000000005 0.6650597681945247
7.53 0.6650597681945247
7.54 0.6650597681945247
7.55 0.6650597681945247
7.5600000000000005 0.6650597681945247
7.57 0.6650597681945247
7.58 0.6650597681945247
7.59 0.6650597681945247
7.6000000000000005 0.6650597681945247
7.61 0.6650597681945247
7.62 0.6650597681945247
7.63 0.6650597681945247
7.640000000000001 0.6650597681945247
7.65 0.6650597681945247
7.66 0.6650597681945247
7.67 0.6650597681945247
7.68 0.6650597681945247
7.69 0.6650597681945247
7.7 0.6650597681945247
7.71 0.6650597681945247
7.72 0.6650597681945247
7.73 0.6650597681945247
7.74 0.6650597681945247
7.75 0.6650597681945247
7.76 0.6650597681945247
7.7700000000000005 0.6650597681945247
7.78 0.6650597681945247
7.79 0.6650597681945247
7.8 0.6650597681945247
7.8100000000000005 0.6650597681945247
7.82 0.6650597681945247
7.83 0.6650597681945247
7.84 0.6650597681945247
7.8500000000000005 0.6650597681945247
7.86 0.6650597681945247
7.87 0.6650597681945247
7.88 0.6650597681945247
7.890000000000001 0.6650597681945247
7.9 0.6650597681945247
7.91 0.6650597681945247
7.92 0.6650597681945247
7.930000000000001 0.6650597681945247
7.94 0.6650597681945247
7.95 0.6650597681945247
7.96 0.6650597681945247
7.97 0.6650597681945247
7.98 0.6650597681945247
7.99 0.6650597681945247
8.0 0.6650597681945247
8.01 0.6650597681945247
8.02 0.6650597681945247
8.03 0.6650597681945247
8.040000000000001 0.6650597681945247
8.05 0.6650597681945247
8.06 0.6650597681945247
8.07 0.6650597681945247
8.08 0.6650597681945247
8.09 0.6650597681945247
8.1 0.6650597681945247
8.11 0.6650597681945247
8.120000000000001 0.6650597681945247
8.13 0.6650597681945247
8.14 0.6650597681945247
8.15 0.6650597681945247
8.16 0.6650597681945247
8.17 0.6650597681945247
8.18 0.6650597681945247
8.19 0.6650597681945247
8.2 0.6650597681945247
8.21 0.6650597681945247
8.22 0.6650597681945247
8.23 0.6650597681945247
8.24 0.6650597681945247
8.25 0.6650597681945247
8.26 0.6650597681945247
8.27 0.6650597681945247
8.28 0.6650597681945247
8.290000000000001 0.6650597681945247
8.3 0.6650597681945247
8.31 0.6650597681945247
8.32 0.6650597681945247
8.33 0.6650597681945247
8.34 0.6650597681945247
8.35 0.6650597681945247
8.36 0.6650597681945247
8.370000000000001 0.6650597681945247
8.38 0.6650597681945247
8.39 0.6650597681945247
8.4 0.6650597681945247
8.41 0.6650597681945247
8.42 0.6650597681945247
8.43 0.6650597681945247
8.44 0.6650597681945247
8.45 0.6650597681945247
8.46 0.6650597681945247
8.47 0.6650597681945247
8.48 0.6650597681945247
8.49 0.6650597681945247
8.5 0.6650597681945247
8.51 0.6650597681945247
8.52 0.6650597681945247
8.53 0.6650597681945247
8.540000000000001 0.6650597681945247
8.55 0.6650597681945247
8.56 0.6650597681945247
8.57 0.6650597681945247
8.58 0.6650597681945247
8.59 0.6650597681945247
8.6 0.6650597681945247
8.61 0.6650597681945247
8.620000000000001 0.6650597681945247
8.63 0.6650597681945247
8.64 0.6650597681945247
8.65 0.6650597681945247
8.66 0.6650597681945247
8.67 0.6650597681945247
8.68 0.6650597681945247
8.69 0.6650597681945247
8.700000000000001 0.6650597681945247
8.71 0.6650597681945247
8.72 0.6650597681945247
8.73 0.6650597681945247
8.74 0.6650597681945247
8.75 0.6650597681945247
8.76 0.6650597681945247
8.77 0.6650597681945247
8.78 0.6650597681945247
8.790000000000001 0.6650597681945247
8.8 0.6650597681945247
8.81 0.6650597681945247
8.82 0.6650597681945247
8.83 0.6650597681945247
8.84 0.6650597681945247
8.85 0.6650597681945247
8.86 0.6650597681945247
8.870000000000001 0.6650597681945247
8.88 0.6650597681945247
8.89 0.6650597681945247
8.9 0.6650597681945247
8.91 0.6650597681945247
8.92 0.6650597681945247
8.93 0.6650597681945247
8.94 0.6650597681945247
8.950000000000001 0.6650597681945247
8.96 0.6650597681945247
8.97 0.6650597681945247
8.98 0.6650597681945247
8.99 0.6650597681945247
9.0 0.6650597681945247
9.01 0.6650597681945247
9.02 0.6650597681945247
9.03 0.6650597681945247
9.040000000000001 0.6650597681945247
9.05 0.6650597681945247
9.06 0.6650597681945247
9.07 0.6650597681945247
9.08 0.6650597681945247
9.09 0.6650597681945247
9.1 0.6650597681945247
9.11 0.6650597681945247
9.120000000000001 0.6650597681945247
9.13 0.6650597681945247
9.14 0.6650597681945247
9.15 0.6650597681945247
9.16 0.6650597681945247
9.17 0.6650597681945247
9.18 0.6650597681945247
9.19 0.6650597681945247
9.200000000000001 0.6650597681945247
9.21 0.6650597681945247
9.22 0.6650597681945247
9.23 0.6650597681945247
9.24 0.6650597681945247
9.25 0.6650597681945247
9.26 0.6650597681945247
9.27 0.6650597681945247
9.28 0.6650597681945247
9.290000000000001 0.6650597681945247
9.3 0.6650597681945247
9.31 0.6650597681945247
9.32 0.6650597681945247
9.33 0.6650597681945247
9.34 0.6650597681945247
9.35 0.6650597681945247
9.36 0.6650597681945247
9.370000000000001 0.6650597681945247
9.38 0.6650597681945247
9.39 0.6650597681945247
9.4 0.6650597681945247
9.41 0.6650597681945247
9.42 0.6650597681945247
9.43 0.6650597681945247
9.44 0.6650597681945247
9.450000000000001 0.6650597681945247
9.46 0.6650597681945247
9.47 0.6650597681945247
9.48 0.6650597681945247
9.49 0.6650597681945247
9.5 0.6650597681945247
9.51 0.6650597681945247
9.52 0.6650597681945247
9.53 0.6650597681945247
9.540000000000001 0.6650597681945247
9.55 0.6650597681945247
9.56 0.6650597681945247
9.57 0.6650597681945247
9.58 0.6650597681945247
9.59 0.6650597681945247
9.6 0.6650597681945247
9.61 0.6650597681945247
9.620000000000001 0.6650597681945247
9.63 0.6650597681945247
9.64 0.6650597681945247
9.65 0.6650597681945247
9.66 0.6650597681945247
9.67 0.6650597681945247
9.68 0.6650597681945247
9.69 0.6650597681945247
9.700000000000001 0.6650597681945247
9.71 0.6650597681945247
9.72 0.6650597681945247
9.73 0.6650597681945247
9.74 0.6650597681945247
9.75 0.6650597681945247
9.76 0.6650597681945247
9.77 0.6650597681945247
9.78 0.6650597681945247
9.790000000000001 0.6650597681945247
9.8 0.6650597681945247
9.81 0.6650597681945247
9.82 0.6650597681945247
9.83 0.6650597681945247
9.84 0.6650597681945247
9.85 0.6650597681945247
9.86 0.6650597681945247
9.870000000000001 0.6650597681945247
9.88 0.6650597681945247
9.89 0.6650597681945247
9.9 0.6650597681945247
9.91 0.6650597681945247
9.92 0.6650597681945247
9.93 0.6650597681945247
9.94 0.6650597681945247
9.950000000000001 0.6650597681945247
9.96 0.6650597681945247
9.97 0.6650597681945247
9.98 0.6650597681945247
9.99 0.6650597681945247
