0.0 0.07981371818227866
0.01 0.1493834998783958
0.02 0.2104722646653169
0.03 0.26440029395663417
0.04 0.3121971956112348
0.05 0.3546913258050695
0.06 0.39256540004086105
0.07 0.42639266875326653
0.08 0.4566613689417629
0.09 0.4837918257764354
0.1 0.5081487991204289
0.11 0.5300506710808938
0.12 0.5497764850040026
0.13 0.5675714902912288
0.14 0.5836516245420272
0.15 0.5982072217360639
0.16 0.6114061420401568
0.17 0.6233964572878374
0.18 0.6343087851443678
0.19 0.6442583374460432
0.2 0.653346729682357
0.21 0.6616635861149288
0.22 0.6692879666289956
0.23 0.6762896357660683
0.24 0.6827301905889346
0.25 0.6886640614652143
0.26 0.6941393980981344
0.27 0.6991988518904567
0.28 0.7038802647996549
0.29 0.7082172740956333
0.3 0.7122398417800824
0.31 0.7159747168166536
0.32 0.7194458377252467
0.33 0.7226746824999907
0.34 0.725680572217615
0.35000000000000003 0.7284809341155772
0.36 0.7310915293450769
0.37 0.7335266500510774
0.38 0.7357992899070623
0.39 0.7379212917422443
0.4 0.7399034754473311
0.41000000000000003 0.741755748933865
0.42 0.7434872045521229
0.43 0.745106203042812
0.44 0.7466204468065084
0.45 0.7480370440194781
0.46 0.7493625649022688
0.47000000000000003 0.7506030912551226
0.48 0.7517642602086777
0.49 0.7528513029964933
0.5 0.7538690794347421
0.51 0.7548221086912544
0.52 0.7557145968385259
0.53 0.7565504616111186
0.54 0.7573333547251423
0.55 0.7580666820645269
0.56 0.7587536219940695
0.5700000000000001 0.7593971420215354
0.58 0.7600000139992752
0.59 0.7605648280289959
0.6 0.7610940052106722
0.61 0.7615898093574532
0.62 0.7620543577822438
0.63 0.7624896312479245
0.64 0.7628974831615477
0.65 0.763279648082957
0.66 0.7636377496098351
0.67 0.7639733076939874
0.68 0.7642877454374833
0.6900000000000001 0.7645823954119623
0.7000000000000001 0.7648585055398271
0.71 0.7651172445720762
0.72 0.7653597071940678
0.73 0.7655869187875037
0.74 0.7657998398742728
0.75 0.7659993702654754
0.76 0.766186352936895
0.77 0.766361577650369
0.78 0.7665257843388839
0.79 0.7666796662717748
0.8 0.7668238730151131
0.81 0.7669590132011871
0.8200000000000001 0.7670856571199325
0.8300000000000001 0.7672043391442053
0.84 0.7673155599999192
0.85 0.7674197888912753
0.86 0.7675174654905839
0.87 0.7676090018015124
0.88 0.767694783903981
0.89 0.7677751735883637
0.9 0.7678505098861318
0.91 0.7679211105035995
0.92 0.7679872731649803
0.93 0.7680492768705592
0.9400000000000001 0.7681073830753954
0.9500000000000001 0.7681618367936203
0.96 0.7682128676330632
0.97 0.7682606907646305
0.98 0.7683055078305766
0.99 0.7683475077955388
1.0 0.7683868677439609
1.01 0.7684237536272949
1.02 0.7684583209641548
1.03 0.7684907154963965
1.04 0.7685210738039023
1.05 0.7685495238806789
1.06 0.7685761856747049
1.07 0.768601171593817
1.08 0.7686245869797722
1.09 0.7686465305524908
1.1 0.7686670948263599
1.11 0.7686863665003548
1.12 0.7687044268236285
1.1300000000000001 0.7687213519381103
1.1400000000000001 0.768737213199564
1.1500000000000001 0.7687520774784578
1.16 0.7687660074419176
1.17 0.7687790618179545
1.18 0.7687912956430786
1.19 0.7688027604943473
1.2 0.7688135047068242
1.21 0.768823573577369
1.22 0.768833009555614
1.23 0.7688418524229376
1.24 0.7688501394601852
1.25 0.7688579056048482
1.26 0.7688651835983616
1.27 0.7688720041241426
1.28 0.7688783959369527
1.29 0.7688843859841277
1.3 0.7688899995191868
1.31 0.7688952602083019
1.32 0.7689001902300723
1.33 0.7689048103690296
1.34 0.7689091401032638
1.35 0.7689131976865428
1.36 0.7689170002252678
1.37 0.7689205637505944
1.3800000000000001 0.7689239032860178
1.3900000000000001 0.7689270329107113
1.4000000000000001 0.768929965818883
1.41 0.7689327143754016
1.42 0.7689352901679253
1.43 0.7689377040557556
1.44 0.7689399662156177
1.45 0.7689420861845662
1.46 0.7689440729001912
1.47 0.7689459347382994
1.48 0.7689476795482254
1.49 0.7689493146859238
1.5 0.768950847044981
1.51 0.7689522830856784
1.52 0.7689536288622283
1.53 0.7689548900482978
1.54 0.768956071960928
1.55 0.7689571795829513
1.56 0.7689582175839974
1.57 0.7689591903401806
1.58 0.7689601019525489
1.59 0.768960956264374
1.6 0.7689617568773538
1.61 0.7689625071667967
1.62 0.7689632102958522
1.6300000000000001 0.7689638692288457
1.6400000000000001 0.7689644867437765
1.6500000000000001 0.768965065444029
1.6600000000000001 0.7689656077693486
1.67 0.7689661160061277
1.68 0.7689665922970444
1.69 0.768967038650096
1.7 0.7689674569470647
1.71 0.7689678489514509
1.72 0.7689682163159082
1.73 0.76896856058921
1.74 0.7689688832227802
1.75 0.7689691855768112
1.76 0.7689694689259992
1.77 0.7689697344649173
1.78 0.7689699833130526
1.79 0.768970216519525
1.8 0.7689704350675112
1.81 0.7689706398783887
1.82 0.7689708318156206
1.83 0.7689710116883964
1.84 0.7689711802550424
1.85 0.7689713382262199
1.86 0.76897148626792
1.87 0.7689716250042729
1.8800000000000001 0.7689717550201776
1.8900000000000001 0.7689718768637691
1.9000000000000001 0.7689719910487283
1.9100000000000001 0.7689720980564481
1.92 0.7689721983380631
1.93 0.768972292316351
1.94 0.7689723803875153
1.95 0.7689724629228557
1.96 0.7689725402703335
1.97 0.7689726127560381
1.98 0.7689726806855626
1.99 0.7689727443452914
2.0 0.7689728040036077
2.0100000000000002 0.7689728599120256
2.02 0.7689729123062493
2.0300000000000002 0.7689729614071683
2.04 0.7689730074217873
2.05 0.7689730505440995
2.06 0.7689730909559043
2.07 0.7689731288275743
2.08 0.7689731643187728
2.09 0.7689731975791275
2.1 0.7689732287488608
2.11 0.7689732579593812
2.12 0.7689732853338376
2.13 0.768973310987638
2.14 0.7689733350289366
2.15 0.7689733575590891
2.16 0.7689733786730806
2.17 0.7689733984599255
2.18 0.7689734170030434
2.19 0.7689734343806103
2.2 0.7689734506658883
2.21 0.7689734659275347
2.22 0.7689734802298911
2.23 0.768973493633255
2.24 0.7689735061941333
2.25 0.768973517965482
2.2600000000000002 0.7689735289969276
2.27 0.768973539334978
2.2800000000000002 0.7689735490232171
2.29 0.7689735581024898
2.3000000000000003 0.7689735666110734
2.31 0.7689735745848393
2.32 0.7689735820574041
2.33 0.7689735890602714
2.34 0.7689735956229646
2.35 0.7689736017731515
2.36 0.7689736075367607
2.37 0.768973612938091
2.38 0.7689736179999139
2.39 0.7689736227435695
2.4 0.7689736271890567
2.41 0.7689736313551171
2.42 0.7689736352593147
2.43 0.768973638918109
2.44 0.7689736423469252
2.45 0.7689736455602187
2.46 0.7689736485715366
2.47 0.7689736513935745
2.48 0.7689736540382295
2.49 0.7689736565166514
2.5 0.768973658839289
2.5100000000000002 0.7689736610159343
2.52 0.7689736630557639
2.5300000000000002 0.7689736649673773
2.54 0.7689736667588339
2.5500000000000003 0.7689736684376862
2.56 0.7689736700110121
2.57 0.7689736714854448
2.58 0.7689736728672
2.59 0.7689736741621033
2.6 0.7689736753756138
2.61 0.7689736765128475
2.62 0.7689736775785991
2.63 0.7689736785773614
2.64 0.7689736795133453
2.65 0.7689736803904968
2.66 0.7689736812125137
2.67 0.7689736819828619
2.68 0.7689736827047888
2.69 0.7689736833813381
2.7 0.768973684015362
2.71 0.7689736846095336
2.72 0.7689736851663578
2.73 0.7689736856881821
2.74 0.7689736861772065
2.75 0.7689736866354926
2.7600000000000002 0.7689736870649725
2.77 0.7689736874674569
2.7800000000000002 0.7689736878446426
2.79 0.7689736881981198
2.8000000000000003 0.7689736885293789
2.81 0.7689736888398162
2.82 0.7689736891307405
2.83 0.7689736894033784
2.84 0.7689736896588794
2.85 0.7689736898983205
2.86 0.7689736901227113
2.87 0.7689736903329977
2.88 0.7689736905300663
2.89 0.7689736907147479
2.9 0.768973690887821
2.91 0.7689736910500155
2.92 0.7689736912020151
2.93 0.7689736913444604
2.94 0.7689736914779521
2.95 0.7689736916030532
2.96 0.7689736917202908
2.97 0.7689736918301594
2.98 0.768973691933122
2.99 0.7689736920296127
3.0 0.7689736921200384
3.0100000000000002 0.7689736922047803
3.02 0.7689736922841957
3.0300000000000002 0.7689736923586192
3.04 0.7689736924283648
3.0500000000000003 0.7689736924937265
3.06 0.7689736925549796
3.0700000000000003 0.7689736926123827
3.08 0.7689736926661777
3.09 0.7689736927165912
3.1 0.768973692763836
3.11 0.7689736928081112
3.12 0.7689736928496034
3.13 0.7689736928884875
3.14 0.7689736929249276
3.15 0.7689736929590771
3.16 0.7689736929910801
3.17 0.7689736930210715
3.18 0.768973693049178
3.19 0.7689736930755176
3.2 0.7689736931002016
3.21 0.768973693123334
3.22 0.7689736931450125
3.23 0.7689736931653284
3.24 0.7689736931843671
3.25 0.7689736932022093
3.2600000000000002 0.7689736932189299
3.27 0.7689736932345995
3.2800000000000002 0.7689736932492843
3.29 0.768973693263046
3.3000000000000003 0.7689736932759427
3.31 0.7689736932880287
3.3200000000000003 0.768973693299355
3.33 0.7689736933099693
3.34 0.7689736933199167
3.35 0.7689736933292387
3.36 0.7689736933379748
3.37 0.7689736933461617
3.38 0.768973693353834
3.39 0.7689736933610242
3.4 0.7689736933677622
3.41 0.7689736933740768
3.42 0.7689736933799945
3.43 0.7689736933855403
3.44 0.7689736933907375
3.45 0.768973693395608
3.46 0.7689736934001724
3.47 0.7689736934044499
3.48 0.7689736934084584
3.49 0.7689736934122151
3.5 0.7689736934157355
3.5100000000000002 0.7689736934190348
3.52 0.7689736934221266
3.5300000000000002 0.768973693425024
3.54 0.7689736934277395
3.5500000000000003 0.7689736934302842
3.56 0.7689736934326689
3.5700000000000003 0.7689736934349037
3.58 0.7689736934369981
3.59 0.7689736934389607
3.6 0.7689736934408
3.61 0.7689736934425239
3.62 0.7689736934441392
3.63 0.768973693445653
3.64 0.7689736934470718
3.65 0.7689736934484013
3.66 0.7689736934496473
3.67 0.768973693450815
3.68 0.7689736934519092
3.69 0.7689736934529348
3.7 0.7689736934538957
3.71 0.7689736934547962
3.72 0.7689736934556402
3.73 0.7689736934564312
3.74 0.7689736934571724
3.75 0.768973693457867
3.7600000000000002 0.7689736934585181
3.77 0.7689736934591281
3.7800000000000002 0.7689736934596998
3.79 0.7689736934602356
3.8000000000000003 0.7689736934607376
3.81 0.7689736934612081
3.8200000000000003 0.7689736934616491
3.83 0.7689736934620623
3.84 0.7689736934624496
3.85 0.7689736934628125
3.86 0.7689736934631526
3.87 0.7689736934634713
3.88 0.7689736934637701
3.89 0.76897369346405
3.9 0.7689736934643123
3.91 0.7689736934645582
3.92 0.7689736934647886
3.93 0.7689736934650044
3.94 0.7689736934652068
3.95 0.7689736934653963
3.96 0.768973693465574
3.97 0.7689736934657405
3.98 0.7689736934658966
3.99 0.7689736934660428
4.0 0.7689736934661798
4.01 0.7689736934663083
4.0200000000000005 0.7689736934664286
4.03 0.7689736934665414
4.04 0.7689736934666472
4.05 0.7689736934667463
4.0600000000000005 0.7689736934668391
4.07 0.768973693466926
4.08 0.7689736934670076
4.09 0.768973693467084
4.1 0.7689736934671556
4.11 0.7689736934672228
4.12 0.7689736934672857
4.13 0.7689736934673447
4.14 0.7689736934674
4.15 0.7689736934674517
4.16 0.7689736934675001
4.17 0.7689736934675456
4.18 0.7689736934675883
4.19 0.7689736934676281
4.2 0.7689736934676655
4.21 0.7689736934677006
4.22 0.7689736934677335
4.23 0.7689736934677643
4.24 0.7689736934677932
4.25 0.7689736934678202
4.26 0.7689736934678455
4.2700000000000005 0.7689736934678691
4.28 0.7689736934678915
4.29 0.7689736934679123
4.3 0.768973693467932
4.3100000000000005 0.7689736934679503
4.32 0.7689736934679675
4.33 0.7689736934679836
4.34 0.7689736934679986
4.3500000000000005 0.7689736934680127
4.36 0.7689736934680259
4.37 0.7689736934680383
4.38 0.76897369346805
4.39 0.7689736934680609
4.4 0.7689736934680711
4.41 0.7689736934680806
4.42 0.7689736934680896
4.43 0.768973693468098
4.44 0.7689736934681058
4.45 0.7689736934681132
4.46 0.7689736934681202
4.47 0.7689736934681267
4.48 0.7689736934681328
4.49 0.7689736934681385
4.5 0.7689736934681439
4.51 0.7689736934681488
4.5200000000000005 0.7689736934681536
4.53 0.7689736934681579
4.54 0.768973693468162
4.55 0.7689736934681659
4.5600000000000005 0.7689736934681695
4.57 0.7689736934681729
4.58 0.768973693468176
4.59 0.768973693468179
4.6000000000000005 0.7689736934681818
4.61 0.7689736934681843
4.62 0.7689736934681868
4.63 0.7689736934681891
4.64 0.7689736934681912
4.65 0.7689736934681932
4.66 0.768973693468195
4.67 0.7689736934681968
4.68 0.7689736934681984
4.69 0.7689736934682
4.7 0.7689736934682014
4.71 0.7689736934682029
4.72 0.7689736934682041
4.73 0.7689736934682053
4.74 0.7689736934682064
4.75 0.7689736934682074
4.76 0.7689736934682084
4.7700000000000005 0.7689736934682094
4.78 0.7689736934682102
4.79 0.7689736934682111
4.8 0.7689736934682118
4.8100000000000005 0.7689736934682125
4.82 0.7689736934682132
4.83 0.7689736934682138
4.84 0.7689736934682143
4.8500000000000005 0.768973693468215
4.86 0.7689736934682155
4.87 0.768973693468216
4.88 0.7689736934682163
4.89 0.7689736934682168
4.9 0.7689736934682172
4.91 0.7689736934682176
4.92 0.7689736934682179
4.93 0.7689736934682182
4.94 0.7689736934682185
4.95 0.7689736934682188
4.96 0.7689736934682191
4.97 0.7689736934682193
4.98 0.7689736934682196
4.99 0.7689736934682199
5.0 0.7689736934682201
5.01 0.7689736934682202
5.0200000000000005 0.7689736934682203
5.03 0.7689736934682205
5.04 0.7689736934682206
5.05 0.7689736934682208
5.0600000000000005 0.7689736934682209
5.07 0.7689736934682211
5.08 0.7689736934682212
5.09 0.7689736934682213
5.1000000000000005 0.7689736934682214
5.11 0.7689736934682216
5.12 0.7689736934682218
5.13 0.7689736934682219
5.14 0.7689736934682221
5.15 0.7689736934682222
5.16 0.7689736934682223
5.17 0.7689736934682223
5.18 0.7689736934682223
5.19 0.7689736934682223
5.2 0.7689736934682223
5.21 0.7689736934682223
5.22 0.7689736934682223
5.23 0.7689736934682223
5.24 0.7689736934682223
5.25 0.7689736934682223
5.26 0.7689736934682223
5.2700000000000005 0.7689736934682223
5.28 0.7689736934682223
5.29 0.7689736934682223
5.3 0.7689736934682223
5.3100000000000005 0.7689736934682223
5.32 0.7689736934682223
5.33 0.7689736934682223
5.34 0.7689736934682223
5.3500000000000005 0.7689736934682223
5.36 0.7689736934682223
5.37 0.7689736934682223
5.38 0.7689736934682223
5.39 0.7689736934682223
5.4 0.7689736934682223
5.41 0.7689736934682223
5.42 0.7689736934682223
5.43 0.7689736934682223
5.44 0.7689736934682223
5.45 0.7689736934682223
5.46 0.7689736934682223
5.47 0.7689736934682223
5.48 0.7689736934682223
5.49 0.7689736934682223
5.5 0.7689736934682223
5.51 0.7689736934682223
5.5200000000000005 0.7689736934682223
5.53 0.7689736934682223
5.54 0.7689736934682223
5.55 0.7689736934682223
5.5600000000000005 0.7689736934682223
5.57 0.7689736934682223
5.58 0.7689736934682223
5.59 0.7689736934682223
5.6000000000000005 0.7689736934682223
5.61 0.7689736934682223
5.62 0.7689736934682223
5.63 0.7689736934682223
5.64 0.7689736934682223
5.65 0.7689736934682223
5.66 0.7689736934682223
5.67 0.7689736934682223
5.68 0.7689736934682223
5.69 0.7689736934682223
5.7 0.7689736934682223
5.71 0.7689736934682223
5.72 0.7689736934682223
5.73 0.7689736934682223
5.74 0.7689736934682223
5.75 0.7689736934682223
5.76 0.7689736934682223
5.7700000000000005 0.7689736934682223
5.78 0.7689736934682223
5.79 0.7689736934682223
5.8 0.7689736934682223
5.8100000000000005 0.7689736934682223
5.82 0.7689736934682223
5.83 0.7689736934682223
5.84 0.7689736934682223
5.8500000000000005 0.7689736934682223
5.86 0.7689736934682223
5.87 0.7689736934682223
5.88 0.7689736934682223
5.89 0.7689736934682223
5.9 0.7689736934682223
5.91 0.7689736934682223
5.92 0.7689736934682223
5.93 0.7689736934682223
5.94 0.7689736934682223
5.95 0.7689736934682223
5.96 0.7689736934682223
5.97 0.7689736934682223
5.98 0.7689736934682223
5.99 0.7689736934682223
6.0 0.7689736934682223
6.01 0.7689736934682223
6.0200000000000005 0.7689736934682223
6.03 0.7689736934682223
6.04 0.7689736934682223
6.05 0.7689736934682223
6.0600000000000005 0.7689736934682223
6.07 0.7689736934682223
6.08 0.7689736934682223
6.09 0.7689736934682223
6.1000000000000005 0.7689736934682223
6.11 0.7689736934682223
6.12 0.7689736934682223
6.13 0.7689736934682223
6.140000000000001 0.7689736934682223
6.15 0.7689736934682223
6.16 0.7689736934682223
6.17 0.7689736934682223
6.18 0.7689736934682223
6.19 0.7689736934682223
6.2 0.7689736934682223
6.21 0.7689736934682223
6.22 0.7689736934682223
6.23 0.7689736934682223
6.24 0.7689736934682223
6.25 0.7689736934682223
6.26 0.7689736934682223
6.2700000000000005 0.7689736934682223
6.28 0.7689736934682223
6.29 0.7689736934682223
6.3 0.7689736934682223
6.3100000000000005 0.7689736934682223
6.32 0.7689736934682223
6.33 0.7689736934682223
6.34 0.7689736934682223
6.3500000000000005 0.7689736934682223
6.36 0.7689736934682223
6.37 0.7689736934682223
6.38 0.7689736934682223
6.390000000000001 0.7689736934682223
6.4 0.7689736934682223
6.41 0.7689736934682223
6.42 0.7689736934682223
6.43 0.7689736934682223
6.44 0.7689736934682223
6.45 0.7689736934682223
6.46 0.7689736934682223
6.47 0.7689736934682223
6.48 0.7689736934682223
6.49 0.7689736934682223
6.5 0.7689736934682223
6.51 0.7689736934682223
6.5200000000000005 0.7689736934682223
6.53 0.7689736934682223
6.54 0.7689736934682223
6.55 0.7689736934682223
6.5600000000000005 0.7689736934682223
6.57 0.7689736934682223
6.58 0.7689736934682223
6.59 0.7689736934682223
6.6000000000000005 0.7689736934682223
6.61 0.7689736934682223
6.62 0.7689736934682223
6.63 0.7689736934682223
6.640000000000001 0.7689736934682223
6.65 0.7689736934682223
6.66 0.7689736934682223
6.67 0.7689736934682223
6.68 0.7689736934682223
6.69 0.7689736934682223
6.7 0.7689736934682223
6.71 0.7689736934682223
6.72 0.7689736934682223
6.73 0.7689736934682223
6.74 0.7689736934682223
6.75 0.7689736934682223
6.76 0.7689736934682223
6.7700000000000005 0.7689736934682223
6.78 0.7689736934682223
6.79 0.7689736934682223
6.8 0.7689736934682223
6.8100000000000005 0.7689736934682223
6.82 0.7689736934682223
6.83 0.7689736934682223
6.84 0.7689736934682223
6.8500000000000005 0.7689736934682223
6.86 0.7689736934682223
6.87 0.7689736934682223
6.88 0.7689736934682223
6.890000000000001 0.7689736934682223
6.9 0.7689736934682223
6.91 0.7689736934682223
6.92 0.7689736934682223
6.93 0.7689736934682223
6.94 0.7689736934682223
6.95 0.7689736934682223
6.96 0.7689736934682223
6.97 0.7689736934682223
6.98 0.7689736934682223
6.99 0.7689736934682223
7.0 0.7689736934682223
7.01 0.7689736934682223
7.0200000000000005 0.7689736934682223
7.03 0.7689736934682223
7.04 0.7689736934682223
7.05 0.7689736934682223
7.0600000000000005 0.7689736934682223
7.07 0.7689736934682223
7.08 0.7689736934682223
7.09 0.7689736934682223
7.1000000000000005 0.7689736934682223
7.11 0.7689736934682223
7.12 0.7689736934682223
7.13 0.7689736934682223
7.140000000000001 0.7689736934682223
7.15 0.7689736934682223
7.16 0.7689736934682223
7.17 0.7689736934682223
7.18 0.7689736934682223
7.19 0.7689736934682223
7.2 0.7689736934682223
7.21 0.7689736934682223
7.22 0.7689736934682223
7.23 0.7689736934682223
7.24 0.7689736934682223
7.25 0.7689736934682223
7.26 0.7689736934682223
7.2700000000000005 0.7689736934682223
7.28 0.7689736934682223
7.29 0.7689736934682223
7.3 0.7689736934682223
7.3100000000000005 0.7689736934682223
7.32 0.7689736934682223
7.33 0.7689736934682223
7.34 0.7689736934682223
7.3500000000000005 0.7689736934682223
7.36 0.7689736934682223
7.37 0.7689736934682223
7.38 0.7689736934682223
7.390000000000001 0.7689736934682223
7.4 0.7689736934682223
7.41 0.7689736934682223
7.42 0.7689736934682223
7.43 0.7689736934682223
7.44 0.7689736934682223
7.45 0.7689736934682223
7.46 0.7689736934682223
7.47 0.7689736934682223
7.48 0.7689736934682223
7.49 0.7689736934682223
7.5 0.7689736934682223
7.51 0.7689736934682223
7.5200000000000005 0.7689736934682223
7.53 0.7689736934682223
7.54 0.7689736934682223
7.55 0.7689736934682223
7.5600000000000005 0.7689736934682223
7.57 0.7689736934682223
7.58 0.7689736934682223
7.59 0.7689736934682223
7.6000000000000005 0.7689736934682223
7.61 0.7689736934682223
7.62 0.7689736934682223
7.63 0.7689736934682223
7.640000000000001 0.7689736934682223
7.65 0.7689736934682223
7.66 0.7689736934682223
7.67 0.7689736934682223
7.68 0.7689736934682223
7.69 0.7689736934682223
7.7 0.7689736934682223
7.71 0.7689736934682223
7.72 0.7689736934682223
7.73 0.7689736934682223
7.74 0.7689736934682223
7.75 0.7689736934682223
7.76 0.7689736934682223
7.7700000000000005 0.7689736934682223
7.78 0.7689736934682223
7.79 0.7689736934682223
7.8 0.7689736934682223
7.8100000000000005 0.7689736934682223
7.82 0.7689736934682223
7.83 0.7689736934682223
7.84 0.7689736934682223
7.8500000000000005 0.7689736934682223
7.86 0.7689736934682223
7.87 0.7689736934682223
7.88 0.7689736934682223
7.890000000000001 0.7689736934682223
7.9 0.7689736934682223
7.91 0.7689736934682223
7.92 0.7689736934682223
7.930000000000001 0.7689736934682223
7.94 0.7689736934682223
7.95 0.7689736934682223
7.96 0.7689736934682223
7.97 0.7689736934682223
7.98 0.7689736934682223
7.99 0.7689736934682223
8.0 0.7689736934682223
8.01 0.7689736934682223
8.02 0.7689736934682223
8.03 0.7689736934682223
8.040000000000001 0.7689736934682223
8.05 0.7689736934682223
8.06 0.7689736934682223
8.07 0.7689736934682223
8.08 0.7689736934682223
8.09 0.7689736934682223
8.1 0.7689736934682223
8.11 0.7689736934682223
8.120000000000001 0.7689736934682223
8.13 0.7689736934682223
8.14 0.7689736934682223
8.15 0.7689736934682223
8.16 0.7689736934682223
8.17 0.7689736934682223
8.18 0.7689736934682223
8.19 0.7689736934682223
8.2 0.7689736934682223
8.21 0.7689736934682223
8.22 0.7689736934682223
8.23 0.7689736934682223
8.24 0.7689736934682223
8.25 0.7689736934682223
8.26 0.7689736934682223
8.27 0.7689736934682223
8.28 0.7689736934682223
8.290000000000001 0.7689736934682223
8.3 0.7689736934682223
8.31 0.7689736934682223
8.32 0.7689736934682223
8.33 0.7689736934682223
8.34 0.7689736934682223
8.35 0.7689736934682223
8.36 0.7689736934682223
8.370000000000001 0.7689736934682223
8.38 0.7689736934682223
8.39 0.7689736934682223
8.4 0.7689736934682223
8.41 0.7689736934682223
8.42 0.7689736934682223
8.43 0.7689736934682223
8.44 0.7689736934682223
8.45 0.7689736934682223
8.46 0.7689736934682223
8.47 0.7689736934682223
8.48 0.7689736934682223
8.49 0.7689736934682223
8.5 0.7689736934682223
8.51 0.7689736934682223
8.52 0.7689736934682223
8.53 0.7689736934682223
8.540000000000001 0.7689736934682223
8.55 0.7689736934682223
8.56 0.7689736934682223
8.57 0.7689736934682223
8.58 0.7689736934682223
8.59 0.7689736934682223
8.6 0.7689736934682223
8.61 0.7689736934682223
8.620000000000001 0.7689736934682223
8.63 0.7689736934682223
8.64 0.7689736934682223
8.65 0.7689736934682223
8.66 0.7689736934682223
8.67 0.7689736934682223
8.68 0.7689736934682223
8.69 0.7689736934682223
8.700000000000001 0.7689736934682223
8.71 0.7689736934682223
8.72 0.7689736934682223
8.73 0.7689736934682223
8.74 0.7689736934682223
8.75 0.7689736934682223
8.76 0.7689736934682223
8.77 0.7689736934682223
8.78 0.7689736934682223
8.790000000000001 0.7689736934682223
8.8 0.7689736934682223
8.81 0.7689736934682223
8.82 0.7689736934682223
8.83 0.7689736934682223
8.84 0.7689736934682223
8.85 0.7689736934682223
8.86 0.7689736934682223
8.870000000000001 0.7689736934682223
8.88 0.7689736934682223
8.89 0.7689736934682223
8.9 0.7689736934682223
8.91 0.7689736934682223
8.92 0.7689736934682223
8.93 0.7689736934682223
8.94 0.7689736934682223
8.950000000000001 0.7689736934682223
8.96 0.7689736934682223
8.97 0.7689736934682223
8.98 0.7689736934682223
8.99 0.7689736934682223
9.0 0.7689736934682223
9.01 0.7689736934682223
9.02 0.7689736934682223
9.03 0.7689736934682223
9.040000000000001 0.7689736934682223
9.05 0.7689736934682223
9.06 0.7689736934682223
9.07 0.7689736934682223
9.08 0.7689736934682223
9.09 0.7689736934682223
9.1 0.7689736934682223
9.11 0.7689736934682223
9.120000000000001 0.7689736934682223
9.13 0.7689736934682223
9.14 0.7689736934682223
9.15 0.7689736934682223
9.16 0.7689736934682223
9.17 0.7689736934682223
9.18 0.7689736934682223
9.19 0.7689736934682223
9.200000000000001 0.7689736934682223
9.21 0.7689736934682223
9.22 0.7689736934682223
9.23 0.7689736934682223
9.24 0.7689736934682223
9.25 0.7689736934682223
9.26 0.7689736934682223
9.27 0.7689736934682223
9.28 0.7689736934682223
9.290000000000001 0.7689736934682223
9.3 0.7689736934682223
9.31 0.7689736934682223
9.32 0.7689736934682223
9.33 0.7689736934682223
9.34 0.7689736934682223
9.35 0.7689736934682223
9.36 0.7689736934682223
9.370000000000001 0.7689736934682223
9.38 0.7689736934682223
9.39 0.7689736934682223
9.4 0.7689736934682223
9.41 0.7689736934682223
9.42 0.7689736934682223
9.43 0.7689736934682223
9.44 0.7689736934682223
9.450000000000001 0.7689736934682223
9.46 0.7689736934682223
9.47 0.7689736934682223
9.48 0.7689736934682223
9.49 0.7689736934682223
9.5 0.7689736934682223
9.51 0.7689736934682223
9.52 0.7689736934682223
9.53 0.7689736934682223
9.540000000000001 0.7689736934682223
9.55 0.7689736934682223
9.56 0.7689736934682223
9.57 0.7689736934682223
9.58 0.7689736934682223
9.59 0.7689736934682223
9.6 0.7689736934682223
9.61 0.7689736934682223
9.620000000000001 0.7689736934682223
9.63 0.7689736934682223
9.64 0.7689736934682223
9.65 0.7689736934682223
9.66 0.7689736934682223
9.67 0.7689736934682223
9.68 0.7689736934682223
9.69 0.7689736934682223
9.700000000000001 0.7689736934682223
9.71 0.7689736934682223
9.72 0.7689736934682223
9.73 0.7689736934682223
9.74 0.7689736934682223
9.75 0.7689736934682223
9.76 0.7689736934682223
9.77 0.7689736934682223
9.78 0.7689736934682223
9.790000000000001 0.7689736934682223
9.8 0.7689736934682223
9.81 0.7689736934682223
9.82 0.7689736934682223
9.83 0.7689736934682223
9.84 0.7689736934682223
9.85 0.7689736934682223
9.86 0.7689736934682223
9.870000000000001 0.7689736934682223
9.88 0.7689736934682223
9.89 0.7689736934682223
9.9 0.7689736934682223
9.91 0.7689736934682223
9.92 0.7689736934682223
9.93 0.7689736934682223
9.94 0.7689736934682223
9.950000000000001 0.7689736934682223
9.96 0.7689736934682223
9.97 0.7689736934682223
9.98 0.7689736934682223
9.99 0.7689736934682223
