0.0 0.00039570813792155285
0.01 0.0012170503836994113
0.02 0.0024598576281534643
0.03 0.004119387495842603
0.04 0.006190176477240202
0.05 0.008666197709800719
0.06 0.011540838550899142
0.07 0.014806925594647913
0.08 0.018456729067185335
0.09 0.022481994839852835
0.1 0.02687395398398763
0.11 0.031623358731034515
0.12 0.036720493401715425
0.13 0.04215520820773785
0.14 0.04791692960982424
0.15 0.05399468956893506
0.16 0.06037715268793595
0.17 0.06705262766634978
0.18 0.07400909287941565
0.19 0.08123423300374387
0.2 0.088715441873625
0.21 0.09643984316604824
0.22 0.10439431882836507
0.23 0.11256552181041944
0.24 0.12093988720089875
0.25 0.12950365761676907
0.26 0.13824290931418426
0.27 0.14714354677767488
0.28 0.1561913227342084
0.29 0.16537185477876964
0.3 0.1746706327429651
0.31 0.1840730298137234
0.32 0.19356431771784188
0.33 0.20312967567867252
0.34 0.21275419767080628
0.35000000000000003 0.22242290483809407
0.36 0.2321207579562007
0.37 0.24183266414039042
0.38 0.25154348730046805
0.39 0.26123804582729376
0.4 0.2709011343791329
0.41000000000000003 0.28051753533164503
0.42 0.29007202983098074
0.43 0.29954941211592157
0.44 0.3089345056759497
0.45 0.31821217489646764
0.46 0.32736732743897184
0.47000000000000003 0.33638494855043966
0.48 0.3452501152463848
0.49 0.353948016632407
0.5 0.36246397888401
0.51 0.370783500153618
0.52 0.37889226707407986
0.53 0.3867761881456997
0.54 0.3944214273548377
0.55 0.40181443564068564
0.56 0.40894195748622225
0.5700000000000001 0.4157910995283855
0.58 0.42234936505443993
0.59 0.4286046898623871
0.6 0.4345454828642163
0.61 0.4401606611916936
0.62 0.4454396978399847
0.63 0.45037266442181717
0.64 0.4549502715517022
0.65 0.4591639098225089
0.66 0.4630056865329037
0.67 0.4664684653194409
0.68 0.46954590319163
0.6900000000000001 0.47223248250365063
0.7000000000000001 0.47452354073261144
0.71 0.47641526976419357
0.72 0.4779047382645814
0.73 0.4789899340926609
0.74 0.4796697600347878
0.75 0.479944038534941
0.76 0.48007454386178366
0.77 0.48060811575646684
0.78 0.48154213635498727
0.79 0.48287308092928277
0.8 0.4845965351372273
0.81 0.486707233882337
0.8200000000000001 0.48919912311151564
0.8300000000000001 0.49206533531189395
0.84 0.49529824739999473
0.85 0.49888952332626135
0.86 0.5028301455016991
0.87 0.5071104081816116
0.88 0.5117200309268006
0.89 0.5166481856960209
0.9 0.5218835379021171
0.91 0.5274142945486725
0.92 0.5332282701356457
0.93 0.5393129108867726
0.9400000000000001 0.5456553430319138
0.9500000000000001 0.5522424202286981
0.96 0.5590607649452362
0.97 0.5660967732744183
0.98 0.5733366844721006
0.99 0.580766621232606
1.0 0.5883726157602732
1.01 0.5961406416873931
1.02 0.6040566329638977
1.03 0.6121065177266217
1.04 0.6202762493706288
1.05 0.6285518267839
1.06 0.6369193167875326
1.07 0.645364859729038
1.08 0.6538746889318187
1.09 0.6624351644308534
1.1 0.6710327803551549
1.11 0.6796541798780361
1.12 0.6882861485643608
1.1300000000000001 0.6969156094422623
1.1400000000000001 0.7055296776647854
1.1500000000000001 0.7141156513885373
1.16 0.7226610205424752
1.17 0.7311534798928098
1.18 0.7395809471273762
1.19 0.747931557458478
1.2 0.7561936787549657
1.21 0.764355922293539
1.22 0.7724071403600601
1.23 0.7803363788360375
1.24 0.7881329605548639
1.25 0.7957864737233686
1.26 0.8032867744420336
1.27 0.810623994854012
1.28 0.8177885527782026
1.29 0.824771159275931
1.3 0.831562828119592
1.31 0.8381548857428618
1.32 0.8445389805047401
1.33 0.8507070742549668
1.34 0.8566514678312386
1.35 0.8623648136055694
1.36 0.8678401214087903
1.37 0.8730707685607201
1.3800000000000001 0.8780504919426517
1.3900000000000001 0.8827734066297098
1.4000000000000001 0.8872340239982559
1.41 0.8914272540971764
1.42 0.8953484140653469
1.43 0.8989932313046473
1.44 0.9023578508213356
1.45 0.9054388476349925
1.46 0.9082332301579193
1.47 0.9107384457828721
1.48 0.9129523806734952
1.49 0.9148733589447884
1.5 0.9165001566853949
1.51 0.917831998995276
1.52 0.9188685606894482
1.53 0.919609967014444
1.54 0.9200567945618194
1.55 0.9202100661529019
1.56 0.920348883274328
1.57 0.9207778812053806
1.58 0.921494717104418
1.59 0.9224966231213202
1.6 0.9237804082480539
1.61 0.9253424676286737
1.62 0.9271787919114938
1.6300000000000001 0.9292849762023069
1.6400000000000001 0.9316562222103625
1.6500000000000001 0.9342873581016428
1.6600000000000001 0.9371728492782562
1.67 0.9403068093941055
1.68 0.9436830126674708
1.69 0.9472948951634003
1.7 0.9511355776877687
1.71 0.955197881192247
1.72 0.9594743378370991
1.73 0.9639572050442148
1.74 0.9686384734777344
1.75 0.9735098843935361
1.76 0.9785629474518723
1.77 0.9837889529647755
1.78 0.9891789866009021
1.79 0.9947239322273076
1.8 1.00041448529418
1.81 1.0062411812213141
1.82 1.0121944021429388
1.83 1.0182643908733027
1.84 1.024441255405779
1.85 1.030714972958563
1.86 1.0370754249528957
1.87 1.04351240095409
1.8800000000000001 1.050015611512343
1.8900000000000001 1.056574697566377
1.9000000000000001 1.0631792343358384
1.9100000000000001 1.0698187590693657
1.92 1.0764827793226481
1.93 1.083160785986735
1.94 1.0898422604033051
1.95 1.0965166549704057
1.96 1.103173447640209
1.97 1.1098021447041801
1.98 1.1163922906032504
1.99 1.1229334821306616
2.0 1.1294153898326178
2.0100000000000002 1.1358277656133913
2.02 1.1421604592101242
2.0300000000000002 1.148403435961794
2.04 1.1545467925892434
2.05 1.1605807366447394
2.06 1.1664956330860974
2.07 1.1722820280018456
2.08 1.177930656770848
2.09 1.183432461506584
2.1 1.1887785852844308
2.11 1.1939603998850534
2.12 1.1989695363491029
2.13 1.2037978932287343
2.14 1.2084376537080923
2.15 1.2128813318596747
2.16 1.2171217955634346
2.17 1.221152250057878
2.18 1.224966276639602
2.19 1.2285578535508033
2.2 1.2319213345700089
2.21 1.2350514212067434
2.22 1.2379432767760998
2.23 1.2405924975991516
2.24 1.242995122241911
2.25 1.2451476586297805
2.2600000000000002 1.2470471390088496
2.27 1.2486910584137303
2.2800000000000002 1.2500774072958634
2.29 1.2512046821312293
2.3000000000000003 1.2520718836296758
2.31 1.252678478681806
2.32 1.2530244537736197
2.33 1.2531103012604485
2.34 1.2532835910702904
2.35 1.253714532846993
2.36 1.2544011258024148
2.37 1.2553408892968068
2.38 1.2565308699176347
2.39 1.2579676475458321
2.4 1.2596473478729584
2.41 1.2615656721000388
2.42 1.2637178999209142
2.43 1.2660989031961376
2.44 1.2687031681200232
2.45 1.2715248143141658
2.46 1.2745575958898332
2.47 1.277794929384758
2.48 1.2812299253698978
2.49 1.2848554015979279
2.5 1.288663903754866
2.5100000000000002 1.2926477174566307
2.52 1.29679888727565
2.5300000000000002 1.3011092490364475
2.54 1.3055704441062406
2.5500000000000003 1.3101739393056955
2.56 1.3149110632955854
2.57 1.3197730462235304
2.58 1.3247510000647114
2.59 1.329835957088813
2.6 1.3350188922825024
2.61 1.340290709577935
2.62 1.3456421663034928
2.63 1.351064032842921
2.64 1.356547057641266
2.65 1.3620819725056652
2.66 1.367659521214087
2.67 1.3732705682069744
2.68 1.3789059930385426
2.69 1.3845567331587036
2.7 1.3902138105282533
2.71 1.3958683390038649
2.72 1.4015114395030952
2.73 1.4071343517812989
2.74 1.412728438724688
2.75 1.4182851789454503
2.7600000000000002 1.4237961764379312
2.77 1.4292531977504639
2.7800000000000002 1.4346481603711994
2.79 1.4399731364853139
2.8000000000000003 1.4452203704821778
2.81 1.450382289143853
2.82 1.4554514798603309
2.83 1.4604207119920827
2.84 1.4652829655429782
2.85 1.470031426190819
2.86 1.4746594929438945
2.87 1.4791607796139365
2.88 1.4835291205735002
2.89 1.4877585862434979
2.9 1.4918434857065686
2.91 1.4957783733053729
2.92 1.499558059652514
2.93 1.5031776239039323
2.94 1.506632409228484
2.95 1.5099180344492544
2.96 1.5130304012535585
2.97 1.5159656879211134
2.98 1.518720318006574
2.99 1.5212910201238246
3.0 1.5236748131192799
3.0100000000000002 1.5258690060865039
3.02 1.5278712055612735
3.0300000000000002 1.5296793471257766
3.04 1.5312916621614303
3.0500000000000003 1.5327066883178557
3.06 1.5339232753144252
3.0700000000000003 1.534940582995833
3.08 1.5357580340811419
3.09 1.5363753605130186
3.1 1.5367925991678473
3.11 1.5370100802521556
3.12 1.5370284256562565
3.13 1.537208233345013
3.14 1.5375849049837624
3.15 1.5381568633796232
3.16 1.5389222245796401
3.17 1.539878798723057
3.18 1.5410241767048383
3.19 1.5423557056096329
3.2 1.543870438996215
3.21 1.545565182020242
3.22 1.5474365025618244
3.23 1.5494806803180179
3.24 1.5516936969975412
3.25 1.554071335424478
3.2600000000000002 1.5566091418923478
3.27 1.5593024317135937
3.2800000000000002 1.5621463161701403
3.29 1.5651357379343336
3.3000000000000003 1.5682654238310056
3.31 1.5715299170480324
3.3200000000000003 1.574923588707255
3.33 1.5784406388902352
3.34 1.582075077551193
3.35 1.585820778048124
3.36 1.5896714728526626
3.37 1.59362076104025
3.38 1.597662118226713
3.39 1.601788908383131
3.4 1.605994391554193
3.41 1.6102717346961424
3.42 1.61461402250442
3.43 1.6190142675455128
3.44 1.6234654123982184
3.45 1.6279603491075167
3.46 1.6324919300942846
3.47 1.6370529779381187
3.48 1.6416362953539565
3.49 1.646234626123694
3.5 1.6508406995171967
3.5100000000000002 1.6554472524165735
3.52 1.6600470240176182
3.5300000000000002 1.6646327642255594
3.54 1.669197300600855
3.5500000000000003 1.6737335315988404
3.56 1.678234398211744
3.5700000000000003 1.6826929235429189
3.58 1.6871022284549886
3.59 1.6914554773803712
3.6 1.6957458653270507
3.61 1.6999667358791957
3.62 1.7041115389859227
3.63 1.7081738383863136
3.64 1.7121473461877534
3.65 1.7160259705951755
3.66 1.719803752373632
3.67 1.7234749060812842
3.68 1.7270338341104345
3.69 1.7304751289855187
3.7 1.7337935524570325
3.71 1.7369840942930121
3.72 1.740041967821422
3.73 1.7429626175399264
3.74 1.7457417274601121
3.75 1.7483752224924332
3.7600000000000002 1.750859286208947
3.77 1.7531903671385463
3.7800000000000002 1.7553651854769277
3.79 1.7573807401467674
3.8000000000000003 1.7592343146375178
3.81 1.760923483728805
3.8200000000000003 1.762446118898244
3.83 1.763800392966061
3.84 1.7649847838744228
3.85 1.7659980665761688
3.86 1.766839322820905
3.87 1.7675079455854366
3.88 1.7680036360811533
3.89 1.7683264031427095
3.9 1.7684765856496765
3.91 1.7684983265721455
3.92 1.7686910268186828
3.93 1.769053410372518
3.94 1.7695838914173365
3.95 1.7702806206531023
3.96 1.771141509519741
3.97 1.772164168770219
3.98 1.773345951433556
3.99 1.7746839649245443
4.0 1.7761750385262776
4.01 1.7778156657275566
4.0200000000000005 1.77960214194282
4.03 1.7815305214059836
4.04 1.783596621016474
4.05 1.7857960498002714
4.0600000000000005 1.7881242923161877
4.07 1.7905766128463438
4.08 1.7931481009981136
4.09 1.795833691267888
4.1 1.7986281690539603
4.11 1.8015261288118205
4.12 1.8045220516843605
4.13 1.8076103051043013
4.14 1.810785147560954
4.15 1.8140407404263688
4.16 1.8173711659412919
4.17 1.8207704327165137
4.18 1.824232487361996
4.19 1.8277512274555383
4.2 1.831320512923872
4.21 1.8349341640671817
4.22 1.8385859814898498
4.23 1.8422697611098238
4.24 1.8459793007769796
4.25 1.8497084106282362
4.26 1.853450914058724
4.2700000000000005 1.8572006597714745
4.28 1.8609515386172313
4.29 1.8646974885169858
4.3 1.8684325034929186
4.3100000000000005 1.8721506477105125
4.32 1.8758460670980044
4.33 1.8795129901456673
4.34 1.8831457413330241
4.3500000000000005 1.8867387507438589
4.36 1.8902865369655464
4.37 1.8937836721654886
4.38 1.8972248668527918
4.39 1.9006049443164625
4.4 1.9039188427328468
4.41 1.9071616392024202
4.42 1.910328625039061
4.43 1.9134152140734346
4.44 1.9164169807095086
4.45 1.9193296746309543
4.46 1.9221492163879723
4.47 1.924871610155422
4.48 1.927493057977126
4.49 1.9300099436530989
4.5 1.932418823169849
4.51 1.934716429557102
4.5200000000000005 1.936899721145111
4.53 1.9389658425436358
4.54 1.9409121270102692
4.55 1.9427361093265965
4.5600000000000005 1.9444355292206805
4.57 1.9460083114204727
4.58 1.947452583102418
4.59 1.9487666838774003
4.6000000000000005 1.9499491602145747
4.61 1.9509987664810777
4.62 1.9519144686279604
4.63 1.952695444179644
4.64 1.9533410801400624
4.65 1.9538509745325252
4.66 1.9542249362816455
4.67 1.954462982650041
4.68 1.9545653372364806
4.69 1.9545982419176102
4.7 1.9547657677327663
4.71 1.9550670728630422
4.72 1.955501118369086
4.73 1.9560666784291316
4.74 1.9567623306753954
4.75 1.9575864652682078
4.76 1.9585372897784437
4.7700000000000005 1.9596128225265848
4.78 1.9608108551579426
4.79 1.962129013277761
4.8 1.9635647421852622
4.8100000000000005 1.9651153057931607
4.82 1.9667777996861615
4.83 1.968549231900059
4.84 1.97042644277011
4.8500000000000005 1.9724061276271874
4.86 1.9744848560347046
4.87 1.9766590758757345
4.88 1.9789250302170385
4.89 1.981278846227109
4.9 1.9837165448434946
4.91 1.986234026925631
4.92 1.9888270781943924
4.93 1.9914914103171637
4.94 1.994222644741507
4.95 1.9970163059779342
4.96 1.9998678401911125
4.97 2.0027726230111536
4.98 2.005725962481155
4.99 2.008723107987653
5.0 2.0117592630456627
5.01 2.014829591170764
5.0200000000000005 2.017929224497876
5.03 2.021053256286708
5.04 2.024196738954819
5.05 2.0273547216227112
5.0600000000000005 2.03052224394632
5.07 2.0336943431000654
5.08 2.036866064369526
5.09 2.04003247482637
5.1000000000000005 2.043188660526132
5.11 2.04632973869763
5.12 2.049450866457851
5.13 2.052547243487738
5.14 2.0556140978534443
5.15 2.05864672396486
5.16 2.0616404811627302
5.17 2.0645907989313432
5.18 2.067493187262435
5.19 2.0703432692093267
5.2 2.07313676152077
5.21 2.0758694878735686
5.22 2.0785373914527194
5.23 2.081136539756834
5.24 2.0836630576079687
5.25 2.086113198710353
5.26 2.0884833550315802
5.2700000000000005 2.090770044705787
5.28 2.0929699161993605
5.29 2.095079828018154
5.3 2.097096810042743
5.3100000000000005 2.099018040251169
5.32 2.1008408769856293
5.33 2.102562867427662
5.34 2.1041817019666085
5.3500000000000005 2.105695226498358
5.36 2.10710149733068
5.37 2.1083987562913973
5.38 2.109585432564162
5.39 2.110660152626712
5.4 2.1116217474804726
5.41 2.112469237468237
5.42 2.1132018406023434
5.43 2.1138189733915547
5.44 2.114320253836287
5.45 2.114705506642145
5.46 2.1149747542598054
5.47 2.1151282196768544
5.48 2.1151663258798767
5.49 2.1152429594860327
5.5 2.115433528404597
5.51 2.1157370327895064
5.5200000000000005 2.116152284111664
5.53 2.116677909618318
5.54 2.1173123550004496
5.55 2.11805387744015
5.5600000000000005 2.1189005623296655
5.57 2.1198503260345984
5.58 2.1209009191450185
5.59 2.1220499327816817
5.6000000000000005 2.1232948253261497
5.61 2.124632911133024
5.62 2.126061366189507
5.63 2.1275772405804196
5.64 2.129177465942925
5.65 2.130858807241294
5.66 2.132617900601679
5.67 2.134451282644345
5.68 2.136355376664465
5.69 2.1383264969195754
5.7 2.140360912905253
5.71 2.1424548517204416
5.72 2.144604447542189
5.73 2.1468057839679435
5.74 2.1490549053961687
5.75 2.151347784081463
5.76 2.1536802961039325
5.7700000000000005 2.156048318127853
5.78 2.1584476946437023
5.79 2.16087424286112
5.8 2.163323769013347
5.8100000000000005 2.165792096486894
5.82 2.168275035151437
5.83 2.170768401992134
5.84 2.1732680295934497
5.8500000000000005 2.1757697705499703
5.86 2.17826949201086
5.87 2.18076309928995
5.88 2.1832465379321917
5.89 2.185715799061978
5.9 2.1881669243271538
5.91 2.190596000144781
5.92 2.192999176269648
5.93 2.1953726695464724
5.94 2.197712767512019
5.95 2.2000158345742222
5.96 2.2022783358997673
5.97 2.2044968278098747
5.98 2.206667962111725
5.99 2.208788496618878
6.0 2.210855300625409
6.01 2.212865290802321
6.0200000000000005 2.2148154716124004
6.03 2.2167029686837583
6.04 2.218525005428449
6.05 2.2202789024777454
6.0600000000000005 2.2219621540059764
6.07 2.223572427746742
6.08 2.2251074887763016
6.09 2.226565248543349
6.1000000000000005 2.227943772246696
6.11 2.229241230971451
6.12 2.230455860518793
6.13 2.2315860784986796
6.140000000000001 2.2326304344025036
6.15 2.2335876073457572
6.16 2.2344564231455957
6.17 2.2352358938132215
6.18 2.235925151476585
6.19 2.2365234730070247
6.2 2.237030283415363
6.21 2.2374451526399923
6.22 2.2377677766594584
6.23 2.2379980030950963
6.24 2.2381358239674523
6.25 2.238181372987557
6.26 2.238227820913124
6.2700000000000005 2.238365844904768
6.28 2.2385948859391718
6.29 2.2389142475360133
6.3 2.2393230964842425
6.3100000000000005 2.239820464637577
6.32 2.240405251024962
6.33 2.2410762239335993
6.34 2.241832023277082
6.3500000000000005 2.242671163205576
6.36 2.243592035082643
6.37 2.2445929239688063
6.38 2.245672005788655
6.390000000000001 2.246827345268624
6.4 2.2480569054909294
6.41 2.249358553186686
6.42 2.250730020937904
6.43 2.252168909970478
6.44 2.2536727404755816
6.45 2.2552389281752228
6.46 2.256864785192661
6.47 2.2585475690418617
6.48 2.2602845297409613
6.49 2.2620728119904054
6.5 2.263909507858675
6.51 2.265791667279456
6.5200000000000005 2.267716270683558
6.53 2.2696801521763192
6.54 2.2716801406366436
6.55 2.273713015182722
6.5600000000000005 2.275775502687267
6.57 2.277864293126895
6.58 2.2799761047393967
6.59 2.2821076092258603
6.6000000000000005 2.284255458154772
6.61 2.286416295739265
6.62 2.2885867618862568
6.63 2.2907634599989595
6.640000000000001 2.292943003637042
6.65 2.2951220175047604
6.66 2.297297136644395
6.67 2.2994650116049984
6.68 2.301622318184011
6.69 2.3037657588739138
6.7 2.3058920675040375
6.71 2.307998015752569
6.72 2.310080418765599
6.73 2.3121361503929316
6.74 2.314162144756772
6.75 2.3161553977006037
6.76 2.3181129769034636
6.7700000000000005 2.320032028737116
6.78 2.321909731858958
6.79 2.323743297630801
6.8 2.3255300348026378
6.8100000000000005 2.3272673185660855
6.82 2.3289525904064083
6.83 2.330583418681533
6.84 2.332157561278303
6.8500000000000005 2.333672834241677
6.86 2.3351271778627054
6.87 2.336518667670759
6.88 2.3378454769755312
6.890000000000001 2.339105770645634
6.9 2.3402978858657932
6.91 2.3414202705881544
6.92 2.3424714752213704
6.93 2.3434501697115184
6.94 2.3443552372894096
6.95 2.3451856556311017
6.96 2.3459405292112003
6.97 2.3466191021467835
6.98 2.3472207561262963
6.99 2.3477449567248354
7.0 2.3481913124710143
7.01 2.3485595692566945
7.0200000000000005 2.348849600600765
7.03 2.3490614072411566
7.04 2.349195141092647
7.05 2.3492510843155188
7.0600000000000005 2.3492725244110715
7.07 2.349370810088515
7.08 2.34954527419617
7.09 2.3497951328607707
7.1000000000000005 2.350119482183579
7.11 2.350517294216003
7.12 2.3509874239852384
7.13 2.3515286125751222
7.140000000000001 2.352139494994204
7.15 2.3528186045795336
7.16 2.3535643717063106
7.17 2.354375131266067
7.18 2.3552491276855783
7.19 2.3561844924606543
7.2 2.3571792187395957
7.21 2.3582312286078215
7.22 2.3593383475426384
7.23 2.360498304541434
7.24 2.361708767183165
7.25 2.3629674307546575
7.26 2.364271891368411
7.2700000000000005 2.3656196997958547
7.28 2.367008376612218
7.29 2.3684353963211358
7.3 2.3698980624084234
7.3100000000000005 2.371393678401885
7.32 2.37291951031532
7.33 2.3744727738257216
7.34 2.376050644632279
7.3500000000000005 2.3776503647242975
7.36 2.3792691405739617
7.37 2.380904157790875
7.38 2.382552605259388
7.390000000000001 2.3842116804901976
7.4 2.3858785322911187
7.41 2.387550315645745
7.42 2.3892242082953876
7.43 2.390897398464975
7.44 2.392567088283524
7.45 2.3942305168570672
7.46 2.3958849559244166
7.47 2.397527702578445
7.48 2.3991560915025123
7.49 2.4007674997351898
7.5 2.402359375753195
7.51 2.403929236891762
7.5200000000000005 2.4054746285351634
7.53 2.406993134793907
7.54 2.408482371708216
7.55 2.4099399804526973
7.5600000000000005 2.411363620552028
7.57 2.412750968144266
7.58 2.4141000468504177
7.59 2.4154089481198144
7.6000000000000005 2.4166756764649238
7.61 2.4178982909304767
7.62 2.419074904264758
7.63 2.420203805940581
7.640000000000001 2.421283430706258
7.65 2.422312229564658
7.66 2.4232887458376613
7.67 2.424211618119582
7.68 2.4250795668197807
7.69 2.425891389042586
7.7 2.4266459930879765
7.71 2.427342386058251
7.72 2.4279796758863545
7.73 2.428557061988719
7.74 2.429073820080221
7.75 2.429529339960984
7.76 2.4299231129560956
7.7700000000000005 2.43025473248106
7.78 2.4305238904660804
7.79 2.430730364013858
7.8 2.4308740399301123
7.8100000000000005 2.4309549082025566
7.82 2.430973061726573
7.83 2.431017432319174
7.84 2.4311240705127597
7.8500000000000005 2.431292610280533
7.86 2.4315225858421092
7.87 2.43181343565658
7.88 2.4321645040514435
7.890000000000001 2.432575055824053
7.9 2.43304426064649
7.91 2.433571194980924
7.92 2.4341548451253265
7.930000000000001 2.4347941090717917
7.94 2.4354878237521924
7.95 2.436234742265248
7.96 2.4370335313482134
7.97 2.437882779329562
7.98 2.438780998002074
7.99 2.439726652064035
8.0 2.4407181435638483
8.01 2.441753800955083
8.02 2.442831891535721
8.03 2.4439506238770345
8.040000000000001 2.445108141328629
8.05 2.4463025262529463
8.06 2.447531811004543
8.07 2.4487939750984773
8.08 2.4500869472434954
8.09 2.451408634839514
8.1 2.4527569387364205
8.11 2.4541297054352036
8.120000000000001 2.455524754040834
8.13 2.4569398801682323
8.14 2.4583728538315053
8.15 2.4598214149458255
8.16 2.4612832942826435
8.17 2.4627562099317943
8.18 2.464237870257992
8.19 2.4657259737729955
8.2 2.4672182026924743
8.21 2.468712241915404
8.22 2.4702057769413983
8.23 2.4716964961570502
8.24 2.4731821049769307
8.25 2.474660386460184
8.26 2.4761291282055073
8.27 2.477586145150444
8.28 2.4790292911593936
8.290000000000001 2.4804564549556414
8.3 2.4818654771303255
8.31 2.483254253127021
8.32 2.484620726124076
8.33 2.485962874918337
8.34 2.4872787189003605
8.35 2.4885663716994224
8.36 2.489823997785629
8.370000000000001 2.4910498101125773
8.38 2.4922420864181447
8.39 2.49339917267133
8.4 2.4945194462485567
8.41 2.4956013460168354
8.42 2.4966433932916625
8.43 2.497644180385425
8.44 2.498602373302116
8.45 2.4995167031970507
8.46 2.500385971836806
8.47 2.5012090644584677
8.48 2.501984946080506
8.49 2.5027126637056485
8.5 2.503391358512672
8.51 2.5040202720125526
8.52 2.5045987308766824
8.53 2.505126157866861
8.540000000000001 2.5056020745984564
8.55 2.506026068302632
8.56 2.506397747157851
8.57 2.5067168453958653
8.58 2.506983181959209
8.59 2.5071966584310523
8.6 2.5073572687134336
8.61 2.5074651254505205
8.620000000000001 2.507520416259952
8.63 2.507523418888291
8.64 2.5075723339326657
8.65 2.507672712291763
8.66 2.5078240626035697
8.67 2.508025791798254
8.68 2.5082772215007174
8.69 2.5085775941763386
8.700000000000001 2.50892607534275
8.71 2.5093217653323454
8.72 2.5097636882535075
8.73 2.5102507947527735
8.74 2.5107819651538468
8.75 2.5113560106432393
8.76 2.5119716700017682
8.77 2.512627615383711
8.78 2.513322454120065
8.790000000000001 2.5140547289473014
8.8 2.514822920772595
8.81 2.5156255223616184
8.82 2.516460991974629
8.83 2.5173277273513257
8.84 2.5182240938021314
8.85 2.5191484279599328
8.86 2.5200989872621724
8.870000000000001 2.521073969422988
8.88 2.5220715625148524
8.89 2.5230899190128286
8.9 2.5241271573180635
8.91 2.5251814020681276
8.92 2.5262507985006715
8.93 2.5273334496910733
8.94 2.528427450992498
8.950000000000001 2.5295308937753465
8.96 2.5306418649909945
8.97 2.5317584458240834
8.98 2.5328787261546952
8.99 2.5340008032909855
9.0 2.5351227849649765
9.01 2.5362427870957034
9.02 2.537358923177758
9.03 2.5384693302886663
9.040000000000001 2.539572163922324
9.05 2.5406655995904845
9.06 2.5417478394822757
9.07 2.5428171344020245
9.08 2.543871759679536
9.09 2.544910024961371
9.1 2.545930279391241
9.11 2.5469309118217676
9.120000000000001 2.5479103288942717
9.13 2.548866986879438
9.14 2.5497993904057332
9.15 2.5507060908907797
9.16 2.5515856892245883
9.17 2.55243684473076
9.18 2.553258271229254
9.19 2.5540487389934157
9.200000000000001 2.5548070787488895
9.21 2.555532183414656
9.22 2.5562229758748614
9.23 2.5568784352308778
9.24 2.5574976113888592
9.25 2.558079615103434
9.26 2.558623619291882
9.27 2.5591288639133594
9.28 2.5595946561254186
9.290000000000001 2.560020368752873
9.3 2.560405443508193
9.31 2.560749392482043
9.32 2.5610517965792714
9.33 2.5613123061964003
9.34 2.5615306475717006
9.35 2.5617066217954125
9.36 2.5618401061752376
9.370000000000001 2.5619310234635786
9.38 2.561979306657571
9.39 2.5619849853861227
9.4 2.5620218209287504
9.41 2.562101022206641
9.42 2.56222236278145
9.43 2.5623854896917666
9.44 2.5625900082458357
9.450000000000001 2.5628354520154377
9.46 2.5631212784030546
9.47 2.5634468862036663
9.48 2.5638116983431183
9.49 2.564215044223023
9.5 2.564656191455956
9.51 2.5651343560655153
9.52 2.565648701279554
9.53 2.566198315453505
9.540000000000001 2.5667822414179984
9.55 2.567399473606818
9.56 2.5680489554117583
9.57 2.5687295812816036
9.58 2.569440216808691
9.59 2.570179681390865
9.6 2.5709467485673567
9.61 2.571740151697737
9.620000000000001 2.572558585895093
9.63 2.5734007257771134
9.64 2.5742652155715424
9.65 2.575150665503742
9.66 2.576055659000287
9.67 2.5769787547730307
9.68 2.5779184783458793
9.69 2.5788733280106313
9.700000000000001 2.5798417849446937
9.71 2.5808223099422896
9.72 2.581813345129203
9.73 2.5828133429337585
9.74 2.583820773641313
9.75 2.584834086280327
9.76 2.5858517320336074
9.77 2.5868721675131576
9.78 2.5878938423799465
9.790000000000001 2.5889151861192006
9.8 2.5899346509401693
9.81 2.590950697303905
9.82 2.591961795529465
9.83 2.592966425952866
9.84 2.5939630765229746
9.85 2.594950252858581
9.86 2.5959264774801976
9.870000000000001 2.596890291522655
9.88 2.597840267741655
9.89 2.5987750592614436
9.9 2.599693335954317
9.91 2.600593805641787
9.92 2.60147522240201
9.93 2.602336378751224
9.94 2.6031760199995153
9.950000000000001 2.603992953407673
9.96 2.604786033258095
9.97 2.605554148709745
9.98 2.606296228341278
9.99 2.6070112974682615
10.0 2.6076984241957017
10.01 2.6083567197107986
10.02 2.6089853527991718
10.03 2.6095835512704832
10.040000000000001 2.610150558404232
10.05 2.6106856692872804
10.06 2.6111882468715244
10.07 2.6116577089720256
10.08 2.612093529277554
10.09 2.612495235140742
10.1 2.6128624098705098
10.11 2.6131946960217887
10.120000000000001 2.613491794798685
10.13 2.613753466911698
10.14 2.6139795429903683
10.15 2.6141699258994424
10.16 2.6143245779335618
10.17 2.614443528971873
10.18 2.6145268777879553
10.19 2.614574756978169
10.200000000000001 2.6145872989398398
10.21 2.6146098719434163
10.22 2.6146672867685323
10.23 2.61475922176135
10.24 2.6148852927378408
10.25 2.6150450211573446
10.26 2.6152378938787058
10.27 2.6154633422252345
10.28 2.6157207398674056
10.290000000000001 2.616009413552792
10.3 2.6163286869538886
10.31 2.616677817645378
10.32 2.617056015781546
10.33 2.6174624497012986
10.34 2.617896246918111
10.35 2.6183564920803843
10.36 2.618842232649736
10.370000000000001 2.6193524795794976
10.38 2.6198862081782988
10.39 2.6204423587284156
10.4 2.6210198273938006
10.41 2.6216174778987007
10.42 2.622234142763949
10.43 2.6228686221884305
10.44 2.623519687240552
10.450000000000001 2.6241861547225462
10.46 2.6248668325795848
10.47 2.6255605014862504
10.48 2.626265940116483
10.49 2.626981928179873
10.5 2.627707173122084
10.51 2.6284403467516904
10.52 2.6291801397538324
10.53 2.6299252285438137
10.540000000000001 2.630674275716475
10.55 2.631425981651944
10.56 2.632179089890788
10.57 2.6329323183556066
10.58 2.6336843976342563
10.59 2.6344340739804317
10.6 2.6351800948790545
10.61 2.635921196524439
10.620000000000001 2.636656147582851
10.63 2.637383733384266
10.64 2.638102757237586
10.65 2.638812038176301
10.66 2.6395104045253523
10.67 2.640196710397813
10.68 2.6408698317226036
10.69 2.6415286671389744
10.700000000000001 2.642172151375514
10.71 2.6427993028088745
10.72 2.6434091577366186
10.73 2.6440007923144924
10.74 2.644573329803247
10.75 2.6451259300292493
10.76 2.645657697806021
10.77 2.6461678010389282
10.78 2.6466554507667928
10.790000000000001 2.647119888191312
10.8 2.6475603894761144
10.81 2.6479763310978863
10.82 2.64836712388403
10.83 2.648732214910115
10.84 2.649071102455117
10.85 2.6493833364804407
10.86 2.6496684720757946
10.870000000000001 2.6499261091355883
10.88 2.650155905893764
10.89 2.650357565453197
10.9 2.6505308361517854
10.91 2.6506755079897166
10.92 2.650791414874575
10.93 2.650878437506155
10.94 2.65093650195838
10.950000000000001 2.6509655799444647
10.96 2.65096570588016
10.97 2.6509944338852267
10.98 2.651051875247416
10.99 2.6511378346437438
11.0 2.6512520608866392
11.01 2.6513942877869527
11.02 2.651564267186634
11.03 2.651761673272258
11.040000000000001 2.6519861454746776
11.05 2.6522372910161915
11.06 2.652514666028695
11.07 2.6528177376190776
11.08 2.6531459583979573
11.09 2.653498739436244
11.1 2.6538754478622844
11.11 2.654275418519922
11.120000000000001 2.654697997372736
11.13 2.655142476866122
11.14 2.6556081158770697
11.15 2.6560941448940403
11.16 2.656599766639242
11.17 2.6571241525472056
11.18 2.6576664501375054
11.19 2.6582257831067553
11.200000000000001 2.658801251881631
11.21 2.659391933052676
11.22 2.6599968583959255
11.23 2.66061503874751
11.24 2.6612454641013135
11.25 2.6618870998391375
11.26 2.6625388902757487
11.27 2.6631998466536664
11.28 2.6638689781164016
11.290000000000001 2.664545273789437
11.3 2.6652277304672647
11.31 2.6659153552632207
11.32 2.666607072860518
11.33 2.6673017764919935
11.34 2.6679983875799014
11.35 2.668695816267125
11.36 2.669392961210005
11.370000000000001 2.6700887703495204
11.38 2.6707822401032786
11.39 2.671472341402187
11.4 2.6721580613646347
11.41 2.672838406070682
11.42 2.673512380776639
11.43 2.674178976013358
11.44 2.6748372190973266
11.450000000000001 2.675486153913598
11.46 2.676124841840987
11.47 2.6767523644915125
11.48 2.677367827600346
11.49 2.6779703575657083
11.5 2.678559104716057
11.51 2.679133244918257
11.52 2.679691984263879
11.53 2.6802345717010234
11.540000000000001 2.6807602838453555
11.55 2.6812684318354467
11.56 2.6817583641899683
11.57 2.6822294605023265
11.58 2.6826810815547044
11.59 2.6831126360038353
11.6 2.6835235679835385
11.61 2.6839133506590906
11.620000000000001 2.684281491008337
11.63 2.684627584964443
11.64 2.684951260341864
11.65 2.685252180743731
11.66 2.685530057706155
11.67 2.6857846502442406
11.68 2.686015703766441
11.69 2.6862230034167873
11.700000000000001 2.6864063876997792
11.71 2.6865657313795164
11.72 2.686700945410788
11.73 2.68681199157036
11.74 2.6868988744414732
11.75 2.6869616330733628
11.76 2.6870003471626105
11.77 2.687015137370731
11.78 2.6870241140051694
11.790000000000001 2.687056663448906
11.8 2.6871125487753593
11.81 2.6871914930999754
11.82 2.687293179515941
11.83 2.687417272595177
11.84 2.687563432675868
11.85 2.6877312711619767
11.86 2.687920371837352
11.870000000000001 2.688130292491733
11.88 2.6883605441203655
11.89 2.6886105544684646
11.9 2.688879742421319
11.91 2.6891674897040425
11.92 2.6894731384355
11.93 2.689796012760236
11.94 2.6901354917365126
11.950000000000001 2.6904908968457404
11.96 2.6908615281690498
11.97 2.6912466725928597
11.98 2.6916455987623613
11.99 2.692057515702588
12.0 2.6924816304347265
12.01 2.6929171374230396
12.02 2.6933632139396515
12.030000000000001 2.6938190221950498
12.040000000000001 2.69428372564231
12.05 2.6947564732299747
12.06 2.695236401490604
12.07 2.6957226385799333
12.08 2.6962143065412403
12.09 2.696710547523256
12.1 2.6972105040937
12.11 2.697713316431792
12.120000000000001 2.6982181308802655
12.13 2.698724101354644
12.14 2.6992303385138743
12.15 2.6997359410651947
12.16 2.7002400247175724
12.17 2.7007417020814826
12.18 2.701240082737706
12.19 2.701734330876166
12.200000000000001 2.702223658809824
12.21 2.702707265033646
12.22 2.7031843708183145
12.23 2.7036542228875238
12.24 2.704116061822851
12.25 2.7045691043800653
12.26 2.7050126141304998
12.27 2.7054458711516483
12.280000000000001 2.7058681721853253
12.290000000000001 2.70627883775724
12.3 2.706677223248517
12.31 2.70706269861453
12.32 2.707434657535505
12.33 2.7077925190288097
12.34 2.708135731425074
12.35 2.708463782440133
12.36 2.7087761864588287
12.370000000000001 2.709072490312432
12.38 2.7093522754601667
12.39 2.70961514905128
12.4 2.709860686013359
12.41 2.7100885070563634
12.42 2.710298261762629
12.43 2.7104896209476768
12.44 2.7106622827747753
12.450000000000001 2.7108160428673176
12.46 2.7109507177249936
12.47 2.711066151619822
12.48 2.711162230695895
12.49 2.7112388818740234
12.5 2.711296009788895
12.51 2.7113335541221804
12.52 2.711351500323321
12.530000000000001 2.7113531377568223
12.540000000000001 2.711374315571094
12.55 2.7114149550288045
12.56 2.7114749464255783
12.57 2.7115541528446907
12.58 2.711652407650738
12.59 2.71176951460375
12.6 2.7119052466963804
12.61 2.7120593464677216
12.620000000000001 2.712231527404926
12.63 2.7124214732698158
12.64 2.7126288381450725
12.65 2.712853257731317
12.66 2.7130943553132347
12.67 2.7133517204518056
12.68 2.7136249195330273
12.69 2.713913496591359
12.700000000000001 2.7142169681491395
12.71 2.714534815088259
12.72 2.7148665013955156
12.73 2.7152114673455565
12.74 2.7155691293369437
12.75 2.7159388913243276
12.76 2.7163201784914106
12.77 2.716712384856661
12.780000000000001 2.7171148915314536
12.790000000000001 2.717527070810363
12.8 2.7179482831278357
12.81 2.7183778535583407
12.82 2.7188151061529617
12.83 2.719259357340039
12.84 2.7197099137424563
12.85 2.720166072256443
12.86 2.7206271143990186
12.870000000000001 2.72109231398115
12.88 2.721560937041177
12.89 2.7220322412781006
12.9 2.7225054794150085
12.91 2.7229799595548463
12.92 2.7234549932990397
12.93 2.7239298893967128
12.94 2.7244039708873355
12.950000000000001 2.724876576434162
12.96 2.7253469869817355
12.97 2.7258144743381227
12.98 2.7262783371058137
12.99 2.7267378733722962
13.0 2.727192380500593
13.01 2.727641204144133
13.02 2.7280837279535555
13.030000000000001 2.7285193262287795
13.040000000000001 2.7289473926706664
13.05 2.7293673423215905
13.06 2.72977859189714
13.07 2.7301805517889557
13.08 2.7305726672021415
13.09 2.7309544005340376
13.1 2.731325231891633
13.11 2.7316846587666697
13.120000000000001 2.732032195298725
13.13 2.7323673759497704
13.14 2.7326897549255063
13.15 2.732998906721534
13.16 2.733294436469035
13.17 2.7335760081316636
13.18 2.733843300934701
13.19 2.7340960254017164
13.200000000000001 2.7343339270835383
13.21 2.734556774183062
13.22 2.7347642864236406
13.23 2.734956233365508
13.24 2.7351324111484594
13.25 2.735292633536831
13.26 2.735436737301821
13.27 2.7355646403983283
13.280000000000001 2.7356762756204445
13.290000000000001 2.7357715980855524
13.3 2.735850596016385
13.31 2.735913289575898
13.32 2.73595968749641
13.33 2.735989828015118
13.34 2.736003784093818
13.35 2.7360059156805896
13.36 2.7360240146432937
13.370000000000001 2.736057932634688
13.38 2.7361074967623518
13.39 2.7361725119902904
13.4 2.7362527596513746
13.41 2.73634799764297
13.42 2.7364579465852037
13.43 2.736582293513947
13.44 2.736720704770769
13.450000000000001 2.73687281825037
13.46 2.7370382430177878
13.47 2.7372165963919417
13.48 2.7374075183338595
13.49 2.7376106061610797
13.5 2.7378254470326455
13.51 2.7380516199121128
13.52 2.7382886736832637
13.530000000000001 2.7385360978578075
13.540000000000001 2.738793391653144
13.55 2.739060036837356
13.56 2.7393354964168743
13.57 2.7396192270745763
13.58 2.739910712739406
13.59 2.740209409559516
13.6 2.7405147653481188
13.61 2.740826223222934
13.620000000000001 2.7411432199992056
13.63 2.7414651731993205
13.64 2.741791501586181
13.65 2.742121621317614
13.66 2.742454945196361
13.67 2.742790881477526
13.68 2.7431288167848704
13.69 2.7434681370692506
13.700000000000001 2.7438082255634986
13.71 2.744148460140082
13.72 2.7444882176084007
13.73 2.7448269488003048
13.74 2.7451641102302
13.75 2.7454991589845283
13.76 2.745831572587215
13.77 2.746160849682706
13.780000000000001 2.746486413841379
13.790000000000001 2.7468076813614557
13.8 2.7471241011443
13.81 2.747435120774569
13.82 2.7477401857711152
13.83 2.748038802909974
13.84 2.74833052086209
13.85 2.7486148748080246
13.86 2.7488914206826722
13.870000000000001 2.7491597370022154
13.88 2.7494194001387466
13.89 2.7496699773564193
13.9 2.7499110725156117
13.91 2.7501423053482017
13.92 2.750363311699341
13.93 2.7505737465629
13.94 2.7507732877140088
13.950000000000001 2.7509616287231116
13.96 2.7511384825114322
13.97 2.7513035820344345
13.98 2.7514566835656264
13.99 2.7515975741896916
14.0 2.7517260608504017
14.01 2.7518419750888365
14.02 2.751945174366704
14.030000000000001 2.7520355337317186
14.040000000000001 2.7521129036564353
14.05 2.752177169660762
14.06 2.7522282369699456
14.07 2.7522660253619153
14.08 2.7522904752320803
14.09 2.7523016044357256
14.1 2.7523037671089448
14.11 2.752319172485997
14.120000000000001 2.752347740910037
14.13 2.7523893648686117
14.14 2.7524439739620505
14.15 2.7525114718537136
14.16 2.752591731745138
14.17 2.7526846120630224
14.18 2.752789956788031
14.19 2.7529075687329443
14.200000000000001 2.75303722937691
14.21 2.7531787093857987
14.22 2.753331759617775
14.23 2.7534961110959597
14.24 2.7536714814980434
14.25 2.7538575729797423
14.26 2.754054066904856
14.27 2.754260627248711
14.280000000000001 2.754476900821254
14.290000000000001 2.754702537214614
14.3 2.7549371943614926
14.31 2.7551805077104246
14.32 2.755432106654266
14.33 2.7556916158849014
14.34 2.755958628947707
14.35 2.7562326780219353
14.36 2.756513308421349
14.370000000000001 2.7568000475835808
14.38 2.757092403218148
14.39 2.7573898885553847
14.4 2.757692084357521
14.41 2.757998531886534
14.42 2.758308771342974
14.43 2.7586223478641383
14.44 2.7589388024054124
14.450000000000001 2.7592576242411946
14.46 2.759578321531763
14.47 2.7599004038389143
14.48 2.7602233773521943
14.49 2.760546747044351
14.5 2.7608700326441977
14.51 2.7611927505354448
14.52 2.7615144170124553
14.530000000000001 2.761834551373363
14.540000000000001 2.762152677968247
14.55 2.7624683478727508
14.56 2.7627811197185
14.57 2.7630905598386515
14.58 2.7633962482271683
14.59 2.76369777853099
14.6 2.763994700675719
14.61 2.764286563849122
14.620000000000001 2.764572936591434
14.63 2.7648533877335337
14.64 2.765127486014145
14.65 2.7653948644237927
14.66 2.765655196033794
14.67 2.7659081445463074
14.68 2.7661533968064114
14.69 2.76639066483673
14.700000000000001 2.7666196455734355
14.71 2.7668400139806124
14.72 2.7670514884360977
14.73 2.767253799184352
14.74 2.76744668804642
14.75 2.7676299179504715
14.76 2.767803282957979
14.77 2.7679665833561278
14.780000000000001 2.768119636503468
14.790000000000001 2.768262277657688
14.8 2.768394364241018
14.81 2.768515784948803
14.82 2.7686264453548195
14.83 2.7687262739846794
14.84 2.768815223717337
14.85 2.768893259216941
14.86 2.7689603008340193
14.870000000000001 2.7690163056277637
14.88 2.7690612448299055
14.89 2.7690950970984534
14.9 2.769117857434724
14.91 2.7691296139312427
14.92 2.769130454565608
14.93 2.7691404267757167
14.94 2.769161081112379
14.950000000000001 2.7691922623163316
14.96 2.769233857560711
14.97 2.7692857287468104
14.98 2.7693477105488444
14.99 2.76941962559922
15.0 2.769501284957301
15.01 2.7695924741250257
15.02 2.7696929647627213
15.030000000000001 2.76980251985465
15.040000000000001 2.7699208895539487
15.05 2.7700478115156044
15.06 2.770183007237133
15.07 2.770326184008805
15.08 2.770477038100825
15.09 2.770635253139537
15.1 2.770800500299972
15.11 2.7709724492203582
15.120000000000001 2.771150769826702
15.13 2.7713351172647824
15.14 2.771525140310268
15.15 2.77172048212482
15.16 2.7719207712026903
15.17 2.7721256126311067
15.18 2.7723346127307265
15.19 2.772547368962529
15.200000000000001 2.772763469697075
15.21 2.7729825136910797
15.22 2.773204145505094
15.23 2.773427974984317
15.24 2.773653606629535
15.25 2.7738806421727844
15.26 2.774108680580301
15.27 2.7743373180549726
15.280000000000001 2.774566148038293
15.290000000000001 2.7747947725144972
15.3 2.775022823557103
15.31 2.775249909397091
15.32 2.7754756358514654
15.33 2.775699608505614
15.34 2.77592143271142
15.35 2.7761407135848946
15.36 2.7763570560033304
15.370000000000001 2.776570090815066
15.38 2.7767795347255695
15.39 2.776985048225661
15.4 2.7771862899995465
15.41 2.7773829238455923
15.42 2.7775746186700747
15.43 2.7777610484807145
15.44 2.7779418923800057
15.450000000000001 2.7781168518019674
15.46 2.778285698533985
15.47 2.7784481692521674
15.48 2.7786040035604476
15.49 2.7787529500790242
15.5 2.778894766436951
15.51 2.7790292192648343
15.52 2.779156084187665
15.530000000000001 2.7792751588287916
15.540000000000001 2.7793863065757463
15.55 2.779489366752529
15.56 2.7795841849169167
15.57 2.77967061895129
15.58 2.779748539057177
15.59 2.7798178277501933
15.6 2.77987837985543
15.610000000000001 2.779930108257844
15.620000000000001 2.7799729671480473
15.63 2.780006907121497
15.64 2.7800318892039355
15.65 2.7800478884017554
15.66 2.7800548937006466
15.67 2.780056879336474
15.68 2.780067838964502
15.69 2.7800877406534417
15.700000000000001 2.7801165325958412
15.71 2.7801541520322663
15.72 2.780200522700348
15.73 2.7802555540134177
15.74 2.780319141057247
15.75 2.7803911645862507
15.76 2.7804714910191626
15.77 2.7805599755091412
15.780000000000001 2.78065647974134
15.790000000000001 2.780760841057296
15.8 2.780872880359242
15.81 2.78099240537335
15.82 2.781119210643116
15.83 2.7812530775223996
15.84 2.781393774168133
15.85 2.781541060962672
15.860000000000001 2.7816947282015594
15.870000000000001 2.7818545338886578
15.88 2.7820202176552415
15.89 2.7821915083398774
15.9 2.7823681239808526
15.91 2.7825497718085273
15.92 2.782736148237648
15.93 2.7829269453757766
15.94 2.783121905488888
15.950000000000001 2.783320735353475
15.96 2.7835231223368884
15.97 2.783728746409281
15.98 2.783937280137735
15.99 2.784148388680577
16.0 2.7843617297819105
16.01 2.784576960170899
16.02 2.784793800474278
16.03 2.7850119379281546
16.04 2.7852310406868686
16.05 2.7854507735246217
16.06 2.785670797833222
16.07 2.785890771620162
16.080000000000002 2.7861103495070503
16.09 2.786329188236636
16.1 2.7865470150419527
16.11 2.7867635300394022
16.12 2.7869784160438065
16.13 2.7871913567175706
16.14 2.7874020365725203
16.15 2.7876101409720597
16.16 2.78781535613364
16.17 2.7880173733060154
16.18 2.788215953091083
16.19 2.7884108381098436
16.2 2.788601757071937
16.21 2.7887884435318613
16.22 2.7889706358938047
16.23 2.7891480774166233
16.240000000000002 2.7893205162189494
16.25 2.789487708036087
16.26 2.789649469830843
16.27 2.7898056107528597
16.28 2.7899559309661197
16.29 2.790100238844228
16.3 2.79023835097605
16.31 2.7903700921712375
16.32 2.7904952954656346
16.330000000000002 2.790613803620831
16.34 2.7907255068660666
16.35 2.790830296985681
16.36 2.790928063037199
16.37 2.7910187046901513
16.38 2.7911021322301544
16.39 2.791178266562657
16.4 2.7912470392163478
16.41 2.7913083929035167
16.42 2.7913623004069006
16.43 2.7914087430024934
16.44 2.79144770642994
16.45 2.791479188263984
16.46 2.7915031979154095
16.47 2.7915197566315575
16.48 2.791528897496407
16.490000000000002 2.7915306654189855
16.5 2.791536214242301
16.51 2.791549011757494
16.52 2.791568977880601
16.53 2.791596020731828
16.54 2.7916300366379336
16.55 2.791670910134997
16.56 2.791718513971546
16.57 2.791772709363063
16.580000000000002 2.7918333641709383
16.59 2.7919003350979716
16.6 2.7919734595574983
16.61 2.792052564412223
16.62 2.7921374659787985
16.63 2.7922279700325943
16.64 2.792323871812659
16.65 2.7924249562862298
16.66 2.792531030227064
16.67 2.7926418937734048
16.68 2.792757321567466
16.69 2.7928770799692404
16.7 2.793000927061352
16.71 2.793128612653892
16.72 2.7932598782892284
16.73 2.793394457402166
16.740000000000002 2.7935321162374067
16.75 2.7936726218253325
16.76 2.7938157112812734
16.77 2.793961116448931
16.78 2.794108563903675
16.79 2.794257774955664
16.8 2.794408465652777
16.81 2.794560346829276
16.82 2.7947131682642374
16.830000000000002 2.79486668937716
16.84 2.795020637680248
16.85 2.795174738824743
16.86 2.7953287166016327
16.87 2.795482292942127
16.88 2.795635187917885
16.89 2.7957871197410773
16.9 2.795937846831999
16.91 2.7960871457668572
16.92 2.7962347621067063
16.93 2.7963804429995327
16.94 2.7965239371784514
16.95 2.796664994959719
16.96 2.796803368240571
16.97 2.796938810496888
16.98 2.797071112581075
16.990000000000002 2.797200089658655
17.0 2.797325530001875
17.01 2.79744722657351
17.02 2.7975649770594164
17.03 2.7976785838651987
17.04 2.7977878541128463
17.05 2.7978925996373363
17.06 2.797992663892298
17.07 2.7980879168135226
17.080000000000002 2.7981782087401847
17.09 2.7982633971515756
17.1 2.798343346784688
17.11 2.798417929631059
17.12 2.7984870249337264
17.13 2.798550519184324
17.14 2.798608322914568
17.150000000000002 2.7986603706937503
17.16 2.798706587246493
17.17 2.798746906080169
17.18 2.798781269668361
17.19 2.7988096294491873
17.2 2.798831945823871
17.21 2.798848188155544
17.22 2.798858341527684
17.23 2.7988624081619395
17.240000000000002 2.798864424780191
17.25 2.7988725115948547
17.26 2.798886645834689
17.27 2.7989067950128272
17.28 2.798932916926032
17.29 2.79896495965368
17.3 2.79900286367773
17.31 2.799046562818062
17.32 2.799095978484211
17.330000000000002 2.7991510225427265
17.34 2.7992115973918805
17.35 2.7992775959592273
17.36 2.7993489016989517
17.37 2.7994253885890106
17.38 2.799506930215801
17.39 2.7995934061218617
17.400000000000002 2.7996846736020093
17.41 2.7997805811511145
17.42 2.7998809689778232
17.43 2.7999856690010696
17.44 2.8000945048464856
17.45 2.800207291842734
17.46 2.800323850747799
17.47 2.800444021277371
17.48 2.8005676135553115
17.490000000000002 2.8006944302286514
17.5 2.800824267626325
17.51 2.8009569157558842
17.52 2.801092158300249
17.53 2.8012297726145046
17.54 2.8013695456997727
17.55 2.8015112950818493
17.56 2.801654804697928
17.57 2.8017998527649017
17.580000000000002 2.8019462137139937
17.59 2.802093658188791
17.6 2.802241953043419
17.61 2.8023908613408475
17.62 2.802540158398315
17.63 2.802689658573637
17.64 2.802839142393808
17.650000000000002 2.802988386714593
17.66 2.8031371674307595
17.67 2.8032852594760063
17.68 2.8034324368230483
17.69 2.803578472483868
17.7 2.8037231528817177
17.71 2.8038663077516426
17.72 2.8040077364197913
17.73 2.804147236757336
17.740000000000002 2.8042846084964834
17.75 2.8044196532321197
17.76 2.8045521744235593
17.77 2.8046819773964122
17.78 2.8048088808508833
17.79 2.8049327462093454
17.8 2.8050534110050087
17.81 2.8051707135921164
17.82 2.8052844967178725
17.830000000000002 2.805394607524988
17.84 2.805500897554229
17.85 2.805603222746975
17.86 2.805701451487881
17.87 2.8057954894647312
17.88 2.805885227141341
17.89 2.805970558045353
17.900000000000002 2.806051382089218
17.91 2.8061276055725397
17.92 2.8061991411843126
17.93 2.806265908005052
17.94 2.8063278360245802
17.95 2.8063848829460345
17.96 2.806437000864461
17.97 2.8064841470624464
17.98 2.8065262864729488
17.990000000000002 2.8065633916805006
18.0 2.806595442922232
18.01 2.806622428088708
18.02 2.8066443440945834
18.03 2.806661202988248
18.04 2.8066730205141988
18.05 2.8066798195215523
18.06 2.8066816309455436
18.07 2.806684768083913
18.080000000000002 2.806692806678423
18.09 2.8067056915383723
18.1 2.806723360492147
18.11 2.806745750272162
18.12 2.806772786072939
18.13 2.8068043843708343
18.14 2.806840453962184
18.150000000000002 2.8068808959649867
18.16 2.8069256038207264
18.17 2.8069744632963216
18.18 2.807027355246552
18.19 2.807084173256772
18.2 2.8071447938772214
18.21 2.807209083740096
18.22 2.807276902968461
18.23 2.80734810517853
18.240000000000002 2.8074225374819877
18.25 2.8075000404883492
18.26 2.8075804519093364
18.27 2.807663634217884
18.28 2.8077494302002974
18.29 2.8078376720599305
18.3 2.8079281872733293
18.31 2.8080207985922097
18.32 2.8081153240453878
18.330000000000002 2.808211576940653
18.34 2.8083093696043084
18.35 2.808408548059535
18.36 2.8085089389040756
18.37 2.8086103581456623
18.38 2.8087126192500786
18.39 2.8088155331421416
18.400000000000002 2.8089189082065777
18.41 2.809022550288793
18.42 2.8091262660448892
18.43 2.809229900807614
18.44 2.809333283302315
18.45 2.8094362324226667
18.46 2.8095385668686057
18.47 2.809640105146075
18.48 2.8097406655666606
18.490000000000002 2.809840066247126
18.5 2.8099381277567006
18.51 2.8100347100280563
18.52 2.810129661054343
18.53 2.8102228205905138
18.54 2.810314030466161
18.55 2.8104031345842873
18.56 2.810489978920009
18.57 2.8105744115192084
18.580000000000002 2.8106562843321057
18.59 2.810735485264259
18.6 2.81081189586094
18.61 2.810885391865522
18.62 2.810955853061744
18.63 2.811023163272106
18.64 2.811087210356289
18.650000000000002 2.8111478862095853
18.66 2.811205087835178
18.67 2.811258741362017
18.68 2.811308772028763
18.69 2.811355102475685
18.7 2.8113976608643525
18.71 2.811436380876373
18.72 2.8114712017122083
18.73 2.811502068090079
18.740000000000002 2.81152893071666
18.75 2.811551760204332
18.76 2.811570530690452
18.77 2.811585217512614
18.78 2.8115958023994985
18.79 2.81160227347046
18.8 2.8116046252352374
18.81 2.811606391876692
18.82 2.8116122695587893
18.830000000000002 2.811622241388373
18.84 2.8116362843141984
18.85 2.8116543699604786
18.86 2.811676463363197
18.87 2.811702522969513
18.88 2.8117325006370444
18.89 2.811766341633034
18.900000000000002 2.811803984755138
18.91 2.8118453695467327
18.92 2.81189042894277
18.93 2.811939086456622
18.94 2.8119912594825673
18.95 2.8120468592944254
18.96 2.812105791044103
18.97 2.8121679537600706
18.98 2.812233240511192
18.990000000000002 2.812301554149264
19.0 2.8123727926644064
19.01 2.8124468409630548
19.02 2.812523578896824
19.03 2.8126028812608754
19.04 2.8126846177922653
19.05 2.812768653168281
19.06 2.812854847125205
19.07 2.8129430761165493
19.080000000000002 2.813033215304118
19.09 2.8131251239598267
19.1 2.8132186578329565
19.11 2.8133136691488447
19.12 2.813410006607611
19.13 2.813507515382928
19.14 2.8136060371721077
19.150000000000002 2.813705434706315
19.16 2.813805574112564
19.17 2.8139063040623276
19.18 2.814007471534939
19.19 2.814108921817036
19.2 2.8142104985020757
19.21 2.8143120434899167
19.22 2.8144133969923852
19.23 2.8145144218255336
19.240000000000002 2.814614989076202
19.25 2.814714952347385
19.26 2.8148141654842966
19.27 2.814912482574688
19.28 2.8150097579492375
19.29 2.8151058461820053
19.3 2.8152006020909552
19.31 2.815293902182541
19.32 2.815385635250381
19.330000000000002 2.8154756742988427
19.34 2.8155638944076293
19.35 2.8156501727385344
19.36 2.815734388536461
19.37 2.8158164231304714
19.38 2.815896159934859
19.39 2.8159735012879414
19.400000000000002 2.8160483638848506
19.41 2.81612065214615
19.42 2.816190274089972
19.43 2.8162571413764454
19.44 2.8163211693088814
19.45 2.8163822768349283
19.46 2.816440386547711
19.47 2.816495435972619
19.48 2.8165473765698477
19.490000000000002 2.816596152563333
19.5 2.816641712862648
19.51 2.8166840111502545
19.52 2.81672300588236
19.53 2.816758660289704
19.54 2.816790942378275
19.55 2.8168198304785523
19.56 2.8168453138691296
19.57 2.8168673805983633
19.580000000000002 2.8168860239996514
19.59 2.816901242781341
19.6 2.816913041026931
19.61 2.8169214281951866
19.62 2.816926419120162
19.63 2.8169280342928626
19.64 2.816929768630641
19.650000000000002 2.8169348212026173
19.66 2.8169431553332056
19.67 2.816954728939798
19.68 2.816969494533255
19.69 2.8169873992184793
19.7 2.817008384695065
19.71 2.817032391281665
19.72 2.8170593602453198
19.73 2.8170892220527883
19.740000000000002 2.8171219020929477
19.75 2.8171573208658316
19.76 2.817195393983591
19.77 2.8172360321714907
19.78 2.817279141268955
19.79 2.8173246293012997
19.8 2.817372412500562
19.81 2.8174223917283014
19.82 2.8174744634461786
19.830000000000002 2.817528520219594
19.84 2.8175844507187144
19.85 2.817642139719506
19.86 2.817701468104753
19.87 2.8177623216244787
19.88 2.817824601025005
19.89 2.8178881888451195
19.900000000000002 2.817952964166516
19.91 2.8180188035203897
19.92 2.8180855808881513
19.93 2.818153167702109
19.94 2.818221432846109
19.95 2.8182902514104273
19.96 2.818359517815833
19.97 2.818429108215155
19.98 2.8184988964127125
19.990000000000002 2.8185687551405314
20.0 2.818638556058525
20.01 2.818708169754631
20.02 2.8187774657448847
20.03 2.8188463228585743
20.04 2.8189146488349635
20.05 2.818982329902756
20.06 2.8190492510702483
20.07 2.819115298209328
20.080000000000002 2.819180358055092
20.09 2.819244318205424
20.1 2.8193070671205414
20.11 2.819368497604035
20.12 2.8194285149104754
20.13 2.819487017662536
20.14 2.8195439051197178
20.150000000000002 2.819599078123459
20.16 2.819652439096466
20.17 2.819703892042035
20.18 2.819753342543354
20.19 2.8198007069924995
20.2 2.819845938766058
20.21 2.8198889711393123
20.22 2.8199297377573567
20.23 2.819968175985234
20.240000000000002 2.8200042269072294
20.25 2.820037835326195
20.26 2.8200689497629092
20.27 2.8200975224125875
20.28 2.8201235089975256
20.29 2.8201468690659546
20.3 2.8201675658912175
20.31 2.8201855664506987
20.32 2.820200841425405
20.330000000000002 2.820213365199603
20.34 2.8202231158604922
20.35 2.8202300779039655
20.36 2.8202342533538967
20.37 2.8202356404048277
20.38 2.8202370407668456
20.39 2.8202412230506817
20.400000000000002 2.8202481772600825
20.41 2.820257888893569
20.42 2.8202703389442796
20.43 2.820285503628308
20.44 2.8203033530491446
20.45 2.8203238536242914
20.46 2.8203469673982076
20.47 2.820372651816216
20.48 2.8204008597240016
20.490000000000002 2.820431539367054
20.5 2.8204646343900657
20.51 2.8205000869413137
20.52 2.8205378559536247
20.53 2.820577885590907
20.54 2.8206201132420183
20.55 2.820664472906563
20.56 2.8207108951942166
20.57 2.8207593073240305
20.580000000000002 2.820809633123716
20.59 2.8208617926916886
20.6 2.820915700014917
20.61 2.820971266879986
20.62 2.8210284020088556
20.63 2.8210870105745913
20.64 2.8211469942005762
20.650000000000002 2.8212082509597303
20.66 2.8212706753737358
20.67 2.8213341625411164
20.68 2.821398643265226
20.69 2.821464029065301
20.7 2.8215302223091574
20.71 2.8215971240305238
20.72 2.821664633928654
20.73 2.821732650367959
20.740000000000002 2.8218010703776684
20.75 2.8218697903005143
20.76 2.8219387124927535
20.77 2.82200773532655
20.78 2.8220767546201597
20.79 2.8221456652729087
20.8 2.82221436126509
20.81 2.8222827356579057
20.82 2.822350680593438
20.830000000000002 2.8224180896649216
20.84 2.8224848879158295
20.85 2.8225509892025404
20.86 2.8226163002832094
20.87 2.8226807288513727
20.88 2.822744183536282
20.89 2.8228065739032657
20.900000000000002 2.8228678104541074
20.91 2.8229278055704974
20.92 2.8229864883526172
20.93 2.8230437845646588
20.94 2.823099617459609
20.95 2.8231539121444844
20.96 2.823206595580856
20.97 2.8232575965853783
20.98 2.8233068458303223
20.990000000000002 2.8233542766457687
21.0 2.8233998410008203
21.01 2.8234434890229934
21.02 2.823485168516521
21.03 2.8235248301340126
21.04 2.8235624273769626
21.05 2.8235979165962495
21.06 2.8236312569926025
21.07 2.823662411006325
21.080000000000002 2.823691354405018
21.09 2.823718064077224
21.1 2.8237425167971386
21.11 2.8237646928223747
21.12 2.823784575894253
21.13 2.8238021532380593
21.14 2.8238174155632607
21.150000000000002 2.8238303571443613
21.16 2.823840978636969
21.17 2.823849283879933
21.18 2.8238552792666516
21.19 2.8238589748545104
21.2 2.8238603843648535
21.21 2.8238612435467916
21.22 2.823864350371993
21.23 2.8238696801460406
21.240000000000002 2.823877205431177
21.25 2.823886895093476
21.26 2.8238987140011442
21.27 2.8239126234185035
21.28 2.8239285810063177
21.29 2.823946540822147
21.3 2.8239664533207334
21.31 2.8239882654909927
21.32 2.824011931189661
21.330000000000002 2.8240374011030673
21.34 2.8240646179948707
21.35 2.8240935217226
21.36 2.82412404923811
21.37 2.8241561345880517
21.38 2.824189708914352
21.39 2.824224700501293
21.400000000000002 2.8242610408866153
21.41 2.8242986594989588
21.42 2.8243374799775207
21.43 2.8243774234857857
21.44 2.8244184087119795
21.45 2.824460351869508
21.46 2.8245031666973968
21.47 2.8245467645297455
21.48 2.824591074166737
21.490000000000002 2.824636026528827
21.5 2.8246815394167757
21.51 2.824727529611888
21.52 2.8247739128762315
21.53 2.824820603952834
21.54 2.8248675165658574
21.55 2.8249145634300126
21.56 2.8249616669257516
21.57 2.8250087521446186
21.580000000000002 2.8250557366358957
21.59 2.8251025377559262
21.6 2.825149072668095
21.61 2.825195258342788
21.62 2.825241011557332
21.63 2.825286248895907
21.64 2.8253308951946146
21.650000000000002 2.825374879236408
21.66 2.8254181236808784
21.67 2.8254605516918474
21.68 2.8255020869371696
21.69 2.8255426535884944
21.7 2.825582176321008
21.71 2.8256205803131644
21.72 2.825657809883489
21.73 2.825693821984322
21.740000000000002 2.825728559071971
21.75 2.825761965739649
21.76 2.8257939887397527
21.77 2.8258245769835093
21.78 2.82585368154064
21.79 2.8258812556390205
21.8 2.8259072557053706
21.81 2.8259316411842317
21.82 2.825954372726583
21.830000000000002 2.825975413235022
21.84 2.8259947278686504
21.85 2.8260122840428012
21.86 2.8260280514287883
21.87 2.8260420019536663
21.88 2.8260541174152967
21.89 2.826064389625421
21.900000000000002 2.8260728048201202
21.91 2.82607935219071
21.92 2.8260840239736975
21.93 2.826086815450696
21.94 2.8260877249483696
21.95 2.826088696058339
21.96 2.8260915449053
21.97 2.82609626747603
21.98 2.8261028549338354
21.990000000000002 2.8261112955361036
22.0 2.8261215746690276
22.01 2.826133674847489
22.02 2.826147575714912
22.03 2.826163254043101
22.04 2.826180684475786
22.05 2.826199839873875
22.06 2.8262206892741455
22.07 2.826243198903776
22.080000000000002 2.8262673322082814
22.09 2.826293049851232
22.1 2.8263203097139455
22.11 2.8263490668951685
22.12 2.8263792760928625
22.13 2.8264108933289833
22.14 2.826443868464798
22.150000000000002 2.8264781487552897
22.16 2.8265136789897505
22.17 2.8265504014914185
22.18 2.826588256117117
22.19 2.8266271802568843
22.2 2.8266671088336044
22.21 2.8267079743026358
22.22 2.826749706651444
22.23 2.8267922333992335
22.240000000000002 2.826835485549791
22.25 2.826879428630885
22.26 2.8269240027983216
22.27 2.826969140714782
22.28 2.8270147737408315
22.29 2.8270608319347033
22.3 2.827107244052096
22.31 2.827153937545984
22.32 2.827200838566439
22.330000000000002 2.82724787196047
22.34 2.8272949612718765
22.35 2.8273420287411217
22.36 2.8273889961476306
22.37 2.8274358221404903
22.38 2.8274824566764325
22.39 2.8275288319915206
22.400000000000002 2.827574880106421
22.41 2.827620532826444
22.42 2.827665721741602
22.43 2.827710378226683
22.44 2.8277544334413363
22.45 2.827797818330178
22.46 2.8278404636229113
22.47 2.827882299834462
22.48 2.8279232572651307
22.490000000000002 2.8279632936497827
22.5 2.8280023949729776
22.51 2.8280405102663613
22.52 2.828077589081786
22.53 2.8281135821283145
22.54 2.8281484412724542
22.55 2.8281821195383947
22.56 2.8282145711082483
22.57 2.8282457513222896
22.580000000000002 2.8282756166791962
22.59 2.828304124836286
22.6 2.828331234609759
22.61 2.8283569129500337
22.62 2.8283811594968773
22.63 2.8284039522712088
22.64 2.828425267123652
22.650000000000002 2.8284450819279874
22.66 2.8284633765813374
22.67 2.8284801330043274
22.68 2.828495335141241
22.69 2.82850896896016
22.7 2.8285210224530846
22.71 2.828531485636049
22.72 2.8285403505492117
22.73 2.8285476119970925
22.740000000000002 2.82855328481037
22.75 2.8285573800769845
22.76 2.8285599047757537
22.77 2.8285608683966017
22.78 2.828561453852673
22.79 2.8285635738736388
22.8 2.8285672114365195
22.81 2.8285723470074697
22.82 2.8285789585418804
22.830000000000002 2.828587021484503
22.84 2.828596508769588
22.85 2.828607390821038
22.86 2.828619641335003
22.87 2.828633235179912
22.88 2.8286481386353604
22.89 2.8286643156877376
22.900000000000002 2.8286817280582865
22.91 2.828700335203312
22.92 2.8287200943144053
22.93 2.828740960318667
22.94 2.828762885878947
22.95 2.828785821394081
22.96 2.828809714999136
22.97 2.8288345125656575
22.98 2.8288601645896425
22.990000000000002 2.828886642343625
23.0 2.828913896246997
23.01 2.828941872786101
23.02 2.8289705168544312
23.03 2.8289997717528275
23.04 2.8290295791896685
23.05 2.8290598792810555
23.06 2.829090610550993
23.07 2.829121709931558
23.080000000000002 2.8291531127630654
23.09 2.8291847527942133
23.1 2.8292165648786884
23.11 2.829248523077296
23.12 2.8292805824786758
23.13 2.8293126855673205
23.14 2.829344774305511
23.150000000000002 2.8293767901333506
23.16 2.829408673968785
23.17 2.829440366207614
23.18 2.8294718067234887
23.19 2.8295029348678993
23.2 2.829533689470149
23.21 2.829564008837317
23.22 2.8295938307542827
23.23 2.8296231220902257
23.240000000000002 2.8296518584020247
23.25 2.829679990804566
23.26 2.829707470968382
23.27 2.829734251119534
23.28 2.8297602840394824
23.29 2.8297855230649582
23.3 2.8298099220878226
23.31 2.8298334355549257
23.32 2.8298560184679626
23.330000000000002 2.82987762638332
23.34 2.8298982154119234
23.35 2.829917754005809
23.36 2.8299362402519668
23.37 2.829953646562105
23.38 2.829969944658186
23.39 2.829985107739485
23.400000000000002 2.829999110482455
23.41 2.830011929040598
23.42 2.8300235410443384
23.43 2.8300339256009073
23.44 2.83004306329423
23.45 2.830050936184826
23.46 2.8300575278097098
23.47 2.830062825070707
23.48 2.8300668356233225
23.490000000000002 2.830069558613405
23.5 2.8300709905700416
23.51 2.8300711299979215
23.52 2.8300722826185205
23.53 2.8300747248317344
23.54 2.8300784522061013
23.55 2.83008345833454
23.56 2.830089734834313
23.57 2.830097271346984
23.580000000000002 2.8301060555383546
23.59 2.830116073094768
23.6 2.830127306840719
23.61 2.8301397375695934
23.62 2.8301533446468796
23.63 2.8301681054332737
23.64 2.8301839952845547
23.650000000000002 2.830200987551449
23.66 2.8302190535794858
23.67 2.8302381627088473
23.68 2.8302582822742055
23.69 2.830279377604558
23.7 2.8303014120230516
23.71 2.8303243468468073
23.72 2.830348148417005
23.73 2.8303727936554197
23.740000000000002 2.830398244652151
23.75 2.830424461299651
23.76 2.8304514019366604
23.77 2.830479023348043
23.78 2.830507280764623
23.79 2.830536127863021
23.8 2.830565516765489
23.81 2.830595398039753
23.82 2.830625720698854
23.830000000000002 2.830656432200996
23.84 2.8306874825871886
23.85 2.8307188502385463
23.86 2.830750493986183
23.87 2.8307823661920226
23.88 2.8308144184429365
23.89 2.8308466015506735
23.900000000000002 2.8308788655517914
23.91 2.830911159707597
23.92 2.830943432504094
23.93 2.8309756316519397
23.94 2.8310077040864075
23.95 2.831039595967365
23.96 2.831071253138384
23.97 2.831102651883153
23.98 2.8311337639713323
23.990000000000002 2.8311645452998904
24.0 2.831194951911087
24.01 2.831224939992526
24.02 2.8312544658772185
24.03 2.831283486043649
24.04 2.831311957115847
24.05 2.8313398358634663
24.060000000000002 2.8313670792018706
24.07 2.8313936441922203
24.080000000000002 2.8314194880415697
24.09 2.8314445835020194
24.1 2.831468922792555
24.11 2.8314924754735067
24.12 2.8315152114802182
24.13 2.8315371017241397
24.14 2.831558118092945
24.150000000000002 2.8315782334506414
24.16 2.83159742163768
24.17 2.8316156574710676
24.18 2.831632916744473
24.19 2.8316491762283307
24.2 2.831664413669943
24.21 2.83167861173646
24.22 2.831691774804925
24.23 2.831703894079738
24.240000000000002 2.831714959178655
24.25 2.8317249612524025
24.26 2.8317338929847353
24.27 2.831741748592494
24.28 2.8317485238256426
24.29 2.8317542159673104
24.3 2.8317588238338174
24.310000000000002 2.831762347774695
24.32 2.831764789672701
24.330000000000002 2.8317661531294647
24.34 2.831766449270496
24.35 2.8317672093494672
24.36 2.831769015308949
24.37 2.831771855110546
24.38 2.8317757150170024
24.39 2.8317805795922517
24.400000000000002 2.831786431701477
24.41 2.8317932525111775
24.42 2.8318010214892415
24.43 2.831809716405027
24.44 2.8318193133294494
24.45 2.8318297866350726
24.46 2.831841114234129
24.47 2.8318532766435
24.48 2.8318662464809132
24.490000000000002 2.831879994843479
24.5 2.831894491369523
24.51 2.8319097042386963
24.52 2.83192560017208
24.53 2.8319421444322996
24.54 2.8319593008236335
24.55 2.8319770316921273
24.560000000000002 2.831995297925705
24.57 2.8320140589542824
24.580000000000002 2.8320332779224997
24.59 2.832052936592263
24.6 2.8320729999245144
24.61 2.832093429648188
24.62 2.832114186599191
24.63 2.83213523072048
24.64 2.83215652106213
24.650000000000002 2.8321780157814005
24.66 2.832199672142799
24.67 2.8322214465181386
24.68 2.8322432943865867
24.69 2.832265170334718
24.7 2.8322870295330085
24.71 2.832308854142732
24.72 2.832330614952184
24.73 2.8323522734080244
24.740000000000002 2.8323737908045934
24.75 2.8323951282839017
24.76 2.8324162468356167
24.77 2.8324371072970456
24.78 2.8324576703531115
24.79 2.8324778965363224
24.8 2.832497746226742
24.810000000000002 2.8325171796519464
24.82 2.8325361568869805
24.830000000000002 2.832554656563636
24.84 2.832572665859173
24.85 2.832590154502957
24.86 2.8326070927845404
24.87 2.8326234515730637
24.88 2.832639202317185
24.89 2.8326543170450105
24.900000000000002 2.8326687683640266
24.91 2.8326825294610267
24.92 2.8326955741020403
24.93 2.832707876632261
24.94 2.8327194119759755
24.95 2.832730162025797
24.96 2.8327401275999193
24.97 2.8327492944455286
24.98 2.8327576478407246
24.990000000000002 2.8327651741979456
25.0 2.832771861063916
25.01 2.8327776971195977
25.02 2.832782672180148
25.03 2.8327867771948774
25.04 2.8327900042472187
25.05 2.8327923465546894
25.060000000000002 2.832793798468872
25.07 2.8327943562836038
25.080000000000002 2.832794685192996
25.09 2.8327958970303473
25.1 2.832797989247018
25.11 2.8328009579017324
25.12 2.832804797660565
25.13 2.83280950179692
25.14 2.8328150621915067
25.150000000000002 2.8328214693323064
25.16 2.832828712314537
25.17 2.832836778840609
25.18 2.8328456552200794
25.19 2.832855326372325
25.2 2.8328657781854014
25.21 2.8328769955667195
25.22 2.832888960368634
25.23 2.832901653130864
25.240000000000002 2.832915053080426
25.25 2.832929138131557
25.26 2.83294388488564
25.27 2.832959268631122
25.28 2.8329752633434344
25.29 2.8329918416849074
25.3 2.833008975004684
25.310000000000002 2.8330266333386347
25.32 2.8330447908022798
25.330000000000002 2.8330634315472167
25.34 2.833082527546947
25.35 2.8331020491364693
25.36 2.833121965719203
25.37 2.8331422457669193
25.38 2.8331628568196705
25.39 2.8331837654857246
25.400000000000002 2.8332049374415003
25.41 2.833226337431501
25.42 2.8332479292682575
25.43 2.8332696758322675
25.44 2.8332915416759894
25.45 2.8333135126410007
25.46 2.8333355611679525
25.47 2.8333576546088124
25.48 2.833379759959868
25.490000000000002 2.833401843861711
25.5 2.833423872599223
25.51 2.833445812101567
25.52 2.8334676279421798
25.53 2.8334892853387705
25.54 2.8335107491533225
25.55 2.8335319838921005
25.560000000000002 2.8335529538834523
25.57 2.8335736434828984
25.580000000000002 2.833594035953928
25.59 2.8336141030891633
25.6 2.8336338169515836
25.61 2.8336531498745607
25.62 2.8336720744619033
25.63 2.833690563587897
25.64 2.8337085903973493
25.650000000000002 2.8337261283056363
25.66 2.833743150998752
25.67 2.833759632433354
25.68 2.83377554683682
25.69 2.833790877664156
25.7 2.8338056221193795
25.71 2.833819762949043
25.72 2.8338332831492044
25.73 2.833846166513154
25.740000000000002 2.8338583976314595
25.75 2.833869961892022
25.76 2.833880845480117
25.77 2.833891035378444
25.78 2.833900519367168
25.79 2.8339092860239607
25.8 2.833917324724041
25.810000000000002 2.8339246275555925
25.82 2.8339311991601663
25.830000000000002 2.833937037420291
25.84 2.833942139334752
25.85 2.833946503010135
25.86 2.8339501276608368
25.87 2.833953013609081
25.88 2.833955162284921
25.89 2.8339565762262455
25.900000000000002 2.8339572590787743
25.91 2.8339573025614913
25.92 2.833958066518087
25.93 2.833959543952754
25.94 2.8339617255645226
25.95 2.833964601178295
25.96 2.8339681600249276
25.97 2.8339723901934777
25.98 2.8339772786312363
25.990000000000002 2.833982811143765
26.0 2.8339889723949296
26.01 2.833995745906945
26.02 2.8340031140604176
26.03 2.8340110580943896
26.04 2.834019558106391
26.05 2.8340285930524876
26.060000000000002 2.834038145470469
26.07 2.834048201596839
26.080000000000002 2.8340587402655344
26.09 2.8340697392953964
26.1 2.8340811755976296
26.11 2.8340930251758545
26.12 2.834105263126156
26.13 2.834117863637133
26.14 2.834130799989947
26.150000000000002 2.8341440445583714
26.16 2.8341575688088403
26.17 2.8341713433004943
26.18 2.8341853411825704
26.19 2.8341995504546333
26.2 2.834213946810553
26.21 2.8342285033784793
26.22 2.8342431928108485
26.23 2.834257987284408
26.240000000000002 2.8342728585002397
26.25 2.8342877776837794
26.26 2.8343027155848337
26.27 2.834317642477597
26.28 2.8343325281606635
26.29 2.8343473419570366
26.3 2.8343620535054352
26.310000000000002 2.8343766511050323
26.32 2.834391116425031
26.330000000000002 2.8344054241551833
26.34 2.834419549026787
26.35 2.834433465812672
26.36 2.834447149327183
26.37 2.83446057442616
26.38 2.834473716006922
26.39 2.834486549008241
26.400000000000002 2.8344990484103203
26.41 2.8345111892347656
26.42 2.8345229465445594
26.43 2.834534306766339
26.44 2.83454526353494
26.45 2.834555798654983
26.46 2.8345658943966607
26.47 2.8345755335489677
26.48 2.834584699419669
26.490000000000002 2.834593375835264
26.5 2.8346015471409585
26.51 2.834609198200628
26.52 2.8346163143967873
26.53 2.8346228816305614
26.54 2.834628886321651
26.55 2.834634318800126
26.560000000000002 2.8346391812238743
26.57 2.834643467133629
26.580000000000002 2.834647169772582
26.59 2.8346502832314364
26.6 2.8346528024483884
26.61 2.8346547232091117
26.62 2.8346560421467477
26.63 2.834656756741895
26.64 2.834656865322602
26.650000000000002 2.8346573635808436
26.66 2.834658468655099
26.67 2.83466017938991
26.68 2.834662489488635
26.69 2.834665393640712
26.7 2.834668886844133
26.71 2.834672963136877
26.72 2.834677615596895
26.73 2.834682836342091
26.740000000000002 2.8346886165303005
26.75 2.834694946359268
26.76 2.8347018150666212
26.77 2.8347092109298417
26.78 2.8347171212662365
26.79 2.834725532432922
26.8 2.8347344330611244
26.810000000000002 2.834743811817854
26.82 2.8347536538047424
26.830000000000002 2.834763943280764
26.84 2.834774663662196
26.85 2.8347857975225854
26.86 2.8347973265927062
26.87 2.834809231760525
26.88 2.834821493071159
26.89 2.834834089726838
26.900000000000002 2.8348470000868637
26.91 2.8348602016675706
26.92 2.8348736750692543
26.93 2.8348874097060253
26.94 2.8349013854287772
26.95 2.8349155808354145
26.96 2.834929973987861
26.97 2.8349445424120336
26.98 2.8349592630978164
26.990000000000002 2.8349741124990344
27.0 2.8349890665334305
27.01 2.8350041005826427
27.02 2.835019189492183
27.03 2.8350343075714193
27.04 2.8350494301653133
27.05 2.8350645480649495
27.060000000000002 2.8350796432316296
27.07 2.8350946937061874
27.080000000000002 2.8351096774073756
27.09 2.83512457213187
27.1 2.8351393555542668
27.11 2.8351540052270905
27.12 2.835168498580799
27.13 2.835182812923786
27.14 2.8351969254423968
27.150000000000002 2.835210813200933
27.16 2.8352244531959316
27.17 2.8352378352929426
27.18 2.8352509500143794
27.19 2.8352637797438396
27.2 2.8352763071613563
27.21 2.8352885152434233
27.22 2.8353003872630147
27.23 2.835311906789612
27.240000000000002 2.8353230576892234
27.25 2.835333824124412
27.26 2.8353441905543173
27.27 2.835354141734683
27.28 2.8353636627178775
27.29 2.8353727439060568
27.3 2.8353813850126155
27.310000000000002 2.835389576849232
27.32 2.8353973103900723
27.330000000000002 2.8354045772310204
27.34 2.8354113695896985
27.35 2.835417680305489
27.36 2.835423502839551
27.37 2.835428831274837
27.38 2.835433660316107
27.39 2.8354379852899485
27.400000000000002 2.8354418021447807
27.41 2.8354451083094565
27.42 2.8354479080159463
27.43 2.8354502023917694
27.44 2.8354519921731134
27.45 2.8354532788793345
27.46 2.835454064812962
27.47 2.835454353059694
27.48 2.8354545586309947
27.490000000000002 2.835455253368304
27.5 2.835456431836444
27.51 2.835458087817093
27.52 2.835460214308794
27.53 2.8354628035423057
27.54 2.835465847997652
27.55 2.835469339246322
27.560000000000002 2.8354732675786782
27.57 2.8354776225324327
27.580000000000002 2.835482392892662
27.59 2.8354875666918313
27.6 2.835493131209816
27.61 2.8354990729739193
27.62 2.8355053777589005
27.63 2.8355120305869974
27.64 2.8355190157279493
27.650000000000002 2.8355263166990246
27.66 2.8355339200576504
27.67 2.835541816347622
27.68 2.835549989756495
27.69 2.8355584237768396
27.7 2.8355671013527366
27.71 2.835576004879794
27.72 2.8355851162051717
27.73 2.8355944166276
27.740000000000002 2.8356038868974007
27.75 2.835613507216508
27.76 2.8356232572384843
27.77 2.83563311606854
27.78 2.8356430645396795
27.79 2.8356530948654064
27.8 2.83566319055902
27.810000000000002 2.835673333115076
27.82 2.83568350379959
27.830000000000002 2.8356936836500446
27.84 2.835703853475394
27.85 2.835713993856069
27.86 2.83572408514398
27.87 2.8357341074625153
27.88 2.8357440407065457
27.89 2.835753864542423
27.900000000000002 2.83576355880783
27.91 2.8357731159302135
27.92 2.835782524746643
27.93 2.835791768979086
27.94 2.8358008324754076
27.95 2.8358096992093555
27.96 2.8358183532805517
27.97 2.835826778914478
27.98 2.8358349604624657
27.990000000000002 2.8358428824016797
28.0 2.8358505293351057
28.01 2.8358578859915355
28.02 2.8358649372255527
28.03 2.835871674701485
28.04 2.8358780956721126
28.05 2.8358841896228277
28.060000000000002 2.8358899463918403
28.07 2.8358953562476654
28.080000000000002 2.835900409889108
28.09 2.8359050984452496
28.1 2.835909413475432
28.11 2.8359133469692472
28.12 2.8359168913465216
28.13 2.8359200394573043
28.14 2.8359227845818573
28.150000000000002 2.8359251221452024
28.16 2.8359270546354334
28.17 2.8359285798955445
28.18 2.8359296956148654
28.19 2.8359304000995986
28.2 2.8359306922728127
28.21 2.835930812871183
28.22 2.83593134608434
28.23 2.835932291138619
28.240000000000002 2.835933646643494
28.25 2.8359354105915684
28.26 2.8359375803585762
28.27 2.835940152638899
28.28 2.8359431222985627
28.29 2.8359464840433866
28.3 2.835950232328457
28.310000000000002 2.8359543609597866
28.32 2.8359588630943073
28.330000000000002 2.8359637312398567
28.34 2.8359689572551634
28.35 2.835974532349835
28.36 2.835980447084341
28.37 2.8359866913699974
28.38 2.8359932544689497
28.39 2.8360001249941558
28.400000000000002 2.836007294001776
28.41 2.8360147533257747
28.42 2.8360224913003584
28.43 2.8360304957283216
28.44 2.8360387538840968
28.45 2.8360472525137363
28.46 2.836055977834896
28.47 2.8360649155368156
28.48 2.836074050780304
28.490000000000002 2.8360833681977193
28.5 2.8360928518929525
28.51 2.8361024854414105
28.52 2.836112254620657
28.53 2.8361221524952964
28.54 2.836132164926972
28.55 2.836142276804947
28.560000000000002 2.8361524727268863
28.57 2.8361627369988516
28.580000000000002 2.836173053635288
28.59 2.836183406359019
28.6 2.8361937786012392
28.61 2.836204153501505
28.62 2.8362145139077306
28.63 2.8362248423761844
28.64 2.8362351220326945
28.650000000000002 2.8362453462667907
28.66 2.8362555031648937
28.67 2.836265578001234
28.68 2.8362755560327964
28.69 2.8362854224993215
28.7 2.836295162623311
28.71 2.8363047616100334
28.72 2.8363142046475303
28.73 2.836323476906622
28.740000000000002 2.8363325635409145
28.75 2.8363414496868082
28.76 2.8363501204766863
28.77 2.836358572004857
28.78 2.8363668022365682
28.79 2.8363748014154835
28.8 2.836382560141922
28.810000000000002 2.836390069372872
28.82 2.836397320422
28.830000000000002 2.836404304959663
28.84 2.8364110150129203
28.85 2.836417442965546
28.86 2.836423581558035
28.87 2.836429423887619
28.88 2.8364349634082737
28.89 2.836440193249411
28.900000000000002 2.836445105468322
28.91 2.836449693848729
28.92 2.8364539525716346
28.93 2.8364578761266728
28.94 2.836461459312121
28.95 2.836464697234906
28.96 2.836467585310611
28.97 2.836470119263483
28.98 2.836472295126439
28.990000000000002 2.8364741092410726
29.0 2.836475558257658
29.01 2.836476640987125
29.02 2.8364773722941297
29.03 2.8364777585026038
29.04 2.836477803307927
29.05 2.83647809549329
29.060000000000002 2.8364787195397954
29.07 2.836479669600828
29.080000000000002 2.836480939112704
29.09 2.8364825207946818
29.1 2.836484406648969
29.11 2.8364865879607324
29.12 2.8364890552981077
29.13 2.836491798621452
29.14 2.8364948195348947
29.150000000000002 2.836498118454707
29.16 2.8365016883570813
29.17 2.8365055218803286
29.18 2.8365096113248858
29.19 2.836513948653327
29.2 2.836518525490369
29.21 2.836523333122883
29.22 2.8365283624999025
29.23 2.8365336042326317
29.240000000000002 2.8365390485944566
29.25 2.8365446855209524
29.26 2.8365505025211553
29.27 2.8365564836352224
29.28 2.836562615992593
29.29 2.836568886389051
29.3 2.836575281160169
29.310000000000002 2.836581786181327
29.32 2.8365883868677164
29.330000000000002 2.8365950681743524
29.34 2.8366018145960834
29.35 2.8366086101676
29.36 2.8366154384634417
29.37 2.8366222825980048
29.38 2.8366291285534952
29.39 2.836635982207905
29.400000000000002 2.836642835876254
29.41 2.836649678510695
29.42 2.8366564991403056
29.43 2.8366632868710857
29.44 2.8366700308859554
29.45 2.8366767204447565
29.46 2.836683344884245
29.47 2.836689893618092
29.48 2.83669635613688
29.490000000000002 2.8367027220080976
29.5 2.836708980861548
29.51 2.8367151217531847
29.52 2.8367211339438168
29.53 2.836727007049626
29.54 2.8367327307451724
29.55 2.8367382947633826
29.560000000000002 2.8367436888955497
29.57 2.8367489029913235
29.580000000000002 2.8367539269587083
29.59 2.836758750764052
29.6 2.8367633644320427
29.61 2.8367677580457014
29.62 2.836771921746373
29.63 2.836775848961866
29.64 2.836779536471459
29.650000000000002 2.8367829768436237
29.66 2.8367861627920226
29.67 2.836789087247991
29.68 2.8367917433605307
29.69 2.836794124496303
29.7 2.8367962242396203
29.71 2.836798036392443
29.72 2.83679955497437
29.73 2.8368007742226333
29.740000000000002 2.8368016885920917
29.75 2.8368022965687154
29.76 2.8368026139823552
29.77 2.836802644477221
29.78 2.836802898835345
29.79 2.8368034352938247
29.8 2.8368042504131745
29.810000000000002 2.836805340067054
29.82 2.836806699442263
29.830000000000002 2.8368083230387366
29.84 2.836810204669541
29.85 2.8368123374608643
29.86 2.836814713852009
29.87 2.83681732633084
29.88 2.836820184383006
29.89 2.836823291098312
29.900000000000002 2.8368266428842155
29.91 2.8368302359391095
29.92 2.8368340662523157
29.93 2.8368381296040828
29.94 2.8368424215655814
29.95 2.8368469374988985
29.96 2.836851672557034
29.97 2.836856621683894
29.98 2.8368617796142876
