0.0 0.014650376779158217
0.01 0.028581939077409496
0.02 0.041862648763485895
0.03 0.05455008507771686
0.04 0.0666935738204789
0.05 0.07833578357155696
0.06 0.08951394371213388
0.07 0.10026078851464089
0.08 0.11060529917930184
0.09 0.12057329439547196
0.1 0.13018790567611446
0.11 0.13946996387633795
0.12 0.1484383164289768
0.13 0.1571100899410852
0.14 0.16550090926700722
0.15 0.1736250815921711
0.16 0.1814957521488218
0.17 0.189125036750736
0.18 0.19652413524705167
0.19 0.20370342916331396
0.2 0.2106725661549522
0.21 0.2174405333973311
0.22 0.22401572164278746
0.23 0.23040598136331816
0.24 0.2366186721489838
0.25 0.24266070633250528
0.26 0.24853858764928052
0.27 0.25425844561098637
0.28 0.2598260661638044
0.29 0.2652469191142752
0.3 0.2705261827330745
0.31 0.27566876588665584
0.32 0.2806793279963939
0.33 0.28556229708272485
0.34 0.2903218861163527
0.35000000000000003 0.2949621078686783
0.36 0.29948678842826015
0.37 0.30389957952855423
0.38 0.3082039698137828
0.39 0.3124032951540215
0.4 0.31650074810705947
0.41000000000000003 0.32049938661292304
0.42 0.32440214199687034
0.43 0.32821182634793095
0.44 0.33193113933246743
0.45 0.33556267449562394
0.46 0.3391089250977449
0.47000000000000003 0.34257228952778745
0.48 0.34595507633131045
0.49 0.34925950888671237
0.5 0.3524877297599505
0.51 0.355641804764925
0.52 0.35872372675402037
0.53 0.3617354191609056
0.54 0.364678739315571
0.55 0.36755548154968465
0.56 0.3703673801086698
0.5700000000000001 0.37311611188539223
0.58 0.375803298988999
0.59 0.37843051116123994
0.6 0.3809992680515172
0.61 0.38351104136092945
0.62 0.3859672568646997
0.63 0.3883692963215791
0.64 0.39071849927810476
0.65 0.39301616477493734
0.66 0.3952635529619207
0.67 0.39746188662797005
0.68 0.3996123526514107
0.6900000000000001 0.4017161033759531
0.7000000000000001 0.4037742579170843
0.71 0.40578790340329485
0.72 0.40775809615622444
0.73 0.4096858628135068
0.74 0.4115722013978148
0.75 0.41341808233535304
0.76 0.41522444942680986
0.77 0.41699222077356907
0.78 0.4187222896617824
0.79 0.420415525406724
0.8 0.4220727741596831
0.81 0.4236948596794936
0.8200000000000001 0.4252825840706643
0.8300000000000001 0.42683672848993687
0.84 0.42835805382298275
0.85 0.42984730133283705
0.86 0.43130519328156475
0.87 0.4327324335265594
0.88 0.43412970809278667
0.89 0.43549768572220293
0.9 0.4368370184015023
0.91 0.4381483418692773
0.92 0.43943227610361063
0.93 0.44068942579105463
0.9400000000000001 0.4419203807779006
0.9500000000000001 0.4431257165045849
0.96 0.4443059944240297
0.97 0.4454617624046725
0.98 0.44659355511889315
0.99 0.44770189441750846
1.0 0.44878728969096665
1.01 0.4498502382178397
1.02 0.4508912255011775
1.03 0.45191072559325823
1.04 0.45290920140924074
1.05 0.4538871050301969
1.06 0.4548448779959777
1.07 0.4557829515883428
1.08 0.45670174710475997
1.09 0.45760167612326286
1.1 0.458483140758732
1.11 0.4593465339109492
1.12 0.46019223950475535
1.1300000000000001 0.461020632722627
1.1400000000000001 0.4618320802299706
1.1500000000000001 0.4626269403934203
1.16 0.463405563492409
1.17 0.4641682919242721
1.18 0.4649154604031295
1.19 0.46564739615278067
1.2 0.4663644190938361
1.21 0.4670668420252991
1.22 0.46775497080080114
1.23 0.46842910449968583
1.24 0.46908953559312644
1.25 0.46973655010545523
1.26 0.47037042777087434
1.27 0.47099144218571065
1.28 0.4715998609563687
1.29 0.4721959458431325
1.3 0.47277995289995667
1.31 0.47335213261038434
1.32 0.4739127300197221
1.33 0.47446198486359714
1.34 0.47500013169301697
1.35 0.475527399996047
1.36 0.47604401431621574
1.37 0.4765501943677549
1.3800000000000001 0.4770461551477753
1.3900000000000001 0.477532107045477
1.4000000000000001 0.47800825594848756
1.41 0.478474803346419
1.42 0.47893194643173
1.43 0.479379878197977
1.44 0.4798187875355353
1.45 0.4802488593248667
1.46 0.4806702745274086
1.47 0.4810832102741565
1.48 0.4814878399520084
1.49 0.4818843332879388
1.5 0.48227285643106527
1.51 0.4826535720326704
1.52 0.48302663932423806
1.53 0.48339221419356276
1.54 0.4837504492589862
1.55 0.48410149394181545
1.56 0.48444549453697494
1.57 0.48478259428194087
1.58 0.4851129334240082
1.59 0.485436649285935
1.6 0.48575387633001094
1.61 0.4860647462205918
1.62 0.486369387885144
1.6300000000000001 0.4866679275738383
1.6400000000000001 0.4869604889177331
1.6500000000000001 0.4872471929855849
1.6600000000000001 0.48752815833932356
1.67 0.48780350108822684
1.68 0.4880733349418304
1.69 0.4883377712616057
1.7 0.48859691911143827
1.71 0.48885088530693843
1.72 0.48909977446361447
1.73 0.4893436890439377
1.74 0.48958272940332875
1.75 0.48981699383509175
1.76 0.4900465786143242
1.77 0.4902715780408285
1.78 0.4904920844810501
1.79 0.4907081884090671
1.8 0.49091997844665564
1.81 0.49112754140245296
1.82 0.491330962310242
1.83 0.4915303244663787
1.84 0.49172570946638305
1.85 0.49191719724071514
1.86 0.4921048660897554
1.87 0.4922887927180093
1.8800000000000001 0.4924690522675547
1.8900000000000001 0.4926457183507509
1.9000000000000001 0.49281886308222594
1.9100000000000001 0.4929885571101621
1.92 0.4931548696468931
1.93 0.4933178684988323
1.94 0.4934776200957465
1.95 0.49363418951939075
1.96 0.49378764053151986
1.97 0.4939380356012913
1.98 0.49408543593207355
1.99 0.4942299014876737
2.0 0.49437149101799843
2.0100000000000002 0.49451026208416077
2.02 0.49464627108304665
2.0300000000000002 0.4947795732713525
2.04 0.494910222789107
2.05 0.49503827268268846
2.06 0.49516377492734964
2.07 0.49528678044926094
2.08 0.49540733914708385
2.09 0.4955254999130835
2.1 0.4956413106537933
2.11 0.4957548183102398
2.12 0.4958660688777385
2.13 0.4959751074252703
2.14 0.49608197811444793
2.15 0.4961867242180816
2.16 0.4962893881383526
2.17 0.4963900114246044
2.18 0.49648863479075844
2.19 0.49658529813236385
2.2 0.4966800405432899
2.21 0.49677290033206717
2.22 0.4968639150378869
2.23 0.4969531214462655
2.24 0.4970405556043812
2.25 0.4971262528360908
2.2600000000000002 0.4972102477566326
2.27 0.49729257428702356
2.2800000000000002 0.49737326566815604
2.29 0.49745235447460173
2.3000000000000003 0.49752987262812876
2.31 0.49760585141093766
2.32 0.4976803214786237
2.33 0.4977533128728696
2.34 0.49782485503387663
2.35 0.4978949768125372
2.36 0.49796370648235716
2.37 0.498031071751131
2.38 0.49809709977237665
2.39 0.4981618171565345
2.4 0.49822524998193535
2.41 0.49828742380554325
2.42 0.49834836367347674
2.43 0.4984080941313141
2.44 0.4984666392341875
2.45 0.49852402255666867
2.46 0.4985802672024536
2.47 0.4986353958138469
2.48 0.4986894305810538
2.49 0.49874239325128034
2.5 0.4987943051376483
2.5100000000000002 0.4988451871279279
2.52 0.49889505969309206
2.5300000000000002 0.4989439428956957
2.54 0.49899185639808435
2.5500000000000003 0.49903881947043566
2.56 0.4990848509986365
2.57 0.49912996949199995
2.58 0.4991741930908253
2.59 0.49921753957380377
2.6 0.49926002636527445
2.61 0.49930167054233193
2.62 0.4993424888417903
2.63 0.4993824976670049
2.64 0.4994217130945568
2.65 0.4994601508808007
2.66 0.4994978264682804
2.67 0.49953475499201466
2.68 0.4995709512856552
2.69 0.49960642988752024
2.7 0.4996412050465061
2.71 0.49967529072787914
2.72 0.49970870061895034
2.73 0.4997414481346356
2.74 0.4997735464229035
2.75 0.49980500837011305
2.7600000000000002 0.4998358466062437
2.77 0.4998660735100198
2.7800000000000002 0.49989570121393184
2.79 0.49992474160915634
2.8000000000000003 0.4999532063503764
2.81 0.49998110686050534
2.82 0.5000084543353154
2.83 0.5000352597479727
2.84 0.5000615338534813
2.85 0.5000872871930376
2.86 0.5001125300982977
2.87 0.5001372726955581
2.88 0.5001615249098529
2.89 0.5001852964689685
2.9 0.5002085969073782
2.91 0.5002314355700963
2.92 0.5002538216164566
2.93 0.5002757640238139
2.94 0.5002972715911715
2.95 0.500318352942736
2.96 0.5003390165314004
2.97 0.5003592706421588
2.98 0.5003791233954501
2.99 0.5003985827504369
3.0 0.5004176565082181
3.0100000000000002 0.5004363523149764
3.02 0.5004546776650637
3.0300000000000002 0.500472639904024
3.04 0.5004902462315569
3.0500000000000003 0.5005075037044197
3.06 0.5005244192392738
3.0700000000000003 0.5005409996154728
3.08 0.5005572514777947
3.09 0.5005731813391205
3.1 0.500588795583058
3.11 0.5006041004665142
3.12 0.5006191021222155
3.13 0.5006338065611781
3.14 0.5006482196751286
3.15 0.5006623472388767
3.16 0.5006761949126401
3.17 0.500689768244323
3.18 0.5007030726717495
3.19 0.500716113524852
3.2 0.5007288960278162
3.21 0.500741425301183
3.22 0.5007537063639089
3.23 0.5007657441353844
3.24 0.5007775434374137
3.25 0.5007891089961527
3.2600000000000002 0.5008004454440113
3.27 0.5008115573215145
3.2800000000000002 0.5008224490791288
3.29 0.5008331250790513
3.3000000000000003 0.5008435895969632
3.31 0.5008538468237481
3.3200000000000003 0.5008639008671769
3.33 0.500873755753558
3.34 0.5008834154293553
3.35 0.5008928837627744
3.36 0.5009021645453161
3.37 0.5009112614932996
3.38 0.5009201782493554
3.39 0.5009289183838888
3.4 0.500937485396513
3.41 0.5009458827174551
3.42 0.5009541137089338
3.43 0.5009621816665087
3.44 0.5009700898204038
3.45 0.5009778413368045
3.46 0.5009854393191285
3.47 0.5009928868092716
3.48 0.5010001867888283
3.49 0.5010073421802893
3.5 0.5010143558482136
3.5100000000000002 0.5010212306003785
3.52 0.5010279691889059
3.5300000000000002 0.5010345743113672
3.54 0.501041048611865
3.5500000000000003 0.5010473946820947
3.56 0.5010536150623831
3.5700000000000003 0.5010597122427087
3.58 0.5010656886636997
3.59 0.5010715467176133
3.6 0.5010772887492954
3.61 0.5010829170571203
3.62 0.5010884338939133
3.63 0.5010938414678539
3.64 0.5010991419433608
3.65 0.5011043374419607
3.66 0.5011094300431381
3.67 0.5011144217851696
3.68 0.5011193146659411
3.69 0.5011241106437482
3.7 0.5011288116380823
3.71 0.5011334195303992
3.72 0.5011379361648735
3.73 0.5011423633491381
3.74 0.5011467028550086
3.75 0.5011509564191932
3.7600000000000002 0.5011551257439892
3.77 0.5011592124979651
3.7800000000000002 0.5011632183166292
3.79 0.501167144803085
3.8000000000000003 0.5011709935286739
3.81 0.5011747660336043
3.8200000000000003 0.5011784638275696
3.83 0.5011820883903525
3.84 0.5011856411724179
3.85 0.5011891235954947
3.86 0.5011925370531445
3.87 0.5011958829113204
3.88 0.5011991625089148
3.89 0.5012023771582947
3.9 0.501205528145828
3.91 0.5012086167323987
3.92 0.5012116441539124
3.93 0.5012146116217907
3.94 0.5012175203234568
3.95 0.5012203714228111
3.96 0.5012231660606975
3.97 0.5012259053553599
3.98 0.5012285904028908
3.99 0.5012312222776695
4.0 0.5012338020327929
4.01 0.5012363307004971
4.0200000000000005 0.5012388092925709
4.03 0.5012412388007607
4.04 0.5012436201971678
4.05 0.5012459544346382
4.0600000000000005 0.5012482424471429
4.07 0.5012504851501535
4.08 0.5012526834410074
4.09 0.5012548381992677
4.1 0.5012569502870757
4.11 0.5012590205494956
4.12 0.5012610498148526
4.13 0.5012630388950656
4.14 0.5012649885859711
4.15 0.5012668996676428
4.16 0.5012687729047032
4.17 0.50127060904663
4.18 0.5012724088280565
4.19 0.5012741729690647
4.2 0.501275902175475
4.21 0.5012775971391275
4.22 0.5012792585381595
4.23 0.5012808870372771
4.24 0.5012824832880212
4.25 0.5012840479290278
4.26 0.5012855815862847
4.2700000000000005 0.5012870848733809
4.28 0.5012885583917531
4.29 0.501290002730926
4.3 0.5012914184687486
4.3100000000000005 0.501292806171625
4.32 0.5012941663947414
4.33 0.5012954996822888
4.34 0.5012968065676798
4.3500000000000005 0.5012980875737629
4.36 0.5012993432130316
4.37 0.5013005739878292
4.38 0.5013017803905503
4.39 0.5013029629038376
4.4 0.5013041220007749
4.41 0.5013052581450773
4.42 0.5013063717912755
4.43 0.5013074633848986
4.44 0.5013085333626526
4.45 0.501309582152594
4.46 0.5013106101743025
4.47 0.501311617839048
4.48 0.5013126055499556
4.49 0.5013135737021667
4.5 0.5013145226829971
4.51 0.5013154528720927
4.5200000000000005 0.5013163646415802
4.53 0.5013172583562172
4.54 0.5013181343735373
4.55 0.5013189930439935
4.5600000000000005 0.5013198347110989
4.57 0.5013206597115633
4.58 0.5013214683754286
4.59 0.5013222610262004
4.6000000000000005 0.501323037980978
4.61 0.5013237995505808
4.62 0.501324546039673
4.63 0.5013252777468852
4.64 0.501325994964934
4.65 0.5013266979807396
4.66 0.5013273870755398
4.67 0.5013280625250031
4.68 0.5013287245993387
4.69 0.5013293735634052
4.7 0.5013300096768155
4.71 0.5013306331940419
4.72 0.501331244364517
4.73 0.501331843432734
4.74 0.5013324306383443
4.75 0.5013330062162534
4.76 0.5013335703967152
4.7700000000000005 0.5013341234054237
4.78 0.5013346654636035
4.79 0.5013351967880982
4.8 0.5013357175914577
4.8100000000000005 0.5013362280820222
4.82 0.5013367284640066
4.83 0.5013372189375815
4.84 0.501337699698954
4.8500000000000005 0.5013381709404451
4.86 0.5013386328505679
4.87 0.5013390856141021
4.88 0.5013395294121685
4.89 0.5013399644223011
4.9 0.5013403908185181
4.91 0.501340808771392
4.92 0.5013412184481173
4.93 0.5013416200125779
4.94 0.5013420136254119
4.95 0.5013423994440769
4.96 0.5013427776229121
4.97 0.5013431483132006
4.98 0.5013435116632294
4.99 0.5013438678183496
5.0 0.5013442169210336
5.01 0.5013445591109326
5.0200000000000005 0.5013448945249324
5.03 0.501345223297208
5.04 0.5013455455592778
5.05 0.5013458614400554
5.0600000000000005 0.501346171065902
5.07 0.5013464745606763
5.08 0.5013467720457843
5.09 0.5013470636402281
5.1000000000000005 0.5013473494606532
5.11 0.5013476296213951
5.12 0.5013479042345256
5.13 0.5013481734098969
5.14 0.501348437255186
5.15 0.5013486958759376
5.16 0.5013489493756065
5.17 0.501349197855599
5.18 0.5013494414153129
5.19 0.5013496801521783
5.2 0.5013499141616955
5.21 0.501350143537474
5.22 0.5013503683712693
5.23 0.5013505887530205
5.24 0.5013508047708853
5.25 0.5013510165112758
5.26 0.501351224058893
5.2700000000000005 0.5013514274967608
5.28 0.5013516269062587
5.29 0.5013518223671549
5.3 0.5013520139576384
5.3100000000000005 0.5013522017543495
5.32 0.5013523858324108
5.33 0.5013525662654575
5.34 0.5013527431256669
5.3500000000000005 0.5013529164837868
5.36 0.501353086409164
5.37 0.5013532529697723
5.38 0.5013534162322394
5.39 0.5013535762618736
5.4 0.5013537331226902
5.41 0.5013538868774364
5.42 0.5013540375876177
5.43 0.5013541853135207
5.44 0.501354330114239
5.45 0.5013544720476959
5.46 0.5013546111706672
5.47 0.501354747538805
5.48 0.5013548812066593
5.49 0.5013550122276997
5.5 0.5013551406543372
5.51 0.5013552665379448
5.5200000000000005 0.5013553899288786
5.53 0.501355510876497
5.54 0.5013556294291815
5.55 0.5013557456343554
5.5600000000000005 0.5013558595385027
5.57 0.5013559711871874
5.58 0.501356080625071
5.59 0.5013561878959305
5.6000000000000005 0.5013562930426764
5.61 0.5013563961073692
5.62 0.5013564971312364
5.63 0.5013565961546897
5.64 0.5013566932173401
5.65 0.5013567883580144
5.66 0.5013568816147705
5.67 0.5013569730249129
5.68 0.501357062625007
5.69 0.5013571504508947
5.7 0.5013572365377075
5.71 0.5013573209198818
5.72 0.501357403631172
5.73 0.501357484704664
5.74 0.5013575641727884
5.75 0.501357642067334
5.76 0.5013577184194599
5.7700000000000005 0.501357793259708
5.78 0.5013578666180158
5.79 0.5013579385237281
5.8 0.501358009005608
5.8100000000000005 0.5013580780918495
5.82 0.5013581458100883
5.83 0.5013582121874128
5.84 0.5013582772503751
5.8500000000000005 0.5013583410250013
5.86 0.5013584035368023
5.87 0.5013584648107839
5.88 0.5013585248714566
5.89 0.5013585837428457
5.9 0.5013586414485007
5.91 0.5013586980115047
5.92 0.5013587534544839
5.93 0.5013588077996162
5.94 0.5013588610686407
5.95 0.5013589132828657
5.96 0.501358964463178
5.97 0.5013590146300502
5.98 0.5013590638035498
5.99 0.5013591120033473
6.0 0.5013591592487231
6.01 0.5013592055585762
6.0200000000000005 0.5013592509514312
6.03 0.5013592954454459
6.04 0.5013593390584187
6.05 0.5013593818077954
6.0600000000000005 0.5013594237106763
6.07 0.5013594647838233
6.08 0.5013595050436663
6.09 0.5013595445063098
6.1000000000000005 0.5013595831875395
6.11 0.5013596211028284
6.12 0.5013596582673433
6.13 0.5013596946959504
6.140000000000001 0.5013597304032219
6.15 0.5013597654034411
6.16 0.5013597997106086
6.17 0.5013598333384478
6.18 0.5013598663004104
6.19 0.5013598986096816
6.2 0.5013599302791856
6.21 0.5013599613215907
6.22 0.5013599917493142
6.23 0.5013600215745277
6.24 0.5013600508091619
6.25 0.5013600794649109
6.26 0.5013601075532375
6.2700000000000005 0.5013601350853774
6.28 0.5013601620723437
6.29 0.5013601885249318
6.3 0.501360214453723
6.3100000000000005 0.5013602398690894
6.32 0.5013602647811972
6.33 0.5013602892000119
6.34 0.5013603131353012
6.3500000000000005 0.5013603365966395
6.36 0.5013603595934119
6.37 0.5013603821348172
6.38 0.5013604042298725
6.390000000000001 0.5013604258874159
6.4 0.501360447116111
6.41 0.5013604679244493
6.42 0.5013604883207547
6.43 0.5013605083131859
6.44 0.5013605279097402
6.45 0.5013605471182563
6.46 0.5013605659464181
6.47 0.501360584401757
6.48 0.5013606024916555
6.49 0.5013606202233498
6.5 0.5013606376039329
6.51 0.5013606546403571
6.5200000000000005 0.5013606713394372
6.53 0.5013606877078532
6.54 0.5013607037521527
6.55 0.5013607194787535
6.5600000000000005 0.5013607348939466
6.57 0.5013607500038983
6.58 0.5013607648146527
6.59 0.5013607793321344
6.6000000000000005 0.5013607935621506
6.61 0.5013608075103934
6.62 0.5013608211824422
6.63 0.5013608345837662
6.640000000000001 0.5013608477197262
6.65 0.5013608605955766
6.66 0.5013608732164679
6.67 0.5013608855874487
6.68 0.5013608977134676
6.69 0.5013609095993752
6.7 0.5013609212499258
6.71 0.50136093266978
6.72 0.5013609438635058
6.73 0.5013609548355811
6.74 0.5013609655903944
6.75 0.5013609761322482
6.76 0.5013609864653592
6.7700000000000005 0.5013609965938608
6.78 0.5013610065218046
6.79 0.5013610162531618
6.8 0.5013610257918252
6.8100000000000005 0.5013610351416103
6.82 0.5013610443062573
6.83 0.5013610532894319
6.84 0.5013610620947277
6.8500000000000005 0.5013610707256669
6.86 0.5013610791857022
6.87 0.5013610874782173
6.88 0.5013610956065296
6.890000000000001 0.5013611035738905
6.9 0.501361111383487
6.91 0.5013611190384432
6.92 0.501361126541821
6.93 0.501361133896622
6.94 0.501361141105788
6.95 0.501361148172203
6.96 0.5013611550986936
6.97 0.5013611618880304
6.98 0.5013611685429293
6.99 0.5013611750660523
7.0 0.5013611814600089
7.01 0.5013611877273565
7.0200000000000005 0.5013611938706023
7.03 0.5013611998922037
7.04 0.5013612057945694
7.05 0.5013612115800604
7.0600000000000005 0.5013612172509909
7.07 0.5013612228096295
7.08 0.5013612282581997
7.09 0.5013612335988809
7.1000000000000005 0.5013612388338095
7.11 0.5013612439650795
7.12 0.5013612489947437
7.13 0.5013612539248137
7.140000000000001 0.5013612587572618
7.15 0.501361263494021
7.16 0.501361268136986
7.17 0.5013612726880142
7.18 0.501361277148926
7.19 0.5013612815215058
7.2 0.5013612858075027
7.21 0.5013612900086313
7.22 0.5013612941265718
7.23 0.5013612981629716
7.24 0.5013613021194453
7.25 0.5013613059975757
7.26 0.5013613097989138
7.2700000000000005 0.5013613135249805
7.28 0.501361317177266
7.29 0.5013613207572314
7.3 0.5013613242663087
7.3100000000000005 0.5013613277059017
7.32 0.5013613310773861
7.33 0.5013613343821107
7.34 0.5013613376213973
7.3500000000000005 0.5013613407965418
7.36 0.5013613439088143
7.37 0.5013613469594594
7.38 0.5013613499496978
7.390000000000001 0.5013613528807256
7.4 0.5013613557537151
7.41 0.5013613585698156
7.42 0.5013613613301535
7.43 0.5013613640358331
7.44 0.5013613666879366
7.45 0.501361369287525
7.46 0.501361371835638
7.47 0.5013613743332951
7.48 0.5013613767814952
7.49 0.5013613791812177
7.5 0.5013613815334225
7.51 0.5013613838390505
7.5200000000000005 0.501361386099024
7.53 0.5013613883142471
7.54 0.5013613904856058
7.55 0.5013613926139687
7.5600000000000005 0.5013613947001871
7.57 0.5013613967450958
7.58 0.5013613987495125
7.59 0.5013614007142391
7.6000000000000005 0.5013614026400613
7.61 0.5013614045277499
7.62 0.5013614063780597
7.63 0.5013614081917309
7.640000000000001 0.501361409969489
7.65 0.5013614117120451
7.66 0.5013614134200963
7.67 0.5013614150943259
7.68 0.5013614167354034
7.69 0.5013614183439854
7.7 0.5013614199207155
7.71 0.5013614214662241
7.72 0.5013614229811296
7.73 0.5013614244660379
7.74 0.5013614259215432
7.75 0.5013614273482274
7.76 0.5013614287466615
7.7700000000000005 0.5013614301174046
7.78 0.5013614314610052
7.79 0.5013614327780008
7.8 0.5013614340689181
7.8100000000000005 0.5013614353342736
7.82 0.5013614365745733
7.83 0.5013614377903134
7.84 0.5013614389819803
7.8500000000000005 0.5013614401500506
7.86 0.5013614412949915
7.87 0.5013614424172611
7.88 0.5013614435173082
7.890000000000001 0.501361444595573
7.9 0.5013614456524867
7.91 0.501361446688472
7.92 0.5013614477039436
7.930000000000001 0.5013614486993074
7.94 0.5013614496749618
7.95 0.5013614506312968
7.96 0.5013614515686952
7.97 0.5013614524875318
7.98 0.5013614533881742
7.99 0.5013614542709827
8.0 0.5013614551363105
8.01 0.5013614559845035
8.02 0.5013614568159013
8.03 0.5013614576308363
8.040000000000001 0.5013614584296344
8.05 0.5013614592126154
8.06 0.5013614599800922
8.07 0.501361460732372
8.08 0.5013614614697557
8.09 0.5013614621925381
8.1 0.5013614629010086
8.11 0.5013614635954503
8.120000000000001 0.5013614642761413
8.13 0.5013614649433535
8.14 0.5013614655973543
8.15 0.5013614662384047
8.16 0.5013614668667616
8.17 0.5013614674826762
8.18 0.5013614680863949
8.19 0.5013614686781591
8.2 0.5013614692582056
8.21 0.5013614698267664
8.22 0.501361470384069
8.23 0.5013614709303362
8.24 0.5013614714657867
8.25 0.5013614719906344
8.26 0.5013614725050896
8.27 0.5013614730093577
8.28 0.5013614735036408
8.290000000000001 0.5013614739881364
8.3 0.5013614744630382
8.31 0.5013614749285364
8.32 0.5013614753848172
8.33 0.501361475832063
8.34 0.5013614762704528
8.35 0.5013614767001618
8.36 0.501361477121362
8.370000000000001 0.5013614775342219
8.38 0.5013614779389066
8.39 0.5013614783355781
8.4 0.5013614787243948
8.41 0.5013614791055125
8.42 0.5013614794790837
8.43 0.5013614798452576
8.44 0.5013614802041807
8.45 0.5013614805559967
8.46 0.5013614809008462
8.47 0.5013614812388674
8.48 0.5013614815701952
8.49 0.5013614818949623
8.5 0.5013614822132986
8.51 0.5013614825253314
8.52 0.5013614828311855
8.53 0.5013614831309833
8.540000000000001 0.5013614834248448
8.55 0.5013614837128874
8.56 0.5013614839952263
8.57 0.5013614842719746
8.58 0.5013614845432428
8.59 0.5013614848091397
8.6 0.5013614850697714
8.61 0.5013614853252423
8.620000000000001 0.5013614855756544
8.63 0.5013614858211082
8.64 0.5013614860617015
8.65 0.5013614862975309
8.66 0.5013614865286905
8.67 0.5013614867552728
8.68 0.5013614869773685
8.69 0.5013614871950663
8.700000000000001 0.5013614874084535
8.71 0.5013614876176155
8.72 0.5013614878226356
8.73 0.501361488023596
8.74 0.5013614882205772
8.75 0.5013614884136579
8.76 0.5013614886029154
8.77 0.5013614887884252
8.78 0.5013614889702618
8.790000000000001 0.5013614891484978
8.8 0.5013614893232045
8.81 0.5013614894944517
8.82 0.501361489662308
8.83 0.5013614898268405
8.84 0.501361489988115
8.85 0.5013614901461962
8.86 0.5013614903011471
8.870000000000001 0.5013614904530298
8.88 0.5013614906019049
8.89 0.5013614907478323
8.9 0.50136149089087
8.91 0.5013614910310753
8.92 0.5013614911685045
8.93 0.5013614913032123
8.94 0.5013614914352528
8.950000000000001 0.5013614915646786
8.96 0.5013614916915416
8.97 0.5013614918158927
8.98 0.5013614919377813
8.99 0.5013614920572566
9.0 0.5013614921743659
9.01 0.5013614922891564
9.02 0.5013614924016738
9.03 0.5013614925119633
9.040000000000001 0.5013614926200688
9.05 0.5013614927260338
9.06 0.5013614928299005
9.07 0.5013614929317105
9.08 0.5013614930315045
9.09 0.5013614931293224
9.1 0.5013614932252035
9.11 0.501361493319186
9.120000000000001 0.5013614934113075
9.13 0.5013614935016049
9.14 0.5013614935901142
9.15 0.501361493676871
9.16 0.5013614937619099
9.17 0.5013614938452648
9.18 0.5013614939269693
9.19 0.5013614940070559
9.200000000000001 0.5013614940855566
9.21 0.5013614941625029
9.22 0.5013614942379256
9.23 0.5013614943118548
9.24 0.5013614943843201
9.25 0.5013614944553505
9.26 0.5013614945249745
9.27 0.5013614945932198
9.28 0.5013614946601137
9.290000000000001 0.501361494725683
9.3 0.501361494789954
9.31 0.5013614948529523
9.32 0.5013614949147032
9.33 0.5013614949752314
9.34 0.501361495034561
9.35 0.5013614950927158
9.36 0.501361495149719
9.370000000000001 0.5013614952055935
9.38 0.5013614952603617
9.39 0.5013614953140453
9.4 0.501361495366666
9.41 0.5013614954182446
9.42 0.5013614954688019
9.43 0.5013614955183582
9.44 0.5013614955669331
9.450000000000001 0.5013614956145462
9.46 0.5013614956612166
9.47 0.5013614957069626
9.48 0.5013614957518031
9.49 0.5013614957957555
9.5 0.5013614958388376
9.51 0.5013614958810667
9.52 0.5013614959224596
9.53 0.5013614959630328
9.540000000000001 0.5013614960028026
9.55 0.5013614960417848
9.56 0.5013614960799953
9.57 0.5013614961174491
9.58 0.5013614961541613
9.59 0.5013614961901465
9.6 0.5013614962254191
9.61 0.5013614962599934
9.620000000000001 0.501361496293883
9.63 0.5013614963271015
9.64 0.5013614963596623
9.65 0.5013614963915783
9.66 0.5013614964228623
9.67 0.501361496453527
9.68 0.5013614964835843
9.69 0.5013614965130466
9.700000000000001 0.5013614965419254
9.71 0.5013614965702323
9.72 0.5013614965979788
9.73 0.5013614966251758
9.74 0.5013614966518343
9.75 0.5013614966779649
9.76 0.5013614967035782
9.77 0.5013614967286842
9.78 0.5013614967532931
9.790000000000001 0.5013614967774148
9.8 0.5013614968010588
9.81 0.5013614968242345
9.82 0.5013614968469514
9.83 0.5013614968692185
9.84 0.5013614968910447
9.85 0.5013614969124386
9.86 0.5013614969334089
9.870000000000001 0.501361496953964
9.88 0.501361496974112
9.89 0.5013614969938611
9.9 0.5013614970132192
9.91 0.501361497032194
9.92 0.501361497050793
9.93 0.5013614970690238
9.94 0.5013614970868935
9.950000000000001 0.5013614971044094
9.96 0.5013614971215784
9.97 0.5013614971384075
9.98 0.5013614971549033
9.99 0.5013614971710725
