0.0 18.55404391795983
0.01 10.075070216517187
0.02 5.612174825081213
0.03 3.1830358671010206
0.04 1.8475412223579517
0.05 1.1077737975480153
0.06 0.6920938174541383
0.07 0.4520266275882699
0.08 0.3073953994922867
0.09 0.21569831291169167
0.1 0.15464092472298924
0.11 0.11237077538776626
0.12 0.08230959178839845
0.13 0.060566731633500986
0.14 0.044682095622672904
0.15 0.03301053453530642
0.16 0.024406953052251722
0.17 0.018053552560268235
0.18 0.013357188254375851
0.19 0.009883802294470988
0.2 0.007314153850138258
0.21 0.005412789524470008
0.22 0.004005783796738846
0.23 0.0029645513321512056
0.24 0.0021939829052329144
0.25 0.0016237121305567885
0.26 0.001201671247263281
0.27 0.0008893296334252256
0.28 0.0006581730709514718
0.29 0.0004870993976814193
0.3 0.00036049160156981084
0.31 0.00026679196852098883
0.32 0.00019744692488921778
0.33 0.00014612617267909807
0.34 0.00010814480239588289
0.35000000000000003 8.003561696725611e-05
0.36 5.923262025979453e-05
0.37 4.383677473609208e-05
0.38 3.244264416362824e-05
0.39 2.401009580371098e-05
0.4 1.776935005171733e-05
0.41000000000000003 1.3150709764543818e-05
0.42 9.732554473283206e-06
0.43 7.2028520344493116e-06
0.44 5.33067424123448e-06
0.45 3.945116147165843e-06
0.46 2.9196947159918317e-06
0.47000000000000003 2.160802601659249e-06
0.48 1.5991630418686587e-06
0.49 1.183505810535253e-06
0.5 8.758869276614886e-07
0.51 6.482248783398444e-07
0.52 4.797371437209445e-07
0.53 3.550430332988687e-07
0.54 2.627596323193974e-07
0.55 1.9446269297307919e-07
0.56 1.4391761255159643e-07
0.5700000000000001 1.0651029709549012e-07
0.58 7.882595594964144e-08
0.59 5.8337376768409326e-08
0.6 4.317422462207189e-08
0.61 3.195230527963181e-08
0.62 2.364720667527283e-08
0.63 1.7500783704001716e-08
0.64 1.2951949651394433e-08
0.65 9.585456434953752e-09
0.66 7.0939879739652835e-09
0.67 5.250106316403793e-09
0.68 3.885489577188547e-09
0.6900000000000001 2.875566387535942e-09
0.7000000000000001 2.128144184885359e-09
0.71 1.574993257429977e-09
0.72 1.165618278389116e-09
0.73 8.626487538948795e-10
0.74 6.384275936585551e-10
0.75 4.724863862659907e-10
0.76 3.496769052969387e-10
0.77 2.587882776144347e-10
0.78 1.9152357967071046e-10
0.79 1.4174243867619877e-10
0.8 1.0490049818627311e-10
0.81 7.763457876484304e-11
0.8200000000000001 5.7455664407734015e-11
0.8300000000000001 4.252168846736998e-11
0.84 3.146937745397812e-11
0.85 2.3289802287622855e-11
0.86 1.723627648464951e-11
0.87 1.2756193607241014e-11
0.88 9.440581641303677e-12
0.89 6.986769287942532e-12
0.9 5.170756097205449e-12
0.91 3.826764204584287e-12
0.92 2.832105015628579e-12
0.93 2.095979368140846e-12
0.9400000000000001 1.5511887756383361e-12
0.9500000000000001 1.1480010987897608e-12
0.96 8.496106621711247e-13
0.97 6.287783853480861e-13
0.98 4.653452169145631e-13
0.99 3.4439188106853093e-13
1.0 2.548769460494897e-13
1.01 1.886288881896945e-13
1.02 1.3960014042529956e-13
1.03 1.0331502981221588e-13
1.04 7.646120808030781e-14
1.05 5.6587278266543806e-14
1.06 4.1879014758072473e-14
1.07 3.099374860981414e-14
1.08 2.2937799717534768e-14
1.09 1.6975767033069995e-14
1.1 1.2563396224127364e-14
1.11 9.297896488384601e-15
1.12 6.881171107434374e-15
1.1300000000000001 5.092605178917824e-15
1.1400000000000001 3.768926408518052e-15
1.1500000000000001 2.7893005198261415e-15
1.16 2.0643006911248146e-15
1.17 1.52774407529383e-15
1.18 1.1306501856198148e-15
1.19 8.367696284446482e-16
1.2 6.19275015378482e-16
1.21 4.583119793495049e-16
1.22 3.391867348093907e-16
1.23 2.5102473043350394e-16
1.24 1.8577794713765788e-16
1.25 1.374902209160024e-16
1.26 1.0175352424108678e-16
1.27 7.530557174540431e-17
1.28 5.57320169320715e-17
1.29 4.1246054432968045e-17
1.3 3.05253084301776e-17
1.31 2.2591117321822668e-17
1.32 1.6719194926915615e-17
1.33 1.2373512784787135e-17
1.34 9.157367881919693e-18
1.35 6.777168940085838e-18
1.36 5.015635435281365e-18
1.37 3.7119627741390844e-18
1.3800000000000001 2.7471429720891143e-18
1.3900000000000001 2.033100806310992e-18
1.4000000000000001 1.504653718651942e-18
1.41 1.1135615145227626e-18
1.42 8.241226743766624e-19
1.43 6.09915279545928e-19
1.44 4.513850422874911e-19
1.45 3.3406025924218124e-19
1.46 2.472307372867618e-19
1.47 1.82970095269681e-19
1.48 1.3541219077531248e-19
1.49 1.0021561929857031e-19
1.5 7.416740172279274e-20
1.51 5.488968203570794e-20
1.52 4.062266068376018e-20
1.53 3.0063948265438916e-20
1.54 2.2249674691257038e-20
1.55 1.6466500657063316e-20
1.56 1.2186499247811961e-20
1.57 9.018963227819673e-21
1.58 6.6747386637198584e-21
1.59 4.939829013997086e-21
1.6 3.655860089348924e-21
1.61 2.7056225944305758e-21
1.62 2.0023724772238175e-21
1.6300000000000001 1.4819123501543956e-21
1.6400000000000001 1.0967311219662956e-21
1.6500000000000001 8.116668666430512e-22
1.6600000000000001 6.006970069610097e-22
1.67 4.445627991004426e-22
1.68 3.2901126533638165e-22
1.69 2.4349408663361637e-22
1.7 1.8020468133491406e-22
1.71 1.333655680266299e-22
1.72 9.870095828426033e-23
1.73 7.304643402625541e-23
1.74 5.406007820699076e-23
1.75 4.0008688921016094e-23
1.76 2.960956110810123e-23
1.77 2.1913392631915345e-23
1.78 1.621762561381226e-23
1.79 1.2002312237436005e-23
1.8 8.882650424623051e-24
1.81 6.573856520742489e-24
1.82 4.865168332586066e-24
1.83 3.6006053417370665e-24
1.84 2.6647297566483654e-24
1.85 1.972108576759936e-24
1.86 1.4595146951868993e-24
1.87 1.080155104323041e-24
1.8800000000000001 7.9939931625403815e-25
1.8900000000000001 5.916180595451801e-25
1.9000000000000001 4.3784366744289e-25
1.9100000000000001 3.240385820325012e-25
1.92 2.3981391179839273e-25
1.93 1.7748106392552646e-25
1.94 1.3134987797796181e-25
1.95 9.720918988892862e-26
1.96 7.194240865946797e-26
1.97 5.324301302829115e-26
1.98 3.9403996740630765e-26
1.99 2.9162041567981904e-26
2.0 2.1582193146813694e-26
2.0100000000000002 1.5972512073289757e-26
2.02 1.1820909033475771e-26
2.0300000000000002 8.748397856050453e-27
2.04 6.474499112632526e-27
2.05 4.791636074311379e-27
2.06 3.546185715562854e-27
2.07 2.6244549740913645e-27
2.08 1.942302085535197e-27
2.09 1.4374555588558061e-27
2.1 1.0638296169651103e-27
2.11 7.87317177884089e-28
2.12 5.8267633153484795e-28
2.13 4.312260888849795e-28
2.14 3.191410559704743e-28
2.15 2.3618935920437198e-28
2.16 1.7479861132793684e-28
2.17 1.293646531118173e-28
2.18 9.573996811304138e-29
2.19 7.085506955569608e-29
2.2 5.24382969901845e-29
2.21 3.8808443890797603e-29
2.22 2.872128584776694e-29
2.23 2.1255999417816272e-29
2.24 1.573110318406332e-29
2.25 1.1642247561421608e-29
2.2600000000000002 8.616174383671755e-30
2.27 6.376643394514654e-30
2.2800000000000002 4.719215184161465e-30
2.29 3.492588588783011e-30
2.3000000000000003 2.5847889054596196e-30
2.31 1.9129460902565603e-30
2.32 1.4157298247832024e-30
2.33 1.0477508733724102e-30
2.34 7.754176492119692e-31
2.35 5.73869748992987e-31
2.36 4.247085285509781e-31
2.37 3.1431755122213497e-31
2.38 2.3261958817580555e-31
2.39 1.7215670137630517e-31
2.4 1.2740943297677688e-31
2.41 9.429295218651067e-32
2.42 6.978416451840301e-32
2.43 5.164574344749528e-32
2.44 3.822189223947993e-32
2.45 2.828719171893821e-32
2.46 2.093473578781807e-32
2.47 1.549334295395377e-32
2.48 1.1466286382678582e-32
2.49 8.485949339683786e-33
2.5 6.280266669814197e-33
2.5100000000000002 4.6478888648948404e-33
2.52 3.4398015301240676e-33
2.5300000000000002 2.5457223506378776e-33
2.54 1.8840337821186982e-33
2.5500000000000003 1.3943324539202097e-33
2.56 1.0319151442543863e-33
2.57 7.636979702707988e-34
2.58 5.651962693280828e-34
2.59 4.182894747633216e-34
2.6 3.095669490277711e-34
2.61 2.291037707429443e-34
2.62 1.695547213082068e-34
2.63 1.2548376408068988e-34
2.64 9.286780648965547e-35
2.65 6.872944516275784e-35
2.66 5.086516857600787e-35
2.67 3.7644205742369695e-35
2.68 2.7859658498060143e-35
2.69 2.061832774319777e-35
2.7 1.5259176237049472e-35
2.71 1.1292984684955977e-35
2.72 8.35769251979685e-36
2.73 6.18534658499287e-36
2.74 4.577640573143787e-36
2.75 3.387812296199185e-36
2.7600000000000002 2.507246248561622e-36
2.77 1.8555584552246182e-36
2.7800000000000002 1.3732584833782624e-36
2.79 1.0163187566850913e-36
2.8000000000000003 7.521554228079017e-37
2.81 5.566538808204213e-37
2.82 4.119674386919492e-37
2.83 3.048881475366132e-37
2.84 2.2564109144999165e-37
2.85 1.6699206762253251e-37
2.86 1.2358719978550033e-37
2.87 9.146420047535391e-38
2.88 6.76906668580199e-38
2.89 5.009639132983017e-38
2.9 3.7075250411337603e-38
2.91 2.7438587023430404e-38
2.92 2.0306701896533491e-38
2.93 1.5028548720914528e-38
2.94 1.1122302272800902e-38
2.95 8.231374176230009e-39
2.96 6.091861124364544e-39
2.97 4.508454015577241e-39
2.98 3.336608828668167e-39
2.99 2.4693516751153533e-39
3.0 1.8275135050305046e-39
3.0100000000000002 1.352503025278008e-39
3.02 1.0009580932512071e-39
3.0300000000000002 7.407873296543255e-40
3.04 5.482406021554311e-40
3.0500000000000003 4.057409540090269e-40
3.06 3.0028006155130545e-40
3.0700000000000003 2.2223074716595443e-40
3.08 1.6446814593949213e-40
3.09 1.2171930020364922e-40
3.1 9.00818085923856e-41
3.11 6.66675886708066e-41
3.12 4.933923339939938e-41
3.13 3.651489428335167e-41
3.14 2.7023879632077155e-41
3.15 1.9999785969583588e-41
3.16 1.4801406913993206e-41
3.17 1.0954199558274937e-41
3.18 8.106965010810452e-42
3.19 5.999788604988301e-42
3.2 4.440313145122147e-42
3.21 3.2861792514410184e-42
3.22 2.432029841062951e-42
3.23 1.7998924268136537e-42
3.24 1.3320612656155492e-42
3.25 9.858295912131363e-43
3.2600000000000002 7.295910541039165e-43
3.27 5.399544819641958e-43
3.2800000000000002 3.996085765488254e-43
3.29 2.957416222761708e-43
3.3000000000000003 2.1887194689840082e-43
3.31 1.619823708627738e-43
3.3200000000000003 1.1987963209604071e-43
3.33 8.872031020991311e-44
3.34 6.565997330920387e-44
3.35 4.859351917013011e-44
3.36 3.596300738987412e-44
3.37 2.661544013710997e-44
3.38 1.9697508776520154e-44
3.39 1.4577698133201448e-44
3.4 1.0788637551773226e-44
3.41 7.984436168179042e-45
3.42 5.909107671639912e-45
3.43 4.3732021572410026e-45
3.44 3.236511867923035e-45
3.45 2.3952720900089953e-45
3.46 1.7726888141639833e-45
3.47 1.3119284631460046e-45
3.48 9.709297416785472e-46
3.49 7.185639993017235e-46
3.5 5.317935983708297e-46
3.5100000000000002 3.9356888397277234e-46
3.52 2.9127177706934582e-46
3.5300000000000002 2.1556391160995337e-46
3.54 1.5953416584374883e-46
3.5500000000000003 1.1806776877157587e-46
3.56 8.737938954312542e-47
3.5700000000000003 6.466758706773553e-47
3.58 4.785907568167676e-47
3.59 3.5419461726712347e-47
3.6 2.621317380540914e-47
3.61 1.939980020742053e-47
3.62 1.4357370491709296e-47
3.63 1.0625577852980023e-47
3.64 7.863759229096698e-48
3.65 5.81979729185846e-48
3.66 4.307105486266674e-48
3.67 3.1875951583022794e-48
3.68 2.359069896390911e-48
3.69 1.7458963574979282e-48
3.7 1.292099948283768e-48
3.71 9.562550887886373e-49
3.72 7.07703607641758e-49
3.73 5.23756058546698e-49
3.74 3.8762047543953464e-49
3.75 2.8686948919861855e-49
3.7600000000000002 2.1230587403763793e-49
3.77 1.5712296304776587e-49
3.7800000000000002 1.1628328998816226e-49
3.79 8.60587355799849e-50
3.8000000000000003 6.369019977315401e-50
3.81 4.713573258782286e-50
3.8200000000000003 3.488413122433341e-50
3.83 2.5816987335652232e-50
3.84 1.9106591212003833e-50
3.85 1.4140372886904626e-50
3.86 1.0464982641963387e-50
3.87 7.744906203853781e-51
3.88 5.731836751067843e-51
3.89 4.242007801791607e-51
3.9 3.1394177768773186e-51
3.91 2.3234148635017924e-51
3.92 1.719508842595205e-51
3.93 1.2725711220193958e-51
3.94 9.418022289164737e-52
3.95 6.97007360173702e-52
3.96 5.158399982714482e-52
3.97 3.8176197128014695e-52
3.98 2.8253373760095755e-52
3.99 2.0909707851489696e-52
4.0 1.5474820322242974e-52
4.01 1.1452578185526547e-52
4.0200000000000005 8.475804200910026e-53
4.03 6.272758473105517e-53
4.04 4.642332211696558e-53
4.05 3.4356891718621945e-53
4.0600000000000005 2.5426788836676112e-53
4.07 1.881781378361742e-53
4.08 1.3926654988541894e-53
4.09 1.0306814670402031e-53
4.1 7.627849525777386e-54
4.11 5.645205647772754e-54
4.12 4.1778940051125977e-54
4.13 3.0919685494260263e-54
4.14 2.2882987215426413e-54
4.15 1.693520149157265e-54
4.16 1.2533374548530433e-54
4.17 9.275678098776671e-55
4.18 6.864727760187471e-55
4.19 5.0804358150055746e-55
4.2 3.7599201267796844e-55
4.21 2.782635166457161e-55
4.22 2.059367807963486e-55
4.23 1.524093355679045e-55
4.24 1.127948367378884e-55
4.25 8.347700714867703e-56
4.26 6.177951867330066e-56
4.2700000000000005 4.572167903320771e-56
4.28 3.3837620922080227e-56
4.29 2.504248780616298e-56
4.3 1.8533400943462898e-56
4.3100000000000005 1.371616722706757e-56
4.32 1.0151037252946902e-56
4.33 7.512562044837789e-57
4.34 5.559883888826524e-57
4.3500000000000005 4.114749225728268e-57
4.36 3.045236470613666e-57
4.37 2.2537133257043796e-57
4.38 1.6679242493880766e-57
4.39 1.2343944857437876e-57
4.4 9.135485301527621e-58
4.41 6.760974117940906e-58
4.42 5.0036499993957e-58
4.43 3.703092613535637e-58
4.44 2.740578359013507e-58
4.45 2.0282424788512792e-58
4.46 1.5010581760915475e-58
4.47 1.1109005316205577e-58
4.48 8.22153338765423e-59
4.49 6.084578170622629e-59
4.5 4.503064059803151e-59
4.51 3.3326198395467857e-59
4.5200000000000005 2.4663995109646195e-59
4.53 1.825328672505878e-59
4.54 1.3508860782124382e-59
4.55 9.997614258712661e-60
4.5600000000000005 7.399017021351932e-60
4.57 5.475851684770486e-60
4.58 4.0525588178907846e-60
4.59 2.9992107014404485e-60
4.6000000000000005 2.219650654278813e-60
4.61 1.64271520659556e-60
4.62 1.2157378210748868e-60
4.63 8.997411381215787e-61
4.64 6.658788610463473e-61
4.65 4.928024726245805e-61
4.66 3.6471239925425994e-61
4.67 2.6991571990575284e-61
4.68 1.9975875786293234e-61
4.69 1.4783711507011793e-61
4.7 1.0941103572166094e-61
4.71 8.097272956123762e-62
4.72 5.992615725965069e-62
4.73 4.435004653254762e-62
4.74 3.2822505519865203e-62
4.75 2.429122295984425e-62
4.76 1.7977406158946026e-62
4.7700000000000005 1.330468757122525e-62
4.78 9.84651010289566e-63
4.79 7.287188119780677e-63
4.8 5.393089545244675e-63
4.8100000000000005 3.9913083572078795e-63
4.82 2.953880566727122e-63
4.83 2.1861028067979834e-63
4.84 1.61788717381528e-63
4.8500000000000005 1.1973631336350078e-63
4.86 8.861424313089799e-64
4.87 6.558147536932245e-64
4.88 4.853542455092527e-64
4.89 3.592001282484867e-64
4.9 2.658362079399302e-64
4.91 1.9673959972251634e-64
4.92 1.4560270174979768e-64
4.93 1.0775739498678483e-64
4.94 7.974890599414146e-65
4.95 5.902043203663709e-65
4.96 4.367973898033407e-65
4.97 3.232642546916243e-65
4.98 2.392408489628963e-65
4.99 1.770569525761178e-65
5.0 1.3103600238604547e-65
5.01 9.697689738523003e-66
5.0200000000000005 7.177049402620072e-66
5.03 5.311578274466146e-66
5.04 3.930983637298261e-66
5.05 2.9092355526399113e-66
5.0600000000000005 2.1530620022017752e-66
5.07 1.5934343924536202e-66
5.08 1.179266161614277e-66
5.09 8.72749255642132e-67
5.1000000000000005 6.459027554739704e-67
5.11 4.780185910578959e-67
5.12 3.537711698246161e-67
5.13 2.6181835380524503e-67
5.14 1.9376607320283307e-67
5.15 1.4340205940020867e-67
5.16 1.0612874741335725e-67
5.17 7.854357932262577e-68
5.18 5.8128395964024846e-68
5.19 4.301956247080546e-68
5.2 3.183784318295928e-68
5.21 2.35624957652836e-68
5.22 1.7438091000653876e-68
5.23 1.2905552144230836e-68
5.24 9.551118648321117e-69
5.25 7.068575324387586e-69
5.26 5.231298966778494e-69
5.2700000000000005 3.871570666496076e-69
5.28 2.8652653042507654e-69
5.29 2.1205205770332417e-69
5.3 1.569351190952701e-69
5.3100000000000005 1.16144270761584e-69
5.32 8.595585047188266e-70
5.33 6.361405674078809e-70
5.34 4.7079380784487194e-70
5.3500000000000005 3.484242647945329e-70
5.36 2.5786122560391823e-70
5.37 1.908374886265904e-70
5.38 1.4123467760618072e-70
5.39 1.0452471525420427e-70
5.4 7.735646998421054e-71
5.41 5.724984214369857e-71
5.42 4.2369363883167125e-71
5.43 3.13566453398836e-71
5.44 2.3206371700138887e-71
5.45 1.7174531320161346e-71
5.46 1.2710497352993692e-71
5.47 9.406762836713142e-72
5.48 6.961740725694236e-72
5.49 5.152233002264755e-72
5.5 3.813055664605915e-72
5.51 2.821959623136649e-72
5.5200000000000005 2.0884709836609077e-72
5.53 1.5456319834744674e-72
5.54 1.1438886376824892e-72
5.55 8.465671190872563e-73
5.5600000000000005 6.265259252610959e-73
5.57 4.636782201599124e-73
5.58 3.4315817300148754e-73
5.59 2.5396390552290092e-73
5.6000000000000005 1.8795316674029362e-73
5.61 1.3910005366695742e-73
5.62 1.0294492647142193e-73
5.63 7.618730264173573e-74
5.64 5.638456680461041e-74
5.65 4.172899241089412e-74
5.66 3.088272033130397e-74
5.67 2.285563010173578e-74
5.68 1.6914955086319433e-74
5.69 1.2518390624044374e-74
5.7 9.264588821930208e-75
5.71 6.856520827411585e-75
5.72 5.074362042430388e-75
5.73 3.755425059706104e-75
5.74 2.779308465013308e-75
5.75 2.0569057885285417e-75
5.76 1.5222712686056473e-75
5.7700000000000005 1.1265998803377015e-75
5.78 8.337720855360634e-76
5.79 6.170565990214518e-76
5.8 4.566701776194829e-76
5.8100000000000005 3.379716730324668e-76
5.82 2.501254896209687e-76
5.83 1.851124385566998e-76
5.84 1.3699769247962432e-76
5.8500000000000005 1.0138901465010112e-76
5.86 7.503580611949079e-77
5.87 5.553236925551082e-77
5.88 4.109829952675573e-77
5.89 3.0415958235445064e-77
5.9 2.251018961935482e-77
5.91 1.6659302093229266e-77
5.92 1.2329187400307096e-77
5.93 9.124563628248684e-78
5.94 6.752891224922496e-78
5.95 4.997668025949098e-78
5.96 3.698665485002036e-78
5.97 2.737301937406573e-78
5.98 2.025817670430782e-78
5.99 1.4992636280811417e-78
6.0 1.109572425641368e-78
6.01 8.211704363957516e-79
6.0200000000000005 6.077303923811835e-79
6.03 4.497680547839289e-79
6.04 3.328635619349492e-79
6.05 2.4634508761910577e-79
6.0600000000000005 1.8231464519965357e-79
6.07 1.349271064242591e-79
6.08 9.985661891334406e-80
6.09 7.390171334032281e-80
6.1000000000000005 5.469305183840209e-80
6.11 4.047713894836146e-80
6.12 2.9956250791889033e-80
6.13 2.2169970131815675e-80
6.140000000000001 1.64075130449462e-80
6.15 1.2142843798140917e-80
6.16 8.986654778340468e-81
6.17 6.650827882463086e-81
6.18 4.922133164474006e-81
6.19 3.6427637757243785e-81
6.2 2.695930297356787e-81
6.21 1.995199418815175e-81
6.22 1.4766037255278412e-81
6.23 1.0928023242596057e-81
6.24 8.087592488501274e-82
6.25 5.985451422276215e-82
6.26 4.4297025078061603e-82
6.2700000000000005 3.2783265493785346e-82
6.28 2.4262182269398515e-82
6.29 1.7955913775127297e-82
6.3 1.328878152508411e-82
6.3100000000000005 9.834738383853694e-83
6.32 7.278476126368232e-83
6.33 5.386641988269376e-83
6.34 3.9865366604239516e-83
6.3500000000000005 2.9503491376470056e-83
6.36 2.18348927288906e-83
6.37 1.6159529541727131e-83
6.38 1.1959316597165604e-83
6.390000000000001 8.850830285740488e-84
6.4 6.5503071275451855e-84
6.41 4.847739938511267e-84
6.42 3.58770696607693e-84
6.43 2.6551839491599086e-84
6.44 1.9650439321094876e-84
6.45 1.4542863052264833e-84
6.46 1.0762856865489438e-84
6.47 7.965356442586655e-85
6.48 5.894987181414097e-85
6.49 4.362751889324436e-85
6.5 3.228777851767633e-85
6.51 2.3895483127461332e-85
6.5200000000000005 1.7684527710141944e-85
6.53 1.308793459678474e-85
6.54 9.686095937494234e-86
6.55 7.16846908246267e-86
6.5600000000000005 5.305228166005075e-86
6.57 3.926284060041622e-86
6.58 2.9057574976544705e-86
6.59 2.1504879693003323e-86
6.6000000000000005 1.5915294066481159e-86
6.61 1.1778563230232275e-86
6.62 8.717058647428039e-87
6.63 6.451305645468058e-87
6.640000000000001 4.774471093357324e-87
6.65 3.533482286228295e-87
6.66 2.615053442141495e-87
6.67 1.9353442160751933e-87
6.68 1.43230619089315e-87
6.69 1.0600186816540336e-87
6.7 7.844967874885148e-88
6.71 5.805890219024123e-88
6.72 4.296813163923056e-88
6.73 3.179978034232484e-88
6.74 2.3534326284199994e-88
6.75 1.7417243379949403e-88
6.76 1.2890123273257047e-88
6.7700000000000005 9.53970007624943e-89
6.78 7.060124687372428e-89
6.79 5.225044833992572e-89
6.8 3.866942118750757e-89
6.8100000000000005 2.8618398166627917e-89
6.82 2.117985448120085e-89
6.83 1.567474997143421e-89
6.84 1.1600541773554209e-89
6.8500000000000005 8.585308836518755e-90
6.86 6.353800473908934e-90
6.87 4.702309635096982e-90
6.88 3.4800771593512934e-90
6.890000000000001 2.5755294684647972e-90
6.9 1.9060933821844472e-90
6.91 1.4106582844781005e-90
6.92 1.043997536619187e-90
6.93 7.726398862571959e-91
6.94 5.718139870029721e-91
6.95 4.2318710378279867e-91
6.96 3.131915778183691e-91
6.97 2.3178627973196422e-91
6.98 1.7153998790842262e-91
6.99 1.269530167430556e-91
7.0 9.395516845184061e-92
7.01 6.953417811787934e-92
7.0200000000000005 5.1460733945755745e-92
7.03 3.808497072830143e-92
7.04 2.8185859084412914e-92
7.05 2.0859741707403864e-92
7.0600000000000005 1.543784146498564e-92
7.07 1.1425210936981356e-92
7.08 8.455550295070982e-93
7.09 6.257768997599352e-93
7.1000000000000005 4.631238826660631e-93
7.11 3.4274791987044784e-93
7.12 2.5366028609719836e-93
7.13 1.8772846460230353e-93
7.140000000000001 1.3893375649837906e-93
7.15 1.0282185355131293e-93
7.16 7.609621904847359e-94
7.17 5.631715781687865e-94
7.18 4.167910448416471e-94
7.19 3.0845799361011685e-94
7.2 2.2828305694075283e-94
7.21 1.6894732886087796e-94
7.22 1.2503424613169417e-94
7.23 9.253512802557719e-95
7.24 6.848323706203947e-95
7.25 5.0682955311836135e-95
7.26 3.750935366584074e-95
7.2700000000000005 2.77598574071412e-95
7.28 2.054446712491924e-95
7.29 1.5204513598773342e-95
7.3 1.1252530054424195e-95
7.3100000000000005 8.32775292699475e-96
7.32 6.163188943077243e-96
7.33 4.561242183943763e-96
7.34 3.37567620476037e-96
7.3500000000000005 2.4982645910575542e-96
7.36 1.848911325716258e-96
7.37 1.3683390873001e-96
7.38 1.0126780185674571e-96
7.390000000000001 7.494609916560607e-97
7.4 5.546597908866193e-97
7.41 4.1049165607217155e-97
7.42 3.0379595289487745e-97
7.43 2.2483278193376984e-97
7.44 1.6639385531764607e-97
7.45 1.231444758604002e-97
7.46 9.113655012069974e-98
7.47 6.744817995180369e-98
7.48 4.991693204083107e-98
7.49 3.6942436491978106e-98
7.5 2.7340294328335364e-98
7.51 2.0233957609220535e-98
7.5200000000000005 1.4974712254922876e-98
7.53 1.1082459074420395e-98
7.54 8.201887091074228e-99
7.55 6.070038373522834e-99
7.5600000000000005 4.492303471982321e-99
7.57 3.32465616237493e-99
7.58 2.460505766575045e-99
7.59 1.8209668403797828e-99
7.6000000000000005 1.347657981057408e-99
7.61 9.973723813273808e-100
7.62 7.381336221925847e-100
7.63 5.462766509395701e-100
7.640000000000001 4.042874763993407e-100
7.65 2.992043743627409e-100
7.66 2.214346544570524e-100
7.67 1.6387897502818123e-100
7.68 1.2128326761742737e-100
7.69 8.975911035220088e-101
7.7 6.64287667168783e-101
7.71 4.9162486461935366e-101
7.72 3.638408771641212e-101
7.73 2.6927072534878865e-101
7.74 1.9928141140985245e-101
7.75 1.4748384133500234e-101
7.76 1.0914958550847245e-101
7.7700000000000005 8.077923594090396e-102
7.78 5.978295683669737e-102
7.79 4.424406701188743e-102
7.8 3.274407238001925e-102
7.8100000000000005 2.42331762977359e-102
7.82 1.7934447085925365e-102
7.83 1.3272894494970024e-102
7.84 9.822980738160612e-103
7.8500000000000005 7.269774548335214e-103
7.86 5.380202139490171e-103
7.87 3.981770668308308e-103
7.88 2.946821930467982e-103
7.890000000000001 2.1808788635173134e-103
7.9 1.6140210469322018e-103
7.91 1.1945018971565815e-103
7.92 8.840248923783754e-104
7.930000000000001 6.542476091539712e-104
7.94 4.841944358965994e-104
7.95 3.583417783618554e-104
7.96 2.6520096184450038e-104
7.97 1.9626946789394166e-104
7.98 1.4525476740147334e-104
7.99 1.0749989633771251e-104
8.0 7.955833684052782e-105
8.01 5.88793959479419e-105
8.02 4.357536123641669e-105
8.03 3.2249177769470275e-105
8.040000000000001 2.3866915552674357e-105
8.05 1.7663385468939916e-105
8.06 1.307228768358335e-105
8.07 9.674515997109448e-106
8.08 7.159899020266224e-106
8.09 5.2988856492382585e-106
8.1 3.9215901012329e-106
8.11 2.9022836007602196e-106
8.120000000000001 2.147917013711622e-106
8.13 1.5896266982949731e-106
8.14 1.1764481699251717e-106
8.15 8.706637212402074e-107
8.16 6.443592967908141e-107
8.17 4.7687631083254373e-107
8.18 3.529257930565468e-107
8.19 2.611927088329008e-107
8.2 1.9330304695678e-107
8.21 1.430593837390694e-107
8.22 1.0587514060437648e-107
8.23 7.835589043527506e-108
8.24 5.798949149779018e-108
8.25 4.291676229434293e-108
8.26 3.176176300665218e-108
8.27 2.3506190480350925e-108
8.28 1.7396420683033763e-108
8.290000000000001 1.2874712847836565e-108
8.3 9.528295155331387e-109
8.31 7.051684153279386e-109
8.32 5.218798178159726e-109
8.33 3.8623191045357925e-109
8.34 2.858418424320529e-109
8.35 2.1154533500092717e-109
8.36 1.565601046365038e-109
8.370000000000001 1.1586673071133852e-109
8.38 8.575044911284752e-110
8.39 6.346204365922861e-110
8.4 4.6966879206728626e-110
8.41 3.475916650690241e-110
8.42 2.5724503664307242e-110
8.43 1.9038146056912717e-110
8.44 1.4089718115231985e-110
8.45 1.0427494146396362e-110
8.46 7.717161783071907e-111
8.47 5.711303708253697e-111
8.48 4.2268117430769986e-111
8.49 3.1281715040989033e-111
8.5 2.3150917414488067e-111
8.51 1.713349080861284e-111
8.52 1.2680124162385327e-111
8.53 9.384284298484797e-112
8.540000000000001 6.945104848107571e-112
8.55 5.139921150832495e-112
8.56 3.803943930950939e-112
8.57 2.8152162270960143e-112
8.58 2.083480342814597e-112
8.59 1.5419385186523847e-112
8.6 1.141155184642709e-112
8.61 8.445441499022813e-113
8.620000000000001 6.250287697351553e-113
8.63 4.6257020789486017e-113
8.64 3.42338157206025e-113
8.65 2.5335702965518624e-113
8.66 1.8750403110064283e-113
8.67 1.387676581417213e-113
8.68 1.0269892776758826e-113
8.69 7.600524434765157e-114
8.700000000000001 5.624982941807032e-114
8.71 4.162927619954598e-114
8.72 3.0808922530550115e-114
8.73 2.2801013953343502e-114
8.74 1.6874534861940582e-114
8.75 1.248847649448838e-114
8.76 9.242450024809863e-115
8.77 6.8401363848347085e-115
8.78 5.062236272584533e-115
8.790000000000001 3.746451040988546e-115
8.8 2.772666988804873e-115
8.81 2.051990576334705e-115
8.82 1.5186336268898255e-115
8.83 1.1239077407656181e-115
8.84 8.317796915506105e-116
8.85 6.155820715361986e-116
8.86 4.555789118755118e-116
8.870000000000001 3.3716405097329166e-116
8.88 2.495277860880964e-116
8.89 1.8467009116272175e-116
8.9 1.3667032078746477e-116
8.91 1.011467339759464e-116
8.92 7.485649945835665e-117
8.93 5.5399668292715336e-117
8.94 4.1000090428359454e-117
8.950000000000001 3.0343275816229062e-117
8.96 2.2456398940598558e-117
8.97 1.661949278098604e-117
8.98 1.229972539354526e-117
8.99 9.102759437381443e-118
9.0 6.736754417161674e-118
9.01 4.985725525247996e-118
9.02 3.689827099795385e-118
9.03 2.730760840611653e-118
9.040000000000001 2.0209767468591515e-118
9.05 1.4956809657600867e-118
9.06 1.1069209751243153e-118
9.07 8.192081554956244e-119
9.08 6.062781509358744e-119
9.09 4.4869328245378667e-119
9.1 3.320681462928659e-119
9.11 2.457564177902388e-119
9.120000000000001 1.8187898345364747e-119
9.13 1.3460468263485553e-119
9.14 9.961800007447672e-120
9.15 7.372511672389733e-120
9.16 5.456235652079915e-120
9.17 4.03804141843785e-120
9.18 2.9884666896314737e-120
9.19 2.211699244652968e-120
9.200000000000001 1.636830541150092e-120
9.21 1.2113827080779653e-120
9.22 8.965180136480267e-121
9.23 6.634934966759651e-121
9.24 4.910371162983746e-121
9.25 3.634058974060952e-121
9.26 2.689488062838704e-121
9.27 1.9904316610660967e-121
9.28 1.473075211641762e-121
9.290000000000001 1.0901909478224298e-121
9.3 8.068266259055101e-122
9.31 5.971148499906061e-122
9.32 4.4191172258244244e-122
9.33 3.270492612247942e-122
9.34 2.420420500335001e-122
9.35 1.791300606062175e-122
9.36 1.3257026458149675e-122
9.370000000000001 9.811237148990297e-123
9.38 7.261083373229806e-123
9.39 5.373769989691591e-123
9.4 3.9770103740410056e-123
9.41 2.9432989401425092e-123
9.42 2.1782715749472915e-123
9.43 1.6120914493292635e-123
9.44 1.1930738439091385e-123
9.450000000000001 8.829680212077089e-124
9.46 6.534654417709554e-124
9.47 4.83615570816333e-124
9.48 3.5791337289718896e-124
9.49 2.648839082712247e-124
9.5 1.960348234353041e-124
9.51 1.4508111213748576e-124
9.52 1.0737137785111434e-124
9.53 7.946322310185839e-125
9.540000000000001 5.880900433718507e-125
9.55 4.352326593520934e-125
9.56 3.221062316930448e-125
9.57 2.3838382131051017e-125
9.58 1.7642268503751996e-125
9.59 1.3056659476611016e-125
9.6 9.662949900798223e-126
9.61 7.15133920376752e-126
9.620000000000001 5.2925507150893574e-126
9.63 3.916901754154783e-126
9.64 2.8988138569857403e-126
9.65 2.1453491317568943e-126
9.66 1.587726264671447e-126
9.67 1.1750417003050987e-126
9.68 8.696228236430519e-127
9.69 6.435889511024156e-127
9.700000000000001 4.763061947314724e-127
9.71 3.525038625212496e-127
9.72 2.6088044721410047e-127
9.73 1.930719489194998e-127
9.74 1.428883531044532e-127
9.75 1.0574856454893155e-127
9.76 7.826221424768917e-128
9.77 5.792016378734608e-128
9.78 4.2865454362636325e-128
9.790000000000001 3.1723791121538214e-128
9.8 2.347808831347251e-128
9.81 1.7375622880108526e-128
9.82 1.2859320845919164e-128
9.83 9.51690386924701e-129
9.84 7.04325371003019e-129
9.85 5.212558990341243e-129
9.86 3.857701617235837e-129
9.870000000000001 2.8550011223277768e-129
9.88 2.1129242790771705e-129
9.89 1.5637293359359596e-129
9.9 1.1572820949052432e-129
9.91 8.56479325679923e-130
9.92 6.3386173392508635e-130
9.93 4.691072927131781e-130
9.94 3.471761116008749e-130
9.950000000000001 2.5693749455305257e-130
9.96 1.9015385535253247e-130
9.97 1.4072873547836264e-130
9.98 1.0415027848172595e-130
9.99 7.707935746703449e-131
