0.005 0.001554672313697749
0.006 0.003107269765127204
0.007 0.004657431506517121
0.008 0.006205163152215343
0.009000000000000001 0.007750469072321268
0.01 0.009293357635137197
0.011 0.010833857319572327
0.012 0.012371970125688957
0.013000000000000001 0.013907695763847738
0.014000000000000002 0.01544103394478574
0.015 0.01697198437964936
0.016 0.018500546779960998
0.017 0.020026720857642878
0.018000000000000002 0.021550506325001613
0.019 0.023071902894740745
0.02 0.024590910279956052
0.021 0.026107528194131455
0.022000000000000002 0.027621756351143906
0.023000000000000003 0.029133594465270505
0.024 0.03064304225117035
0.025 0.03215010615523169
0.026000000000000002 0.033654813168705264
0.027 0.03515716979188397
0.028 0.036657180207333995
0.029 0.038154848598702065
0.030000000000000002 0.039650179150732684
0.031000000000000003 0.04114317604924246
0.032 0.042633843481137135
0.033 0.044122185634399715
0.034 0.04560820669808643
0.034999999999999996 0.04709191086233368
0.036 0.048573302318346764
0.037 0.05005238525840069
0.038 0.051529163875844275
0.039 0.05300364236508612
0.04 0.054475824921598234
0.041 0.05594571574191367
0.041999999999999996 0.057413319023626105
0.043 0.05887863896538778
0.044 0.060341679766899615
0.045 0.061802445628918186
0.046 0.0632609407532503
0.047 0.06471716918013186
0.048 0.06617113335647591
0.048999999999999995 0.06762283684653286
0.049999999999999996 0.06907228365118002
0.051 0.07051947777230116
0.052 0.07196442321278784
0.053 0.0734071239765316
0.054 0.07484758406842386
0.055 0.07628580749436338
0.056 0.07772179826124634
0.057 0.07915556037695304
0.057999999999999996 0.08058709785036657
0.059 0.08201641469135926
0.06 0.08344351491079481
0.061 0.08486840252052158
0.062 0.08629108153336965
0.063 0.08771155596315733
0.064 0.08912982982467998
0.065 0.09054590713371932
0.066 0.0919597919070205
0.067 0.09337148816231619
0.068 0.09478099991830458
0.069 0.09618833117193755
0.07 0.09759348415571399
0.07100000000000001 0.09899646158498822
0.07200000000000001 0.1003972672275431
0.07300000000000001 0.10179590485209263
0.07400000000000001 0.10319237822827605
0.07500000000000001 0.10458669112665046
0.07600000000000001 0.10597884731869045
0.07700000000000001 0.1073688505767943
0.078 0.10875670467427191
0.079 0.11014241338534927
0.08 0.111525980485166
0.081 0.11290740974976064
0.082 0.11428670495609837
0.083 0.11566386988203417
0.084 0.11703890830633439
0.085 0.11841182400866991
0.08600000000000001 0.11978262076960838
0.08700000000000001 0.12115130237061626
0.08800000000000001 0.12251787259405841
0.08900000000000001 0.12388233522319068
0.09000000000000001 0.1252446940421718
0.09100000000000001 0.12660495283603587
0.09200000000000001 0.1279631153907239
0.093 0.1293191854930503
0.094 0.13067316693072298
0.095 0.13202506349232748
0.096 0.13337487896733502
0.097 0.13472261714609662
0.098 0.13606828181983918
0.099 0.13741187678066974
0.1 0.13875340582156176
0.101 0.14009287273637072
0.10200000000000001 0.14143028131981492
0.10300000000000001 0.14276563536748707
0.10400000000000001 0.1440989386758408
0.10500000000000001 0.145430195042199
0.10600000000000001 0.14675940826474698
0.10700000000000001 0.14808658214252984
0.10800000000000001 0.14941172047545762
0.10900000000000001 0.15073482706428656
0.11 0.1520559057106362
0.111 0.15337496015763233
0.112 0.1546919901997196
0.113 0.15600699699423973
0.114 0.15731998404210118
0.115 0.15863095484500916
0.116 0.15993991290548104
0.117 0.16124686172683694
0.11800000000000001 0.16255180481319464
0.11900000000000001 0.16385474566947494
0.12000000000000001 0.16515568780139486
0.12100000000000001 0.16645463471546382
0.12200000000000001 0.167751589918993
0.12300000000000001 0.16904655692008308
0.12400000000000001 0.17033953922762193
0.125 0.1716305403512945
0.126 0.17291956380156806
0.127 0.17420661308969787
0.128 0.17549169172772772
0.129 0.17677480322847475
0.13 0.1780559511055467
0.131 0.1793351388733256
0.132 0.18061237004697478
0.133 0.1818876481424287
0.134 0.1831609766764055
0.135 0.18443235916638545
0.136 0.1857017991306293
0.137 0.18696930008816046
0.138 0.18823486555877755
0.139 0.1894984990630403
0.14 0.19076020412227723
0.14100000000000001 0.19201998425857605
0.14200000000000002 0.19327784299478815
0.14300000000000002 0.19453378385452666
0.14400000000000002 0.19578781036215775
0.14500000000000002 0.1970399260428115
0.14600000000000002 0.19829013442236984
0.14700000000000002 0.19953843902746773
0.14800000000000002 0.2007848433854867
0.14900000000000002 0.20202935102456998
0.15 0.20327196547360174
0.151 0.20451269026221702
0.152 0.20575152892079288
0.153 0.20698848493309543
0.154 0.20822355899517359
0.155 0.20945675274412168
0.156 0.2106880693852489
0.157 0.21191751211705628
0.158 0.2131450841312419
0.159 0.21437078861267184
0.16 0.21559462873940158
0.161 0.21681660768266678
0.162 0.21803672860687756
0.163 0.21925499466961132
0.164 0.2204714090216206
0.165 0.22168597480683064
0.166 0.22289869516232033
0.167 0.2241095732183414
0.168 0.22531861209830734
0.169 0.22652581491877455
0.17 0.2277311847894674
0.171 0.2289347248132614
0.17200000000000001 0.23013643808617756
0.17300000000000001 0.23133632769738507
0.17400000000000002 0.2325343967292011
0.17500000000000002 0.23373064825707812
0.17600000000000002 0.2349250853496132
0.17700000000000002 0.2361177110685416
0.17800000000000002 0.23730852846873227
0.17900000000000002 0.23849754059818154
0.18000000000000002 0.2396847504980185
0.181 0.24087016120249957
0.182 0.2420537757390038
0.183 0.2432355971280366
0.184 0.24441562838321446
0.185 0.24559387251128165
0.186 0.24677033251208838
0.187 0.24794501137859606
0.188 0.24911791209688086
0.189 0.25028903764613053
0.19 0.251458390998622
0.191 0.25262597511974444
0.192 0.25379179296799015
0.193 0.25495584749494404
0.194 0.2561181416452815
0.195 0.25727867835677876
0.196 0.2584374605602942
0.197 0.25959449117978195
0.198 0.2607497731322739
0.199 0.2619033093278888
0.2 0.2630551026698255
0.201 0.26420515605436024
0.202 0.2653534723708442
0.203 0.2665000545017028
0.20400000000000001 0.26764490532243373
0.20500000000000002 0.2687880277016023
0.20600000000000002 0.26992942450083596
0.20700000000000002 0.27106909857482875
0.20800000000000002 0.2722070527713451
0.20900000000000002 0.273343289931191
0.21000000000000002 0.2744778128882473
0.21100000000000002 0.27561062446943374
0.21200000000000002 0.2767417274947387
0.21300000000000002 0.2778711247771806
0.214 0.2789988191475188
0.215 0.2801248140892662
0.216 0.2812491127436891
0.217 0.2823717179496645
0.218 0.2834926325400742
0.219 0.2846118593417894
0.22 0.28572940117566603
0.221 0.2868452608565624
0.222 0.28795944119331135
0.223 0.28907194498874256
0.224 0.2901827750396556
0.225 0.29129193413684223
0.226 0.29239942506506833
0.227 0.2935052506030797
0.228 0.2946094135235862
0.229 0.2957119165932851
0.23 0.2968127625728356
0.231 0.2979119542168643
0.232 0.29900949427396945
0.233 0.3001053854867049
0.234 0.30119963059159394
0.23500000000000001 0.3022922323191242
0.23600000000000002 0.3033831933937259
0.23700000000000002 0.304472516533798
0.23800000000000002 0.30556020445169013
0.23900000000000002 0.30664625985370764
0.24000000000000002 0.30773068544009125
0.24100000000000002 0.3088134839050477
0.24200000000000002 0.3098946579367178
0.24300000000000002 0.31097421021719096
0.24400000000000002 0.31205214342249576
0.245 0.3131284602226037
0.246 0.3142031632814214
0.247 0.31527625525679037
0.248 0.31634773880049116
0.249 0.3174176165582296
0.25 0.3184858911696465
0.251 0.31955256526830556
0.252 0.3206176414816999
0.253 0.321681122431244
0.254 0.32274301073227885
0.255 0.32380330899406107
0.256 0.3248620198197668
0.257 0.3259191458064855
0.258 0.32697468954522946
0.259 0.3280286536209115
0.26 0.32908104061236504
0.261 0.33013185309232185
0.262 0.3311810936274252
0.263 0.3322287647782296
0.264 0.3332748690991807
0.265 0.33431940913863284
0.266 0.33536238743883545
0.267 0.33640380653593194
0.268 0.3374436689599695
0.269 0.33848197723488094
0.27 0.339518733878498
0.271 0.3405539414025271
0.272 0.3415876023125818
0.273 0.3426197191081435
0.274 0.3436502942825944
0.275 0.3446793303650226
0.276 0.3457068305156677
0.277 0.3467327974834592
0.278 0.3477572337847373
0.279 0.34878014193047946
0.28 0.34980152442629314
0.281 0.35082138377242517
0.28200000000000003 0.351839722463737
0.28300000000000003 0.3528565429897341
0.28400000000000003 0.3538718478345408
0.28500000000000003 0.3548856394769044
0.28600000000000003 0.3558979203901993
0.28700000000000003 0.3569086930424141
0.28800000000000003 0.3579179598961663
0.28900000000000003 0.3589257234086823
0.29000000000000004 0.35993198603181054
0.29100000000000004 0.3609367502120123
0.29200000000000004 0.36194001839035816
0.29300000000000004 0.36294179300253
0.294 0.363942076478825
0.295 0.36494087124414476
0.296 0.36593817971799136
0.297 0.3669340043144776
0.298 0.3679283474423168
0.299 0.36892121150482043
0.3 0.3699125988999088
0.301 0.37090251202008523
0.302 0.37189095325246097
0.303 0.3728779249787343
0.304 0.3738634295752004
0.305 0.3748474694127442
0.306 0.3758300468568424
0.307 0.37681116426755246
0.308 0.3777908239995277
0.309 0.3787690284019991
0.31 0.37974577981877927
0.311 0.38072108058827014
0.312 0.38169493304344615
0.313 0.38266733951186255
0.314 0.38363830231564944
0.315 0.3846078237715182
0.316 0.3855759061907466
0.317 0.38654255187918474
0.318 0.38750776313725654
0.319 0.38847154225995245
0.32 0.3894338915368334
0.321 0.39039481325201514
0.322 0.3913543096841932
0.323 0.39231238310661287
0.324 0.39326903578708605
0.325 0.3942242699879849
0.326 0.39517808796623194
0.327 0.39613049197331607
0.328 0.3970814842552774
0.329 0.39803106705270463
0.33 0.39897924260074147
0.331 0.39992601312908305
0.332 0.4008713808619731
0.333 0.40181534801819935
0.334 0.4027579168110978
0.335 0.40369908944854827
0.336 0.4046388682149126
0.337 0.4055772561825739
0.338 0.4065142558256186
0.339 0.4074498693890819
0.34 0.4083840991134784
0.341 0.40931694723479733
0.342 0.4102484159845105
0.343 0.4111785075895616
0.34400000000000003 0.4121072242723734
0.34500000000000003 0.4130345682508404
0.34600000000000003 0.4139605417383224
0.34700000000000003 0.414885146943668
0.34800000000000003 0.4158083860711703
0.34900000000000003 0.41673026132061014
0.35000000000000003 0.4176507748872269
0.35100000000000003 0.4185699289617265
0.35200000000000004 0.4194877257302781
0.35300000000000004 0.4204041673745145
0.35400000000000004 0.42131925607152176
0.35500000000000004 0.4222329939938623
0.35600000000000004 0.42314538330954304
0.357 0.424056426182033
0.358 0.42496612477025475
0.359 0.4258744812285926
0.36 0.42678149770687573
0.361 0.4276871763503882
0.362 0.4285915192998625
0.363 0.42949452869148746
0.364 0.43039620665689143
0.365 0.43129655532315664
0.366 0.4321955768128023
0.367 0.4330932732438029
0.368 0.4339896467295615
0.369 0.4348846993789394
0.37 0.43577843329622434
0.371 0.43667085058115135
0.372 0.43756195332888576
0.373 0.4384517436300358
0.374 0.4393402235706423
0.375 0.4402273952321815
0.376 0.4411132606915599
0.377 0.4419978220211163
0.378 0.4428810812886192
0.379 0.4437630405572633
0.38 0.4446437018856837
0.381 0.445523067327926
0.382 0.44640113893346606
0.383 0.4472779187472029
0.384 0.4481534088094655
0.385 0.4490276111559956
0.386 0.4499005278179583
0.387 0.4507721608219377
0.388 0.4516425121899379
0.389 0.45251158393937185
0.39 0.4533793780830744
0.391 0.4542458966292945
0.392 0.45511114158169275
0.393 0.455975114939339
0.394 0.45683781869671675
0.395 0.45769925484372037
0.396 0.45855942536564137
0.397 0.4594183323108982
0.398 0.46027597816523774
0.399 0.4611323650321486
0.4 0.46198749491220953
0.401 0.4628413698019464
0.402 0.4636939916938204
0.403 0.46454536257622214
0.404 0.4653954844334948
0.405 0.46624435924589874
0.406 0.46709198898964466
0.40700000000000003 0.4679383756368621
0.40800000000000003 0.46878352115562705
0.40900000000000003 0.4696274275099319
0.41000000000000003 0.47047009665970585
0.41100000000000003 0.47131153056080355
0.41200000000000003 0.4721517311650136
0.41300000000000003 0.47299070042004526
0.41400000000000003 0.4738284402695338
0.41500000000000004 0.4746649526530373
0.41600000000000004 0.4755002395060388
0.41700000000000004 0.4763343027599476
0.41800000000000004 0.47716714434208407
0.41900000000000004 0.47799876617569825
0.42000000000000004 0.4788291701799458
0.42100000000000004 0.47965835826991754
0.422 0.48048633235660304
0.423 0.4813130943469277
0.424 0.4821386461437095
0.425 0.48296298964569234
0.426 0.48378612674752974
0.427 0.4846080593397914
0.428 0.48542878930894506
0.429 0.4862483185373801
0.43 0.487066648903389
0.431 0.48788378228116774
0.432 0.4886997205408236
0.433 0.48951446554836553
0.434 0.49032801916571067
0.435 0.4911403832506728
0.436 0.4919515596569741
0.437 0.49276155023423124
0.438 0.49357035682796385
0.439 0.4943779812795891
0.44 0.49518442542642704
0.441 0.4959896911016862
0.442 0.49679378013447734
0.443 0.4975966943498016
0.444 0.4983984355685564
0.445 0.4991990056075295
0.446 0.499998406279405
0.447 0.5007966393927493
0.448 0.5015937067520274
0.449 0.5023896101575879
0.45 0.5031843514056686
0.451 0.5039779322883927
0.452 0.5047703545937687
0.453 0.5055616201056926
0.454 0.5063517306039393
0.455 0.5071406878641737
0.456 0.5079284936579337
0.457 0.5087151497526464
0.458 0.5095006580372174
0.459 0.5102850209660722
0.46 0.511068240438826
0.461 0.5118503182521241
0.462 0.5126312561992045
0.463 0.5134110560699159
0.464 0.514189719650707
0.465 0.5149672487246322
0.466 0.5157436450713406
0.467 0.5165189104670858
0.468 0.517293046684717
0.46900000000000003 0.5180660554936928
0.47000000000000003 0.5188379386600525
0.47100000000000003 0.5196086979464418
0.47200000000000003 0.5203783351121016
0.47300000000000003 0.521146851912868
0.47400000000000003 0.5219142501011679
0.47500000000000003 0.5226805314260219
0.47600000000000003 0.5234456976330479
0.47700000000000004 0.5242097504644474
0.47800000000000004 0.5249726916590154
0.47900000000000004 0.5257345229521411
0.48000000000000004 0.5264952460757955
0.48100000000000004 0.5272548627585417
0.48200000000000004 0.5280133747255252
0.48300000000000004 0.5287707836984858
0.48400000000000004 0.5295270913957438
0.485 0.5302822995321986
0.486 0.5310364098193417
0.487 0.5317894239652483
0.488 0.5325413436745664
0.489 0.5332921706485318
0.49 0.5340419065849571
0.491 0.5347905531782372
0.492 0.535538112119346
0.493 0.5362845850958341
0.494 0.537029973791824
0.495 0.5377742798880206
0.496 0.538517505061705
0.497 0.5392596509867275
0.498 0.5400007193335107
0.499 0.5407407117690619
0.5 0.541479629956943
0.501 0.5422174755573017
0.502 0.54295425022685
0.503 0.5436899556188696
0.504 0.5444245933832063
0.505 0.5451581651662837
0.506 0.5458906726110875
0.507 0.5466221173571629
0.508 0.5473525010406328
0.509 0.5480818252941775
0.51 0.5488100917470458
0.511 0.5495373020250409
0.512 0.5502634577505346
0.513 0.550988560542463
0.514 0.5517126120163176
0.515 0.5524356137841505
0.516 0.5531575674545719
0.517 0.5538784746327567
0.518 0.5545983369204324
0.519 0.5553171559822447
0.52 0.5560349336905699
0.521 0.5567516716832257
0.522 0.5574673715665961
0.523 0.5581820349439061
0.524 0.5588956634152369
0.525 0.5596082585775051
0.526 0.5603198220244813
0.527 0.5610303553467747
0.528 0.5617398601318393
0.529 0.5624483379639723
0.53 0.5631557904243129
0.531 0.563862219090841
0.532 0.5645676255383737
0.533 0.5652720113385732
0.534 0.5659753780599392
0.535 0.5666777272678073
0.536 0.5673790605243528
0.537 0.5680793793885881
0.538 0.5687786854163613
0.539 0.569476980160356
0.54 0.5701742651700871
0.541 0.5708705419919086
0.542 0.5715658121690081
0.543 0.5722600772413963
0.544 0.5729533387459285
0.545 0.5736455982162803
0.546 0.5743368571829672
0.547 0.5750271171733284
0.548 0.5757163797115304
0.549 0.5764046463185758
0.55 0.5770919185122865
0.551 0.5777781978073162
0.552 0.5784634857151418
0.553 0.5791477837440704
0.554 0.5798310933992297
0.555 0.5805134161825715
0.556 0.5811947535928713
0.557 0.5818751071257332
0.558 0.5825544782735733
0.559 0.5832328685256372
0.56 0.5839102793679833
0.561 0.5845867122835
0.562 0.5852621687518887
0.5630000000000001 0.5859366502496683
0.5640000000000001 0.5866101582501846
0.5650000000000001 0.5872826942235878
0.5660000000000001 0.5879542596368542
0.5670000000000001 0.5886248559537721
0.5680000000000001 0.5892944846349454
0.5690000000000001 0.5899631471377963
0.5700000000000001 0.5906308449165515
0.5710000000000001 0.5912975794222646
0.5720000000000001 0.5919633521027898
0.5730000000000001 0.5926281644028017
0.5740000000000001 0.5932920177637803
0.5750000000000001 0.5939549136240199
0.5760000000000001 0.5946168534186249
0.5770000000000001 0.5952778385795053
0.5780000000000001 0.5959378705353838
0.5790000000000001 0.5965969507117894
0.5800000000000001 0.5972550807075018
0.5810000000000001 0.5979122625085072
0.582 0.5985684976074989
0.583 0.5992237874558606
0.584 0.5998781335023944
0.585 0.600531537193323
0.586 0.6011839999722876
0.587 0.6018355232803432
0.588 0.6024861085559648
0.589 0.6031357572350426
0.59 0.6037844707508803
0.591 0.604432250534195
0.592 0.6050790980131275
0.593 0.6057250146132238
0.594 0.6063700017574423
0.595 0.6070140608661572
0.596 0.6076571933571525
0.597 0.608299400645626
0.598 0.6089406841441899
0.599 0.6095810452628565
0.6 0.6102204854090525
0.601 0.610859005987619
0.602 0.6114966084007918
0.603 0.6121332940482382
0.604 0.6127690643270044
0.605 0.6134039206315627
0.606 0.6140378643537887
0.607 0.6146708968829595
0.608 0.6153030196057561
0.609 0.61593423390627
0.61 0.6165645411659969
0.611 0.6171939427638252
0.612 0.617822440076059
0.613 0.618450034476397
0.614 0.6190767273359401
0.615 0.6197025200232
0.616 0.6203274139040729
0.617 0.6209514103418698
0.618 0.6215745106972892
0.619 0.6221967163284373
0.62 0.6228180285908204
0.621 0.6234384488373325
0.622 0.6240579784182722
0.623 0.6246766186813336
0.624 0.625294370971609
0.625 0.6259112366315822
0.626 0.6265272170011349
0.627 0.6271423134175433
0.628 0.6277565272154827
0.629 0.628369859727008
0.63 0.6289823122815816
0.631 0.6295938862060491
0.632 0.6302045828246582
0.633 0.630814403459042
0.634 0.6314233494282167
0.635 0.6320314220486049
0.636 0.6326386226340059
0.637 0.6332449524956202
0.638 0.6338504129420225
0.639 0.6344550052791873
0.64 0.6350587308104757
0.641 0.6356615908366328
0.642 0.6362635866557957
0.643 0.6368647195634783
0.644 0.6374649908525863
0.645 0.6380644018134131
0.646 0.6386629537336334
0.647 0.6392606478983062
0.648 0.6398574855898788
0.649 0.640453468088176
0.65 0.6410485966704026
0.651 0.6416428726111602
0.652 0.6422362971824125
0.653 0.6428288716535211
0.654 0.643420597291216
0.655 0.6440114753596208
0.656 0.6446015071202259
0.657 0.645190693831909
0.658 0.6457790367509154
0.659 0.6463665371308899
0.66 0.6469531962228326
0.661 0.6475390152751362
0.662 0.6481239955335601
0.663 0.6487081382412503
0.664 0.649291444638717
0.665 0.6498739159638542
0.666 0.6504555534519271
0.667 0.6510363583355755
0.668 0.6516163318448174
0.669 0.6521954752070368
0.67 0.6527737896469948
0.671 0.6533512763868291
0.672 0.6539279366460419
0.673 0.654503771641506
0.674 0.6550787825874758
0.675 0.6556529706955684
0.676 0.6562263376504165
0.677 0.6567988851475106
0.678 0.6573706144226068
0.679 0.6579415267092028
0.68 0.6585116232385432
0.681 0.659080905239606
0.682 0.6596493739391257
0.683 0.6602170305615718
0.684 0.6607838763291504
0.685 0.6613499124618224
0.686 0.6619151401772789
0.687 0.6624795606909538
0.6880000000000001 0.6630431752160267
0.6890000000000001 0.6636059849634103
0.6900000000000001 0.66416799114176
0.6910000000000001 0.6647291949574723
0.6920000000000001 0.6652895976146714
0.6930000000000001 0.665849200315235
0.6940000000000001 0.6664080042587648
0.6950000000000001 0.6669660106426135
0.6960000000000001 0.6675232206618537
0.6970000000000001 0.6680796355093116
0.6980000000000001 0.6686352563755309
0.6990000000000001 0.6691900844488132
0.7000000000000001 0.6697441209151729
0.7010000000000001 0.6702973669583747
0.7020000000000001 0.6708498237599092
0.7030000000000001 0.6714014924990022
0.7040000000000001 0.671952374352616
0.7050000000000001 0.672502470495445
0.7060000000000001 0.6730517820999117
0.7070000000000001 0.6736003103361754
0.7080000000000001 0.6741480563721269
0.709 0.6746950213733868
0.71 0.6752412065033032
0.711 0.675786612922964
0.712 0.6763312417911761
0.713 0.676875094264484
0.714 0.6774181714971599
0.715 0.6779604746412025
0.716 0.6785020048463418
0.717 0.6790427632600299
0.718 0.6795827510274525
0.719 0.6801219692915209
0.72 0.6806604191928755
0.721 0.681198101869879
0.722 0.6817350184586171
0.723 0.6822711700929104
0.724 0.6828065579042996
0.725 0.6833411830220538
0.726 0.6838750465731573
0.727 0.6844081496823249
0.728 0.6849404934719986
0.729 0.6854720790623359
0.73 0.6860029075712216
0.731 0.6865329801142614
0.732 0.6870622978047867
0.733 0.6875908617538432
0.734 0.6881186730702041
0.735 0.6886457328603613
0.736 0.6891720422285262
0.737 0.6896976022766376
0.738 0.6902224141043373
0.739 0.6907464788090073
0.74 0.6912697974857304
0.741 0.691792371227321
0.742 0.6923142011243042
0.743 0.6928352882649274
0.744 0.6933556337351496
0.745 0.6938752386186512
0.746 0.6943941039968329
0.747 0.6949122309487986
0.748 0.6954296205513842
0.749 0.6959462738791349
0.75 0.6964621920043023
0.751 0.6969773759968677
0.752 0.6974918269245146
0.753 0.6980055458526476
0.754 0.6985185338443837
0.755 0.6990307919605494
0.756 0.6995423212596922
0.757 0.7000531227980608
0.758 0.700563197629626
0.759 0.7010725468060691
0.76 0.7015811713767729
0.761 0.7020890723888453
0.762 0.7025962508870994
0.763 0.7031027079140532
0.764 0.7036084445099446
0.765 0.7041134617127137
0.766 0.7046177605580101
0.767 0.7051213420791981
0.768 0.7056242073073459
0.769 0.7061263572712311
0.77 0.7066277929973364
0.771 0.707128515572534
0.772 0.7076285268639673
0.773 0.7081278281856996
0.774 0.7086264205919711
0.775 0.7091243051350956
0.776 0.7096214828654908
0.777 0.7101179548316442
0.778 0.7106137220801365
0.779 0.711108785655633
0.78 0.7116031466008783
0.781 0.7120968059567159
0.782 0.712589764762051
0.783 0.713082024053887
0.784 0.7135735848673116
0.785 0.7140644482354844
0.786 0.7145546151896607
0.787 0.7150440867591674
0.788 0.7155328639714198
0.789 0.7160209478519127
0.79 0.7165083394242205
0.791 0.716995039710004
0.792 0.7174810497289976
0.793 0.7179663704990192
0.794 0.7184510030359681
0.795 0.7189349483538253
0.796 0.7194182074646418
0.797 0.7199007813785595
0.798 0.7203826711037907
0.799 0.7208638776466313
0.8 0.7213444020114499
0.801 0.7218242452007004
0.802 0.7223034082149076
0.803 0.722781892052676
0.804 0.7232596977106843
0.805 0.7237368261836966
0.806 0.7242132784645412
0.807 0.7246890555441342
0.808 0.7251641584114576
0.809 0.7256385880535735
0.81 0.7261123454556178
0.811 0.7265854316008042
0.812 0.7270578474704186
0.8130000000000001 0.7275295940438157
0.8140000000000001 0.7280006722984368
0.8150000000000001 0.728471083209781
0.8160000000000001 0.728940827751438
0.8170000000000001 0.729409906895057
0.8180000000000001 0.7298783216103644
0.8190000000000001 0.7303460728651562
0.8200000000000001 0.7308131616253091
0.8210000000000001 0.7312795888547612
0.8220000000000001 0.7317453555155289
0.8230000000000001 0.7322104625677006
0.8240000000000001 0.7326749109694255
0.8250000000000001 0.7331387016769374
0.8260000000000001 0.7336018356445285
0.8270000000000001 0.7340643138245714
0.8280000000000001 0.7345261371674939
0.8290000000000001 0.7349873066218141
0.8300000000000001 0.7354478231340981
0.8310000000000001 0.7359076876489966
0.8320000000000001 0.7363669011092195
0.8330000000000001 0.7368254644555536
0.8340000000000001 0.7372833786268423
0.8350000000000001 0.7377406445600042
0.8360000000000001 0.738197263190027
0.8370000000000001 0.7386532354499606
0.838 0.7391085622709235
0.839 0.7395632445821004
0.84 0.740017283310745
0.841 0.7404706793821748
0.842 0.7409234337197711
0.843 0.7413755472449888
0.844 0.7418270208773341
0.845 0.7422778555343942
0.846 0.7427280521318047
0.847 0.7431776115832821
0.848 0.7436265348005927
0.849 0.744074822693575
0.85 0.7445224761701305
0.851 0.7449694961362173
0.852 0.7454158834958666
0.853 0.7458616391511644
0.854 0.7463067640022616
0.855 0.7467512589473708
0.856 0.7471951248827746
0.857 0.7476383627027999
0.858 0.7480809732998507
0.859 0.7485229575643818
0.86 0.7489643163849212
0.861 0.7494050506480439
0.862 0.7498451612383926
0.863 0.7502846490386701
0.864 0.7507235149296342
0.865 0.7511617597901067
0.866 0.7515993844969657
0.867 0.7520363901609459
0.868 0.7524727784717032
0.869 0.7529085504004371
0.87 0.7533437068514155
0.871 0.7537782487273327
0.872 0.754212176929288
0.873 0.7546454923568171
0.874 0.7550781959078562
0.875 0.755510288478771
0.876 0.7559417709643377
0.877 0.756372644257752
0.878 0.7568029092506278
0.879 0.7572325668329898
0.88 0.7576616178932903
0.881 0.758090063318382
0.882 0.7585179039935456
0.883 0.7589451408024726
0.884 0.7593717746272718
0.885 0.759797806348469
0.886 0.7602232368449935
0.887 0.7606480669942064
0.888 0.7610722976718668
0.889 0.7614959297521622
0.89 0.7619189641076863
0.891 0.7623414016094423
0.892 0.7627632431268578
0.893 0.7631844895277649
0.894 0.7636051416784173
0.895 0.7640252004434662
0.896 0.764444666685993
0.897 0.7648635412674831
0.898 0.7652818250478304
0.899 0.7656995188853477
0.9 0.7661166236367525
0.901 0.766533140157184
0.902 0.7669490693001839
0.903 0.7673644119177041
0.904 0.7677791688601092
0.905 0.7681933409761819
0.906 0.7686069291131037
0.907 0.7690199341164714
0.908 0.7694323568302956
0.909 0.769844198096987
0.91 0.770255458757371
0.911 0.7706661396506862
0.912 0.7710762416145734
0.913 0.7714857654850815
0.914 0.7718947120966803
0.915 0.7723030822822287
0.916 0.7727108768730091
0.917 0.7731180966987038
0.918 0.7735247425874063
0.919 0.7739308153656176
0.92 0.7743363158582441
0.921 0.7747412448886006
0.922 0.7751456032784013
0.923 0.7755493918477834
0.924 0.7759526114152754
0.925 0.7763552627978199
0.926 0.7767573468107566
0.927 0.7771588642678416
0.928 0.7775598159812279
0.929 0.7779602027614829
0.93 0.7783600254175727
0.931 0.7787592847568645
0.932 0.7791579815851408
0.933 0.7795561167065784
0.934 0.779953690923762
0.935 0.7803507050376882
0.936 0.7807471598477433
0.937 0.7811430561517255
0.9380000000000001 0.7815383947458338
0.9390000000000001 0.7819331764246739
0.9400000000000001 0.7823274019812494
0.9410000000000001 0.7827210722069755
0.9420000000000001 0.783114187891653
0.9430000000000001 0.7835067498235057
0.9440000000000001 0.7838987587891442
0.9450000000000001 0.7842902155735888
0.9460000000000001 0.7846811209602592
0.9470000000000001 0.7850714757309769
0.9480000000000001 0.7854612806659607
0.9490000000000001 0.7858505365438374
0.9500000000000001 0.7862392441416343
0.9510000000000001 0.7866274042347716
0.9520000000000001 0.7870150175970815
0.9530000000000001 0.7874020850007836
0.9540000000000001 0.7877886072165092
0.9550000000000001 0.7881745850132841
0.9560000000000001 0.7885600191585332
0.9570000000000001 0.7889449104180815
0.9580000000000001 0.7893292595561566
0.9590000000000001 0.7897130673353818
0.9600000000000001 0.7900963345167803
0.9610000000000001 0.7904790618597728
0.9620000000000001 0.7908612501221841
0.9630000000000001 0.7912429004591448
0.9640000000000001 0.791624014075844
0.965 0.7920045917517518
0.966 0.7923846342648203
0.967 0.7927641423916756
0.968 0.7931431169076054
0.969 0.7935215585865734
0.97 0.7938994682012072
0.971 0.7942768465228011
0.972 0.7946536943213195
0.973 0.7950300123654009
0.974 0.7954058014223337
0.975 0.7957810622580924
0.976 0.7961557956373116
0.977 0.7965300023232875
0.978 0.7969036830779909
0.979 0.7972768386620556
0.98 0.7976494698347852
0.981 0.7980215773541368
0.982 0.7983931619767507
0.983 0.7987642244579305
0.984 0.7991347655516313
0.985 0.7995047860104867
0.986 0.7998742865857994
0.987 0.8002432680275186
0.988 0.8006117310842776
0.989 0.8009796765033667
0.99 0.8013471050307395
0.991 0.8017140174110134
0.992 0.8020804143874766
0.993 0.8024462967020795
0.994 0.8028116650954289
0.995 0.8031765203068084
0.996 0.8035408630741486
0.997 0.8039046941340631
0.998 0.8042680142218122
0.999 0.804630824071325
1.0 0.8049931244152022
1.001 0.8053549159846914
1.002 0.8057161995097142
1.003 0.8060769757188536
1.004 0.806437245339353
1.005 0.8067970090971123
1.006 0.8071562677167059
1.007 0.8075150219213569
1.008 0.8078732724329631
1.009 0.8082310199720721
1.01 0.8085882652578993
1.011 0.808945009008319
1.012 0.8093012519398698
1.013 0.8096569947677449
1.014 0.8100122382058033
1.015 0.8103669829665615
1.016 0.8107212297612044
1.017 0.8110749792995641
1.018 0.8114282322901423
1.019 0.8117809894400978
1.02 0.8121332514552466
1.021 0.8124850190400659
1.022 0.8128362928977007
1.023 0.813187073729934
1.024 0.8135373622372379
1.025 0.8138871591187141
1.026 0.8142364650721396
1.027 0.8145852807939497
1.028 0.8149336069792291
1.029 0.8152814443217328
1.0299999999999998 0.8156287935138611
1.031 0.8159756552466852
1.0319999999999998 0.8163220302099244
1.033 0.8166679190919605
1.0339999999999998 0.817013322579828
1.035 0.8173582413592284
1.0359999999999998 0.8177026761145041
1.037 0.8180466275286774
1.0379999999999998 0.8183900962834056
1.039 0.8187330830590154
1.0399999999999998 0.8190755885344854
1.041 0.8194176133874547
1.0419999999999998 0.81975915829421
1.043 0.8201002239297087
1.0439999999999998 0.8204408109675484
1.045 0.820780920079994
1.0459999999999998 0.821120551937957
1.047 0.8214597072110102
1.0479999999999998 0.8217983865673864
1.049 0.822136590673964
1.0499999999999998 0.8224743201962814
1.051 0.8228115757985297
1.0519999999999998 0.8231483581435575
1.053 0.8234846678928683
1.0539999999999998 0.8238205057066202
1.055 0.8241558722436151
1.0559999999999998 0.8244907681613283
1.057 0.8248251941158742
1.0579999999999998 0.8251591507933596
1.059 0.8254926393364178
1.0599999999999998 0.8258256605814144
1.061 0.8261582152007282
1.0619999999999998 0.8264903038656138
1.063 0.8268219272462063
1.0639999999999998 0.8271530860115102
1.065 0.8274837808294081
1.0659999999999998 0.8278140123666575
1.067 0.8281437812888973
1.0679999999999998 0.8284730882606289
1.069 0.8288019339452375
1.0699999999999998 0.8291303190049856
1.071 0.8294582441010026
1.0719999999999998 0.8297857098932967
1.073 0.8301127170407512
1.0739999999999998 0.8304392662011227
1.075 0.8307653580310395
1.0759999999999998 0.8310909931860068
1.077 0.8314161723204068
1.0779999999999998 0.8317408960874909
1.079 0.8320651651393854
1.0799999999999998 0.8323889801270851
1.081 0.832712341700471
1.0819999999999999 0.8330352505082849
1.083 0.8333577071981473
1.0839999999999999 0.8336797124165499
1.085 0.8340012668088609
1.0859999999999999 0.8343223710193166
1.087 0.834643025691027
1.0879999999999999 0.8349632314659774
1.089 0.8352829889850266
1.0899999999999999 0.8356022988878976
1.091 0.8359211618131935
1.0919999999999999 0.8362395783983857
1.093 0.8365575492798175
1.0939999999999999 0.8368750750927078
1.095 0.837192156471142
1.0959999999999999 0.8375087940480802
1.097 0.837824988455351
1.0979999999999999 0.8381407403236574
1.099 0.8384560502825705
1.0999999999999999 0.8387709189605377
1.101 0.8390853469848719
1.1019999999999999 0.8393993349817572
1.103 0.8397128835762536
1.1039999999999999 0.8400259933922787
1.105 0.84033866505264
1.1059999999999999 0.8406508991790008
1.107 0.840962696391898
1.1079999999999999 0.8412740573107378
1.109 0.841584982553799
1.1099999999999999 0.8418954727382293
1.111 0.8422055284800436
1.1119999999999999 0.842515150394127
1.113 0.8428243390942389
1.1139999999999999 0.8431330951930041
1.115 0.8434414193019126
1.1159999999999999 0.8437493120313336
1.117 0.8440567739904898
1.1179999999999999 0.8443638057874899
1.119 0.8446704080293036
1.1199999999999999 0.8449765813217681
1.121 0.8452823262695847
1.1219999999999999 0.8455876434763387
1.123 0.845892533544463
1.1239999999999999 0.8461969970752713
1.125 0.8465010346689463
1.126 0.846804646924534
1.127 0.8471078344399513
1.128 0.8474105978119761
1.129 0.84771293763626
1.13 0.8480148545073207
1.131 0.8483163490185446
1.132 0.8486174217621814
1.133 0.8489180733293508
1.134 0.8492183043100385
1.135 0.8495181152931042
1.136 0.8498175068662539
1.137 0.8501164796160823
1.138 0.8504150341280405
1.139 0.8507131709864508
1.14 0.8510108907744915
1.141 0.8513081940742169
1.142 0.8516050814665479
1.143 0.8519015535312654
1.144 0.852197610847016
1.145 0.8524932539913203
1.146 0.8527884835405489
1.147 0.8530833000699591
1.148 0.8533777041536571
1.149 0.8536716963646208
1.15 0.8539652772746873
1.151 0.8542584474545708
1.152 0.8545512074738367
1.153 0.8548435579009273
1.154 0.8551354994141522
1.155 0.8554270329994726
1.156 0.8557181592779562
1.157 0.8560088788313893
1.158 0.8562991922406329
1.1589999999999998 0.8565891000855651
1.16 0.856878602945134
1.1609999999999998 0.8571677013973241
1.162 0.8574563960191747
1.1629999999999998 0.8577446873867616
1.164 0.8580325760752167
1.1649999999999998 0.8583200626587125
1.166 0.8586071477104835
1.1669999999999998 0.858893831802788
1.168 0.8591801155069466
1.1689999999999998 0.8594659993933202
1.17 0.8597514840313202
1.1709999999999998 0.8600365699894064
1.172 0.8603212578350767
1.1729999999999998 0.8606055481348791
1.174 0.8608894414544104
1.1749999999999998 0.8611729383583099
1.176 0.8614560394102655
1.1769999999999998 0.8617387451730133
1.178 0.8620210562083225
1.1789999999999998 0.8623029730770254
1.18 0.862584496338985
1.1809999999999998 0.8628656265531204
1.182 0.8631463642773883
1.1829999999999998 0.8634267100687991
1.184 0.8637066644833976
1.1849999999999998 0.8639862280762833
1.186 0.8642654014015925
1.1869999999999998 0.8645441850125172
1.188 0.8648225794612824
1.1889999999999998 0.8651005852991612
1.19 0.8653782030764748
1.1909999999999998 0.8656554333425922
1.192 0.8659322766459147
1.1929999999999998 0.8662087335338958
1.194 0.8664848045530337
1.1949999999999998 0.8667604902488711
1.196 0.8670357911659881
1.1969999999999998 0.8673107078480146
1.198 0.8675852408376267
1.1989999999999998 0.8678593906765357
1.2 0.8681331579055027
1.2009999999999998 0.868406543064336
1.202 0.8686795466918756
1.2029999999999998 0.8689521693260142
1.204 0.869224411503685
1.2049999999999998 0.8694962737608642
1.206 0.8697677566325724
1.2069999999999999 0.8700388606528735
1.208 0.8703095863548709
1.2089999999999999 0.8705799342707132
1.21 0.870849904931593
1.2109999999999999 0.871119498867739
1.212 0.8713887166084318
1.2129999999999999 0.8716575586819889
1.214 0.8719260256157764
1.2149999999999999 0.8721941179361881
1.216 0.8724618361686773
1.2169999999999999 0.8727291808377272
1.218 0.8729961524668709
1.2189999999999999 0.873262751578674
1.22 0.8735289786947568
1.2209999999999999 0.8737948343357697
1.222 0.8740603190214096
1.2229999999999999 0.8743254332704189
1.224 0.8745901776005724
1.2249999999999999 0.8748545525286957
1.226 0.8751185585706451
1.2269999999999999 0.8753821962413293
1.228 0.8756454660546923
1.2289999999999999 0.8759083685237203
1.23 0.8761709041604384
1.2309999999999999 0.8764330734759158
1.232 0.8766948769802587
1.2329999999999999 0.8769563151826182
1.234 0.8772173885911836
1.2349999999999999 0.8774780977131826
1.236 0.8777384430548917
1.2369999999999999 0.877998425121619
1.238 0.8782580444177132
1.2389999999999999 0.8785173014465693
1.24 0.878776196710616
1.2409999999999999 0.8790347307113316
1.242 0.8792929039492178
1.2429999999999999 0.8795507169238337
1.244 0.8798081701337658
1.2449999999999999 0.8800652640766483
1.246 0.8803219992491534
1.2469999999999999 0.8805783761469863
1.248 0.8808343952648992
1.2489999999999999 0.8810900570966789
1.25 0.8813453623421502
1.251 0.8816003117500023
1.252 0.8818549058259798
1.253 0.8821091450745372
1.254 0.8823630299993107
1.255 0.8826165611031229
1.256 0.8828697388879955
1.257 0.883122563855122
1.258 0.8833750365048881
1.259 0.8836271573368646
1.26 0.883878926849817
1.261 0.8841303455416872
1.262 0.8843814139096139
1.263 0.8846321324499055
1.264 0.8848825016580724
1.265 0.8851325220288051
1.266 0.8853821940559808
1.267 0.8856315182326636
1.268 0.8858804950511004
1.269 0.8861291250027342
1.27 0.8863774085781781
1.271 0.8866253462672425
1.272 0.886872938558919
1.273 0.8871201859413891
1.274 0.8873670889020115
1.275 0.8876136479273364
1.276 0.8878598635031011
1.277 0.8881057361142239
1.278 0.8883512662448123
1.279 0.8885964543781572
1.28 0.8888413009967311
1.281 0.8890858065821959
1.282 0.8893299716153972
1.283 0.8895737965763642
1.284 0.8898172819443163
1.285 0.8900604281976476
1.2859999999999998 0.8903032358139508
1.287 0.8905457052699887
1.2879999999999998 0.890787837041717
1.289 0.8910296316042755
1.2899999999999998 0.891271089431988
1.291 0.8915122109983546
1.2919999999999998 0.8917529967760756
1.293 0.8919934472370248
1.2939999999999998 0.892233562852255
1.295 0.8924733440920175
1.2959999999999998 0.892712791425737
1.297 0.8929519053220258
1.2979999999999998 0.8931906862486747
1.299 0.8934291346726733
1.2999999999999998 0.8936672510601744
1.301 0.8939050358765315
1.3019999999999998 0.8941424895862705
1.303 0.8943796126531053
1.3039999999999998 0.8946164055399338
1.305 0.894852868708837
1.3059999999999998 0.895089002621079
1.307 0.8953248077371047
1.3079999999999998 0.8955602845165465
1.309 0.8957954334182149
1.3099999999999998 0.8960302549001067
1.311 0.8962647494194034
1.3119999999999998 0.8964989174324615
1.313 0.8967327593948334
1.3139999999999998 0.8969662757612432
1.315 0.897199466985599
1.3159999999999998 0.897432333520995
1.317 0.8976648758197064
1.3179999999999998 0.8978970943331882
1.319 0.8981289895120915
1.3199999999999998 0.8983605618062265
1.321 0.898591811664601
1.3219999999999998 0.8988227395354097
1.323 0.8990533458660097
1.3239999999999998 0.8992836311029618
1.325 0.8995135956919961
1.3259999999999998 0.8997432400780312
1.327 0.8999725647051587
1.3279999999999998 0.9002015700166591
1.329 0.9004302564549951
1.3299999999999998 0.9006586244618074
1.331 0.9008866744779228
1.3319999999999999 0.9011144069433463
1.333 0.9013418222972635
1.3339999999999999 0.901568920978044
1.335 0.901795703423238
1.3359999999999999 0.9020221700695759
1.337 0.9022483213529694
1.3379999999999999 0.9024741577085174
1.339 0.9026996795704888
1.3399999999999999 0.9029248873723453
1.341 0.9031497815467194
1.3419999999999999 0.9033743625254282
1.343 0.903598630739476
1.3439999999999999 0.9038225866190384
1.345 0.9040462306091518
1.3459999999999999 0.904269563425051
1.347 0.9044925856112686
1.3479999999999999 0.9047152976075825
1.349 0.9049376998530827
1.3499999999999999 0.9051597927861755
1.351 0.9053815768445801
1.3519999999999999 0.9056030524653206
1.353 0.9058242200847431
1.3539999999999999 0.9060450801384995
1.355 0.9062656330615547
1.3559999999999999 0.906485879288196
1.357 0.9067058192520128
1.3579999999999999 0.9069254533859032
1.359 0.9071447821220923
1.3599999999999999 0.9073638058921017
1.361 0.9075825251267773
1.3619999999999999 0.9078009402562691
1.363 0.9080190517100472
1.3639999999999999 0.9082368599168821
1.365 0.9084543653048656
1.3659999999999999 0.9086715683013981
1.367 0.908888469333195
1.3679999999999999 0.909105068826279
1.369 0.9093213672059884
1.3699999999999999 0.9095373648969659
1.371 0.9097530623231773
1.3719999999999999 0.9099684599078859
1.373 0.9101835580736828
1.3739999999999999 0.9103983572424528
1.375 0.9106128578354079
1.376 0.9108270602730685
1.377 0.9110409649752508
1.378 0.9112545723611052
1.379 0.9114678828490724
1.38 0.9116808968569233
1.381 0.9118936148017226
1.382 0.9121060370998575
1.383 0.9123181641670207
1.384 0.9125299964182196
1.385 0.9127415342677723
1.386 0.9129527781292983
1.387 0.9131637284157429
1.388 0.9133743855393478
1.389 0.9135847499116774
1.39 0.9137948219435983
1.391 0.9140046020452922
1.392 0.9142140906262493
1.393 0.9144232880952721
1.394 0.9146321948604673
1.395 0.9148408113292588
1.396 0.9150491379083793
1.397 0.9152571750038698
1.398 0.9154649230210834
1.399 0.9156723823646868
1.4 0.9158795534386422
1.401 0.9160864366462405
1.402 0.9162930323900714
1.403 0.9164993410720338
1.404 0.916705363093347
1.405 0.9169110988545265
1.406 0.9171165487554049
1.407 0.9173217131951288
1.408 0.9175265925721444
1.409 0.9177311872842103
1.41 0.9179354977283998
1.411 0.9181395243010915
1.412 0.9183432673979763
1.4129999999999998 0.9185467274140522
1.414 0.9187499047436269
1.4149999999999998 0.9189527997803132
1.416 0.919155412917043
1.4169999999999998 0.9193577445460474
1.418 0.9195597950588752
1.4189999999999998 0.9197615648463777
1.42 0.9199630542987186
1.4209999999999998 0.9201642638053646
1.422 0.9203651937551054
1.4229999999999998 0.9205658445360256
1.424 0.9207662165355233
1.4249999999999998 0.9209663101403068
1.426 0.9211661257363912
1.4269999999999998 0.9213656637091047
1.428 0.9215649244430723
1.4289999999999998 0.9217639083222452
1.43 0.9219626157298693
1.4309999999999998 0.9221610470485057
1.432 0.9223592026600208
1.4329999999999998 0.9225570829455871
1.434 0.9227546882856938
1.4349999999999998 0.9229520190601336
1.436 0.9231490756480033
1.4369999999999998 0.9233458584277157
1.438 0.923542367776988
1.4389999999999998 0.9237386040728398
1.44 0.9239345676916143
1.4409999999999998 0.9241302590463104
1.442 0.9243256786663572
1.4429999999999998 0.9245208269484463
1.444 0.9247157042726846
1.4449999999999998 0.9249103110185489
1.446 0.925104647564898
1.4469999999999998 0.925298714289951
1.448 0.9254925115713187
1.4489999999999998 0.9256860397859751
1.45 0.9258792993102746
1.4509999999999998 0.9260722905199404
1.452 0.9262650137900774
1.4529999999999998 0.9264574694951604
1.454 0.9266496580090383
1.4549999999999998 0.9268415797049349
1.456 0.9270332349554486
1.4569999999999999 0.9272246241325588
1.458 0.9274157476076033
1.4589999999999999 0.9276066057513105
1.46 0.9277971989337752
1.4609999999999999 0.9279875275244632
1.462 0.9281775918922254
1.4629999999999999 0.9283673924052713
1.464 0.9285569294311986
1.4649999999999999 0.9287462033369712
1.466 0.9289352144889296
1.4669999999999999 0.9291239632527875
1.468 0.9293124499936304
1.4689999999999999 0.9295006750759205
1.47 0.9296886388634952
1.4709999999999999 0.9298763417195572
1.472 0.9300637840066959
1.4729999999999999 0.9302509660868634
1.474 0.930437888321388
1.4749999999999999 0.9306245510709732
1.476 0.9308109546956986
1.4769999999999999 0.93099709955501
1.478 0.9311829860077324
1.4789999999999999 0.9313686144120614
1.48 0.9315539851255686
1.4809999999999999 0.9317390985051937
1.482 0.9319239549072612
1.4829999999999999 0.9321085546874517
1.484 0.9322928982008318
1.4849999999999999 0.9324769858018345
1.486 0.9326608178442729
1.4869999999999999 0.9328443946813288
1.488 0.9330277166655532
1.4889999999999999 0.9332107841488742
1.49 0.9333935974825961
1.4909999999999999 0.933576157017389
1.492 0.9337584631033051
1.4929999999999999 0.9339405160897568
1.494 0.9341223163255372
1.4949999999999999 0.9343038641588159
1.496 0.9344851599371248
1.4969999999999999 0.9346662040073775
1.498 0.9348469967158535
1.4989999999999999 0.9350275384082125
1.5 0.935207829429474
1.501 0.9353878701240471
1.502 0.9355676608356993
1.503 0.9357472019075769
1.504 0.9359264936821932
1.505 0.9361055365014417
1.506 0.9362843307065852
1.507 0.9364628766382542
1.508 0.9366411746364608
1.509 0.9368192250405751
1.51 0.9369970281893533
1.511 0.9371745844209152
1.512 0.9373518940727578
1.513 0.9375289574817433
1.514 0.9377057749841192
1.515 0.9378823469154853
1.516 0.9380586736108317
1.517 0.9382347554045092
1.518 0.9384105926302453
1.519 0.9385861856211375
1.52 0.9387615347096514
1.521 0.9389366402276362
1.522 0.9391115025062979
1.523 0.9392861218762218
1.524 0.9394604986673695
1.525 0.9396346332090628
1.526 0.9398085258300031
1.527 0.9399821768582634
1.528 0.9401555866212808
1.529 0.9403287554458706
1.53 0.9405016836582187
1.531 0.9406743715838826
1.532 0.9408468195477888
1.533 0.9410190278742341
1.534 0.9411909968868913
1.535 0.9413627269087994
1.536 0.9415342182623743
1.537 0.9417054714452918
1.538 0.9418764870178533
1.539 0.9420472653144957
1.54 0.9422178066681182
1.541 0.9423881114111191
1.5419999999999998 0.942558179875409
1.543 0.9427280123924013
1.5439999999999998 0.9428976092930094
1.545 0.9430669709076446
1.5459999999999998 0.943236097566239
1.547 0.94340498959821
1.5479999999999998 0.9435736473324915
1.549 0.943742071097512
1.5499999999999998 0.943910261221207
1.551 0.9440782180310147
1.5519999999999998 0.9442459418538789
1.553 0.9444134330162451
1.5539999999999998 0.9445806918440575
1.555 0.9447477186627736
1.5559999999999998 0.9449145137973448
1.557 0.9450810775722299
1.5579999999999998 0.9452474103113925
1.559 0.9454135123382925
1.5599999999999998 0.9455793839759007
1.561 0.9457450255466873
1.5619999999999998 0.945910437372624
1.563 0.9460756197751893
1.5639999999999998 0.9462405730753632
1.565 0.9464052975936232
1.5659999999999998 0.9465697936499556
1.567 0.9467340615638538
1.5679999999999998 0.9468981016543062
1.569 0.9470619142398049
1.5699999999999998 0.9472254996383467
1.571 0.9473888581674295
1.5719999999999998 0.9475519901440556
1.573 0.947714895884733
1.5739999999999998 0.9478775757054639
1.575 0.9480400299217592
1.5759999999999998 0.9482022588486336
1.577 0.9483642628006014
1.5779999999999998 0.9485260420916762
1.579 0.9486875970353816
1.5799999999999998 0.9488489279447381
1.581 0.9490100351322687
1.5819999999999999 0.9491709189100036
1.583 0.9493315795894716
1.5839999999999999 0.949492017481702
1.585 0.9496522328972317
1.5859999999999999 0.9498122261460944
1.587 0.9499719975378299
1.5879999999999999 0.9501315473814805
1.589 0.9502908759855854
1.5899999999999999 0.9504499836581911
1.591 0.9506088707068483
1.5919999999999999 0.9507675374385987
1.593 0.950925984160001
1.5939999999999999 0.9510842111771056
1.595 0.9512422187954679
1.5959999999999999 0.951400007320143
1.597 0.951557577055691
1.5979999999999999 0.9517149283061733
1.599 0.951872061375156
1.5999999999999999 0.9520289765656991
1.601 0.9521856741803751
1.6019999999999999 0.9523421545212458
1.603 0.9524984178898864
1.6039999999999999 0.9526544645873668
1.605 0.952810294914262
1.6059999999999999 0.9529659091706455
1.607 0.9531213076560948
1.6079999999999999 0.9532764906696871
1.609 0.9534314585100054
1.6099999999999999 0.9535862114751329
1.611 0.9537407498626467
1.6119999999999999 0.9538950739696375
1.613 0.954049184092691
1.6139999999999999 0.9542030805278926
1.615 0.9543567635708332
1.6159999999999999 0.9545102335166014
1.617 0.9546634906597916
1.6179999999999999 0.9548165352944974
1.619 0.954969367714309
1.6199999999999999 0.9551219882123286
1.621 0.9552743970811498
1.6219999999999999 0.9554265946128705
1.623 0.9555785810990887
1.6239999999999999 0.9557303568309127
1.625 0.9558819220989382
1.626 0.9560332771932687
1.627 0.9561844224035103
1.628 0.9563353580187689
1.629 0.9564860843276494
1.63 0.9566366016182587
1.631 0.9567869101782044
1.632 0.9569370103001887
1.633 0.9570869023923709
1.634 0.9572365867944493
1.635 0.9573860637975856
1.636 0.9575353336925071
1.637 0.957684396769491
1.638 0.957833253318376
1.639 0.9579819036285615
1.64 0.9581303479889991
1.641 0.9582785866882061
1.642 0.9584266200142462
1.643 0.9585744482547512
1.644 0.9587220716969069
1.645 0.9588694906274514
1.646 0.9590167053326938
1.647 0.9591637160984858
1.648 0.9593105232102472
1.649 0.9594571269529505
1.65 0.9596035276111256
1.651 0.9597497254688684
1.652 0.9598957208098149
1.653 0.9600415139171747
1.654 0.9601871050737094
1.655 0.9603324945617356
1.656 0.9604776826631309
1.657 0.9606226696593297
1.658 0.9607674558313221
1.659 0.9609120414596507
1.66 0.9610564268244304
1.661 0.9612006122053187
1.662 0.9613445978815367
1.663 0.9614883841318631
1.664 0.9616319712346308
1.665 0.9617753594677322
1.666 0.9619185491086183
1.667 0.962061540434291
1.668 0.9622043337213183
1.669 0.9623469292458167
1.67 0.962489327283465
1.6709999999999998 0.9626315281094989
1.672 0.9627735319987076
1.6729999999999998 0.9629153392254409
1.674 0.9630569500636041
1.6749999999999998 0.9631983647866602
1.676 0.9633395836676276
1.6769999999999998 0.9634806069790849
1.678 0.9636214349931629
1.6789999999999998 0.9637620679815495
1.68 0.9639025062154983
1.6809999999999998 0.9640427499658105
1.682 0.9641827995028397
1.6829999999999998 0.9643226550965143
1.684 0.964462317016299
1.6849999999999998 0.9646017855312334
1.686 0.9647410609098971
1.6869999999999998 0.9648801434204385
1.688 0.9650190333305572
1.6889999999999998 0.9651577309075106
1.69 0.9652962364181148
1.6909999999999998 0.9654345501287381
1.692 0.9655726723053069
1.6929999999999998 0.9657106032133093
1.694 0.9658483431177808
1.6949999999999998 0.9659858922833201
1.696 0.9661232509740861
1.6969999999999998 0.9662604194537783
1.698 0.9663973979856717
1.6989999999999998 0.966534186832582
1.7 0.9666707862568905
1.7009999999999998 0.9668071965205384
1.702 0.9669434178850117
1.7029999999999998 0.9670794506113553
1.704 0.9672152949601792
1.7049999999999998 0.9673509511916443
1.706 0.9674864195654697
1.7069999999999999 0.9676217003409192
1.708 0.9677567937768297
1.7089999999999999 0.9678917001315855
1.71 0.9680264196631281
1.7109999999999999 0.968160952628952
1.712 0.9682952992861171
1.7129999999999999 0.9684294598912317
1.714 0.9685634347004598
1.7149999999999999 0.968697223969523
1.716 0.9688308279537042
1.7169999999999999 0.9689642469078368
1.718 0.969097481086309
1.7189999999999999 0.9692305307430658
1.72 0.9693633961316144
1.7209999999999999 0.9694960775050104
1.722 0.9696285751158654
1.7229999999999999 0.969760889216354
1.724 0.9698930200581997
1.7249999999999999 0.9700249678926846
1.726 0.9701567329706481
1.7269999999999999 0.9702883155424805
1.728 0.9704197158813089
1.7289999999999999 0.9705509343415716
1.73 0.9706819711889003
1.7309999999999999 0.9708128266763293
1.732 0.9709435010564937
1.7329999999999999 0.9710739945816274
1.734 0.9712043075035673
1.7349999999999999 0.9713344400737477
1.736 0.9714643925432086
1.7369999999999999 0.9715941651625918
1.738 0.9717237581821259
1.7389999999999999 0.9718531718516558
1.74 0.971982406420627
1.7409999999999999 0.9721114621380762
1.742 0.9722403392526453
1.7429999999999999 0.9723690380125776
1.744 0.9724975586657182
1.7449999999999999 0.9726259014595086
1.746 0.9727540666409964
1.7469999999999999 0.9728820544568285
1.748 0.9730098651532464
1.7489999999999999 0.9731374989760997
1.75 0.9732649561708352
1.751 0.9733922369825015
1.752 0.9735193416557464
1.753 0.9736462704348198
1.754 0.9737730235635721
1.755 0.973899601285449
1.756 0.9740260038435057
1.757 0.9741522314803918
1.758 0.9742782844383561
1.759 0.9744041629592552
1.76 0.9745298672845383
1.761 0.974655397655259
1.762 0.9747807543120672
1.763 0.974905937495223
1.764 0.9750309474445751
1.765 0.9751557843995764
1.766 0.9752804485992839
1.767 0.9754049402823507
1.768 0.9755292596870329
1.769 0.975653407051186
1.77 0.9757773826122622
1.771 0.975901186607318
1.772 0.9760248192730129
1.773 0.9761482808455944
1.774 0.9762715715609306
1.775 0.9763946916544669
1.776 0.9765176413612635
1.777 0.9766404209159777
1.778 0.9767630305528588
1.779 0.9768854705057751
1.78 0.9770077410081728
1.781 0.9771298422931141
1.782 0.9772517745932545
1.783 0.977373538140847
1.784 0.9774951331677507
1.785 0.9776165599054223
1.786 0.9777378185849174
1.787 0.9778589094368936
1.788 0.9779798326916048
1.789 0.9781005885789108
1.79 0.9782211773282589
1.791 0.9783415991687161
1.792 0.9784618543289294
1.793 0.9785819430371583
1.794 0.9787018655212582
1.795 0.978821622008679
1.796 0.9789412127264815
1.797 0.9790606379013189
1.7979999999999998 0.9791798977594398
1.799 0.9792989925267039
1.7999999999999998 0.979417922428566
1.801 0.9795366876900714
1.8019999999999998 0.9796552885358831
1.803 0.9797737251902447
1.8039999999999998 0.9798919978770141
1.805 0.9800101068196418
1.8059999999999998 0.9801280522411795
1.807 0.9802458343642764
1.8079999999999998 0.9803634534111836
1.809 0.9804809096037509
1.8099999999999998 0.9805982031634287
1.811 0.9807153343112681
1.8119999999999998 0.9808323032679124
1.813 0.9809491102536155
1.8139999999999998 0.9810657554882213
1.815 0.9811822391911773
1.8159999999999998 0.9812985615815297
1.817 0.9814147228779266
1.8179999999999998 0.9815307232986117
1.819 0.9816465630614258
1.8199999999999998 0.9817622423838209
1.821 0.9818777614828365
1.8219999999999998 0.9819931205751135
1.823 0.9821083198768938
1.8239999999999998 0.9822233596885743
1.825 0.9823382403513141
1.8259999999999998 0.9824529620876548
1.827 0.9825675251188357
1.8279999999999998 0.9826819296657688
1.829 0.982796175949032
1.8299999999999998 0.982910264188866
1.831 0.983024194605184
1.8319999999999999 0.9831379674175582
1.833 0.9832515828452291
1.8339999999999999 0.9833650411071105
1.835 0.9834783424217763
1.8359999999999999 0.9835914870074701
1.837 0.9837044750820984
1.8379999999999999 0.9838173068632372
1.839 0.9839299825681336
1.8399999999999999 0.9840425024136852
1.841 0.9841548666164756
1.8419999999999999 0.9842670753927386
1.843 0.9843791289583891
1.8439999999999999 0.9844910275289938
1.845 0.9846027713197995
1.8459999999999999 0.9847143605457077
1.847 0.9848257954212941
1.8479999999999999 0.984937076160797
1.849 0.9850482029781222
1.8499999999999999 0.9851591760868388
1.851 0.9852699957001887
1.8519999999999999 0.9853806620310755
1.853 0.98549117529207
1.8539999999999999 0.9856015356954079
1.855 0.9857117434529942
1.8559999999999999 0.9858217987763973
1.857 0.9859317018768544
1.8579999999999999 0.9860414529652638
1.859 0.9861510522521993
1.8599999999999999 0.9862604999478879
1.861 0.9863697962622332
1.8619999999999999 0.9864789414048056
1.863 0.9865879355848317
1.8639999999999999 0.9866967790112161
1.865 0.9868054718925172
1.8659999999999999 0.9869140144369697
1.867 0.9870224068524687
1.8679999999999999 0.9871306493465817
1.869 0.9872387421265337
1.8699999999999999 0.9873466853992219
1.871 0.987454479371208
1.8719999999999999 0.9875621242487129
1.873 0.9876696202376389
1.8739999999999999 0.987776967543542
1.875 0.9878841663716451
1.876 0.9879912169268379
1.877 0.9880981194136843
1.878 0.9882048740364003
1.879 0.9883114809988798
1.88 0.9884179405046719
1.881 0.9885242527570024
1.882 0.98863041795876
1.883 0.9887364363124868
1.884 0.988842308020412
1.885 0.988948033284415
1.886 0.9890536123060444
1.887 0.9891590452865175
1.888 0.9892643324267167
1.889 0.9893694739271873
1.89 0.9894744699881428
1.891 0.9895793208094675
1.892 0.9896840265906948
1.893 0.9897885875310461
1.894 0.9898930038293898
1.895 0.9899972756842736
1.896 0.9901014032938972
1.897 0.9902053868561421
1.898 0.9903092265685437
1.899 0.9904129226283036
1.9 0.990516475232294
1.901 0.9906198845770533
1.902 0.9907231508587787
1.903 0.9908262742733406
1.904 0.9909292550162706
1.905 0.9910320932827625
1.906 0.9911347892676842
1.907 0.9912373431655667
1.908 0.9913397551705999
1.909 0.9914420254766468
1.91 0.9915441542772341
1.911 0.9916461417655523
1.912 0.9917479881344571
1.913 0.991849693576471
1.914 0.9919512582837812
1.915 0.9920526824482447
1.916 0.9921539662613755
1.917 0.99225510991436
1.918 0.9923561135980479
1.919 0.9924569775063015
1.92 0.9925577019173056
1.921 0.9926582870629024
1.922 0.9927587331367104
1.923 0.9928590403320394
1.924 0.9929592088419145
1.9249999999999998 0.9930592388590762
1.926 0.9931591305759575
1.9269999999999998 0.9932588841847073
1.928 0.9933584998771775
1.9289999999999998 0.9934579778449392
1.93 0.9935573182792539
1.9309999999999998 0.9936565213711038
1.932 0.9937555873111706
1.9329999999999998 0.9938545162898479
1.934 0.993953308497231
1.9349999999999998 0.9940519641231291
1.936 0.9941504833570604
1.9369999999999998 0.9942488663882362
1.938 0.9943471134055922
1.9389999999999998 0.9944452245977629
1.94 0.9945432001530914
1.9409999999999998 0.9946410402596275
1.942 0.994738745105128
1.9429999999999998 0.9948363148770599
1.944 0.9949337497625914
1.9449999999999998 0.9950310499486068
1.946 0.9951282156216893
1.9469999999999998 0.9952252469681309
1.948 0.9953221441739397
1.9489999999999998 0.995418907424819
1.95 0.9955155369061843
1.9509999999999998 0.9956120328031559
1.952 0.9957083953005667
1.9529999999999998 0.9958046245829537
1.954 0.9959007208345593
1.9549999999999998 0.9959966842393355
1.956 0.9960925149809398
1.9569999999999999 0.9961882132427351
1.958 0.9962837792077998
1.9589999999999999 0.9963792130589084
1.96 0.9964745149785478
1.9609999999999999 0.9965696851489156
1.962 0.9966647237519077
1.9629999999999999 0.9967596309691344
1.964 0.9968544069819066
1.9649999999999999 0.9969490519712518
1.966 0.9970435661178956
1.9669999999999999 0.9971379496022719
1.968 0.9972322026045274
1.9689999999999999 0.9973263253045095
1.97 0.9974203178817729
1.9709999999999999 0.9975141805155857
1.972 0.9976079133849177
1.9729999999999999 0.9977015166684398
1.974 0.9977949905445462
1.9749999999999999 0.997888335191322
1.976 0.9979815507865654
1.9769999999999999 0.9980746375077872
1.978 0.9981675955321924
1.9789999999999999 0.9982604250367042
1.98 0.9983531261979443
1.9809999999999999 0.9984456991922528
1.982 0.9985381441956577
1.9829999999999999 0.998630461383916
1.984 0.9987226509324787
1.9849999999999999 0.998814713016501
1.986 0.998906647810852
1.9869999999999999 0.9989984554901048
1.988 0.9990901362285433
1.9889999999999999 0.9991816902001508
1.99 0.9992731175786238
1.9909999999999999 0.9993644185373616
1.992 0.9994555932494695
1.9929999999999999 0.9995466418877649
1.994 0.9996375646247672
1.9949999999999999 0.9997283616327044
1.996 0.9998190330835105
1.9969999999999999 0.9999095791488251
1.998 1.0
