0.005 3.223895464113048e-05
0.006 6.443488512014742e-05
0.007 9.658030851729877e-05
0.008 0.00012867533361955353
0.009000000000000001 0.00016072006413547757
0.01 0.00019271462510918414
0.011 0.00022465963456631116
0.012 0.00025655516738371507
0.013000000000000001 0.00028840121755743017
0.014000000000000002 0.00032019777909189406
0.015 0.00035194484599923836
0.016 0.00038364241229980683
0.017 0.00041529047202220546
0.018000000000000002 0.00044688901920294773
0.019 0.0004784380478867801
0.02 0.0005099375521264939
0.021 0.0005413875259830847
0.022000000000000002 0.0005727879635256479
0.023000000000000003 0.0006041388588313317
0.024 0.0006354402059856761
0.025 0.0006666920323264192
0.026000000000000002 0.0006978948668463355
0.027 0.0007290489612149287
0.028 0.0007601544020829363
0.029 0.0007912112761235418
0.030000000000000002 0.0008222196700325153
0.031000000000000003 0.000853179670528124
0.032 0.0008840913643508936
0.033 0.0009149548382639879
0.034 0.0009457701790524633
0.034999999999999996 0.0009765374735241531
0.036 0.0010072568085087662
0.037 0.001037928270858226
0.038 0.001068551947446788
0.039 0.0010991279251705928
0.04 0.0011296562909478172
0.041 0.0011601371317187133
0.041999999999999996 0.0011905705344455457
0.043 0.001220956586112334
0.044 0.001251295373724973
0.045 0.0012815869843112893
0.046 0.00131183150492071
0.047 0.0013420290226243334
0.048 0.0013721796164133475
0.048999999999999995 0.0014022833343954114
0.049999999999999996 0.0014323402548816304
0.051 0.001462350460699947
0.052 0.0014923140346989104
0.053 0.0015222310597482152
0.054 0.001552101618737949
0.055 0.0015819257945792616
0.056 0.001611703670203608
0.057 0.0016414353285633025
0.057999999999999996 0.0016711208526311895
0.059 0.001700760325400613
0.06 0.0017303538298853983
0.061 0.0017599014491198595
0.062 0.0017894032661586346
0.063 0.0018188593640767567
0.064 0.0018482698259696174
0.065 0.0018776347349529563
0.066 0.0019069541741623917
0.067 0.0019362282267542373
0.068 0.0019654569759045217
0.069 0.0019946405048096444
0.07 0.00202377889668591
0.07100000000000001 0.0020528722131865655
0.07200000000000001 0.00208192049494307
0.07300000000000001 0.0021109238190624383
0.07400000000000001 0.002139882263502398
0.07500000000000001 0.00216879590623968
0.07600000000000001 0.0021976648252702525
0.07700000000000001 0.002226489098608802
0.078 0.002255268804289135
0.079 0.002284004020363974
0.08 0.002312694824904927
0.081 0.00234134129600236
0.082 0.0023699435117655963
0.083 0.0023985015503224906
0.084 0.0024270154898198494
0.085 0.002455485408423012
0.08600000000000001 0.00248391138431603
0.08700000000000001 0.002512293495701575
0.08800000000000001 0.002540631820800794
0.08900000000000001 0.0025689264378535195
0.09000000000000001 0.002597177425117839
0.09100000000000001 0.0026253848608705625
0.09200000000000001 0.0026535488234066353
0.093 0.002681669391039685
0.094 0.0027097466421013208
0.095 0.0027377806549416022
0.096 0.0027657715079290363
0.097 0.0027937192794499984
0.098 0.0028216240479093466
0.099 0.002849485891729852
0.1 0.0028773048893524934
0.101 0.0029050811192363204
0.10200000000000001 0.0029328146598583973
0.10300000000000001 0.002960505589713621
0.10400000000000001 0.0029881539873151497
0.10500000000000001 0.00301575993119377
0.10600000000000001 0.00304332349989826
0.10700000000000001 0.003070844771995188
0.10800000000000001 0.003098323826068958
0.10900000000000001 0.0031257607407216455
0.11 0.0031531555945732434
0.111 0.003180508466261148
0.112 0.0032078194344405944
0.113 0.0032350885511578495
0.114 0.0032623157933154372
0.115 0.0032895012240953844
0.116 0.0033166449158759225
0.117 0.0033437469410518682
0.11800000000000001 0.0033708073720348916
0.11900000000000001 0.003397826281252927
0.12000000000000001 0.0034248037411503834
0.12100000000000001 0.0034517398241884225
0.12200000000000001 0.0034786346028444133
0.12300000000000001 0.003505488149612241
0.12400000000000001 0.0035323005370022143
0.125 0.003559071837540699
0.126 0.0035858021237707574
0.127 0.0036124914682513732
0.128 0.003639139943558035
0.129 0.0036657476222823233
0.13 0.003692314577031938
0.131 0.0037188408804307606
0.132 0.003745326605118764
0.133 0.0037717718237520346
0.134 0.0037981766090026035
0.135 0.003824541033558583
0.136 0.0038508651701240127
0.137 0.0038771490914188164
0.138 0.0039033928701789375
0.139 0.003929596579156065
0.14 0.003955760291117788
0.14100000000000001 0.003981884078847344
0.14200000000000002 0.004007968015143922
0.14300000000000002 0.004034012172822363
0.14400000000000002 0.004060016624713324
0.14500000000000002 0.004085981443662761
0.14600000000000002 0.0041119067025327406
0.14700000000000002 0.00413779247420056
0.14800000000000002 0.004163638831559206
0.14900000000000002 0.0041894458475172265
0.15 0.004215213594998582
0.151 0.004240942146942823
0.152 0.0042666315763048015
0.153 0.00429228195605473
0.154 0.004317893359178422
0.155 0.0043434658503844125
0.156 0.004368999431337612
0.157 0.004394494153250982
0.158 0.004419950082324998
0.159 0.004445367284619379
0.16 0.004470745826053267
0.161 0.004496085772405062
0.162 0.004521387189312396
0.163 0.004546650142272167
0.164 0.004571874696640283
0.165 0.004597060917631844
0.166 0.004622208870320929
0.167 0.004647318619640547
0.168 0.004672390230382665
0.169 0.004697423767198056
0.17 0.004722419294596426
0.171 0.004747376876946114
0.17200000000000001 0.004772296578474158
0.17300000000000001 0.004797178463266357
0.17400000000000002 0.004822022595267064
0.17500000000000002 0.0048468290382790175
0.17600000000000002 0.004871597855963643
0.17700000000000002 0.00489632911184075
0.17800000000000002 0.004921022869288501
0.17900000000000002 0.004945679191543389
0.18000000000000002 0.004970298141700221
0.181 0.004994879782712065
0.182 0.0050194241773900165
0.183 0.005043931388403477
0.184 0.005068401478279816
0.185 0.005092834509404451
0.186 0.0051172305440206935
0.187 0.005141589644229966
0.188 0.005165911871991361
0.189 0.005190197289122026
0.19 0.005214445957296436
0.191 0.005238657938047292
0.192 0.005262833292764684
0.193 0.00528697208269635
0.194 0.005311074368947601
0.195 0.005335140212481288
0.196 0.005359169674117652
0.197 0.005383162814534505
0.198 0.005407119694266904
0.199 0.005431040373707177
0.2 0.005454924913105113
0.201 0.005478773372567412
0.202 0.005502585812058313
0.203 0.005526362291398837
0.20400000000000001 0.0055501028702672995
0.20500000000000002 0.0055738076081989565
0.20600000000000002 0.005597476564586
0.20700000000000002 0.005621109798677618
0.20800000000000002 0.005644707369579913
0.20900000000000002 0.005668269336255582
0.21000000000000002 0.0056917957575244
0.21100000000000002 0.0057152866920626945
0.21200000000000002 0.005738742198403494
0.21300000000000002 0.005762162334936558
0.214 0.0057855471599081365
0.215 0.005808896731420992
0.216 0.005832211107434491
0.217 0.00585549035416951
0.218 0.005878734542685758
0.219 0.005901943731754516
0.22 0.00592511797989449
0.221 0.005948257345500314
0.222 0.005971361886842914
0.223 0.005994431662068934
0.224 0.006017466729201222
0.225 0.0060404671461382975
0.226 0.00606343297065476
0.227 0.006086364260400824
0.228 0.0061092610729025516
0.229 0.006132123465561763
0.23 0.006154951495655996
0.231 0.006177745220338311
0.232 0.0062005046966375115
0.233 0.006223229981457881
0.234 0.0062459211315792065
0.23500000000000001 0.006268578203656699
0.23600000000000002 0.006291201254221229
0.23700000000000002 0.0063137903396787345
0.23800000000000002 0.006336345516310723
0.23900000000000002 0.0063588668402740035
0.24000000000000002 0.006381354367600435
0.24100000000000002 0.0064038081541973315
0.24200000000000002 0.006426228255847091
0.24300000000000002 0.006448614728207206
0.24400000000000002 0.006470967626810368
0.245 0.006493287007064201
0.246 0.006515572924251448
0.247 0.006537825433529772
0.248 0.006560044589931721
0.249 0.006582230448364801
0.25 0.006604383063611278
0.251 0.006626502490328414
0.252 0.006648588783047955
0.253 0.006670641996176551
0.254 0.00669266218399558
0.255 0.006714649400660972
0.256 0.006736603700203205
0.257 0.00675852513652741
0.258 0.0067804137634132925
0.259 0.006802269634514928
0.26 0.006824092803360822
0.261 0.006845883323353953
0.262 0.006867641247771734
0.263 0.0068893666297657075
0.264 0.006911059522361839
0.265 0.006932719978460335
0.266 0.0069543480508356004
0.267 0.006975943792136121
0.268 0.006997507254884582
0.269 0.007019038491477748
0.27 0.007040537554186431
0.271 0.0070620044951555565
0.272 0.007083439366403784
0.273 0.007104842219823855
0.274 0.0071262131071825234
0.275 0.007147552080120189
0.276 0.007168859190151141
0.277 0.0071901344886634855
0.278 0.007211378028179674
0.279 0.007232589874677753
0.28 0.007253770084224345
0.281 0.007274918708700336
0.28200000000000003 0.00729603579987571
0.28300000000000003 0.007317121409409951
0.28400000000000003 0.007338175588851963
0.28500000000000003 0.007359198389639805
0.28600000000000003 0.007380189863100889
0.28700000000000003 0.007401150060451822
0.28800000000000003 0.007422079032798496
0.28900000000000003 0.007442976831135809
0.29000000000000004 0.007463843506347994
0.29100000000000004 0.007484679109208139
0.29200000000000004 0.007505483690378557
0.29300000000000004 0.0075262573004105495
0.294 0.0075469999897444075
0.295 0.007567711808709383
0.296 0.007588392807523534
0.297 0.007609043036293964
0.298 0.007629662545016557
0.299 0.007650251383576011
0.3 0.0076708096017458205
0.301 0.007691337249188182
0.302 0.007711834375454139
0.303 0.00773230102998318
0.304 0.0077527372621036756
0.305 0.007773143121032387
0.306 0.007793518655874963
0.307 0.007813863915625262
0.308 0.007834178949165882
0.309 0.007854463805267796
0.31 0.007874718532590499
0.311 0.007894943179681712
0.312 0.007915137794977729
0.313 0.007935302426803322
0.314 0.00795543712337106
0.315 0.0079755419327824
0.316 0.00799561690302656
0.317 0.008015662081981274
0.318 0.008035677517412368
0.319 0.00805566325697379
0.32 0.008075619348207615
0.321 0.008095545838543957
0.322 0.008115442775301155
0.323 0.008135310205685415
0.324 0.008155148176790888
0.325 0.008174956735599849
0.326 0.008194735928982472
0.327 0.008214485803696582
0.328 0.008234206406388141
0.329 0.008253897783590885
0.33 0.008273559981726256
0.331 0.008293193047103516
0.332 0.008312797025919626
0.333 0.008332371964259412
0.334 0.0083519179080951
0.335 0.008371434903286843
0.336 0.008390922995582093
0.337 0.008410382230616196
0.338 0.008429812653911819
0.339 0.008449214310879352
0.34 0.008468587255229384
0.341 0.008487931548911008
0.342 0.008507247238610667
0.343 0.008526534370533391
0.34400000000000003 0.008545792990791603
0.34500000000000003 0.008565023145404345
0.34600000000000003 0.008584224880297595
0.34700000000000003 0.008603398241304403
0.34800000000000003 0.008622543274164462
0.34900000000000003 0.00864166002452425
0.35000000000000003 0.008660748537937262
0.35100000000000003 0.008679808859863528
0.35200000000000004 0.00869884103566992
0.35300000000000004 0.008717845110629866
0.35400000000000004 0.008736821129923697
0.35500000000000004 0.008755769138638209
0.35600000000000004 0.008774689181766857
0.357 0.008793581304209763
0.358 0.008812445550773469
0.359 0.008831281966171247
0.36 0.008850090595022658
0.361 0.008868871481853967
0.362 0.008887624671097721
0.363 0.008906350207092961
0.364 0.008925048134085144
0.365 0.008943718496226103
0.366 0.008962361337573941
0.367 0.00898097670209313
0.368 0.008999564633654516
0.369 0.009018125176035095
0.37 0.009036658372918152
0.371 0.009055164267893193
0.372 0.00907364290445591
0.373 0.009092094326008162
0.374 0.009110518575857833
0.375 0.009128915697219155
0.376 0.009147285733212206
0.377 0.009165628726863252
0.378 0.009183944721104589
0.379 0.009202233758774405
0.38 0.009220495882617027
0.381 0.009238731135282546
0.382 0.009256939559327184
0.383 0.009275121197212906
0.384 0.009293276091307754
0.385 0.009311404283885239
0.386 0.009329505817125166
0.387 0.009347580733112839
0.388 0.009365629073839365
0.389 0.009383650881201704
0.39 0.009401646197002525
0.391 0.00941961506295005
0.392 0.00943755752065835
0.393 0.009455473611647088
0.394 0.009473363377341492
0.395 0.009491226859072508
0.396 0.009509064098076541
0.397 0.009526875135495548
0.398 0.00954466001237718
0.399 0.009562418769674315
0.4 0.009580151448245542
0.401 0.009597858089440397
0.402 0.009615538744040612
0.403 0.009633193456816236
0.404 0.009650822268951026
0.405 0.009668425221545176
0.406 0.0096860023556155
0.40700000000000003 0.009703553712095173
0.40800000000000003 0.00972107933183383
0.40900000000000003 0.009738579255597558
0.41000000000000003 0.0097560535240688
0.41100000000000003 0.009773502177846439
0.41200000000000003 0.00979092525744559
0.41300000000000003 0.009808322803297843
0.41400000000000003 0.009825694855750926
0.41500000000000004 0.009843041455069
0.41600000000000004 0.009860362641432491
0.41700000000000004 0.009877658454937805
0.41800000000000004 0.009894928935598039
0.41900000000000004 0.009912174123341918
0.42000000000000004 0.00992939405801481
0.42100000000000004 0.009946588779378018
0.422 0.00996375832710886
0.423 0.009980902740801134
0.424 0.009998022059964286
0.425 0.01001511632402413
0.426 0.010032185572322307
0.427 0.01004922984411664
0.428 0.010066249178580887
0.429 0.010083243614804735
0.43 0.01010021319179394
0.431 0.010117157948469978
0.432 0.010134077923670425
0.433 0.010150973156148735
0.434 0.010167843684574103
0.435 0.01018468954753172
0.436 0.010201510783522388
0.437 0.01021830743096295
0.438 0.010235079528185857
0.439 0.010251827113439388
0.44 0.010268550224887563
0.441 0.010285248900610095
0.442 0.010301923178602443
0.443 0.010318573096775715
0.444 0.010335198692956522
0.445 0.010351800004887333
0.446 0.01036837707022609
0.447 0.01038492992654646
0.448 0.010401458611337538
0.449 0.010417963162004008
0.45 0.010434443615866151
0.451 0.010450900010159631
0.452 0.010467332382035675
0.453 0.010483740768561045
0.454 0.010500125206717828
0.455 0.010516485733403606
0.456 0.010532822385431365
0.457 0.010549135199529342
0.458 0.010565424212341384
0.459 0.010581689460426584
0.46 0.010597930980259207
0.461 0.010614148808229041
0.462 0.010630342980641009
0.463 0.010646513539191167
0.464 0.010662660533653456
0.465 0.010678784001590896
0.466 0.010694883979929874
0.467 0.010710960505527129
0.468 0.010727013615169548
0.46900000000000003 0.010743043345574388
0.47000000000000003 0.010759049733389012
0.47100000000000003 0.010775032815191243
0.47200000000000003 0.010790992627488843
0.47300000000000003 0.010806929206719922
0.47400000000000003 0.010822842589252818
0.47500000000000003 0.010838732811385888
0.47600000000000003 0.010854599909347652
0.47700000000000004 0.01087044391929682
0.47800000000000004 0.01088626487732217
0.47900000000000004 0.010902062819442442
0.48000000000000004 0.010917837781606737
0.48100000000000004 0.010933589799693836
0.48200000000000004 0.010949318909512841
0.48300000000000004 0.0109650251468027
0.48400000000000004 0.010980708547232496
0.485 0.010996369146400994
0.486 0.011012006979837296
0.487 0.01102762208300028
0.488 0.011043214491278689
0.489 0.011058784239991227
0.49 0.011074331364386488
0.491 0.01108985589964291
0.492 0.011105357880868935
0.493 0.011120837343102583
0.494 0.011136294321311845
0.495 0.011151728850394574
0.496 0.011167140965178351
0.497 0.01118253070042036
0.498 0.011197898090807793
0.499 0.011213243170957442
0.5 0.011228565975415923
0.501 0.011243866538659376
0.502 0.011259144895093812
0.503 0.011274401079054691
0.504 0.01128963512480743
0.505 0.011304847066546747
0.506 0.011320036938397234
0.507 0.011335204774412952
0.508 0.011350350608577578
0.509 0.011365474474804323
0.51 0.011380576406936111
0.511 0.011395656438745135
0.512 0.011410714603933258
0.513 0.011425750936131938
0.514 0.011440765468901873
0.515 0.01145575823573353
0.516 0.011470729270046533
0.517 0.011485678605190092
0.518 0.011500606274442896
0.519 0.011515512311012896
0.52 0.01153039674803756
0.521 0.011545259618583648
0.522 0.011560100955647272
0.523 0.011574920792153946
0.524 0.01158971916114451
0.525 0.011604496100594854
0.526 0.011619251645851892
0.527 0.011633985829937517
0.528 0.01164869868580887
0.529 0.011663390246358348
0.53 0.011678060544413553
0.531 0.011692709612737315
0.532 0.011707337484027762
0.533 0.011721944190918182
0.534 0.011736529765976961
0.535 0.01175109424170782
0.536 0.011765637650549597
0.537 0.011780160024876066
0.538 0.011794661396996364
0.539 0.011809141799154698
0.54 0.011823601263530258
0.541 0.011838039822237424
0.542 0.011852457507325687
0.543 0.011866854350779348
0.544 0.011881230384517983
0.545 0.011895585640396111
0.546 0.011909920150203299
0.547 0.01192423394566402
0.548 0.011938527058437775
0.549 0.011952799520119019
0.55 0.011967051362237245
0.551 0.011981282616256708
0.552 0.011995493313576718
0.553 0.0120096834855314
0.554 0.012023853163389974
0.555 0.012038002378356217
0.556 0.012052131161569012
0.557 0.012066239544101963
0.558 0.01208032755696368
0.559 0.01209439523109738
0.56 0.012108442597381263
0.561 0.012122469686628183
0.562 0.01213647652958583
0.5630000000000001 0.012150463156936686
0.5640000000000001 0.012164429599297949
0.5650000000000001 0.01217837588722167
0.5660000000000001 0.012192302051194388
0.5670000000000001 0.012206208121637542
0.5680000000000001 0.012220094128907202
0.5690000000000001 0.012233960103294143
0.5700000000000001 0.012247806075023777
0.5710000000000001 0.012261632074256203
0.5720000000000001 0.012275438131086126
0.5730000000000001 0.012289224275542883
0.5740000000000001 0.012302990537590524
0.5750000000000001 0.012316736947127526
0.5760000000000001 0.012330463533987047
0.5770000000000001 0.012344170327936872
0.5780000000000001 0.012357857358679301
0.5790000000000001 0.012371524655851023
0.5800000000000001 0.012385172249023612
0.5810000000000001 0.012398800167702732
0.582 0.012412408441328938
0.583 0.01242599709927709
0.584 0.01243956617085652
0.585 0.012453115685310996
0.586 0.01246664567565614
0.587 0.01248015618296428
0.588 0.012493647237856047
0.589 0.012507118870123365
0.59 0.012520571109505274
0.591 0.012534003985687943
0.592 0.012547417528304699
0.593 0.012560811766935888
0.594 0.012574186731109174
0.595 0.012587542450299114
0.596 0.012600878953927487
0.597 0.012614196271363023
0.598 0.012627494431921606
0.599 0.012640773464866207
0.6 0.01265403339940677
0.601 0.012667274264700183
0.602 0.012680496089850527
0.603 0.01269369890390876
0.604 0.012706882735872843
0.605 0.01272004761468775
0.606 0.012733193569245491
0.607 0.012746320628384898
0.608 0.012759428820891767
0.609 0.012772518175498944
0.61 0.012785588720886124
0.611 0.01279864048567976
0.612 0.012811673498453533
0.613 0.012824687787727766
0.614 0.012837683381969753
0.615 0.01285066030959358
0.616 0.012863618598960224
0.617 0.012876558278377474
0.618 0.012889479376100115
0.619 0.012902381920329475
0.62 0.0129152659392139
0.621 0.01292813146084853
0.622 0.012940978513275149
0.623 0.012953807124482394
0.624 0.012966617322405744
0.625 0.012979409134927292
0.626 0.012992182589875906
0.627 0.013004937715027351
0.628 0.013017674538103846
0.629 0.013030393086774467
0.63 0.013043093388654975
0.631 0.013055775471307879
0.632 0.01306843936224215
0.633 0.013081085088913699
0.634 0.013093712678724893
0.635 0.013106322159024877
0.636 0.013118913557109304
0.637 0.013131486900220504
0.638 0.013144042215547415
0.639 0.013156579530225622
0.64 0.013169098871337194
0.641 0.013181600265910889
0.642 0.013194083740922012
0.643 0.013206549323292256
0.644 0.013218997039890166
0.645 0.01323142691753057
0.646 0.013243838982974957
0.647 0.013256233262931218
0.648 0.01326860978405387
0.649 0.013280968572943929
0.65 0.013293309656148704
0.651 0.013305633060162145
0.652 0.013317938811424741
0.653 0.01333022693632317
0.654 0.013342497461190872
0.655 0.013354750412307407
0.656 0.013366985815898961
0.657 0.013379203698138059
0.658 0.013391404085143627
0.659 0.013403587002981039
0.66 0.013415752477662002
0.661 0.013427900535144574
0.662 0.013440031201333207
0.663 0.013452144502078676
0.664 0.01346424046317814
0.665 0.013476319110375135
0.666 0.013488380469359282
0.667 0.01350042456576684
0.668 0.013512451425180134
0.669 0.013524461073127863
0.67 0.013536453535085011
0.671 0.013548428836472847
0.672 0.01356038700265878
0.673 0.013572328058956633
0.674 0.013584252030626407
0.675 0.013596158942874288
0.676 0.013608048820852736
0.677 0.01361992168966047
0.678 0.013631777574342249
0.679 0.0136436164998892
0.68 0.013655438491238634
0.681 0.013667243573273764
0.682 0.013679031770824367
0.683 0.013690803109572195
0.684 0.013702557628610971
0.685 0.01371429535809449
0.686 0.01372601632331086
0.687 0.013737720549502034
0.6880000000000001 0.01374940806186381
0.6890000000000001 0.013761078885545732
0.6900000000000001 0.013772733045651483
0.6910000000000001 0.013784370567238234
0.6920000000000001 0.013795991475317241
0.6930000000000001 0.013807595794853397
0.6940000000000001 0.013819183550765541
0.6950000000000001 0.013830754767926152
0.6960000000000001 0.013842309471161617
0.6970000000000001 0.013853847685252186
0.6980000000000001 0.013865369434931621
0.6990000000000001 0.01387687474488771
0.7000000000000001 0.013888363639761776
0.7010000000000001 0.013899836144149122
0.7020000000000001 0.013911292282598594
0.7030000000000001 0.013922732079612806
0.7040000000000001 0.013934155559648156
0.7050000000000001 0.013945562747114648
0.7060000000000001 0.013956953666376129
0.7070000000000001 0.013968328341750104
0.7080000000000001 0.013979686797507641
0.709 0.013991029057873527
0.71 0.014002355147026321
0.711 0.014013665089098215
0.712 0.014024958908174916
0.713 0.014036236628295982
0.714 0.01404749827345439
0.715 0.014058743867596877
0.716 0.014069973434623812
0.717 0.014081186998389115
0.718 0.014092384582700243
0.719 0.014103566211318424
0.72 0.014114731907958322
0.721 0.0141258816962882
0.722 0.014137015599929942
0.723 0.014148133642458894
0.724 0.014159235847404118
0.725 0.014170322238248049
0.726 0.014181392838426714
0.727 0.014192447671329711
0.728 0.014203486760300147
0.729 0.014214510128634564
0.73 0.014225517799583042
0.731 0.01423650979634927
0.732 0.014247486142090173
0.733 0.014258446859916372
0.734 0.014269391972891928
0.735 0.01428032150403423
0.736 0.014291235476314328
0.737 0.014302133912656466
0.738 0.014313016835938575
0.739 0.014323884268991833
0.74 0.014334736234600982
0.741 0.014345572755504077
0.742 0.01435639385439247
0.743 0.014367199553911253
0.744 0.0143779898766586
0.745 0.014388764845186182
0.746 0.01439952448199896
0.747 0.01441026880955553
0.748 0.01442099785026747
0.749 0.014431711626499963
0.75 0.014442410160571465
0.751 0.014453093474753759
0.752 0.014463761591271928
0.753 0.014474414532304471
0.754 0.014485052319983063
0.755 0.014495674976392934
0.756 0.014506282523572278
0.757 0.014516874983512756
0.758 0.014527452378159365
0.759 0.014538014729410277
0.76 0.01454856205911699
0.761 0.014559094389084195
0.762 0.014569611741069827
0.763 0.014580114136785265
0.764 0.014590601597894921
0.765 0.014601074146016399
0.766 0.01461153180272076
0.767 0.014621974589532086
0.768 0.014632402527927729
0.769 0.014642815639338183
0.77 0.014653213945147264
0.771 0.014663597466691842
0.772 0.01467396622526206
0.773 0.014684320242101206
0.774 0.01469465953840572
0.775 0.014704984135325165
0.776 0.014715294053962243
0.777 0.014725589315373044
0.778 0.014735869940566386
0.779 0.01474613595050458
0.78 0.014756387366102847
0.781 0.014766624218664698
0.782 0.014776846543909445
0.783 0.014787054363475743
0.784 0.014797247698872695
0.785 0.01480742657157052
0.786 0.014817591003000287
0.787 0.014827741014554073
0.788 0.014837876627584876
0.789 0.014847997863406539
0.79 0.014858104743293831
0.791 0.014868197288482531
0.792 0.014878275520169246
0.793 0.014888339459511379
0.794 0.014898389127627311
0.795 0.01490842454559644
0.796 0.014918445734458847
0.797 0.01492845271521539
0.798 0.014938445508828151
0.799 0.014948424136219723
0.8 0.014958388618273616
0.801 0.014968338975834371
0.802 0.014978275229707171
0.803 0.01498819740065802
0.804 0.01499810550941385
0.805 0.015007999576662424
0.806 0.015017879623052127
0.807 0.015027745669192407
0.808 0.015037597735653283
0.809 0.015047435842965699
0.81 0.015057260011621328
0.811 0.015067070262072697
0.812 0.015076866614732868
0.8130000000000001 0.015086649089976022
0.8140000000000001 0.015096417708136885
0.8150000000000001 0.015106172489510909
0.8160000000000001 0.015115913454354436
0.8170000000000001 0.015125640622884358
0.8180000000000001 0.015135354015278438
0.8190000000000001 0.015145053651675223
0.8200000000000001 0.015154739552173765
0.8210000000000001 0.015164411736834126
0.8220000000000001 0.015174070225676845
0.8230000000000001 0.015183715038683154
0.8240000000000001 0.01519334619579519
0.8250000000000001 0.015202963716915568
0.8260000000000001 0.015212567621907713
0.8270000000000001 0.015222157930595752
0.8280000000000001 0.015231734662764347
0.8290000000000001 0.015241297838158996
0.8300000000000001 0.015250847476485644
0.8310000000000001 0.01526038359741114
0.8320000000000001 0.015269906220562802
0.8330000000000001 0.01527941536552869
0.8340000000000001 0.015288911051857519
0.8350000000000001 0.015298393299058405
0.8360000000000001 0.01530786212660148
0.8370000000000001 0.015317317553917149
0.838 0.015326759600396672
0.839 0.015336188285391721
0.84 0.01534560362821465
0.841 0.015355005648138588
0.842 0.015364394364396955
0.843 0.015373769796183857
0.844 0.01538313196265419
0.845 0.015392480882923122
0.846 0.01540181657606653
0.847 0.015411139061120946
0.848 0.015420448357083233
0.849 0.01542974448291099
0.85 0.015439027457522335
0.851 0.015448297299795856
0.852 0.015457554028570703
0.853 0.015466797662646602
0.854 0.015476028220783667
0.855 0.015485245721702815
0.856 0.015494450184085181
0.857 0.015503641626572464
0.858 0.015512820067766954
0.859 0.015521985526231527
0.86 0.015531138020489306
0.861 0.015540277569023897
0.862 0.015549404190279694
0.863 0.015558517902661318
0.864 0.015567618724533905
0.865 0.01557670667422301
0.866 0.015585781770014786
0.867 0.015594844030155697
0.868 0.015603893472852704
0.869 0.015612930116273233
0.87 0.01562195397854508
0.871 0.015630965077756596
0.872 0.015639963431956318
0.873 0.015648949059153545
0.874 0.015657921977317715
0.875 0.015666882204378764
0.876 0.01567582975822704
0.877 0.015684764656713267
0.878 0.015693686920931905
0.879 0.015702596586602845
0.88 0.015711493674791566
0.881 0.015720378203928582
0.882 0.015729250192412437
0.883 0.01573810965860926
0.884 0.01574695662085327
0.885 0.015755791097446226
0.886 0.015764613106657936
0.887 0.015773422666725767
0.888 0.01578221979585504
0.889 0.015791004512218813
0.89 0.015799776833957984
0.891 0.015808536779181055
0.892 0.015817284365964624
0.893 0.01582601961235265
0.894 0.015834742536357204
0.895 0.015843453155957952
0.896 0.015852151489102313
0.897 0.015860837553705466
0.898 0.015869511367650482
0.899 0.015878172948787943
0.9 0.01588682231493631
0.901 0.01589545948388172
0.902 0.015904084473378082
0.903 0.015912697301146906
0.904 0.01592129798487766
0.905 0.01592988654222735
0.906 0.015938462990820672
0.907 0.015947027348250046
0.908 0.015955579632075678
0.909 0.01596411985982543
0.91 0.015972648048994766
0.911 0.015981164217046914
0.912 0.015989668381412872
0.913 0.015998160559491062
0.914 0.01600664076864783
0.915 0.01601510902621712
0.916 0.016023565349500415
0.917 0.016032009755766987
0.918 0.016040442262253814
0.919 0.01604886288616532
0.92 0.01605727164467377
0.921 0.016065668554918866
0.922 0.016074053634008236
0.923 0.016082426899016844
0.924 0.016090788366987498
0.925 0.01609913805493048
0.926 0.0161074759798238
0.927 0.016115802158612937
0.928 0.0161241166082112
0.929 0.016132419345499353
0.93 0.016140710387325754
0.931 0.01614898975050637
0.932 0.01615725745182485
0.933 0.016165513508032307
0.934 0.016173757935847563
0.935 0.016181990751956837
0.936 0.016190211973014155
0.937 0.016198421615640925
0.9380000000000001 0.016206619696426172
0.9390000000000001 0.016214806231926525
0.9400000000000001 0.0162229812386662
0.9410000000000001 0.01623114473313684
0.9420000000000001 0.01623929673179782
0.9430000000000001 0.01624743725107588
0.9440000000000001 0.016255566307365275
0.9450000000000001 0.016263683917028093
0.9460000000000001 0.016271790096393658
0.9470000000000001 0.016279884861758923
0.9480000000000001 0.016287968229388376
0.9490000000000001 0.016296040215514052
0.9500000000000001 0.016304100836335354
0.9510000000000001 0.016312150108019504
0.9520000000000001 0.01632018804670077
0.9530000000000001 0.01632821466848142
0.9540000000000001 0.01633622998943086
0.9550000000000001 0.01634423402558622
0.9560000000000001 0.016352226792951924
0.9570000000000001 0.016360208307500023
0.9580000000000001 0.01636817858517001
0.9590000000000001 0.016376137641868963
0.9600000000000001 0.016384085493471208
0.9610000000000001 0.016392022155818652
0.9620000000000001 0.01639994764472072
0.9630000000000001 0.01640786197595432
0.9640000000000001 0.016415765165263715
0.965 0.01642365722836069
0.966 0.01643153818092441
0.967 0.016439408038601593
0.968 0.01644726681700634
0.969 0.01645511453172017
0.97 0.01646295119829213
0.971 0.01647077683223856
0.972 0.01647859144904337
0.973 0.016486395064157743
0.974 0.016494187693000442
0.975 0.01650196935113221
0.976 0.016509740064947286
0.977 0.016517499856734223
0.978 0.016525248742332042
0.979 0.016532986737552643
0.98 0.016540713858181077
0.981 0.016548430119975126
0.982 0.016556135538665803
0.983 0.016563830129956814
0.984 0.016571513909525
0.985 0.01657918689302009
0.986 0.01658684909606486
0.987 0.016594500534254857
0.988 0.016602141223158683
0.989 0.016609771178317925
0.99 0.016617390415247055
0.991 0.0166249989494334
0.992 0.016632596796337325
0.993 0.016640183971392077
0.994 0.016647760490003903
0.995 0.01665532636755177
0.996 0.016662881619387834
0.997 0.016670426260836972
0.998 0.016677960307196937
0.999 0.01668548377373865
1.0 0.0166929966757056
1.001 0.0167004990283144
1.002 0.016707990846754443
1.003 0.016715472146188133
1.004 0.01672294294175062
1.005 0.016730403248550026
1.006 0.01673785308166732
1.007 0.01674529245615647
1.008 0.016752721387044065
1.009 0.016760139889329805
1.01 0.016767547977986172
1.011 0.016774945667958466
1.012 0.016782332974164878
1.013 0.016789709911496507
1.014 0.016797076494817237
1.015 0.01680443273896395
1.016 0.016811778658746064
1.017 0.016819114268946205
1.018 0.016826439584319564
1.019 0.016833754619594344
1.02 0.016841059389471478
1.021 0.016848353908624842
1.022 0.016855638191701033
1.023 0.01686291225331943
1.024 0.016870176108072416
1.025 0.016877429770524997
1.026 0.0168846732552152
1.027 0.016891906576653657
1.028 0.016899129749323977
1.029 0.016906342787682407
1.0299999999999998 0.016913545706158176
1.031 0.016920738519153135
1.0319999999999998 0.016927921241042095
1.033 0.016935093886172595
1.0339999999999998 0.016942256468864828
1.035 0.016949409003412054
1.0359999999999998 0.01695655150408007
1.037 0.01696368398510753
1.0379999999999998 0.01697080646070596
1.039 0.016977918945059536
1.0399999999999998 0.016985021452325146
1.041 0.01699211399663269
1.0419999999999998 0.016999196592084667
1.043 0.017006269252756286
1.0439999999999998 0.0170133319926956
1.045 0.01702038482592343
1.0459999999999998 0.017027427766433373
1.047 0.017034460828191624
1.0479999999999998 0.017041484025137263
1.049 0.01704849737118204
1.0499999999999998 0.017055500880210572
1.051 0.017062494566080024
1.0519999999999998 0.017069478442620377
1.053 0.01707645252363444
1.0539999999999998 0.01708341682289766
1.055 0.01709037135415812
1.0559999999999998 0.01709731613113674
1.057 0.01710425116752715
1.0579999999999998 0.017111176476995744
1.059 0.017118092073181483
1.0599999999999998 0.01712499796969609
1.061 0.01713189418012417
1.0619999999999998 0.017138780718022693
1.063 0.017145657596921698
1.0639999999999998 0.017152524830323576
1.065 0.01715938243170371
1.0659999999999998 0.017166230414509983
1.067 0.017173068792163074
1.0679999999999998 0.017179897578056234
1.069 0.01718671678555553
1.0699999999999998 0.017193526427999654
1.071 0.017200326518699897
1.0719999999999998 0.01720711707094032
1.073 0.017213898102103758
1.0739999999999998 0.01722066963559299
1.075 0.017227431685493535
1.0759999999999998 0.01723418426543426
1.077 0.01724092738902128
1.0779999999999998 0.017247661069838015
1.079 0.017254385321444864
1.0799999999999998 0.01726110015737973
1.081 0.017267805591157644
1.0819999999999999 0.01727450163627076
1.083 0.017281188306188505
1.0839999999999999 0.017287865614357602
1.085 0.017294533574201812
1.0859999999999999 0.017301192199122222
1.087 0.01730784150249715
1.0879999999999999 0.01731448149768187
1.089 0.017321112198009334
1.0899999999999999 0.01732773361678917
1.091 0.017334345767308416
1.0919999999999999 0.017340948662831403
1.093 0.017347542316599483
1.0939999999999999 0.017354126741831316
1.095 0.017360701951722617
1.0959999999999999 0.017367267959446393
1.097 0.017373824778152816
1.0979999999999999 0.017380372420969053
1.099 0.017386910900999735
1.0999999999999999 0.017393440231326454
1.101 0.01739996042500803
1.1019999999999999 0.01740647149508046
1.103 0.017412973454556866
1.1039999999999999 0.017419466316427597
1.105 0.017425950093660013
1.1059999999999999 0.01743242479919883
1.107 0.01743889044596575
1.1079999999999999 0.017445347046859672
1.109 0.017451794614756645
1.1099999999999999 0.017458233162509933
1.111 0.017464662702949826
1.1119999999999999 0.017471083248883745
1.113 0.017477494813096434
1.1139999999999999 0.017483897408349543
1.115 0.017490291047381947
1.1159999999999999 0.01749667574290963
1.117 0.017503051507625916
1.1179999999999999 0.017509418354200827
1.119 0.0175157762952818
1.1199999999999999 0.01752212534349341
1.121 0.017528465511437174
1.1219999999999999 0.017534796811691872
1.123 0.017541119256813325
1.1239999999999999 0.01754743285933441
1.125 0.017553737631765307
1.126 0.01756003358659309
1.127 0.01756632073628207
1.128 0.017572599093273557
1.129 0.01757886866998592
1.13 0.01758512947881489
1.131 0.01759138153213302
1.132 0.017597624842289977
1.133 0.017603859421612682
1.134 0.017610085282405003
1.135 0.017616302436947864
1.136 0.017622510897499406
1.137 0.017628710676294783
1.138 0.017634901785546126
1.139 0.017641084237442848
1.14 0.01764725804415122
1.141 0.017653423217814657
1.142 0.01765957977055372
1.143 0.017665727714465996
1.144 0.01767186706162596
1.145 0.01767799782408554
1.146 0.01768412001387325
1.147 0.01769023364299501
1.148 0.017696338723433704
1.149 0.017702435267149066
1.15 0.017708523286078193
1.151 0.017714602792135027
1.152 0.017720673797210575
1.153 0.017726736313172987
1.154 0.017732790351867308
1.155 0.017738835925115787
1.156 0.017744873044717533
1.157 0.017750901722448774
1.158 0.017756921970062758
1.1589999999999998 0.017762933799289875
1.16 0.017768937221837273
1.1609999999999998 0.017774932249389377
1.162 0.017780918893607518
1.1629999999999998 0.017786897166130047
1.164 0.017792867078572406
1.1649999999999998 0.01779882864252688
1.166 0.017804781869563018
1.1669999999999998 0.0178107267712272
1.168 0.01781666335904282
1.1689999999999998 0.017822591644510354
1.17 0.017828511639910203
1.1709999999999998 0.01783442336552394
1.172 0.017840326835507795
1.1729999999999998 0.017846222061642433
1.174 0.017852109055689576
1.1749999999999998 0.017857987829391492
1.176 0.017863858394471254
1.1769999999999998 0.017869720762632695
1.178 0.017875574945560406
1.1789999999999998 0.017881420954919684
1.18 0.017887258802356663
1.1809999999999998 0.01789308849949806
1.182 0.017898910057951467
1.1829999999999998 0.017904723489305222
1.184 0.01791052880512832
1.1849999999999998 0.017916326016970425
1.186 0.01792211513636213
1.1869999999999998 0.017927896174814537
1.188 0.01793366914381972
1.1889999999999998 0.017939434054850288
1.19 0.017945190919359574
1.1909999999999998 0.01795093974878178
1.192 0.01795668055453173
1.1929999999999998 0.01796241334800483
1.194 0.01796813814057753
1.1949999999999998 0.017973854943606676
1.196 0.01797956376843005
1.1969999999999998 0.017985264626366
1.198 0.01799095752871358
1.1989999999999998 0.017996642486752756
1.2 0.018002319511743917
1.2009999999999998 0.018007988614928357
1.202 0.018013649807527937
1.2029999999999998 0.018019303100745284
1.204 0.018024948505763715
1.2049999999999998 0.018030586033747232
1.206 0.018036215695840654
1.2069999999999999 0.0180418375031692
1.208 0.018047451466839046
1.2089999999999999 0.018053057597936874
1.21 0.018058655907530266
1.2109999999999999 0.018064246406667393
1.212 0.018069829106376868
1.2129999999999999 0.01807540401766829
1.214 0.01808097115153191
1.2149999999999999 0.0180865305189385
1.216 0.018092082130839644
1.2169999999999999 0.018097625998167517
1.218 0.01810316213183494
1.2189999999999999 0.01810869054273553
1.22 0.01811421124174338
1.2209999999999999 0.01811972423971353
1.222 0.018125229547481417
1.2229999999999999 0.018130727175863195
1.224 0.018136217135655833
1.2249999999999999 0.018141699437636778
1.226 0.018147174092564132
1.2269999999999999 0.01815264111117691
1.228 0.01815810050419445
1.2289999999999999 0.0181635522823169
1.23 0.018168996456224995
1.2309999999999999 0.018174433036580263
1.232 0.01817986203402473
1.2329999999999999 0.01818528345918113
1.234 0.018190697322652757
1.2349999999999999 0.01819610363502365
1.236 0.018201502406858472
1.2369999999999999 0.018206893648702403
1.238 0.018212277371081467
1.2389999999999999 0.018217653584502096
1.24 0.01822302229945163
1.2409999999999999 0.018228383526397617
1.242 0.01823373727578877
1.2429999999999999 0.01823908355805389
1.244 0.018244422383602844
1.2449999999999999 0.018249753762825862
1.246 0.018255077706093904
1.2469999999999999 0.018260394223758428
1.248 0.018265703326151714
1.2489999999999999 0.018271005023586445
1.25 0.018276299326356032
1.251 0.01828158624473459
1.252 0.01828686578897665
1.253 0.018292137969317418
1.254 0.01829740279597273
1.255 0.01830266027913918
1.256 0.01830791042899357
1.257 0.018313153255693777
1.258 0.01831838876937791
1.259 0.018323616980164877
1.26 0.018328837898154114
1.261 0.018334051533425648
1.262 0.01833925789604017
1.263 0.018344456996038844
1.264 0.018349648843443554
1.265 0.018354833448256697
1.266 0.01836001082046131
1.267 0.018365180970020836
1.268 0.018370343911885603
1.269 0.01837549966159306
1.27 0.018380648229373107
1.271 0.01838578962543742
1.272 0.018390923859981704
1.273 0.018396050943185336
1.274 0.01840117088521164
1.275 0.018406283696207754
1.276 0.01841138938630469
1.277 0.018416487965617186
1.278 0.01842157944424398
1.279 0.01842666383226749
1.28 0.018431741139754154
1.281 0.01843681137675392
1.282 0.018441874553301006
1.283 0.018446930679413095
1.284 0.018451979765091924
1.285 0.01845702182032295
1.2859999999999998 0.018462056855075442
1.287 0.018467084879302556
1.2879999999999998 0.01847210590294125
1.289 0.01847711993591236
1.2899999999999998 0.018482126988120386
1.291 0.0184871270694538
1.2919999999999998 0.018492120189784807
1.293 0.018497106358969496
1.2939999999999998 0.01850208558684777
1.295 0.01850705788324319
1.2959999999999998 0.018512023257963382
1.297 0.01851698172079952
1.2979999999999998 0.018521933281526765
1.299 0.018526877949904114
1.2999999999999998 0.018531815735674233
1.301 0.018536746648563612
1.3019999999999998 0.018541670698282598
1.303 0.018546587894525457
1.3039999999999998 0.018551498246969937
1.305 0.018556401765277904
1.3059999999999998 0.018561298459094877
1.307 0.018566188338050106
1.3079999999999998 0.01857107141175675
1.309 0.01857594768981177
1.3099999999999998 0.0185808171817959
1.311 0.018585679897273544
1.3119999999999998 0.018590535845793097
1.313 0.018595385036886573
1.3139999999999998 0.018600227480069873
1.315 0.018605063184842622
1.3159999999999998 0.0186098921606883
1.317 0.018614714417074126
1.3179999999999998 0.018619529963450995
1.319 0.018624338809253776
1.3199999999999998 0.018629140963901072
1.321 0.018633936436795163
1.3219999999999998 0.01863872523732216
1.323 0.018643507374851976
1.3239999999999998 0.018648282858738232
1.325 0.01865305169831839
1.3259999999999998 0.01865781390291366
1.327 0.018662569481829
1.3279999999999998 0.018667318444353164
1.329 0.01867206079975865
1.3299999999999998 0.018676796557301728
1.331 0.018681525726222444
1.3319999999999999 0.018686248315744638
1.333 0.018690964335075718
1.3339999999999999 0.018695673793407253
1.335 0.018700376699914117
1.3359999999999999 0.01870507306375525
1.337 0.018709762894073164
1.3379999999999999 0.01871444619999427
1.339 0.01871912299062867
1.3399999999999999 0.018723793275070275
1.341 0.018728457062396505
1.3419999999999999 0.018733114361668888
1.343 0.018737765181932507
1.3439999999999999 0.01874240953221619
1.345 0.018747047421532506
1.3459999999999999 0.018751678858877782
1.347 0.01875630385323224
1.3479999999999999 0.0187609224135595
1.349 0.01876553454880729
1.3499999999999999 0.018770140267906885
1.351 0.01877473957977327
1.3519999999999999 0.018779332493305326
1.353 0.01878391901738553
1.3539999999999999 0.01878849916088004
1.355 0.01879307293263907
1.3559999999999999 0.018797640341496134
1.357 0.01880220139626876
1.3579999999999999 0.018806756105758108
1.359 0.01881130447874917
1.3599999999999999 0.018815846524010423
1.361 0.01882038225029441
1.3619999999999999 0.01882491166633708
1.363 0.018829434780858335
1.3639999999999999 0.018833951602561648
1.365 0.01883846214088742
1.3659999999999999 0.01884296640774025
1.367 0.018847464412285447
1.3679999999999999 0.018851956163326758
1.369 0.018856441669654334
1.3699999999999999 0.018860920940044976
1.371 0.018865393983261678
1.3719999999999999 0.01886986080805421
1.373 0.018874321423158764
1.3739999999999999 0.018878775837297995
1.375 0.018883224059181216
1.376 0.01888766609750424
1.377 0.018892101960949505
1.378 0.01889653165818604
1.379 0.018900955197869537
1.38 0.01890537258864226
1.381 0.018909783839133117
1.382 0.018914188957957812
1.383 0.01891858795371861
1.384 0.0189229808350046
1.385 0.018927367610391425
1.386 0.01893174828844164
1.387 0.01893612287770452
1.388 0.018940491386716083
1.389 0.018944853823999065
1.39 0.01894921019806323
1.391 0.018953560517405002
1.392 0.018957904790507685
1.393 0.018962243025841447
1.394 0.0189665752318634
1.395 0.01897090141701745
1.396 0.018975221589734442
1.397 0.01897953575843229
1.398 0.0189838439315157
1.399 0.01898814611737635
1.4 0.018992442324392986
1.401 0.01899673256093138
1.402 0.01900101683534424
1.403 0.019005295155971234
1.404 0.019009567531139342
1.405 0.019013833969162355
1.406 0.0190180944783413
1.407 0.01902234906696424
1.408 0.019026597743306485
1.409 0.019030840515630372
1.41 0.019035077392185292
1.411 0.01903930838120806
1.412 0.019043533490922575
1.4129999999999998 0.01904775272953984
1.414 0.019051966105258267
1.4149999999999998 0.01905617362626342
1.416 0.019060375300728218
1.4169999999999998 0.019064571136812525
1.418 0.019068761142663936
1.4189999999999998 0.019072945326417217
1.42 0.019077123696194305
1.4209999999999998 0.01908129626010475
1.422 0.01908546302624524
1.4229999999999998 0.01908962400269994
1.424 0.019093779197540437
1.4249999999999998 0.01909792861882576
1.426 0.019102072274602276
1.4269999999999998 0.01910621017290379
1.428 0.019110342321751798
1.4289999999999998 0.019114468729155086
1.43 0.019118589403109967
1.4309999999999998 0.019122704351600357
1.432 0.01912681358259762
1.4329999999999998 0.019130917104060726
1.434 0.01913501492393633
1.4349999999999998 0.019139107050158404
1.436 0.019143193490648785
1.4369999999999998 0.019147274253316842
1.438 0.019151349346059537
1.4389999999999998 0.01915541877676169
1.44 0.01915948255329562
1.4409999999999998 0.01916354068352135
1.442 0.01916759317528665
1.4429999999999998 0.019171640036427108
1.444 0.019175681274765956
1.4449999999999998 0.01917971689811419
1.446 0.019183746914270727
1.4469999999999998 0.019187771331022074
1.448 0.019191790156142783
1.4489999999999998 0.019195803397395083
1.45 0.019199811062529114
1.4509999999999998 0.019203813159282858
1.452 0.019207809695382296
1.4529999999999998 0.019211800678541113
1.454 0.019215786116461166
1.4549999999999998 0.01921976601683209
1.456 0.019223740387331448
1.4569999999999999 0.019227709235625022
1.458 0.01923167256936629
1.4589999999999999 0.019235630396196853
1.46 0.01923958272374646
1.4609999999999999 0.01924352955963281
1.462 0.019247470911461558
1.4629999999999999 0.01925140678682668
1.464 0.01925533719331007
1.4649999999999999 0.019259262138481774
1.466 0.019263181629899994
1.4669999999999999 0.019267095675111187
1.468 0.019271004281649816
1.4689999999999999 0.019274907457038484
1.47 0.019278805208788295
1.4709999999999999 0.019282697544398316
1.472 0.019286584471355873
1.4729999999999999 0.019290465997136713
1.474 0.01929434212920463
1.4749999999999999 0.01929821287501198
1.476 0.019302078241999122
1.4769999999999999 0.019305938237595077
1.478 0.01930979286921692
1.4789999999999999 0.01931364214427021
1.48 0.019317486070148944
1.4809999999999999 0.019321324654235462
1.482 0.019325157903900447
1.4829999999999999 0.01932898582650311
1.484 0.019332808429391148
1.4849999999999999 0.019336625719900583
1.486 0.019340437705356116
1.4869999999999999 0.019344244393070684
1.488 0.019348045790346075
1.4889999999999999 0.019351841904472308
1.49 0.019355632742728182
1.4909999999999999 0.019359418312380947
1.492 0.01936319862068656
1.4929999999999999 0.019366973674889317
1.494 0.019370743482222494
1.4949999999999999 0.01937450804990786
1.496 0.019378267385155766
1.4969999999999999 0.019382021495165342
1.498 0.0193857703871243
1.4989999999999999 0.019389514068209317
1.5 0.0193932525455855
1.501 0.019396985826406882
1.502 0.019400713917816285
1.503 0.01940443682694514
1.504 0.01940815456091385
1.505 0.019411867126831715
1.506 0.01941557453179658
1.507 0.01941927678289529
1.508 0.01942297388720367
1.509 0.019426665851786366
1.51 0.01943035268369679
1.511 0.019434034389977577
1.512 0.019437710977660002
1.513 0.019441382453764398
1.514 0.019445048825300272
1.515 0.019448710099265864
1.516 0.019452366282648587
1.517 0.01945601738244675
1.518 0.01945966340862825
1.519 0.019463304370359456
1.52 0.01946694027472345
1.521 0.01947057112879423
1.522 0.019474196939636753
1.523 0.019477817714306633
1.524 0.019481433459850667
1.525 0.019485044183306415
1.526 0.01948864989170262
1.527 0.01949225059205892
1.528 0.019495846291385958
1.529 0.01949943699668548
1.53 0.019503022714950444
1.531 0.019506603453164822
1.532 0.019510179218303683
1.533 0.019513750017333346
1.534 0.019517315857211382
1.535 0.019520876744886433
1.536 0.019524432687298535
1.537 0.01952798369137906
1.538 0.019531529764050416
1.539 0.019535070912226678
1.54 0.019538607142813108
1.541 0.019542138462706308
1.5419999999999998 0.019545664878794524
1.543 0.019549186397957188
1.5439999999999998 0.019552703027065327
1.545 0.01955621477298148
1.5459999999999998 0.01955972164255972
1.547 0.019563223642645643
1.5479999999999998 0.019566720780076305
1.549 0.019570213061680657
1.5499999999999998 0.019573700494279034
1.551 0.01957718308468345
1.5519999999999998 0.019580660839697894
1.553 0.01958413376611755
1.5539999999999998 0.019587601870729863
1.555 0.019591065160313652
1.5559999999999998 0.019594523641639952
1.557 0.019597977321471127
1.5579999999999998 0.019601426206561693
1.559 0.01960487030365811
1.5599999999999998 0.019608309619498488
1.561 0.01961174416081304
1.5619999999999998 0.019615173934323906
1.563 0.01961859894674513
1.5639999999999998 0.019622019204782952
1.565 0.019625434715135455
1.5659999999999998 0.019628845484492955
1.567 0.019632251519537593
1.5679999999999998 0.019635652826944006
1.569 0.019639049413378684
1.5699999999999998 0.019642441285500408
1.571 0.019645828449960143
1.5719999999999998 0.019649210913401025
1.573 0.019652588682458644
1.5739999999999998 0.019655961763760495
1.575 0.019659330163926878
1.5759999999999998 0.019662693889569958
1.577 0.019666052947294586
1.5779999999999998 0.019669407343697834
1.579 0.019672757085369242
1.5799999999999998 0.019676102178890823
1.581 0.019679442630837023
1.5819999999999999 0.01968277844777478
1.583 0.01968610963626361
1.5839999999999999 0.01968943620285549
1.585 0.01969275815409504
1.5859999999999999 0.01969607549651951
1.587 0.019699388236658757
1.5879999999999999 0.019702696381035188
1.589 0.019705999936164176
1.5899999999999999 0.01970929890855344
1.591 0.019712593304703787
1.5919999999999999 0.01971588313110853
1.593 0.019719168394253948
1.5939999999999999 0.019722449100619037
1.595 0.019725725256675673
1.5959999999999999 0.01972899686888876
1.597 0.01973226394371586
1.5979999999999999 0.01973552648760754
1.599 0.019738784507007362
1.5999999999999999 0.01974203800835195
1.601 0.01974528699807077
1.6019999999999999 0.01974853148258647
1.603 0.01975177146831468
1.6039999999999999 0.019755006961664174
1.605 0.019758237969036786
1.6059999999999999 0.019761464496827558
1.607 0.01976468655142476
1.6079999999999999 0.01976790413920968
1.609 0.01977111726655699
1.6099999999999999 0.019774325939834577
1.611 0.01977753016540358
1.6119999999999999 0.019780729949618537
1.613 0.01978392529882715
1.6139999999999999 0.019787116219370637
1.615 0.01979030271758354
1.6159999999999999 0.019793484799793953
1.617 0.019796662472323225
1.6179999999999999 0.019799835741486214
1.619 0.019803004613591472
1.6199999999999999 0.01980616909494073
1.621 0.019809329191829598
1.6219999999999999 0.019812484910547087
1.623 0.019815636257375917
1.6239999999999999 0.019818783238592357
1.625 0.01982192586046641
1.626 0.019825064129261674
1.627 0.019828198051235542
1.628 0.01983132763263915
1.629 0.019834452879717378
1.63 0.019837573798708916
1.631 0.019840690395846305
1.632 0.01984380267735584
1.633 0.01984691064945786
1.634 0.019850014318366395
1.635 0.019853113690289602
1.636 0.019856208771429535
1.637 0.019859299567982183
1.638 0.019862386086137558
1.639 0.019865468332079857
1.64 0.019868546311987156
1.641 0.019871620032031766
1.642 0.01987468949837994
1.643 0.019877754717192407
1.644 0.01988081569462363
1.645 0.019883872436822738
1.646 0.019886924949932695
1.647 0.01988997324009113
1.648 0.019893017313429417
1.649 0.019896057176073838
1.65 0.019899092834144576
1.651 0.01990212429375637
1.652 0.01990515156101834
1.653 0.019908174642034076
1.654 0.019911193542901443
1.655 0.01991420826971301
1.656 0.01991721882855561
1.657 0.019920225225510745
1.658 0.019923227466654557
1.659 0.019926225558057602
1.66 0.019929219505785162
1.661 0.01993220931589706
1.662 0.019935194994447902
1.663 0.019938176547486856
1.664 0.019941153981058
1.665 0.01994412730119991
1.666 0.01994709651394617
1.667 0.019950061625325064
1.668 0.01995302264135967
1.669 0.01995597956806798
1.67 0.019958932409400304
1.6709999999999998 0.019961881162528568
1.672 0.019964825832195637
1.6729999999999998 0.019967766424103996
1.674 0.019970702943948065
1.6749999999999998 0.01997363539741372
1.676 0.01997656379017884
1.6769999999999998 0.019979488127912934
1.678 0.019982408416277322
1.6789999999999998 0.019985324660925122
1.68 0.01998823686750118
1.6809999999999998 0.01999114504164229
1.682 0.019994049188976824
1.6829999999999998 0.01999694931512542
1.684 0.019999845425700036
1.6849999999999998 0.02000273752630489
1.686 0.020005625622535866
1.6869999999999998 0.020008509719980836
1.688 0.020011389824219537
1.6889999999999998 0.02001426594082354
1.69 0.02001713807535644
1.6909999999999998 0.020020006233373765
1.692 0.020022870420422893
1.6929999999999998 0.020025730642043247
1.694 0.020028586903766205
1.6949999999999998 0.020031439211115092
1.696 0.02003428756960518
1.6969999999999998 0.02003713198474388
1.698 0.020039972462030552
1.6989999999999998 0.02004280900695654
1.7 0.02004564162500538
1.7009999999999998 0.02004847032165243
1.702 0.020051295102365297
1.7029999999999998 0.020054115972603644
1.704 0.02005693293781913
1.7049999999999998 0.02005974600345561
1.706 0.020062555174949127
1.7069999999999999 0.02006536045772755
1.708 0.02006816185721128
1.7089999999999999 0.020070959378812512
1.71 0.020073753027935903
1.7109999999999999 0.02007654280997813
1.712 0.020079328730327983
1.7129999999999999 0.0200821107943667
1.714 0.02008488900746745
1.7149999999999999 0.02008766337499587
1.716 0.020090433902309683
1.7169999999999999 0.020093200594758876
1.718 0.020095963457685814
1.7189999999999999 0.02009872249642496
1.72 0.020101477716303127
1.7209999999999999 0.020104229122639584
1.722 0.02010697672074572
1.7229999999999999 0.02010972051592528
1.724 0.020112460513474335
1.7249999999999999 0.020115196718681446
1.726 0.020117929136827285
1.7269999999999999 0.020120657773185207
1.728 0.020123382633020617
1.7289999999999999 0.020126103721591567
1.73 0.02012882104414849
1.7309999999999999 0.020131534605934077
1.732 0.02013424441218349
1.7329999999999999 0.020136950468124602
1.734 0.020139652778977363
1.7349999999999999 0.020142351349954478
1.736 0.020145046186261034
1.7369999999999999 0.02014773729309446
1.738 0.020150424675644967
1.7389999999999999 0.02015310833909518
1.74 0.020155788288620188
1.7409999999999999 0.02015846452938759
1.742 0.02016113706655768
1.7429999999999999 0.020163805905283244
1.744 0.020166471050709664
1.7449999999999999 0.020169132507974932
1.746 0.020171790282209588
1.7469999999999999 0.020174444378536823
1.748 0.020177094802072425
1.7489999999999999 0.020179741557924867
1.75 0.020182384651195286
1.751 0.020185024086977407
1.752 0.02018765987035776
1.753 0.020190292006415398
1.754 0.020192920500222217
1.755 0.020195545356842773
1.756 0.02019816658133437
1.757 0.020200784178746933
1.758 0.020203398154123437
1.759 0.02020600851249917
1.76 0.020208615258902617
1.761 0.020211218398354838
1.762 0.020213817935869762
1.763 0.02021641387645403
1.764 0.020219006225107226
1.765 0.02022159498682167
1.766 0.020224180166582773
1.767 0.020226761769368384
1.768 0.020229339800149595
1.769 0.02023191426389021
1.77 0.020234485165546996
1.771 0.020237052510069593
1.772 0.020239616302400624
1.773 0.020242176547475513
1.774 0.020244733250222767
1.775 0.020247286415563805
1.776 0.020249836048413093
1.777 0.020252382153677816
1.778 0.020254924736258544
1.779 0.020257463801048592
1.78 0.02025999935293433
1.781 0.020262531396795184
1.782 0.020265059937503674
1.783 0.020267584979925316
1.784 0.020270106528918714
1.785 0.020272624589335608
1.786 0.020275139166020684
1.787 0.020277650263811956
1.788 0.020280157887540357
1.789 0.020282662042030063
1.79 0.020285162732098266
1.791 0.020287659962555542
1.792 0.02029015373820542
1.793 0.020292644063844695
1.794 0.020295130944263415
1.795 0.02029761438424475
1.796 0.020300094388565004
1.797 0.02030257096199391
1.7979999999999998 0.020305044109294335
1.799 0.020307513835222446
1.7999999999999998 0.02030998014452759
1.801 0.020312443041952444
1.8019999999999998 0.020314902532233038
1.803 0.02031735862009853
1.8039999999999998 0.020319811310271614
1.805 0.020322260607468178
1.8059999999999998 0.020324706516397468
1.807 0.02032714904176208
1.8079999999999998 0.02032958818825808
1.809 0.020332023960574725
1.8099999999999998 0.020334456363394753
1.811 0.020336885401394434
1.8119999999999998 0.020339311079243094
1.813 0.020341733401603956
1.8139999999999998 0.02034415237313339
1.815 0.020346567998481217
1.8159999999999998 0.020348980282290798
1.817 0.02035138922919896
1.8179999999999998 0.02035379484383593
1.819 0.020356197130825652
1.8199999999999998 0.02035859609478537
1.821 0.020360991740325924
1.8219999999999998 0.020363384072049094
1.823 0.02036577309418571
1.8239999999999998 0.02036815881105678
1.825 0.020370541227232183
1.8259999999999998 0.02037292034727514
1.827 0.020375296175742283
1.8279999999999998 0.020377668717183762
1.829 0.02038003797614314
1.8299999999999998 0.020382403957157433
1.831 0.020384766664757224
1.8319999999999999 0.020387126103466515
1.833 0.020389482277802854
1.8339999999999999 0.020391835192277254
1.835 0.020394184851394298
1.8359999999999999 0.020396531259652115
1.837 0.020398874421542305
1.8379999999999999 0.020401214341550164
1.839 0.020403551024154504
1.8399999999999999 0.020405884473827685
1.841 0.020408214695035762
1.8419999999999999 0.020410541692238285
1.843 0.020412865469888408
1.8439999999999999 0.020415186032433072
1.845 0.020417503384312825
1.8459999999999999 0.02041981752996175
1.847 0.020422128473807755
1.8479999999999999 0.02042443622027222
1.849 0.020426740773770404
1.8499999999999999 0.020429042138711204
1.851 0.02043134031949726
1.8519999999999999 0.02043363532052494
1.853 0.02043592714618428
1.8539999999999999 0.020438215800859146
1.855 0.02044050128892708
1.8559999999999999 0.02044278361475948
1.857 0.0204450627827215
1.8579999999999999 0.02044733879717212
1.859 0.020449611662464062
1.8599999999999999 0.02045188138294389
1.861 0.020454147962952068
1.8619999999999999 0.020456411406822715
1.863 0.020458671718884085
1.8639999999999999 0.020460928903458162
1.865 0.020463182964860632
1.8659999999999999 0.020465433907401395
1.867 0.020467681735383998
1.8679999999999999 0.020469926453106014
1.869 0.020472168064858937
1.8699999999999999 0.020474406574928217
1.871 0.02047664198759314
1.8719999999999999 0.02047887430712705
1.873 0.020481103537797318
1.8739999999999999 0.02048332968386512
1.875 0.02048555274958584
1.876 0.020487772739208657
1.877 0.02048998965697683
1.878 0.020492203507127875
1.879 0.020494414293892933
1.88 0.02049662202149759
1.881 0.020498826694161212
1.882 0.02050102831609742
1.883 0.020503226891513925
1.884 0.020505422424612348
1.885 0.020507614919588628
1.886 0.020509804380632723
1.887 0.020511990811928744
1.888 0.020514174217654998
1.889 0.020516354601983856
1.89 0.0205185319690819
1.891 0.02052070632310998
1.892 0.02052287766822295
1.893 0.02052504600857008
1.894 0.020527211348294657
1.895 0.0205293736915344
1.896 0.020531533042421092
1.897 0.020533689405080928
1.898 0.02053584278363413
1.899 0.020537993182195475
1.9 0.020540140604873827
1.901 0.020542285055772387
1.902 0.02054442653898878
1.903 0.020546565058614755
1.904 0.02054870061873661
1.905 0.020550833223434813
1.906 0.02055296287678425
1.907 0.020555089582854187
1.908 0.020557213345708373
1.909 0.020559334169404753
1.91 0.02056145205799568
1.911 0.020563567015528156
1.912 0.02056567904604334
1.913 0.020567788153576995
1.914 0.020569894342159334
1.915 0.020571997615814925
1.916 0.020574097978562897
1.917 0.020576195434416772
1.918 0.02057828998738471
1.919 0.020580381641469227
1.92 0.02058247040066757
1.921 0.020584556268971238
1.922 0.02058663925036648
1.923 0.020588719348833957
1.924 0.020590796568349133
1.9249999999999998 0.020592870912881832
1.926 0.02059494238639645
1.9269999999999998 0.020597010992852115
1.928 0.020599076736202575
1.9289999999999998 0.020601139620396083
1.93 0.02060319964937559
1.9309999999999998 0.02060525682707873
1.932 0.02060731115743781
1.9329999999999998 0.020609362644379677
1.934 0.020611411291826025
1.9349999999999998 0.020613457103693097
1.936 0.02061550008389203
1.9369999999999998 0.02061754023632847
1.938 0.020619577564902937
1.9389999999999998 0.020621612073510605
1.94 0.02062364376604147
1.9409999999999998 0.0206256726463803
1.942 0.020627698718406584
1.9429999999999998 0.020629721985994554
1.944 0.020631742453013455
1.9449999999999998 0.020633760123327134
1.946 0.020635775000794273
1.9469999999999998 0.020637787089268545
1.948 0.020639796392598362
1.9489999999999998 0.020641802914626955
1.95 0.020643806659192528
1.9509999999999998 0.020645807630128087
1.952 0.02064780583126159
1.9529999999999998 0.020649801266415916
1.954 0.020651793939408723
1.9549999999999998 0.02065378385405279
1.956 0.020655771014155784
1.9569999999999999 0.02065775542352013
1.958 0.020659737085943528
1.9589999999999999 0.02066171600521841
1.96 0.02066369218513232
1.9609999999999999 0.02066566562946781
1.962 0.020667636342002377
1.9629999999999999 0.0206696043265086
1.964 0.020671569586753993
1.9649999999999999 0.020673532126501262
1.966 0.020675491949508063
1.9669999999999999 0.020677449059527207
1.968 0.02067940346030648
1.9689999999999999 0.020681355155588853
1.97 0.02068330414911232
1.9709999999999999 0.020685250444610136
1.972 0.020687194045810497
1.9729999999999999 0.020689134956436865
1.974 0.02069107318020792
1.9749999999999999 0.020693008721000144
1.976 0.020694941583223683
1.9769999999999999 0.020696871770682468
1.978 0.02069879928709874
1.9789999999999999 0.02070072413619001
1.98 0.02070264632166938
1.9809999999999999 0.02070456584724538
1.982 0.020706482716622003
1.9829999999999999 0.020708396933498796
1.984 0.020710308501570907
1.9849999999999999 0.020712217424528778
1.986 0.020714123706058647
1.9869999999999999 0.020716027349842105
1.988 0.020717928359556496
1.9889999999999999 0.02071982673887451
1.99 0.020721722491464787
1.9909999999999999 0.020723615620991197
1.992 0.02072550613111341
1.9929999999999999 0.02072739402548672
1.994 0.020729279307762142
1.9949999999999999 0.020731161981586223
1.996 0.020733042050601155
1.9969999999999999 0.020734919518444975
1.998 0.020736794388751208
