0.005 3.223895559119907e-05
0.006 6.443489461353213e-05
0.007 9.658033541401819e-05
0.008 0.00012867535227711134
0.009000000000000001 0.0001607200991516845
0.01 0.0001927145853471522
0.011 0.0002246593629913574
0.012 0.00025655473838607807
0.013000000000000001 0.00028840070553657883
0.014000000000000002 0.00032019725845610703
0.015 0.00035194439116596857
0.016 0.00038364209769569535
0.017 0.0004152903720826611
0.018000000000000002 0.00044688920837244
0.019 0.0004784386006187274
0.02 0.0005099385428833229
0.021 0.0005413890292360415
0.022000000000000002 0.0005727900537548481
0.023000000000000003 0.0006041416105257858
0.024 0.0006354436936431292
0.025 0.0006666962972091293
0.026000000000000002 0.0006978994199776554
0.027 0.0007290535200387174
0.028 0.0007601589644393405
0.029 0.0007912158395355954
0.030000000000000002 0.000822224231705938
0.031000000000000003 0.0008531842273513897
0.032 0.0008840959128953008
0.033 0.0009149593747831751
0.034 0.0009457746994830706
0.034999999999999996 0.0009765419734850266
0.036 0.0010072612833013788
0.037 0.001037932715466556
0.038 0.0010685563565371054
0.039 0.0010991322930915355
0.04 0.001129660611730462
0.041 0.0011601413990763273
0.041999999999999996 0.001190574741773466
0.043 0.0012209607264881469
0.044 0.0012512994399084805
0.045 0.001281590968744295
0.046 0.0013118353997269752
0.047 0.0013420328196096858
0.048 0.0013721833151673739
0.048999999999999995 0.0014022869731962736
0.049999999999999996 0.0014323438805143533
0.051 0.001462354117944563
0.052 0.001492317727632329
0.053 0.001522234783581143
0.054 0.0015521053680726056
0.055 0.0015819295634091652
0.056 0.0016117074519137252
0.057 0.001641439115929791
0.057999999999999996 0.0016711246378212424
0.059 0.0017007640999725524
0.06 0.0017303575847884426
0.061 0.0017599051746940984
0.062 0.0017894069521350291
0.063 0.0018188629995768877
0.064 0.0018482733995056407
0.065 0.0018776382344273972
0.066 0.0019069575868685218
0.067 0.0019362315393754458
0.068 0.001965460174514458
0.069 0.0019946435748721
0.07 0.0020237818230548037
0.07100000000000001 0.0020528750016889264
0.07200000000000001 0.002081923193420683
0.07300000000000001 0.0021109264809161267
0.07400000000000001 0.002139884946861351
0.07500000000000001 0.002168798673961775
0.07600000000000001 0.0021976677225144926
0.07700000000000001 0.0022264921263885277
0.078 0.0022552719614851043
0.079 0.002284007305048039
0.08 0.0023126982343400684
0.081 0.0023413448266423366
0.082 0.002369947159254942
0.083 0.0023985053094963235
0.084 0.002427019354703827
0.085 0.0024554893722332975
0.08600000000000001 0.0024839154394589837
0.08700000000000001 0.0025122976337737476
0.08800000000000001 0.0025406360325887748
0.08900000000000001 0.002568930713333791
0.09000000000000001 0.002597181753456812
0.09100000000000001 0.002625389230424343
0.09200000000000001 0.002653553221720914
0.093 0.0026816738048495467
0.094 0.002709751057331403
0.095 0.002737785056705793
0.096 0.002765775880530121
0.097 0.002793723606380137
0.098 0.002821628311849419
0.099 0.002849490074549656
0.1 0.002877308972110439
0.101 0.0029050850821794793
0.10200000000000001 0.0029328184824222356
0.10300000000000001 0.0029605092505222423
0.10400000000000001 0.002988157464180635
0.10500000000000001 0.0030157632011165504
0.10600000000000001 0.003043326539066722
0.10700000000000001 0.0030708475557857293
0.10800000000000001 0.0030983263290457587
0.10900000000000001 0.00312576293663669
0.11 0.003153157456366004
0.111 0.0031805099660588013
0.112 0.00320782054355756
0.113 0.003235089266722531
0.114 0.003262316213431107
0.115 0.0032895014615783908
0.116 0.0033166450890766237
0.117 0.0033437471738555985
0.11800000000000001 0.003370807793862297
0.11900000000000001 0.0033978269690569636
0.12000000000000001 0.0034248046912643756
0.12100000000000001 0.0034517410314012066
0.12200000000000001 0.0034786360609923403
0.12300000000000001 0.0035054898515788167
0.12400000000000001 0.0035323024747180008
0.125 0.0035590740019834253
0.126 0.003585804504964801
0.127 0.003612494055267983
0.128 0.0036391427245150106
0.129 0.0036657505843438794
0.13 0.0036923177064086287
0.131 0.0037188441623794617
0.132 0.0037453300239423597
0.133 0.003771775362799363
0.134 0.003798180250668337
0.135 0.003824544759283223
0.136 0.0038508689603934843
0.137 0.0038771529257645865
0.138 0.0039033967271778153
0.139 0.003929600436430108
0.14 0.003955764125334156
0.14100000000000001 0.003981887865718127
0.14200000000000002 0.00400797172942622
0.14300000000000002 0.004034015788317811
0.14400000000000002 0.004060020114268244
0.14500000000000002 0.004085984779168094
0.14600000000000002 0.004111909854923553
0.14700000000000002 0.004137795413456455
0.14800000000000002 0.0041636415267037605
0.14900000000000002 0.004189448266618033
0.15 0.004215215705167257
0.151 0.0042409439143346805
0.152 0.004266632966118827
0.153 0.004292282932533572
0.154 0.004317893885608004
0.155 0.004343465897386504
0.156 0.004368999039928433
0.157 0.004394493385308542
0.158 0.004419949005616498
0.159 0.00444536597295725
0.16 0.004470744359450566
0.161 0.0044960842372238335
0.162 0.004521385629470961
0.163 0.004546648557335209
0.164 0.004571873086232041
0.165 0.004597059281439176
0.166 0.004622207208095895
0.167 0.004647316931203627
0.168 0.004672388515625296
0.169 0.004697422026085665
0.17 0.004722417527171134
0.171 0.004747375083329909
0.17200000000000001 0.00477229475887141
0.17300000000000001 0.004797176617966874
0.17400000000000002 0.0048220207246488485
0.17500000000000002 0.004846827142811356
0.17600000000000002 0.004871595936209661
0.17700000000000002 0.004896327168460445
0.17800000000000002 0.004921020903041674
0.17900000000000002 0.004945677203292358
0.18000000000000002 0.00497029613241273
0.181 0.0049948777534642354
0.182 0.0050194221293691265
0.183 0.00504392932291084
0.184 0.005068399396733681
0.185 0.0050928324133427925
0.186 0.005117228435104326
0.187 0.005141587524244977
0.188 0.005165909742852451
0.189 0.0051901951528749895
0.19 0.005214443816121346
0.191 0.005238655794261139
0.192 0.0052628311488243165
0.193 0.005286969941201444
0.194 0.005311072232643314
0.195 0.005335138084261431
0.196 0.005359167557027386
0.197 0.005383160711773068
0.198 0.0054071176091907555
0.199 0.005431038309832842
0.2 0.005454922874111774
0.201 0.005478771362300135
0.202 0.005502583834530744
0.203 0.005526360350796097
0.20400000000000001 0.005550100970948758
0.20500000000000002 0.0055738057547014145
0.20600000000000002 0.005597474761626295
0.20700000000000002 0.005621108051155502
0.20800000000000002 0.0056447056825809335
0.20900000000000002 0.005668267715054263
0.21000000000000002 0.005691794207586709
0.21100000000000002 0.00571528521904914
0.21200000000000002 0.005738740808171933
0.21300000000000002 0.005762161033545189
0.214 0.005785545953618158
0.215 0.005808895626699739
0.216 0.005832210110958131
0.217 0.005855489464420897
0.218 0.005878733744974835
0.219 0.005901943010365943
0.22 0.005925117318199438
0.221 0.005948256725939879
0.222 0.005971361290910479
0.223 0.005994431070293934
0.224 0.006017466121131746
0.225 0.0060404665004683885
0.226 0.006063432278637849
0.227 0.006086363521952223
0.228 0.006109260288030938
0.229 0.006132122634371818
0.23 0.006154950618350957
0.231 0.006177744297222706
0.232 0.006200503728119849
0.233 0.006223228968053259
0.234 0.006245920073911997
0.23500000000000001 0.006268577102463251
0.23600000000000002 0.00629120011035243
0.23700000000000002 0.00631378915410279
0.23800000000000002 0.006336344290115756
0.23900000000000002 0.006358865574670759
0.24000000000000002 0.00638135306392488
0.24100000000000002 0.006403806813913364
0.24200000000000002 0.006426226880549292
0.24300000000000002 0.006448613319623274
0.24400000000000002 0.006470966186804035
0.245 0.006493285537637745
0.246 0.006515571427548362
0.247 0.006537823911837528
0.248 0.0065600430456844785
0.249 0.006582228884145768
0.25 0.006604381482155858
0.251 0.006626500894526252
0.252 0.006648587175946358
0.253 0.006670640380982549
0.254 0.00669266056407882
0.255 0.006714647779556364
0.256 0.006736602081613727
0.257 0.006758523524326608
0.258 0.006780412161647821
0.259 0.006802268047407609
0.26 0.006824091235313091
0.261 0.006845881778948581
0.262 0.006867639731775268
0.263 0.0068893651471315384
0.264 0.006911058078232576
0.265 0.006932718578170674
0.266 0.006954346699914777
0.267 0.006975942496310781
0.268 0.006997506020081348
0.269 0.007019037323826096
0.27 0.007040536460021012
0.271 0.007062003481019052
0.272 0.007083438439049726
0.273 0.00710484138621917
0.274 0.007126212374510003
0.275 0.007147551455781492
0.276 0.007168858681769444
0.277 0.0071901341040858865
0.278 0.007211377774219502
0.279 0.007232589743535232
0.28 0.007253770063274449
0.281 0.0072749187845547085
0.28200000000000003 0.007296035958369956
0.28300000000000003 0.0073171216355903314
0.28400000000000003 0.007338175866962205
0.28500000000000003 0.00735919870310799
0.28600000000000003 0.00738019019452626
0.28700000000000003 0.00740115039159179
0.28800000000000003 0.007422079344555364
0.28900000000000003 0.00744297710404696
0.29000000000000004 0.00746384373488067
0.29100000000000004 0.007484679294568064
0.29200000000000004 0.007505483833911573
0.29300000000000004 0.007526257403605414
0.294 0.007547000054235794
0.295 0.007567711836280837
0.296 0.007588392800110312
0.297 0.007609042995985881
0.298 0.007629662474060825
0.299 0.007650251284380395
0.3 0.007670809476881198
0.301 0.007691337101391756
0.302 0.007711834207631909
0.303 0.007732300845213349
0.304 0.0077527370636391755
0.305 0.0077731429123040294
0.306 0.007793518440494064
0.307 0.007813863697386701
0.308 0.007834178732050964
0.309 0.007854463593447207
0.31 0.007874718330427154
0.311 0.007894942991733628
0.312 0.007915137626001016
0.313 0.007935302281754762
0.314 0.007955437007411609
0.315 0.007975541851279539
0.316 0.007995616861557442
0.317 0.00801566208633555
0.318 0.008035677573595086
0.319 0.008055663371208284
0.32 0.008075619526938619
0.321 0.008095546088440228
0.322 0.00811544310325835
0.323 0.008135310618829304
0.324 0.008155148682479884
0.325 0.00817495734142834
0.326 0.0081947366427831
0.327 0.008214486633543893
0.328 0.008234207360600933
0.329 0.008253898870735313
0.33 0.008273561210618702
0.331 0.008293194426813626
0.332 0.008312798565772966
0.333 0.008332373673840453
0.334 0.008351919797250322
0.335 0.008371436982127289
0.336 0.008390925274486764
0.337 0.008410384720234407
0.338 0.008429815365166508
0.339 0.008449217254969624
0.34 0.008468590435220934
0.341 0.008487934951387728
0.342 0.008507250848827867
0.343 0.008526538172789262
0.34400000000000003 0.008545796968410327
0.34500000000000003 0.008565027280719556
0.34600000000000003 0.008584229154635721
0.34700000000000003 0.008603402634967854
0.34800000000000003 0.008622547766414922
0.34900000000000003 0.008641664593566259
0.35000000000000003 0.008660753160901114
0.35100000000000003 0.008679813512788917
0.35200000000000004 0.00869884569348908
0.35300000000000004 0.008717849748484267
0.35400000000000004 0.008736825741277697
0.35500000000000004 0.008755773723200723
0.35600000000000004 0.008774693739355952
0.357 0.008793585834755833
0.358 0.008812450054322019
0.359 0.00883128644288582
0.36 0.00885009504518783
0.361 0.008868875905878123
0.362 0.008887629069516154
0.363 0.008906354580570616
0.364 0.008925052483419769
0.365 0.00894372282235085
0.366 0.008962365641560572
0.367 0.008980980985154745
0.368 0.008999568897148666
0.369 0.00901812942146651
0.37 0.009036662601941749
0.371 0.009055168482316954
0.372 0.009073647106243891
0.373 0.009092098517283301
0.374 0.009110522758905103
0.375 0.009128919874488065
0.376 0.009147289907320156
0.377 0.00916563290059822
0.378 0.009183948897428176
0.379 0.009202237940824533
0.38 0.009220500073711136
0.381 0.00923873533892048
0.382 0.009256943779193923
0.383 0.00927512543718169
0.384 0.009293280355442742
0.385 0.009311408576444937
0.386 0.009329510142564775
0.387 0.009347585096087574
0.388 0.009365633479207224
0.389 0.00938365533402636
0.39 0.009401650702556384
0.391 0.009419619626717087
0.392 0.009437562148337075
0.393 0.009455478309153347
0.394 0.00947336815081172
0.395 0.009491231714866167
0.396 0.009509069042779554
0.397 0.009526880175922965
0.398 0.009544665155575945
0.399 0.009562424022926664
0.4 0.009580156819071478
0.401 0.009597863585015213
0.402 0.009615544361671162
0.403 0.009633199189860775
0.404 0.009650828110313819
0.405 0.00966843116366854
0.406 0.009686008390471148
0.40700000000000003 0.009703559831176524
0.40800000000000003 0.009721085526147219
0.40900000000000003 0.00973858551565442
0.41000000000000003 0.009756059839877205
0.41100000000000003 0.009773508538902964
0.41200000000000003 0.009790931652727172
0.41300000000000003 0.00980832922125333
0.41400000000000003 0.009825701284293059
0.41500000000000004 0.009843047881565991
0.41600000000000004 0.009860369052699878
0.41700000000000004 0.009877664838565007
0.41800000000000004 0.009894935290235331
0.41900000000000004 0.009912180450349615
0.42000000000000004 0.00992940035890486
0.42100000000000004 0.009946595055817192
0.422 0.009963764580921766
0.423 0.009980908973973133
0.424 0.009998028274644685
0.425 0.010015122522529037
0.426 0.010032191757137729
0.427 0.010049236017901433
0.428 0.01006625534416986
0.429 0.010083249775211538
0.43 0.010100219350214155
0.431 0.01011716410828428
0.432 0.01013408408844729
0.433 0.010150979329647631
0.434 0.010167849870748565
0.435 0.010184695750532135
0.436 0.010201517007699359
0.437 0.010218313680869996
0.438 0.010235085808582603
0.439 0.010251833429294577
0.44 0.010268556581381986
0.441 0.010285255303139569
0.442 0.010301929632781093
0.443 0.010318579608438566
0.444 0.010335205268163058
0.445 0.010351806649924071
0.446 0.010368383791609773
0.447 0.010384936731027009
0.448 0.010401465505901241
0.449 0.010417970153876252
0.45 0.010434450712514717
0.451 0.010450907219297633
0.452 0.01046733971162445
0.453 0.010483748226813376
0.454 0.010500132802100832
0.455 0.010516493474641727
0.456 0.010532830281509498
0.457 0.01054914325969597
0.458 0.01056543244611132
0.459 0.010581697877583916
0.46 0.010597939590860854
0.461 0.01061415762260732
0.462 0.010630352009406794
0.463 0.010646522787761141
0.464 0.010662669994090384
0.465 0.010678793664732969
0.466 0.010694893835945367
0.467 0.010710970543902486
0.468 0.010727023824697134
0.46900000000000003 0.010743053714340565
0.47000000000000003 0.010759060248762047
0.47100000000000003 0.010775043463809052
0.47200000000000003 0.01079100339524704
0.47300000000000003 0.010806940078759743
0.47400000000000003 0.010822853549948809
0.47500000000000003 0.010838743844334123
0.47600000000000003 0.010854610997353367
0.47700000000000004 0.010870455044362458
0.47800000000000004 0.010886276020635108
0.47900000000000004 0.010902073961363317
0.48000000000000004 0.010917848901656715
0.48100000000000004 0.010933600879305075
0.48200000000000004 0.010949329945030688
0.48300000000000004 0.010965036137016269
0.48400000000000004 0.010980719491031814
0.485 0.010996380042780363
0.486 0.01101201782789779
0.487 0.011027632881953011
0.488 0.011043225240447669
0.489 0.011058794938816221
0.49 0.011074342012426278
0.491 0.011089866496577772
0.492 0.011105368426503861
0.493 0.011120847837370315
0.494 0.011136304764275655
0.495 0.0111517392422513
0.496 0.011167151306261227
0.497 0.011182540991202156
0.498 0.011197908331903698
0.499 0.01121325336312796
0.5 0.011228576119569721
0.501 0.011243876635856537
0.502 0.011259154946548519
0.503 0.011274411086138402
0.504 0.011289645089051495
0.505 0.011304856989645836
0.506 0.011320046822211785
0.507 0.01133521462097252
0.508 0.011350360420083682
0.509 0.01136548425363324
0.51 0.011380586155641872
0.511 0.011395666160062778
0.512 0.011410724300781412
0.513 0.011425760611615866
0.514 0.011440775126316697
0.515 0.011455767878566713
0.516 0.011470738901981298
0.517 0.011485688230108154
0.518 0.011500615896427322
0.519 0.011515521934351325
0.52 0.01153040637722487
0.521 0.011545269258325126
0.522 0.01156011061086153
0.523 0.011574930467975825
0.524 0.011589728862742031
0.525 0.01160450582816633
0.526 0.011619261397187379
0.527 0.011633995602675888
0.528 0.011648708477434908
0.529 0.011663400054199528
0.53 0.011678070365637236
0.531 0.011692719444347459
0.532 0.011707347322862011
0.533 0.011721954033644707
0.534 0.011736539609091564
0.535 0.01175110408153063
0.536 0.011765647483222065
0.537 0.0117801698463583
0.538 0.011794671203063488
0.539 0.011809151585394103
0.54 0.011823611025338588
0.541 0.011838049554817324
0.542 0.011852467205682865
0.543 0.0118668640097196
0.544 0.011881239998643935
0.545 0.011895595205631547
0.546 0.011909929668279758
0.547 0.011924243419044437
0.548 0.011938536489752493
0.549 0.011952808912168583
0.55 0.011967060717995024
0.551 0.011981291938871859
0.552 0.011995502606376727
0.553 0.01200969275202511
0.554 0.012023862407269876
0.555 0.012038011603501743
0.556 0.012052140372049056
0.557 0.01206624874417759
0.558 0.0120803367510908
0.559 0.012094404423929863
0.56 0.012108451793773253
0.561 0.012122478891637197
0.562 0.012136485748475456
0.5630000000000001 0.012150472395179154
0.5640000000000001 0.012164438862577063
0.5650000000000001 0.012178385181435427
0.5660000000000001 0.012192311382457983
0.5670000000000001 0.012206217496285917
0.5680000000000001 0.012220103553497839
0.5690000000000001 0.01223396958460982
0.5700000000000001 0.012247815620075531
0.5710000000000001 0.012261641690285638
0.5720000000000001 0.012275447825568693
0.5730000000000001 0.012289234056190257
0.5740000000000001 0.012303000412353517
0.5750000000000001 0.01231674692419892
0.5760000000000001 0.01233047362180419
0.5770000000000001 0.012344180535184641
0.5780000000000001 0.012357867694292486
0.5790000000000001 0.012371535129017616
0.5800000000000001 0.012385182869187196
0.5810000000000001 0.012398810944565401
0.582 0.012412419384853893
0.583 0.012426008219691606
0.584 0.012439577478654606
0.585 0.012453127191256129
0.586 0.012466657386946911
0.587 0.012480168095114602
0.588 0.012493659345084238
0.589 0.012507131166117786
0.59 0.01252058358741474
0.591 0.012534016638111399
0.592 0.012547430347281393
0.593 0.012560824743935467
0.594 0.012574199857021472
0.595 0.012587555715424251
0.596 0.012600892347965829
0.597 0.012614209783405397
0.598 0.01262750805043891
0.599 0.012640787177699788
0.6 0.012654047193758178
0.601 0.01266728812712139
0.602 0.012680510006233683
0.603 0.012693712859476286
0.604 0.01270689671516752
0.605 0.012720061601562761
0.606 0.012733207546854025
0.607 0.012746334579170513
0.608 0.012759442726578392
0.609 0.012772532021623222
0.61 0.012785602504914834
0.611 0.012798654205829993
0.612 0.012811687153023483
0.613 0.01282470137509992
0.614 0.012837696900613402
0.615 0.012850673758067827
0.616 0.012863631975916404
0.617 0.01287657158256219
0.618 0.012889492606357814
0.619 0.012902395075605332
0.62 0.01291527901855651
0.621 0.01292814446341257
0.622 0.012940991438324318
0.623 0.012953819971392043
0.624 0.012966630090665614
0.625 0.012979421824144419
0.626 0.012992195199777212
0.627 0.013004950245462448
0.628 0.013017686989047875
0.629 0.01303040545833078
0.63 0.013043105681057833
0.631 0.013055787684925279
0.632 0.013068451497578713
0.633 0.013081097146613081
0.634 0.013093724659572967
0.635 0.01310633406395209
0.636 0.013118925387193659
0.637 0.013131498656690404
0.638 0.013144053899784175
0.639 0.013156591143766378
0.64 0.01316911041587768
0.641 0.013181611743308033
0.642 0.013194095153196878
0.643 0.013206560672632886
0.644 0.01321900832865393
0.645 0.013231438148247277
0.646 0.013243850158349545
0.647 0.01325624438584648
0.648 0.01326862085757324
0.649 0.013280979600314166
0.65 0.0132933206408028
0.651 0.013305644005721923
0.652 0.013317949721703653
0.653 0.013330237815329247
0.654 0.01334250831312912
0.655 0.013354761241582934
0.656 0.013366996627119548
0.657 0.013379214496117028
0.658 0.013391414874902372
0.659 0.013403597789752041
0.66 0.01341576326689149
0.661 0.013427911332495289
0.662 0.013440042012687201
0.663 0.01345215533354003
0.664 0.013464251321075711
0.665 0.013476330001265292
0.666 0.013488391400028922
0.667 0.013500435543235727
0.668 0.013512462456703997
0.669 0.013524472166201132
0.67 0.013536464697443323
0.671 0.013548440076096051
0.672 0.013560398327773775
0.673 0.013572339478039772
0.674 0.013584263552406673
0.675 0.013596170576335767
0.676 0.01360806057523759
0.677 0.013619933574471391
0.678 0.013631789599345651
0.679 0.013643628675117632
0.68 0.013655450826993633
0.681 0.013667256080128925
0.682 0.013679044459627488
0.683 0.013690815990542587
0.684 0.013702570697876003
0.685 0.013714308606578775
0.686 0.013726029741550468
0.687 0.013737734127639907
0.6880000000000001 0.013749421789644528
0.6890000000000001 0.013761092752310777
0.6900000000000001 0.01377274704033377
0.6910000000000001 0.013784384678357728
0.6920000000000001 0.01379600569097553
0.6930000000000001 0.013807610102728908
0.6940000000000001 0.013819197938108388
0.6950000000000001 0.013830769221553406
0.6960000000000001 0.013842323977452137
0.6970000000000001 0.01385386223014152
0.6980000000000001 0.013865384003907348
0.6990000000000001 0.013876889322984082
0.7000000000000001 0.013888378211555013
0.7010000000000001 0.01389985069375223
0.7020000000000001 0.013911306793656488
0.7030000000000001 0.01392274653529728
0.7040000000000001 0.01393416994265282
0.7050000000000001 0.013945577039650263
0.7060000000000001 0.013956967850165041
0.7070000000000001 0.013968342398021714
0.7080000000000001 0.013979700706993286
0.709 0.013991042800801445
0.71 0.01400236870311678
0.711 0.014013678437558253
0.712 0.014024972027987019
0.713 0.014036249512064862
0.714 0.014047510921557415
0.715 0.014058756280577478
0.716 0.014069985613194195
0.717 0.014081198943433092
0.718 0.014092396295275856
0.719 0.014103577692660242
0.72 0.014114743159480405
0.721 0.014125892719586688
0.722 0.01413702639678558
0.723 0.014148144214839805
0.724 0.014159246197468197
0.725 0.014170332368345868
0.726 0.014181402751104083
0.727 0.014192457369330159
0.728 0.014203496246567707
0.729 0.014214519406316467
0.73 0.014225526872032157
0.731 0.014236518667126788
0.732 0.014247494814968488
0.733 0.014258455338881412
0.734 0.014269400262145869
0.735 0.014280329607998214
0.736 0.01429124339963101
0.737 0.014302141660192867
0.738 0.014313024412788266
0.739 0.014323891680478068
0.74 0.014334743486278955
0.741 0.014345579853163853
0.742 0.014356400804061501
0.743 0.014367206361856857
0.744 0.014377996549390877
0.745 0.014388771389460526
0.746 0.014399530904818625
0.747 0.014410275118174283
0.748 0.014421004052192429
0.749 0.014431717729493958
0.75 0.01444241617265589
0.751 0.014453099404211111
0.752 0.01446376744664842
0.753 0.014474420322412784
0.754 0.01448505805390479
0.755 0.01449568066348142
0.756 0.014506288173455142
0.757 0.014516880606094632
0.758 0.014527457983624452
0.759 0.014538020328224951
0.76 0.01454856766203255
0.761 0.014559100007139406
0.762 0.014569617385593717
0.763 0.014580119819399497
0.764 0.014590607330516684
0.765 0.01460107994086086
0.766 0.014611537672303845
0.767 0.014621980546673113
0.768 0.014632408585752018
0.769 0.014642821811279605
0.77 0.014653220244950985
0.771 0.014663603908416973
0.772 0.014673972823284242
0.773 0.014684327011115285
0.774 0.014694666493428349
0.775 0.014704991291697524
0.776 0.014715301427352683
0.777 0.014725596921779459
0.778 0.014735877796319278
0.779 0.014746144072269426
0.78 0.014756395770882799
0.781 0.01476663291336815
0.782 0.014776855520889913
0.783 0.014787063614568299
0.784 0.01479725721547933
0.785 0.014807436344654604
0.786 0.014817601023081545
0.787 0.014827751271703342
0.788 0.014837887111418726
0.789 0.014848008563082285
0.79 0.014858115647504189
0.791 0.014868208385450353
0.792 0.0148782867976424
0.793 0.014888350904757559
0.794 0.01489840072742874
0.795 0.014908436286244544
0.796 0.01491845760174935
0.797 0.014928464694442816
0.798 0.014938457584780601
0.799 0.014948436293173793
0.8 0.014958400839989356
0.801 0.014968351245549493
0.802 0.014978287530132361
0.803 0.014988209713971506
0.804 0.014998117817256233
0.805 0.01500801186013129
0.806 0.015017891862697162
0.807 0.015027757845009801
0.808 0.015037609827080712
0.809 0.015047447828877108
0.81 0.01505727187032175
0.811 0.015067081971292752
0.812 0.015076878151623981
0.8130000000000001 0.015086660431104753
0.8140000000000001 0.015096428829479888
0.8150000000000001 0.015106183366449925
0.8160000000000001 0.015115924066752951
0.8170000000000001 0.015125650970785757
0.8180000000000001 0.015135364101047362
0.8190000000000001 0.015145063477874551
0.8200000000000001 0.015154749121567297
0.8210000000000001 0.015164421052388568
0.8220000000000001 0.01517407929056487
0.8230000000000001 0.015183723856285651
0.8240000000000001 0.015193354769703763
0.8250000000000001 0.015202972050935145
0.8260000000000001 0.01521257572005897
0.8270000000000001 0.015222165797117574
0.8280000000000001 0.015231742302116545
0.8290000000000001 0.01524130525502466
0.8300000000000001 0.015250854675773555
0.8310000000000001 0.015260390584258586
0.8320000000000001 0.015269913000337759
0.8330000000000001 0.01527942194383259
0.8340000000000001 0.015288917434527515
0.8350000000000001 0.015298399492170238
0.8360000000000001 0.015307868136471467
0.8370000000000001 0.015317323387105258
0.838 0.01532676526370859
0.839 0.015336193785881653
0.84 0.015345608973187786
0.841 0.01535501084515332
0.842 0.015364399421267782
0.843 0.015373774720983783
0.844 0.015383136763716996
0.845 0.015392485568846153
0.846 0.015401821155713214
0.847 0.015411143543623109
0.848 0.015420452751843708
0.849 0.01542974879960612
0.85 0.01543903170610454
0.851 0.01544830149049616
0.852 0.015457558171901083
0.853 0.015466801769402664
0.854 0.01547603230204714
0.855 0.015485249788843889
0.856 0.01549445424876522
0.857 0.01550364570074656
0.858 0.015512824163686288
0.859 0.015521989656445752
0.86 0.01553114219784934
0.861 0.01554028180668461
0.862 0.015549408501701788
0.863 0.015558522301614218
0.864 0.01556762322509842
0.865 0.015576711290793622
0.866 0.015585786517302178
0.867 0.015594848923189297
0.868 0.01560389852698323
0.869 0.015612935347175264
0.87 0.0156219594022194
0.871 0.01563097071053282
0.872 0.015639969290495475
0.873 0.01564895516045037
0.874 0.01565792833870332
0.875 0.015666888843523206
0.876 0.01567583669314172
0.877 0.015684771905753504
0.878 0.015693694499516152
0.879 0.015702604492550048
0.88 0.015711501902938515
0.881 0.015720386748727888
0.882 0.015729259047927196
0.883 0.015738118818508517
0.884 0.015746966078406727
0.885 0.015755800845519606
0.886 0.015764623137707705
0.887 0.015773432972794536
0.888 0.01578223036856657
0.889 0.01579101534277285
0.89 0.01579978791312542
0.891 0.015808548097299223
0.892 0.01581729591293202
0.893 0.015826031377624315
0.894 0.015834754508939498
0.895 0.01584346532440372
0.896 0.015852163841506138
0.897 0.015860850077698378
0.898 0.015869524050395267
0.899 0.01587818577697417
0.9 0.015886835274775305
0.901 0.015895472561101798
0.902 0.015904097653219346
0.903 0.015912710568356674
0.904 0.015921311323705018
0.905 0.015929899936418582
0.906 0.015938476423614418
0.907 0.01594704080237203
0.908 0.015955593089734002
0.909 0.01596413330270544
0.91 0.01597266145825427
0.911 0.015981177573311224
0.912 0.01598968166476983
0.913 0.015998173749486106
0.914 0.01600665384427894
0.915 0.01601512196593011
0.916 0.016023578131183807
0.917 0.016032022356747142
0.918 0.016040454659289854
0.919 0.01604887505547551
0.92 0.01605728357629414
0.921 0.016065680250753108
0.922 0.016074065096140504
0.923 0.016082438129714726
0.924 0.016090799368703917
0.925 0.016099148830306387
0.926 0.016107486531690425
0.927 0.01611581248999424
0.928 0.0161241267223261
0.929 0.01613242924576429
0.93 0.01614072007735698
0.931 0.01614899923412245
0.932 0.01615726673304889
0.933 0.016165522591094418
0.934 0.01617376682518711
0.935 0.016181999452225114
0.936 0.016190220489076524
0.937 0.0161984299525793
0.9380000000000001 0.016206627859541387
0.9390000000000001 0.01621481422674071
0.9400000000000001 0.016222989070925144
0.9410000000000001 0.016231152408812406
0.9420000000000001 0.016239304257090272
0.9430000000000001 0.01624744463241637
0.9440000000000001 0.016255573551418268
0.9450000000000001 0.01626369103069347
0.9460000000000001 0.016271797086809408
0.9470000000000001 0.016279891736303433
0.9480000000000001 0.016287974995682738
0.9490000000000001 0.016296046881424508
0.9500000000000001 0.0163041074099758
0.9510000000000001 0.016312156597753515
0.9520000000000001 0.01632019446114455
0.9530000000000001 0.0163282210165056
0.9540000000000001 0.016336236280163285
0.9550000000000001 0.016344240268414082
0.9560000000000001 0.016352232997524405
0.9570000000000001 0.016360214483730526
0.9580000000000001 0.01636818474323854
0.9590000000000001 0.01637614379222445
0.9600000000000001 0.016384091646834006
0.9610000000000001 0.016392028323183032
0.9620000000000001 0.016399953837357126
0.9630000000000001 0.01640786820541152
0.9640000000000001 0.016415771443371616
0.965 0.016423663567232464
0.966 0.016431544592958997
0.967 0.016439414536486004
0.968 0.01644727341371808
0.969 0.01645512124052971
0.97 0.01646295803276507
0.971 0.016470783806238253
0.972 0.016478598576733155
0.973 0.016486402360003476
0.974 0.016494195171772745
0.975 0.01650197702773422
0.976 0.016509747943551013
0.977 0.01651750793485611
0.978 0.016525257017252198
0.979 0.016532995206311657
0.98 0.016540722517576854
0.981 0.01654843896655987
0.982 0.01655614456874245
0.983 0.01656383933957625
0.984 0.01657152329448261
0.985 0.016579196448852706
0.986 0.016586858818047428
0.987 0.016594510417397484
0.988 0.016602151262203272
0.989 0.016609781367734937
0.99 0.01661740074923235
0.991 0.0166250094219053
0.992 0.016632607400933103
0.993 0.0166401947014649
0.994 0.016647771338619586
0.995 0.01665533732748584
0.996 0.016662892683121842
0.997 0.0166704374205557
0.998 0.016677971554785218
0.999 0.016685495100777836
1.0 0.016693008073470836
1.001 0.016700510487771103
1.002 0.01670800235855519
1.003 0.016715483700669446
1.004 0.016722954528929804
1.005 0.016730414858122065
1.006 0.016737864703001565
1.007 0.016745304078293527
1.008 0.016752732998692493
1.009 0.016760151478863033
1.01 0.016767559533439252
1.011 0.016774957177024926
1.012 0.016782344424193532
1.013 0.016789721289488243
1.014 0.016797087787421824
1.015 0.016804443932476643
1.016 0.016811789739104927
1.017 0.01681912522172832
1.018 0.01682645039473837
1.019 0.016833765272495995
1.02 0.016841069869331964
1.021 0.016848364199546585
1.022 0.016855648277409842
1.023 0.016862922119489594
1.024 0.016870185754658686
1.025 0.01687743920012609
1.026 0.016884682470607437
1.027 0.01689191558079322
1.028 0.01689913854534902
1.029 0.016906351378915403
1.0299999999999998 0.016913554096107997
1.031 0.01692074671151731
1.0319999999999998 0.01692792923970886
1.033 0.016935101695223272
1.0339999999999998 0.016942264092575984
1.035 0.016949416446257522
1.0359999999999998 0.016956558770733435
1.037 0.016963691080444026
1.0379999999999998 0.01697081338980481
1.039 0.01697792571320614
1.0399999999999998 0.016985028065013445
1.041 0.016992120459567033
1.0419999999999998 0.016999202911182114
1.043 0.017006275434148982
1.0439999999999998 0.01701333804273286
1.045 0.017020390751173804
1.0459999999999998 0.017027433573686933
1.047 0.01703446652446233
1.0479999999999998 0.017041489617664933
1.049 0.017048502867434583
1.0499999999999998 0.01705550628788624
1.051 0.017062499893109633
1.0519999999999998 0.017069483697169482
1.053 0.017076457714105354
1.0539999999999998 0.017083421957931975
1.055 0.017090376442638694
1.0559999999999998 0.01709732118218994
1.057 0.017104256190524993
1.0579999999999998 0.017111181481558175
1.059 0.017118097069178505
1.0599999999999998 0.01712500296725009
1.061 0.017131899189611787
1.0619999999999998 0.01713878575007753
1.063 0.01714566266243611
1.0639999999999998 0.01715252994045101
1.065 0.01715938759786086
1.0659999999999998 0.01716623564837903
1.067 0.017173074105693877
1.0679999999999998 0.01717990298346852
1.069 0.01718672229534102
1.0699999999999998 0.01719353205492435
1.071 0.01720033227580636
1.0719999999999998 0.017207122971549596
1.073 0.017213904155691816
1.0739999999999998 0.017220675841745293
1.075 0.01722743804319731
1.0759999999999998 0.01723419077351007
1.077 0.017240934046120603
1.0779999999999998 0.017247667874440657
1.079 0.017254392271857103
1.0799999999999998 0.0172611072517313
1.081 0.0172678128273998
1.0819999999999999 0.017274509012173787
1.083 0.017281195819339366
1.0839999999999999 0.017287873262157437
1.085 0.017294541353863834
1.0859999999999999 0.017301200107669057
1.087 0.01730784953675864
1.0879999999999999 0.01731448965429273
1.089 0.017321120473406528
1.0899999999999999 0.017327742007209764
1.091 0.01733435426878728
1.0919999999999999 0.01734095727119859
1.093 0.01734755102747801
1.0939999999999999 0.017354135550634746
1.095 0.01736071085365269
1.0959999999999999 0.017367276949490723
1.097 0.017373833851082293
1.0979999999999999 0.0173803815713359
1.099 0.017386920123134655
1.0999999999999999 0.017393449519336485
1.101 0.017399969772774304
1.1019999999999999 0.01740648089625553
1.103 0.017412982902562518
1.1039999999999999 0.0174194758044524
1.105 0.01742595961465713
1.1059999999999999 0.017432434345883326
1.107 0.01743890001081254
1.1079999999999999 0.017445356622100894
1.109 0.01745180419237948
1.1099999999999999 0.01745824273425401
1.111 0.017464672260305097
1.1119999999999999 0.01747109278308803
1.113 0.017477504315132893
1.1139999999999999 0.017483906868944424
1.115 0.017490300457002353
1.1159999999999999 0.017496685091760895
1.117 0.01750306078564925
1.1179999999999999 0.017509427551071155
1.119 0.017515785400405208
1.1199999999999999 0.017522134346004817
1.121 0.017528474400197967
1.1219999999999999 0.017534805575287537
1.123 0.01754112788355105
1.1239999999999999 0.017547441337240753
1.125 0.01755374594858367
1.126 0.017560041729781557
1.127 0.01756632869988916
1.128 0.017572606880193402
1.129 0.017578876283313293
1.13 0.017585136921813023
1.131 0.01759138880823603
1.132 0.01759763195510469
1.133 0.01760386637492067
1.134 0.01761009208016449
1.135 0.01761630908329608
1.136 0.017622517396754116
1.137 0.017628717032956664
1.138 0.017634908004300606
1.139 0.01764109032316208
1.14 0.017647264001896288
1.141 0.01765342905283751
1.142 0.01765958548829894
1.143 0.01766573332057312
1.144 0.01767187256193153
1.145 0.01767800322462457
1.146 0.017684125320882007
1.147 0.017690238862912402
1.148 0.017696343862903526
1.149 0.017702440333022245
1.15 0.01770852828541436
1.151 0.017714607732204766
1.152 0.017720678685497402
1.153 0.01772674115737542
1.154 0.017732795159900807
1.155 0.01773884070511473
1.156 0.01774487780503718
1.157 0.017750906471667587
1.158 0.017756926716984065
1.1589999999999998 0.017762938552943888
1.16 0.01776894199148346
1.1609999999999998 0.01777493704451811
1.162 0.017780923723942157
1.1629999999999998 0.01778690204162913
1.164 0.01779287200943136
1.1649999999999998 0.017798833639180466
1.166 0.01780478694268677
1.1669999999999998 0.017810731931739925
1.168 0.01781666861810837
1.1689999999999998 0.017822597013539714
1.17 0.01782851712976053
1.1709999999999998 0.017834428978476407
1.172 0.017840332571371884
1.1729999999999998 0.01784622792011061
1.174 0.01785211503633517
1.1749999999999998 0.01785799393166725
1.176 0.017863864617707403
1.1769999999999998 0.017869727106035217
1.178 0.017875581408209325
1.1789999999999998 0.017881427535767377
1.18 0.017887265500226016
1.1809999999999998 0.017893095313080726
1.182 0.01789891698580624
1.1829999999999998 0.017904730529855965
1.184 0.017910535956662647
1.1849999999999998 0.017916333277637763
1.186 0.01792212250417179
1.1869999999999998 0.017927903647634268
1.188 0.017933676719373775
1.1889999999999998 0.017939441730717706
1.19 0.017945198692972397
1.1909999999999998 0.017950947617423527
1.192 0.017956688515335235
1.1929999999999998 0.017962421397950956
1.194 0.01796814627649307
1.1949999999999998 0.01797386316216282
1.196 0.017979572066140422
1.1969999999999998 0.0179852729995851
1.198 0.017990965973634997
1.1989999999999998 0.01799665099940736
1.2 0.01800232808799805
1.2009999999999998 0.01800799725048229
1.202 0.018013658497914007
1.2029999999999998 0.018019311841326033
1.204 0.01802495729173036
1.2049999999999998 0.018030594860117766
1.206 0.018036224557457972
1.2069999999999999 0.0180418463946997
1.208 0.01804746038277074
1.2089999999999999 0.018053066532577416
1.21 0.01805866485500549
1.2109999999999999 0.018064255360919223
1.212 0.018069838061162115
1.2129999999999999 0.018075412966556362
1.214 0.01808098008790331
1.2149999999999999 0.018086539435983116
1.216 0.018092091021554808
1.2169999999999999 0.018097634855356422
1.218 0.01810317094810497
1.2189999999999999 0.018108699310496128
1.22 0.018114219953204728
1.2209999999999999 0.018119732886884544
1.222 0.018125238122168118
1.2229999999999999 0.018130735669666862
1.224 0.018136225539971334
1.2249999999999999 0.01814170774365076
1.226 0.018147182291253415
1.2269999999999999 0.018152649193306322
1.228 0.018158108460315677
1.2289999999999999 0.018163560102766294
1.23 0.018169004132116483
1.2309999999999999 0.01817444056922759
1.232 0.018179869427622005
1.2329999999999999 0.018185290718111938
1.234 0.018190704451492696
1.2349999999999999 0.018196110638542245
1.236 0.01820150929002118
1.2369999999999999 0.018206900416673305
1.238 0.018212284029224885
1.2389999999999999 0.018217660138385085
1.24 0.01822302875484588
1.2409999999999999 0.018228389889282083
1.242 0.018233743552351148
1.2429999999999999 0.018239089754693506
1.244 0.018244428506932257
1.2449999999999999 0.01824975981967325
1.246 0.01825508370350532
1.2469999999999999 0.018260400168999862
1.248 0.01826570922671116
1.2489999999999999 0.018271010887176354
1.25 0.018276305160915093
1.251 0.01828159205843008
1.252 0.01828687159020667
1.253 0.018292143766713148
1.254 0.01829740859840019
1.255 0.01830266609570169
1.256 0.01830791626903409
1.257 0.018313159128796587
1.258 0.01831839468537112
1.259 0.018323622949122556
1.26 0.018328843930398322
1.261 0.018334057639528816
1.262 0.018339264086826974
1.263 0.01834446328258867
1.264 0.018349655237092432
1.265 0.018354839960599636
1.266 0.018360017463354198
1.267 0.01836518775558312
1.268 0.01837035084749584
1.269 0.018375506749284717
1.27 0.018380655471124878
1.271 0.018385797023174028
1.272 0.018390931415572763
1.273 0.01839605865844442
1.274 0.01840117876189495
1.275 0.01840629173601323
1.276 0.018411397590870664
1.277 0.01841649633652164
1.278 0.01842158798300296
1.279 0.0184266725403345
1.28 0.018431750018518617
1.281 0.018436820427540523
1.282 0.018441883777368155
1.283 0.018446940077952084
1.284 0.018451989339225698
1.285 0.01845703157110507
1.2859999999999998 0.018462066783489096
1.287 0.018467094986259133
1.2879999999999998 0.018472116189279554
1.289 0.018477130402397277
1.2899999999999998 0.018482137635442018
1.291 0.01848713789822616
1.2919999999999998 0.018492131200544777
1.293 0.018497117552175788
1.2939999999999998 0.018502096962879525
1.295 0.018507069442399406
1.2959999999999998 0.01851203500046137
1.297 0.018516993646774053
1.2979999999999998 0.018521945391028808
1.299 0.018526890242899625
1.2999999999999998 0.01853182821204338
1.301 0.018536759308099466
1.3019999999999998 0.018541683540690114
1.303 0.01854660091942019
1.3039999999999998 0.018551511453877154
1.305 0.018556415153631347
1.3059999999999998 0.018561312028235685
1.307 0.018566202087225807
1.3079999999999998 0.018571085340120107
1.309 0.018575961796419505
1.3099999999999998 0.018580831465607735
1.311 0.018585694357151288
1.3119999999999998 0.01859055048049913
1.313 0.018595399845083016
1.3139999999999998 0.018600242460317475
1.315 0.018605078335599608
1.3159999999999998 0.018609907480309152
1.317 0.01861472990380864
1.3179999999999998 0.018619545615443264
1.319 0.01862435462454085
1.3199999999999998 0.018629156940411774
1.321 0.01863395257234942
1.3219999999999998 0.018638741529629486
1.323 0.018643523821510605
1.3239999999999998 0.01864829945723389
1.325 0.018653068446023116
1.3259999999999998 0.018657830797084995
1.327 0.018662586519608632
1.3279999999999998 0.018667335622765815
1.329 0.01867207811571114
1.3299999999999998 0.01867681400758172
1.331 0.018681543307497446
1.3319999999999999 0.018686266024560756
1.333 0.018690982167856737
1.3339999999999999 0.018695691748362313
1.335 0.018700394778901456
1.3359999999999999 0.018705091268764597
1.337 0.018709781227134577
1.3379999999999999 0.018714464663178602
1.339 0.018719141586048035
1.3399999999999999 0.018723812004878465
1.341 0.01872847592878966
1.3419999999999999 0.01873313336688565
1.343 0.01873778432825485
1.3439999999999999 0.01874242882196962
1.345 0.018747066857086728
1.3459999999999999 0.018751698442647166
1.347 0.018756323587676062
1.3479999999999999 0.018760942301182762
1.349 0.018765554592160897
1.3499999999999999 0.01877016046958824
1.351 0.018774759942426895
1.3519999999999999 0.018779353019623007
1.353 0.018783939710107094
1.3539999999999999 0.01878852002279381
1.355 0.018793093966582013
1.3559999999999999 0.018797661550354793
1.357 0.018802222782979498
1.3579999999999999 0.018806777673307518
1.359 0.018811326230174674
1.3599999999999999 0.018815868462400763
1.361 0.01882040437879
1.3619999999999999 0.01882493398813054
1.363 0.01882945729919501
1.3639999999999999 0.01883397432074014
1.365 0.018838485061506705
1.3659999999999999 0.018842989530219997
1.367 0.018847487735589162
1.3679999999999999 0.01885197968630776
1.369 0.01885646539105336
1.3699999999999999 0.01886094485848809
1.371 0.018865418097257714
1.3719999999999999 0.018869885115992715
1.373 0.018874345923307514
1.3739999999999999 0.018878800527800613
1.375 0.018883248938054906
1.376 0.018887691162637377
1.377 0.01889212721009933
1.378 0.01889655708897595
1.379 0.018900980807786925
1.38 0.01890539837503589
1.381 0.01890980979921076
1.382 0.01891421508878375
1.383 0.018918614252210978
1.384 0.018923007297932996
1.385 0.01892739423437435
1.386 0.018931775069943736
1.387 0.01893614981303426
1.388 0.01894051847202305
1.389 0.018944881055271305
1.39 0.0189492375711246
1.391 0.01895358802791251
1.392 0.01895793243394877
1.393 0.01896227079753145
1.394 0.01896660312694268
1.395 0.01897092943044872
1.396 0.0189752497163
1.397 0.018979563992731208
1.398 0.018983872267961086
1.399 0.01898817455019252
1.4 0.018992470847612665
1.401 0.018996761168392728
1.402 0.01900104552068817
1.403 0.019005323912638494
1.404 0.019009596352367465
1.405 0.01901386284798296
1.406 0.019018123407576925
1.407 0.019022378039225466
1.408 0.01902662675098912
1.409 0.01903086955091216
1.41 0.019035106447023185
1.411 0.019039337447335106
1.412 0.01904356255984466
1.4129999999999998 0.019047781792533015
1.414 0.019051995153365277
1.4149999999999998 0.019056202650290784
1.416 0.019060404291242984
1.4169999999999998 0.019064600084139575
1.418 0.019068790036882183
1.4189999999999998 0.019072974157356745
1.42 0.019077152453433315
1.4209999999999998 0.019081324932965927
1.422 0.019085491603793022
1.4229999999999998 0.0190896524737369
1.424 0.01909380755060421
1.4249999999999998 0.019097956842185466
1.426 0.019102100356255706
1.4269999999999998 0.019106238100573644
1.428 0.019110370082882567
1.4289999999999998 0.01911449631090953
1.43 0.019118616792365817
1.4309999999999998 0.019122731534946997
1.432 0.01912684054633257
1.4329999999999998 0.019130943834186186
1.434 0.019135041406155774
1.4349999999999998 0.019139133269873224
1.436 0.019143219432954498
1.4369999999999998 0.019147299903559695
1.438 0.01915137470068964
1.4389999999999998 0.01915544383677535
1.44 0.019159507319848244
1.4409999999999998 0.019163565157928206
1.442 0.019167617359023822
1.4429999999999998 0.019171663931132513
1.444 0.019175704882240158
1.4449999999999998 0.019179740220321425
1.446 0.019183769953339633
1.4469999999999998 0.01918779408924661
1.448 0.019191812635983102
1.4489999999999998 0.019195825601478318
1.45 0.0191998329936502
1.4509999999999998 0.019203834820405337
1.452 0.01920783108963901
1.4529999999999998 0.01921182180923508
1.454 0.01921580698706615
1.4549999999999998 0.01921978663099338
1.456 0.019223760748866735
1.4569999999999999 0.019227729348524684
1.458 0.01923169243779436
1.4589999999999999 0.01923565002449167
1.46 0.01923960211642112
1.4609999999999999 0.019243548721375764
1.462 0.01924748984713744
1.4629999999999999 0.01925142550147651
1.464 0.01925535569215206
1.4649999999999999 0.019259280426911895
1.466 0.01926319971349229
1.4669999999999999 0.01926711355961833
1.468 0.019271021973003583
1.4689999999999999 0.01927492496135046
1.47 0.019278822532349776
1.4709999999999999 0.019282714693681216
1.472 0.019286601453012957
1.4729999999999999 0.01929048281800193
1.474 0.01929435879629359
1.4749999999999999 0.01929822939552199
1.476 0.01930209462331001
1.4769999999999999 0.019305954487269048
1.478 0.019309808994999234
1.4789999999999999 0.01931365815408911
1.48 0.019317501972116027
1.4809999999999999 0.019321340456646036
1.482 0.0193251736152336
1.4829999999999999 0.019329001455421956
1.484 0.01933282398474297
1.4849999999999999 0.019336641210717185
1.486 0.01934045314085366
1.4869999999999999 0.019344259782650024
1.488 0.019348061143592825
1.4889999999999999 0.01935185723115688
1.49 0.01935564805280593
1.4909999999999999 0.019359433615992093
1.492 0.019363213928156365
1.4929999999999999 0.019366988996728104
1.494 0.01937075882912551
1.4949999999999999 0.019374523432755225
1.496 0.019378282815012658
1.4969999999999999 0.019382036983281836
1.498 0.019385785944935296
1.4989999999999999 0.01938952970733415
1.5 0.01939326827782832
1.501 0.019397001663756276
1.502 0.019400729872445052
1.503 0.01940445291121031
1.504 0.019408170787356238
1.505 0.019411883508175957
1.506 0.019415591080950804
1.507 0.01941929351295101
1.508 0.019422990811435246
1.509 0.019426682983650887
1.51 0.019430370036833962
1.511 0.019434051978208886
1.512 0.019437728814989057
1.513 0.019441400554376008
1.514 0.019445067203560342
1.515 0.01944872876972096
1.516 0.01945238526002544
1.517 0.01945603668163005
1.518 0.019459683041679613
1.519 0.019463324347307496
1.52 0.019466960605635766
1.521 0.019470591823775012
1.522 0.01947421800882444
1.523 0.019477839167871963
1.524 0.01948145530799386
1.525 0.019485066436255246
1.526 0.019488672559709784
1.527 0.01949227368539951
1.528 0.019495869820355408
1.529 0.01949946097159677
1.53 0.019503047146131706
1.531 0.01950662835095673
1.532 0.019510204593057173
1.533 0.019513775879406507
1.534 0.01951734221696744
1.535 0.01952090361269078
1.536 0.019524460073516027
1.537 0.01952801160637153
1.538 0.019531558218173838
1.539 0.019535099915828368
1.54 0.01953863670622896
1.541 0.019542168595479865
1.5419999999999998 0.019545695588190398
1.543 0.01954921769099386
1.5439999999999998 0.01955273491064651
1.545 0.019556247253892198
1.5459999999999998 0.019559754727462395
1.547 0.019563257338076585
1.5479999999999998 0.019566755092441598
1.549 0.019570247997252162
1.5499999999999998 0.01957373605919077
1.551 0.019577219284927564
1.5519999999999998 0.019580697681120297
1.553 0.01958417125441454
1.5539999999999998 0.01958764001144357
1.555 0.019591103958828307
1.5559999999999998 0.019594563103177406
1.557 0.019598017451087173
1.5579999999999998 0.019601467009141855
1.559 0.019604911783912975
1.5599999999999998 0.01960835178196021
1.561 0.01961178700983058
1.5619999999999998 0.019615217474058984
1.563 0.01961864318116806
1.5639999999999998 0.01962206413766796
1.565 0.019625480350056738
1.5659999999999998 0.01962889182482004
1.567 0.01963229856843122
1.5679999999999998 0.019635700587351323
1.569 0.019639097888029044
1.5699999999999998 0.01964249047690091
1.571 0.01964587836039106
1.5719999999999998 0.01964926154491128
1.573 0.019652640036861062
1.5739999999999998 0.019656013842627676
1.575 0.019659382968586023
1.5759999999999998 0.019662747421098727
1.577 0.019666107206516008
1.5779999999999998 0.019669462331175894
1.579 0.019672812801403993
1.5799999999999998 0.019676158623513733
1.581 0.019679499803806115
1.5819999999999999 0.01968283634856988
1.583 0.019686168264081462
1.5839999999999999 0.019689495556604906
1.585 0.01969281823239204
1.5859999999999999 0.019696136297682295
1.587 0.019699449758702803
1.5879999999999999 0.019702758621668457
1.589 0.019706062892781775
1.5899999999999999 0.01970936257823292
1.591 0.019712657684199747
1.5919999999999999 0.01971594821684787
1.593 0.019719234182330486
1.5939999999999999 0.019722515586788506
1.595 0.019725792436350545
1.5959999999999999 0.019729064737132932
1.597 0.01973233249523945
1.5979999999999999 0.019735595716761912
1.599 0.01973885440777948
1.5999999999999999 0.01974210857435926
1.601 0.01974535822255578
1.6019999999999999 0.019748603358411387
1.603 0.01975184398795614
1.6039999999999999 0.01975508011720767
1.605 0.019758311752171305
1.6059999999999999 0.01976153889884006
1.607 0.01976476156319461
1.6079999999999999 0.019767979751203375
1.609 0.019771193468822303
1.6099999999999999 0.01977440272199513
1.611 0.01977760751665321
1.6119999999999999 0.01978080785871554
1.613 0.019784003754088838
1.6139999999999999 0.01978719520866748
1.615 0.019790382228333465
1.6159999999999999 0.019793564818956486
1.617 0.019796742986393917
1.6179999999999999 0.019799916736490755
1.619 0.019803086075079683
1.6199999999999999 0.019806251007981054
1.621 0.019809411541002922
1.6219999999999999 0.019812567679940867
1.623 0.01981571943057832
1.6239999999999999 0.019818866798686163
1.625 0.019822009790023135
1.626 0.019825148410335565
1.627 0.019828282665357327
1.628 0.01983141256081005
1.629 0.019834538102403106
1.63 0.019837659295833403
1.631 0.01984077614678553
1.632 0.01984388866093174
1.633 0.01984699684393193
1.634 0.01985010070143357
1.635 0.019853200239072086
1.636 0.019856295462470235
1.637 0.019859386377238525
1.638 0.019862472988975113
1.639 0.019865555303265874
1.64 0.019868633325684323
1.641 0.019871707061791463
1.642 0.019874776517136157
1.643 0.019877841697254848
1.644 0.019880902607867332
1.645 0.019883959265847292
1.646 0.019887011683683672
1.647 0.019890059867391837
1.648 0.019893103822979825
1.649 0.019896143556448642
1.65 0.0198991790737915
1.651 0.019902210380994663
1.652 0.0199052374840369
1.653 0.019908260388889612
1.654 0.019911279101516976
1.655 0.01991429362787587
1.656 0.019917303973915636
1.657 0.019920310145578605
1.658 0.019923312148799475
1.659 0.01992630998950578
1.66 0.01992930367361766
1.661 0.019932293207048014
1.662 0.01993527859570226
1.663 0.01993825984547864
1.664 0.019941236962267985
1.665 0.019944209951953656
1.666 0.01994717882041199
1.667 0.019950143573511745
1.668 0.019953104217114454
1.669 0.019956060757074262
1.67 0.019959013199237985
1.6709999999999998 0.019961961549445146
1.672 0.019964905813527913
1.6729999999999998 0.01996784599731109
1.674 0.01997078210661209
1.6749999999999998 0.019973714147241212
1.676 0.01997664212500116
1.6769999999999998 0.01997956604568737
1.678 0.019982485915088073
1.6789999999999998 0.01998540173898395
1.68 0.0199883135231485
1.6809999999999998 0.019991221273347914
1.682 0.019994124995340857
1.6829999999999998 0.01999702469487879
1.684 0.01999992037770587
1.6849999999999998 0.020002812049558623
1.686 0.0200056997161667
1.6869999999999998 0.020008583383252034
1.688 0.020011463056529323
1.6889999999999998 0.020014338741706002
1.69 0.020017210444482066
1.6909999999999998 0.02002007817055022
1.692 0.02002294192559578
1.6929999999999998 0.020025801715296658
1.694 0.020028657545323625
1.6949999999999998 0.02003150942133993
1.696 0.02003435734900154
1.6969999999999998 0.020037201333957
1.698 0.02004004138184763
1.6989999999999998 0.020042877498307233
1.7 0.0200457096889625
1.7009999999999998 0.020048537959432584
1.702 0.02005136231532935
1.7029999999999998 0.020054182762257223
1.704 0.020056999305813443
1.7049999999999998 0.02005981195158786
1.706 0.02006262070516284
1.7069999999999999 0.02006542557211348
1.708 0.020068226558007652
1.7089999999999999 0.020071023668405616
1.71 0.020073816908860485
1.7109999999999999 0.02007660628491791
1.712 0.020079391802116268
1.7129999999999999 0.02008217346598654
1.714 0.020084951282052375
1.7149999999999999 0.020087725255829976
1.716 0.020090495392828304
1.7169999999999999 0.020093261698548966
1.718 0.0200960241784861
1.7189999999999999 0.020098782838126543
1.72 0.020101537682949828
1.7209999999999999 0.020104288718428093
1.722 0.0201070359500261
1.7229999999999999 0.020109779383201253
1.724 0.020112519023403656
1.7249999999999999 0.02011525487607598
1.726 0.020117986946653475
1.7269999999999999 0.02012071524056426
1.728 0.0201234397632289
1.7289999999999999 0.02012616052006065
1.73 0.020128877516465415
1.7309999999999999 0.02013159075784172
1.732 0.020134300249580673
1.7329999999999999 0.02013700599706618
1.734 0.020139708005674724
1.7349999999999999 0.020142406280775235
1.736 0.02014510082772953
1.7369999999999999 0.020147791651891983
1.738 0.020150478758609515
1.7389999999999999 0.020153162153221826
1.74 0.020155841841061128
1.7409999999999999 0.020158517827452302
1.742 0.02016119011771293
1.7429999999999999 0.020163858717153166
1.744 0.020166523631075777
1.7449999999999999 0.020169184864776164
1.746 0.020171842423542443
1.7469999999999999 0.020174496312655325
1.748 0.020177146536247227
1.7489999999999999 0.020179793094646608
1.75 0.020182435992377026
1.751 0.020185075234497356
1.752 0.020187710826056925
1.753 0.020190342772096123
1.754 0.020192971077646133
1.755 0.020195595747728893
1.756 0.020198216787357125
1.757 0.020200834201534398
1.758 0.02020344799525502
1.759 0.020206058173504206
1.76 0.020208664741257976
1.761 0.020211267703482933
1.762 0.020213867065136743
1.763 0.020216462831167747
1.764 0.020219055006515118
1.765 0.02022164359610877
1.766 0.02022422860486961
1.767 0.020226810037709087
1.768 0.02022938789952957
1.769 0.020231962195224357
1.77 0.02023453292967727
1.771 0.020237100107763136
1.772 0.020239663734347556
1.773 0.020242223814286798
1.774 0.020244780352428084
1.775 0.02024733335360937
1.776 0.020249882822659437
1.777 0.020252428764397735
1.778 0.020254971183634726
1.779 0.02025751008517148
1.78 0.020260045473799976
1.781 0.020262577354302886
1.782 0.020265105731453795
1.783 0.020267630610017014
1.784 0.020270151994747625
1.785 0.02027266989039157
1.786 0.020275184301685522
1.787 0.02027769523335696
1.788 0.02028020269012424
1.789 0.02028270667669634
1.79 0.020285207197773214
1.791 0.02028770425804546
1.792 0.02029019786219454
1.793 0.020292688014892677
1.794 0.020295174720802972
1.795 0.02029765798457921
1.796 0.020300137810865967
1.797 0.02030261420429864
1.7979999999999998 0.02030508716950349
1.799 0.02030755671109736
1.7999999999999998 0.02031002283368808
1.801 0.020312485541874252
1.8019999999999998 0.020314944840245177
1.803 0.020317400733380953
1.8039999999999998 0.02031985322585249
1.805 0.020322302322221535
1.8059999999999998 0.02032474802704043
1.807 0.02032719034485252
1.8079999999999998 0.020329629280191944
1.809 0.020332064837583458
1.8099999999999998 0.020334497021542733
1.811 0.020336925836576022
1.8119999999999998 0.020339351287180674
1.813 0.02034177337784455
1.8139999999999998 0.020344192113046545
1.815 0.02034660749725602
1.8159999999999998 0.02034901953493341
1.817 0.020351428230529767
1.8179999999999998 0.02035383358848699
1.819 0.020356235613237676
1.8199999999999998 0.020358634309205332
1.821 0.02036102968080425
1.8219999999999998 0.02036342173243927
1.823 0.02036581046850626
1.8239999999999998 0.020368195893391835
1.825 0.020370578011473208
1.8259999999999998 0.020372956827118593
1.827 0.020375332344686817
1.8279999999999998 0.020377704568527704
1.829 0.020380073502981492
1.8299999999999998 0.02038243915237954
1.831 0.02038480152104384
1.8319999999999999 0.020387160613287218
1.833 0.020389516433413114
1.8339999999999999 0.020391868985716023
1.835 0.020394218274480885
1.8359999999999999 0.020396564303983723
1.837 0.02039890707849119
1.8379999999999999 0.0204012466022606
1.839 0.020403582879540295
1.8399999999999999 0.02040591591456918
1.841 0.02040824571157705
1.8419999999999999 0.020410572274784454
1.843 0.020412895608402693
1.8439999999999999 0.020415215716633767
1.845 0.020417532603670702
1.8459999999999999 0.02041984627369689
1.847 0.020422156730886876
1.8479999999999999 0.020424463979405776
1.849 0.020426768023409564
1.8499999999999999 0.02042906886704499
1.851 0.02043136651445715
1.8519999999999999 0.02043366097743938
1.853 0.020435952267134946
1.8539999999999999 0.020438240388073292
1.855 0.020440525344778415
1.8559999999999999 0.020442807141769305
1.857 0.020445085783559646
1.8579999999999999 0.020447361274657874
1.859 0.020449633619567073
1.8599999999999999 0.020451902822785282
1.861 0.020454168888805226
1.8619999999999999 0.020456431822114287
1.863 0.0204586916271948
1.8639999999999999 0.020460948308523793
1.865 0.020463201870572916
1.8659999999999999 0.0204654523178088
1.867 0.020467699654692743
1.8679999999999999 0.020469943885680793
1.869 0.020472185015223656
1.8699999999999999 0.020474423047767025
1.871 0.02047665798775119
1.8719999999999999 0.02047888983961135
1.873 0.020481118607777245
1.8739999999999999 0.020483344296673534
1.875 0.02048556691071955
1.876 0.02048778645432957
1.877 0.020490002931912325
1.878 0.020492216347871604
1.879 0.020494426706605763
1.88 0.02049663401250798
1.881 0.02049883826996617
1.882 0.020501039483363136
1.883 0.02050323765707622
1.884 0.020505432795477663
1.885 0.02050762490293434
1.886 0.020509813983808158
1.887 0.020512000042455507
1.888 0.020514183083227524
1.889 0.020516363110470368
1.89 0.020518540128524658
1.891 0.020520714141726053
1.892 0.02052288515440467
1.893 0.02052505317088552
1.894 0.020527218195488486
1.895 0.020529380232528018
1.896 0.020531539286313388
1.897 0.020533695361148685
1.898 0.020535848461332648
1.899 0.02053799859115888
1.9 0.020540145754915577
1.901 0.02054228995688587
1.902 0.020544431201347656
1.903 0.02054656949257325
1.904 0.020548704834830133
1.905 0.020550837232380346
1.906 0.020552966689480662
1.907 0.020555093210382683
1.908 0.020557216799332735
1.909 0.020559337460571803
1.91 0.020561455198335837
1.911 0.020563570016855305
1.912 0.02056568192035557
1.913 0.020567790913056685
1.914 0.02056989699917354
1.915 0.020572000182915596
1.916 0.020574100468487323
1.917 0.020576197860087627
1.918 0.02057829236191048
1.919 0.02058038397814439
1.92 0.02058247271297258
1.921 0.02058455857057333
1.922 0.020586641555119276
1.923 0.020588721670778024
1.924 0.020590798921712013
1.9249999999999998 0.020592873312078146
1.926 0.0205949448460283
1.9269999999999998 0.020597013527708995
1.928 0.020599079361261593
1.9289999999999998 0.020601142350822096
1.93 0.020603202500521355
1.9309999999999998 0.020605259814484897
1.932 0.0206073142968329
1.9329999999999998 0.020609365951680527
1.934 0.020611414783137567
1.9349999999999998 0.020613460795308507
1.936 0.02061550399229258
1.9369999999999998 0.02061754437818383
1.938 0.020619581957071014
1.9389999999999998 0.0206216167330377
1.94 0.020623648710162087
1.9409999999999998 0.020625677892517107
1.942 0.02062770428417063
1.9429999999999998 0.02062972788918503
1.944 0.020631748711617583
1.9449999999999998 0.02063376675552034
1.946 0.02063578202493985
1.9469999999999998 0.020637794523917608
1.948 0.020639804256489924
1.9489999999999998 0.02064181122668756
1.95 0.020643815438536346
1.9509999999999998 0.02064581689605665
1.952 0.020647815603263696
1.9529999999999998 0.02064981156416731
1.954 0.020651804782772207
1.9549999999999998 0.020653795261875576
1.956 0.02065578299739748
1.9569999999999999 0.020657767991570947
1.958 0.02065975024806714
1.9589999999999999 0.020661729770549236
1.96 0.02066370656267191
1.9609999999999999 0.020665680628081974
1.962 0.020667651970417738
1.9629999999999999 0.020669620593309294
1.964 0.020671586500378702
1.9649999999999999 0.02067354969523973
1.966 0.02067551018149771
1.9669999999999999 0.02067746796275001
1.968 0.020679423042585784
1.9689999999999999 0.020681375424585677
1.97 0.020683325112322484
1.9709999999999999 0.020685272109360494
1.972 0.020687216419255798
1.9729999999999999 0.020689158045556474
1.974 0.02069109699180219
1.9749999999999999 0.020693033261524343
1.976 0.0206949668582463
1.9769999999999999 0.02069689778548309
1.978 0.020698826046741402
1.9789999999999999 0.02070075164551988
1.98 0.020702674585308955
1.9809999999999999 0.0207045948695907
1.982 0.020706512501838945
1.9829999999999999 0.02070842748551946
1.984 0.020710339824089687
1.9849999999999999 0.02071224952099868
1.986 0.0207141565796877
1.9869999999999999 0.0207160610035893
1.988 0.020717962796128166
1.9889999999999999 0.02071986196072044
1.99 0.02072175850077439
1.9909999999999999 0.02072365241968965
1.992 0.020725543720857952
1.9929999999999999 0.020727432407662724
1.994 0.020729318483479055
1.9949999999999999 0.020731201951673894
1.996 0.020733082815605985
1.9969999999999999 0.02073496107862573
1.998 0.020736836744075348
