0.005 0.03223895464113048
0.006 0.032195930479016935
0.007 0.03214542339715135
0.008 0.032095025102254746
0.009000000000000001 0.03204473051592404
0.01 0.03199456097370657
0.011 0.031945009457127034
0.012 0.03189553281740391
0.013000000000000001 0.03184605017371507
0.014000000000000002 0.03179656153446393
0.015 0.031747066907344294
0.016 0.031697566300568455
0.017 0.031648059722398626
0.018000000000000002 0.031598547180742245
0.019 0.031549028683832345
0.02 0.03149950423971379
0.021 0.031449973856590874
0.022000000000000002 0.03140043754256318
0.023000000000000003 0.0313508953056838
0.024 0.03130134715434441
0.025 0.03125182634074312
0.026000000000000002 0.031202834519916293
0.027 0.031154094368593153
0.028 0.031105440868007612
0.029 0.031056874040605528
0.030000000000000002 0.03100839390897348
0.031000000000000003 0.030960000495608785
0.032 0.030911693822769492
0.033 0.030863473913094287
0.034 0.03081534078847535
0.034999999999999996 0.030767294471689903
0.036 0.030719334984613236
0.037 0.03067146234945975
0.038 0.030623676588561834
0.039 0.03057597772380481
0.04 0.030528365777224432
0.041 0.03048084077089615
0.041999999999999996 0.03043340272683254
0.043 0.03038605166678831
0.044 0.030338787612639185
0.045 0.030291610586316214
0.046 0.030244520609420514
0.047 0.030197517703623628
0.048 0.030150593789014087
0.048999999999999995 0.030103717982063814
0.049999999999999996 0.03005692048621901
0.051 0.030010205818316593
0.052 0.02996357399896344
0.053 0.02991702504930489
0.054 0.029870558989733908
0.055 0.02982417584131253
0.056 0.029777875624346598
0.057 0.029731658359694536
0.057999999999999996 0.029685524067886784
0.059 0.029639472769423518
0.06 0.029593504484785156
0.061 0.029547619234461198
0.062 0.029501817038775188
0.063 0.029456097918122277
0.064 0.0294104618928605
0.065 0.02936490898333909
0.066 0.029319439209435357
0.067 0.029274052591845467
0.068 0.029228749150284353
0.069 0.029183528905122796
0.07 0.029138391876265955
0.07100000000000001 0.029093316500655435
0.07200000000000001 0.02904828175650476
0.07300000000000001 0.029003324119368033
0.07400000000000001 0.028958444439959388
0.07500000000000001 0.028913642737282343
0.07600000000000001 0.02886891903057255
0.07700000000000001 0.02882427333854911
0.078 0.028779705680333112
0.079 0.028735216074839132
0.08 0.028690804540952995
0.081 0.02864647109743265
0.082 0.02860221576323634
0.083 0.028558038556894462
0.084 0.028513939497358917
0.085 0.028469918603162128
0.08600000000000001 0.028425975893018356
0.08700000000000001 0.028382111385544976
0.08800000000000001 0.028338325099218794
0.08900000000000001 0.02829461705272562
0.09000000000000001 0.028250987264319606
0.09100000000000001 0.028207435752723217
0.09200000000000001 0.028163962536072788
0.093 0.02812056763304999
0.094 0.028077251061635673
0.095 0.028034012840281838
0.096 0.02799085298743399
0.097 0.027947771520961933
0.098 0.027904768459348445
0.099 0.027861843820504963
0.1 0.027818997622641808
0.101 0.02777622988382687
0.10200000000000001 0.027733540622076773
0.10300000000000001 0.02769092985522336
0.10400000000000001 0.0276483976015292
0.10500000000000001 0.027605943878619876
0.10600000000000001 0.027563568704490442
0.10700000000000001 0.027521272096927767
0.10800000000000001 0.027479054073769882
0.10900000000000001 0.027436914652687407
0.11 0.02739485385159816
0.111 0.027352871687904363
0.112 0.02731096817944648
0.113 0.027269116717254877
0.114 0.027227242157587473
0.115 0.027185430779947384
0.116 0.027143691780537917
0.117 0.027102025175946044
0.11800000000000001 0.027060430983022975
0.11900000000000001 0.02701890921803561
0.12000000000000001 0.026977459897456313
0.12100000000000001 0.02693608303803936
0.12200000000000001 0.02689477865599081
0.12300000000000001 0.026853546767827984
0.12400000000000001 0.02681238738997342
0.125 0.02677130053848421
0.126 0.0267302862300585
0.127 0.026689344480615995
0.128 0.026648475306661958
0.129 0.026607678724288226
0.13 0.02656695474961545
0.131 0.02652630339882216
0.132 0.026485724688003566
0.133 0.026445218633270245
0.134 0.026404785250568698
0.135 0.02636442455597987
0.136 0.026324136565429684
0.137 0.026283921294803492
0.138 0.026243778760121263
0.139 0.02620370897712688
0.14 0.02616371196172347
0.14100000000000001 0.026123787729556303
0.14200000000000002 0.026083936296577962
0.14300000000000002 0.026044157678440594
0.14400000000000002 0.026004451890960345
0.14500000000000002 0.025964818949437266
0.14600000000000002 0.02592525886997979
0.14700000000000002 0.025885771667818885
0.14800000000000002 0.02584635735864638
0.14900000000000002 0.025807015958020034
0.15 0.025767747481356337
0.151 0.025728551944240428
0.152 0.025689429361978888
0.153 0.025650379749929075
0.154 0.025611403123691368
0.155 0.025572491205991168
0.156 0.025533580953198357
0.157 0.025494721913370537
0.158 0.025455929074016483
0.159 0.02541720229438013
0.16 0.025378541433888464
0.161 0.025339946351794644
0.162 0.025301416907332938
0.163 0.025262952959771035
0.164 0.025224554368115316
0.165 0.0251862209915606
0.166 0.025147952689085845
0.167 0.025109749319618402
0.168 0.025071610742117455
0.169 0.02503353681539108
0.17 0.02499552739836981
0.171 0.02495758234968811
0.17200000000000001 0.02491970152804382
0.17300000000000001 0.02488188479219828
0.17400000000000002 0.024844132000707567
0.17500000000000002 0.024806443011953564
0.17600000000000002 0.024768817684624862
0.17700000000000002 0.024731255877107557
0.17800000000000002 0.024693757447752086
0.17900000000000002 0.02465632225488752
0.18000000000000002 0.024618950156831965
0.181 0.024581641011843985
0.182 0.024544394677951293
0.183 0.02450721101346011
0.184 0.02447008987634055
0.185 0.024433031124634585
0.186 0.02439603461624285
0.187 0.024359100209271577
0.188 0.02432222776139538
0.189 0.02428541713066634
0.19 0.024248668174409644
0.191 0.024211980750854546
0.192 0.02417535471739197
0.193 0.02413878993166688
0.194 0.024102286251250663
0.195 0.024065843533687983
0.196 0.024029461636364297
0.197 0.023993140416853354
0.198 0.0239568797323982
0.199 0.02392067944027332
0.2 0.023884539397936937
0.201 0.023848459462298598
0.202 0.02381243949090087
0.203 0.023776479340524515
0.20400000000000001 0.02374057886846205
0.20500000000000002 0.023704737931657918
0.20600000000000002 0.023668956387043492
0.20700000000000002 0.023633234091618223
0.20800000000000002 0.02359757090229518
0.20900000000000002 0.02356196667566804
0.21000000000000002 0.023526421268819705
0.21100000000000002 0.023490934538293304
0.21200000000000002 0.023455506340799757
0.21300000000000002 0.02342013653306347
0.214 0.023384824971579038
0.215 0.023349571512855563
0.216 0.02331437601349929
0.217 0.02327924673501862
0.218 0.02324418851624793
0.219 0.02320918906875716
0.22 0.02317424813997441
0.221 0.023139365605824053
0.222 0.023104541342599438
0.223 0.023069775226020356
0.224 0.02303506713228721
0.225 0.023000416937075278
0.226 0.022965824516462098
0.227 0.02293128974606365
0.228 0.02289681250172871
0.229 0.02286239265921201
0.23 0.02282803009423276
0.231 0.022793724682315122
0.232 0.02275947629920115
0.233 0.02272528482036979
0.234 0.02269115012132555
0.23500000000000001 0.02265707207749233
0.23600000000000002 0.02262305056453029
0.23700000000000002 0.022589085457504814
0.23800000000000002 0.022555176631988832
0.23900000000000002 0.02252132396328003
0.24000000000000002 0.022487527326431243
0.24100000000000002 0.022453786596896966
0.24200000000000002 0.022420101649760188
0.24300000000000002 0.022386472360115657
0.24400000000000002 0.02235289860316127
0.245 0.022319380253833468
0.246 0.02228591718724589
0.247 0.022252509278324294
0.248 0.022219156401948693
0.249 0.022185858433079752
0.25 0.02215261524647748
0.251 0.022119426717137267
0.252 0.022086292719539862
0.253 0.02205321312859665
0.254 0.022020187819029282
0.255 0.021987216665391978
0.256 0.021954299542233977
0.257 0.02192143632420449
0.258 0.021888626885883698
0.259 0.021855871101635168
0.26 0.021823168845893814
0.261 0.021790519993130683
0.262 0.02175792441778244
0.263 0.021725381993972597
0.264 0.021692892596132062
0.265 0.021660456098495276
0.266 0.0216280723752654
0.267 0.021595741300519937
0.268 0.021563462748462436
0.269 0.021531236593165644
0.27 0.02149906270868213
0.271 0.021466940969126245
0.272 0.0214348712482269
0.273 0.02140285342007258
0.274 0.021370887358667424
0.275 0.021338972937665717
0.276 0.021307110030951756
0.277 0.021275298512344533
0.278 0.021243539516188084
0.279 0.02121184649808012
0.28 0.021180209546592076
0.281 0.021148624475991015
0.28200000000000003 0.021117091175373793
0.28300000000000003 0.02108560953424033
0.28400000000000003 0.02105417944201158
0.28500000000000003 0.02102280078784273
0.28600000000000003 0.020991473461083744
0.28700000000000003 0.020960197350932783
0.28800000000000003 0.02092897234667463
0.28900000000000003 0.020897798337312392
0.29000000000000004 0.020866675212185246
0.29100000000000004 0.020835602860144953
0.29200000000000004 0.020804581170417474
0.29300000000000004 0.020773610031991935
0.294 0.02074268933385879
0.295 0.020711818964975308
0.296 0.020680998814151377
0.297 0.020650228770428943
0.298 0.020619508722593667
0.299 0.020588838559453544
0.3 0.020558218169809885
0.301 0.02052764744236176
0.302 0.02049712626595614
0.303 0.02046665452904022
0.304 0.020436232120495935
0.305 0.020405858928711225
0.306 0.020375534842576475
0.307 0.02034525975029878
0.308 0.020315033540620194
0.309 0.020284856101913912
0.31 0.020254727322703777
0.311 0.020224647091212408
0.312 0.020194615296016575
0.313 0.020164631825592583
0.314 0.020134696567738704
0.315 0.020104809411339603
0.316 0.020074970244160245
0.317 0.020045178954714065
0.318 0.02001543543109353
0.319 0.019985739561424437
0.32 0.019956091233824073
0.321 0.019926490336342334
0.322 0.01989693675719746
0.323 0.019867430384258557
0.324 0.019837971105473452
0.325 0.019808558808961395
0.326 0.019779193382623243
0.327 0.019749874714107718
0.328 0.01972060269156072
0.329 0.01969137720274446
0.33 0.019662198135369822
0.331 0.0196330653772609
0.332 0.019603978816109226
0.333 0.01957493833978699
0.334 0.019545943835687522
0.335 0.019516995191742773
0.336 0.01948809229524886
0.337 0.01945923503410222
0.338 0.01943042329562421
0.339 0.019401656967533182
0.34 0.019372944350032062
0.341 0.019344293681622694
0.342 0.019315689699659334
0.343 0.019287131922722963
0.34400000000000003 0.019258620258212778
0.34500000000000003 0.019230154612740535
0.34600000000000003 0.019201734893250402
0.34700000000000003 0.019173361006806926
0.34800000000000003 0.019145032860059502
0.34900000000000003 0.01911675035978664
0.35000000000000003 0.019088513413012407
0.35100000000000003 0.019060321926267436
0.35200000000000004 0.019032175806392222
0.35300000000000004 0.01900407495994619
0.35400000000000004 0.018976019293830828
0.35500000000000004 0.018948008714512517
0.35600000000000004 0.018920043128646622
0.357 0.018892122442906265
0.358 0.01886424656370492
0.359 0.018836415397779544
0.36 0.018808628851410283
0.361 0.018780886831309865
0.362 0.01875318924375363
0.363 0.018725535995240163
0.364 0.01869792699218289
0.365 0.018670362140959646
0.366 0.018642841347839965
0.367 0.018615364519188854
0.368 0.018587931561385395
0.369 0.018560542380578363
0.37 0.018533196883058812
0.371 0.018505894975041823
0.372 0.018478636562716068
0.373 0.018451421552252687
0.374 0.018424249849671392
0.375 0.018397121361320695
0.376 0.01837003599305162
0.377 0.01834299365104707
0.378 0.01831599424133583
0.379 0.018289037669816162
0.38 0.018262123842622192
0.381 0.01823525266551906
0.382 0.018208424044638988
0.383 0.018181637885721746
0.384 0.01815489409484833
0.385 0.018128192577483535
0.386 0.018101533239927938
0.387 0.018074915987671122
0.388 0.018048340726526405
0.389 0.018021807362337487
0.39 0.017995315800820554
0.391 0.017968865947527377
0.392 0.01794245770829894
0.393 0.01791609098873845
0.394 0.01788976569440429
0.395 0.01786348173101595
0.396 0.01783723900403245
0.397 0.017811037419007417
0.398 0.017784876881632924
0.399 0.017758757297133894
0.4 0.01773267857122586
0.401 0.017706641194855294
0.402 0.01768065460021425
0.403 0.017654712775623714
0.404 0.017628812134791418
0.405 0.01760295259414949
0.406 0.01757713407032459
0.40700000000000003 0.01755135647967397
0.40800000000000003 0.017525619738655924
0.40900000000000003 0.017499923763726874
0.41000000000000003 0.017474268471241873
0.41100000000000003 0.01744865377764043
0.41200000000000003 0.017423079599150456
0.41300000000000003 0.01739754585225367
0.41400000000000003 0.01737205245308281
0.41500000000000004 0.017346599318074394
0.41600000000000004 0.017321186363491392
0.41700000000000004 0.01729581350531436
0.41800000000000004 0.017270480660232807
0.41900000000000004 0.017245187743877403
0.42000000000000004 0.017219934672893056
0.42100000000000004 0.017194721363209774
0.422 0.017169547730840565
0.423 0.017144413692272938
0.424 0.017119319163151247
0.425 0.017094264059843618
0.426 0.017069248298177953
0.427 0.017044271794330615
0.428 0.01701933446424904
0.429 0.016994436223846648
0.43 0.01696957698920596
0.431 0.016944756676036832
0.432 0.016919975200447926
0.433 0.01689523247831002
0.434 0.01687052842536836
0.435 0.01684586295761715
0.436 0.01682123599066797
0.437 0.016796647440563205
0.438 0.016772097222906516
0.439 0.01674758525353145
0.44 0.01672311144817493
0.441 0.016698675722534268
0.442 0.016674277992348156
0.443 0.016649918173271865
0.444 0.01662559618080732
0.445 0.01660131193080984
0.446 0.016577065338758825
0.447 0.016552856320370284
0.448 0.016528684791079024
0.449 0.016504550666468717
0.45 0.016480453862143276
0.451 0.01645639429347876
0.452 0.016432371876044242
0.453 0.0164083865253697
0.454 0.01638443815678229
0.455 0.01636052668577747
0.456 0.01633665202775808
0.457 0.016312814097977957
0.458 0.016289012812041467
0.459 0.01626524808519986
0.46 0.01624151983262449
0.461 0.016217827969834498
0.462 0.016194172411967522
0.463 0.016170558550157678
0.464 0.01614699446228731
0.465 0.016123467937442435
0.466 0.016099978338976383
0.467 0.01607652559725628
0.468 0.016053109642417185
0.46900000000000003 0.016029730404839848
0.47000000000000003 0.0160063878146259
0.47100000000000003 0.015983081802229602
0.47200000000000003 0.015959812297599903
0.47300000000000003 0.015936579231079367
0.47400000000000003 0.015913382532894996
0.47500000000000003 0.015890222133070384
0.47600000000000003 0.015867097961765088
0.47700000000000004 0.015844009949167945
0.47800000000000004 0.01582095802534916
0.47900000000000004 0.015797942120273297
0.48000000000000004 0.015774962164295504
0.48100000000000004 0.015752018087099584
0.48200000000000004 0.015729109819005178
0.48300000000000004 0.015706237289858708
0.48400000000000004 0.01568340042979459
0.485 0.01566059916849882
0.486 0.015637833436301755
0.487 0.015615103162985089
0.488 0.01559240827840791
0.489 0.015569748712537695
0.49 0.015547124395261937
0.491 0.015524535256422117
0.492 0.015501981226025087
0.493 0.015479462233648482
0.494 0.015456978209261549
0.495 0.015434529082728247
0.496 0.015412114783779175
0.497 0.01538973524200842
0.498 0.015367390387433186
0.499 0.01534508014964805
0.5 0.015322804458479188
0.501 0.015300563243452883
0.502 0.015278356434436955
0.503 0.015256183960879934
0.504 0.015234045752738765
0.505 0.015211941739318696
0.506 0.015189871850486302
0.507 0.015167836015717999
0.508 0.015145834164624337
0.509 0.015123866226745507
0.51 0.015101932131788157
0.511 0.015080031809023797
0.512 0.015058165188122986
0.513 0.015036332198679614
0.514 0.015014532769935458
0.515 0.014992766831656292
0.516 0.014971034313003978
0.517 0.01494933514355793
0.518 0.01492766925280283
0.519 0.014906036570002692
0.52 0.014884437024663891
0.521 0.014862870546087134
0.522 0.014841337063624041
0.523 0.01481983650667258
0.524 0.014798368990564406
0.525 0.014776939450344351
0.526 0.014755545257036469
0.527 0.01473418408562599
0.528 0.01471285587135355
0.529 0.014691560549475678
0.53 0.014670298055205845
0.531 0.014649068323760412
0.532 0.014627871290448607
0.533 0.01460670689041892
0.534 0.014585575058780232
0.535 0.014564475730858851
0.536 0.014543408841777888
0.537 0.014522374326468709
0.538 0.014501372120297958
0.539 0.014480402158334222
0.54 0.014459464375559273
0.541 0.014438558707165951
0.542 0.01441768508826366
0.543 0.014396843453660551
0.544 0.014376033738634726
0.545 0.014355255878128779
0.546 0.014334509807186922
0.547 0.01431379546072259
0.548 0.014293112773754207
0.549 0.014272461681244785
0.55 0.014251842118224766
0.551 0.01423125401946454
0.552 0.014210697320010015
0.553 0.014190171954681441
0.554 0.014169677858574673
0.555 0.014149214966242359
0.556 0.014128783212796129
0.557 0.014108382532951663
0.558 0.014088012861717004
0.559 0.014067674133700967
0.56 0.014047366283883422
0.561 0.01402708924692029
0.562 0.014006842957647194
0.5630000000000001 0.013986627350855861
0.5640000000000001 0.013966442361262139
0.5650000000000001 0.013946287923721795
0.5660000000000001 0.013926163972718142
0.5670000000000001 0.013906070443154488
0.5680000000000001 0.013886007269660354
0.5690000000000001 0.013865974386940993
0.5700000000000001 0.013845971729632726
0.5710000000000001 0.013825999232426743
0.5720000000000001 0.013806056829922001
0.5730000000000001 0.013786144456758185
0.5740000000000001 0.013766262047640775
0.5750000000000001 0.013746409537000953
0.5760000000000001 0.013726586859520464
0.5770000000000001 0.013706793949825855
0.5780000000000001 0.013687030742428184
0.5790000000000001 0.013667297171722334
0.5800000000000001 0.013647593172588806
0.5810000000000001 0.01362791867912059
0.582 0.01360827362620797
0.583 0.013588657948149386
0.584 0.013569071579432216
0.585 0.01354951445447435
0.586 0.013529990345144263
0.587 0.013510507308139451
0.588 0.013491054891767062
0.589 0.013471632267317698
0.59 0.013452239381909297
0.591 0.013432876182667986
0.592 0.013413542616756024
0.593 0.013394238631190145
0.594 0.01337496417328604
0.595 0.013355719189941015
0.596 0.013336503628371686
0.597 0.013317317435536888
0.598 0.013298160558581712
0.599 0.013279032944601825
0.6 0.013259934540561518
0.601 0.0132408652934133
0.602 0.013221825150343857
0.603 0.013202814058234445
0.604 0.013183831964080985
0.605 0.013164878814908717
0.606 0.01314595455774146
0.607 0.013127059139407048
0.608 0.013108192506868531
0.609 0.013089354607176557
0.61 0.013070545387178906
0.611 0.013051764793636702
0.612 0.013033012773771082
0.613 0.013014289274234868
0.614 0.012995594241987193
0.615 0.01297692762382551
0.616 0.012958289366645224
0.617 0.012939679417248426
0.618 0.012921097722641184
0.619 0.012902544229360439
0.62 0.012884018884423908
0.621 0.01286552163462967
0.622 0.012847052426617742
0.623 0.012828611207245877
0.624 0.012810197923350388
0.625 0.012791812521548226
0.626 0.012773454948612525
0.627 0.012755125151445583
0.628 0.012736823076494461
0.629 0.012718548670622259
0.63 0.012700301880507036
0.631 0.012682082652904521
0.632 0.01266389093427278
0.633 0.012645726671547366
0.634 0.012627589811195291
0.635 0.012609480299983619
0.636 0.012591398084425965
0.637 0.012573343111199611
0.638 0.012555315326912802
0.639 0.01253731467820754
0.64 0.012519341111571807
0.641 0.012501394573694454
0.642 0.012483475011120761
0.643 0.012465582370245016
0.644 0.012447716597909112
0.645 0.012429877640404149
0.646 0.012412065444386838
0.647 0.012394279956260726
0.648 0.012376521122651148
0.649 0.012358788890060332
0.65 0.012341083204774934
0.651 0.012323404013440484
0.652 0.01230575126259617
0.653 0.01228812489842939
0.654 0.012270524867701374
0.655 0.0122529511165344
0.656 0.012235403591553014
0.657 0.012217882239098218
0.658 0.012200387005568926
0.659 0.01218291783741234
0.66 0.012165474680962495
0.661 0.01214805748257122
0.662 0.01213066618863436
0.663 0.012113300745469582
0.664 0.012095961099463069
0.665 0.012078647196994481
0.666 0.012061358984146172
0.667 0.012044096407558106
0.668 0.012026859413292696
0.669 0.012009647947730769
0.67 0.01199246195714713
0.671 0.011975301387834765
0.672 0.011958166185932624
0.673 0.01194105629785363
0.674 0.011923971669775693
0.675 0.01190691224787988
0.676 0.011889877978447719
0.677 0.011872868807733432
0.678 0.011855884681779795
0.679 0.01183892554695183
0.68 0.011821991349433665
0.681 0.011805082035130027
0.682 0.011788197550602245
0.683 0.011771338747827835
0.684 0.011754519038775467
0.685 0.01173772948351863
0.686 0.011720965216370293
0.687 0.01170422619117595
0.6880000000000001 0.011687512361775619
0.6890000000000001 0.011670823681921766
0.6900000000000001 0.01165416010575081
0.6910000000000001 0.011637521586750936
0.6920000000000001 0.011620908079006726
0.6930000000000001 0.011604319536156347
0.6940000000000001 0.01158775591214343
0.6950000000000001 0.011571217160611756
0.6960000000000001 0.011554703235463941
0.6970000000000001 0.01153821409056897
0.6980000000000001 0.011521749679435181
0.6990000000000001 0.011505309956088927
0.7000000000000001 0.011488894874065661
0.7010000000000001 0.011472504387345848
0.7020000000000001 0.011456138449472405
0.7030000000000001 0.011439797014210176
0.7040000000000001 0.011423480035350916
0.7050000000000001 0.011407187466492111
0.7060000000000001 0.01139091926147975
0.7070000000000001 0.01137467537397625
0.7080000000000001 0.011358455757538442
0.709 0.01134226036588642
0.71 0.011326089152794662
0.711 0.011309942071893727
0.712 0.011293819076701574
0.713 0.011277720121065255
0.714 0.011261645158407238
0.715 0.011245594142486274
0.716 0.011229567026936622
0.717 0.011213563765301998
0.718 0.011197584311128491
0.719 0.011181628618182471
0.72 0.01116569663989688
0.721 0.011149788329878625
0.722 0.011133903641742344
0.723 0.011118042528951579
0.724 0.011102204945224141
0.725 0.011086390843932136
0.726 0.011070600178664479
0.727 0.011054832902998312
0.728 0.011039088970434817
0.729 0.011023368334418773
0.73 0.011007670948476218
0.731 0.010991996766226805
0.732 0.010976345740903564
0.733 0.010960717826199408
0.734 0.010945112975556252
0.735 0.01092953114230274
0.736 0.010913972280096941
0.737 0.01089843634213908
0.738 0.010882923282108797
0.739 0.010867433053258204
0.74 0.010851965609149465
0.741 0.01083652090309388
0.742 0.010821098888394875
0.743 0.010805699518782064
0.744 0.010790322747348535
0.745 0.010774968527579748
0.746 0.010759636812778098
0.747 0.010744327556570664
0.748 0.010729040711940838
0.749 0.010713776232492981
0.75 0.01069853407150214
0.751 0.010683314182294916
0.752 0.010668116518168472
0.753 0.0106529410325429
0.754 0.010637787678591278
0.755 0.010622656409872002
0.756 0.010607547179344652
0.757 0.010592459940477505
0.758 0.010577394646607955
0.759 0.01056235125091232
0.76 0.01054732970671294
0.761 0.010532329967204952
0.762 0.010517351985631702
0.763 0.010502395715439348
0.764 0.010487461109654405
0.765 0.010472548121479686
0.766 0.010457656704360954
0.767 0.010442786811325414
0.768 0.010427938395643255
0.769 0.010413111410453983
0.77 0.010398305809080754
0.771 0.01038352154457715
0.772 0.010368758570217932
0.773 0.01035401683914721
0.774 0.010339296304512824
0.775 0.0103245969194444
0.776 0.010309918637078998
0.777 0.010295261410801403
0.778 0.010280625193341353
0.779 0.01026600993819635
0.78 0.010251415598265482
0.781 0.010236852561851261
0.782 0.010222325244748164
0.783 0.010207819566297837
0.784 0.010193335396952451
0.785 0.010178872697824103
0.786 0.010164431429767059
0.787 0.010150011553786854
0.788 0.010135613030803108
0.789 0.010121235821661984
0.79 0.010106879887292683
0.791 0.010092545188700112
0.792 0.010078231686714413
0.793 0.010063939342132781
0.794 0.010049668115933169
0.795 0.01003541796912817
0.796 0.010021188862405835
0.797 0.010006980756544784
0.798 0.009992793612759223
0.799 0.009978627391571735
0.8 0.009964482053891449
0.801 0.00995035756075611
0.802 0.00993625387279992
0.803 0.009922170950849527
0.804 0.009908108755829695
0.805 0.009894067248572853
0.806 0.00988004638970309
0.807 0.009866046140279678
0.808 0.009852066460876654
0.809 0.009838107312417285
0.81 0.009824168655627654
0.811 0.00981025045136996
0.812 0.0097963526601706
0.8130000000000001 0.00978247524315254
0.8140000000000001 0.009768618160863501
0.8150000000000001 0.009754781374024808
0.8160000000000001 0.009740964843527357
0.8170000000000001 0.00972716852992296
0.8180000000000001 0.00971339239407908
0.8190000000000001 0.009699636396785902
0.8200000000000001 0.009685900498543142
0.8210000000000001 0.009672184660360848
0.8220000000000001 0.009658488842719123
0.8230000000000001 0.009644813006308943
0.8240000000000001 0.009631157112036142
0.8250000000000001 0.009617521120377564
0.8260000000000001 0.009603904992144668
0.8270000000000001 0.009590308688038063
0.8280000000000001 0.009576732168595184
0.8290000000000001 0.009563175394650689
0.8300000000000001 0.009549638326647767
0.8310000000000001 0.009536120925495222
0.8320000000000001 0.009522623151661809
0.8330000000000001 0.009509144965887313
0.8340000000000001 0.009495686328827026
0.8350000000000001 0.009482247200887103
0.8360000000000001 0.009468827543074109
0.8370000000000001 0.009455427315667507
0.838 0.009442046479524305
0.839 0.009428684995049124
0.84 0.009415342822928512
0.841 0.009402019923937828
0.842 0.009388716258367603
0.843 0.009375431786903072
0.844 0.009362166470332231
0.845 0.009348920268932111
0.846 0.009335693143408161
0.847 0.009322485054415205
0.848 0.00930929596228799
0.849 0.009296125827756062
0.85 0.00928297461134495
0.851 0.009269842273522092
0.852 0.009256728774846658
0.853 0.00924363407589835
0.854 0.009230558137064176
0.855 0.00921750091914842
0.856 0.00920446238236597
0.857 0.009191442487281709
0.858 0.009178441194488619
0.859 0.00916545846457415
0.86 0.009152494257779734
0.861 0.00913954853459189
0.862 0.009126621255794993
0.863 0.009113712381625023
0.864 0.009100821872585986
0.865 0.009087949689105094
0.866 0.009075095791776382
0.867 0.009062260140911507
0.868 0.009049442697007533
0.869 0.00903664342053005
0.87 0.009023862271845564
0.871 0.009011099211517357
0.872 0.008998354199717956
0.873 0.00898562719722817
0.874 0.008972918164168666
0.875 0.008960227061051563
0.876 0.008947553848274793
0.877 0.00893489848622767
0.878 0.008922264218639696
0.879 0.00890966567093785
0.88 0.008897088188722998
0.881 0.008884529137015814
0.882 0.008871988483853788
0.883 0.008859466196823963
0.884 0.008846962244010437
0.885 0.008834476592953106
0.886 0.008822009211711184
0.887 0.008809560067830057
0.888 0.008797129129273076
0.889 0.008784716363774378
0.89 0.008772321739171701
0.891 0.008759945223069793
0.892 0.00874758678357
0.893 0.008735246388027926
0.894 0.008722924004550613
0.895 0.008710619600749737
0.896 0.008698333144359657
0.897 0.008686064603155012
0.898 0.008673813945014116
0.899 0.008661581137462605
0.9 0.008649366148369395
0.901 0.008637168945407952
0.902 0.008624989496363067
0.903 0.00861282776882411
0.904 0.00860068373075353
0.905 0.008588557349690216
0.906 0.008576448593321816
0.907 0.00856435742937258
0.908 0.008552283825633115
0.909 0.008540227749751363
0.91 0.008528189169336278
0.911 0.008516168052150299
0.912 0.008504164365958107
0.913 0.00849217807818719
0.914 0.008480209156765657
0.915 0.008468257569291216
0.916 0.008456323283297623
0.917 0.008444406266568156
0.918 0.00843250648682984
0.919 0.008420623911501383
0.92 0.008408758508450409
0.921 0.008396910245098217
0.922 0.008385079089370617
0.923 0.008373265008609118
0.924 0.008361467970652094
0.925 0.008349687942981734
0.926 0.008337924893323159
0.927 0.008326178789138246
0.928 0.008314449598263178
0.929 0.008302737288154935
0.93 0.00829104182640134
0.931 0.008279363180615572
0.932 0.00826770131848121
0.933 0.008256056207453273
0.934 0.008244427815255643
0.935 0.008232816109274243
0.936 0.008221221057318378
0.937 0.008209642626769256
0.9380000000000001 0.008198080785247313
0.9390000000000001 0.008186535500350643
0.9400000000000001 0.0081750067396719
0.9410000000000001 0.00816349447063964
0.9420000000000001 0.008151998660984887
0.9430000000000001 0.008140519278059522
0.9440000000000001 0.008129056289395442
0.9450000000000001 0.008117609662819304
0.9460000000000001 0.008106179365566018
0.9470000000000001 0.00809476536526318
0.9480000000000001 0.008083367629451757
0.9490000000000001 0.008071986125676306
0.9500000000000001 0.008060620821304564
0.9510000000000001 0.00804927168414985
0.9520000000000001 0.008037938681264989
0.9530000000000001 0.008026621780645763
0.9540000000000001 0.008015320949445005
0.9550000000000001 0.008004036155355276
0.9560000000000001 0.00799276736570805
0.9570000000000001 0.00798151454809752
0.9580000000000001 0.007970277669986241
0.9590000000000001 0.007959056698952553
0.9600000000000001 0.007947851602244725
0.9610000000000001 0.007936662347444666
0.9620000000000001 0.007925488902065755
0.9630000000000001 0.007914331233599406
0.9640000000000001 0.007903189309394659
0.965 0.007892063096973552
0.966 0.007880952563720152
0.967 0.007869857677183787
0.968 0.007858778404749618
0.969 0.007847714713828443
0.97 0.007836666571958625
0.971 0.007825633946431024
0.972 0.007814616804809627
0.973 0.007803615114377466
0.974 0.007792628842698506
0.975 0.007781658131765468
0.976 0.007770713815078655
0.977 0.007759791786937463
0.978 0.007748885597821473
0.979 0.007737995220600293
0.98 0.00772712062843255
0.981 0.007716261794052951
0.982 0.007705418690675892
0.983 0.007694591291011008
0.984 0.007683779568186896
0.985 0.007672983495092766
0.986 0.007662203044771441
0.987 0.007651438189996845
0.988 0.007640688903826394
0.989 0.007629955159240984
0.99 0.007619236929129822
0.991 0.0076085341863429716
0.992 0.007597846903927589
0.993 0.0075871750547523145
0.994 0.007576518611827746
0.995 0.007565877547866146
0.996 0.0075552518360617535
0.997 0.007544641449141536
0.998 0.0075340463599645165
0.999 0.007523466541714503
1.0 0.0075129019669516895
1.001 0.0075023526087984625
1.002 0.007491818440041097
1.003 0.0074812994336935805
1.004 0.007470795562484988
1.005 0.0074603067994067985
1.006 0.007449833117293264
1.007 0.00743937448915261
1.008 0.0074289308875941954
1.009 0.007418502285739357
1.01 0.007408088656367512
1.011 0.007397689972292633
1.012 0.007387306206411193
1.013 0.007376937331628728
1.014 0.007366583320732812
1.015 0.007356244146712725
1.016 0.00734591978211355
1.017 0.007335610200141949
1.018 0.007325315373356041
1.019 0.007315035274782941
1.02 0.007304769877135303
1.021 0.007294519153362951
1.022 0.007284283076193534
1.023 0.007274061618395514
1.024 0.0072638547529886395
1.025 0.007253662452581618
1.026 0.007243484690199505
1.027 0.0072333214384582125
1.028 0.007223172670317433
1.029 0.0072130383584295245
1.0299999999999998 0.007202918475770761
1.031 0.007192812994959367
1.0319999999999998 0.007182721888958817
1.033 0.007172645130502413
1.0339999999999998 0.007162582692232865
1.035 0.0071525345472288416
1.0359999999999998 0.007142500668014755
1.037 0.007132481027460497
1.0379999999999998 0.007122475598431976
1.039 0.0071124843535727775
1.0399999999999998 0.0071025072656108
1.041 0.007092544307543006
1.0419999999999998 0.007082595451975138
1.043 0.0070726606716208255
1.0439999999999998 0.007062739939311454
1.045 0.007052833227833045
1.0459999999999998 0.0070429405099441
1.047 0.007033061758251399
1.0479999999999998 0.007023196945639084
1.049 0.007013346044774486
1.0499999999999998 0.007003509028535649
1.051 0.006993685869450367
1.0519999999999998 0.006983876540354903
1.053 0.006974081014063929
1.0539999999999998 0.0069642992632210745
1.055 0.006954531260457895
1.0559999999999998 0.006944776978622404
1.057 0.006935036390410791
1.0579999999999998 0.006925309468594432
1.059 0.006915596185739632
1.0599999999999998 0.006905896514607849
1.061 0.0068962104280817825
1.0619999999999998 0.006886537898519957
1.063 0.006876878899005592
1.0639999999999998 0.006867233401875402
1.065 0.006857601380132068
1.0659999999999998 0.006847982806275588
1.067 0.0068383776530923125
1.0679999999999998 0.0068287858931589855
1.069 0.006819207499297403
1.0699999999999998 0.006809642444119794
1.071 0.006800090700243623
1.0719999999999998 0.00679055224042458
1.073 0.006781031163439507
1.0739999999999998 0.006771533489227112
1.075 0.006762049900547559
1.0759999999999998 0.006752579940725546
1.077 0.006743123587016482
1.0779999999999998 0.0067336808167343
1.079 0.006724251606851871
1.0799999999999998 0.006714835934864309
1.081 0.006705433777912276
1.0819999999999999 0.00669604511311784
1.083 0.0066866699177442045
1.0839999999999999 0.006677308169098638
1.085 0.00666795984420719
1.0859999999999999 0.006658624920413146
1.087 0.00664930337492377
1.0879999999999999 0.006639995184725343
1.089 0.006630700327462185
1.0899999999999999 0.006621418779838219
1.091 0.006612150519244686
1.0919999999999999 0.00660289552298385
1.093 0.006593653768081986
1.0939999999999999 0.006584425231832164
1.095 0.006575209891300765
1.0959999999999999 0.006566007723771694
1.097 0.006556818706426054
1.0979999999999999 0.006547642816236206
1.099 0.006538480030680502
1.0999999999999999 0.0065293303267221795
1.101 0.006520193681577374
1.1019999999999999 0.006511070072428027
1.103 0.006501959476406564
1.1039999999999999 0.006492861870731163
1.105 0.006483777232413273
1.1059999999999999 0.0064747055388192296
1.107 0.006465646766918126
1.1079999999999999 0.006456600893922103
1.109 0.006447567896969646
1.1099999999999999 0.006438547753287992
1.111 0.006429540439894719
1.1119999999999999 0.006420545933917415
1.113 0.00641156421269114
1.1139999999999999 0.006402595253106741
1.115 0.006393639032407663
1.1159999999999999 0.006384695527682394
1.117 0.006375764716285337
1.1179999999999999 0.0063668465749110795
1.119 0.006357941080975637
1.1199999999999999 0.00634904821161114
1.121 0.006340167943761091
1.1219999999999999 0.006331300254701943
1.123 0.006322445121450936
1.1239999999999999 0.0063136025210852
1.125 0.006304772430894271
1.126 0.006295954827785209
1.127 0.006287149688980247
1.128 0.006278356991485472
1.129 0.006269576712361106
1.13 0.006260808828968271
1.131 0.0062520533181306326
1.132 0.00624331015695665
1.133 0.006234579322703644
1.134 0.006225860792318148
1.135 0.006217154542858262
1.136 0.006208460551542985
1.137 0.006199778795376315
1.138 0.006191109251344846
1.139 0.006182451896721008
1.14 0.0061738067083708685
1.141 0.006165173663438224
1.142 0.006156552739065725
1.143 0.006147943912276647
1.144 0.006139347159961088
1.145 0.006130762459584223
1.146 0.006122189787709053
1.147 0.006113629121758888
1.148 0.006105080438693329
1.149 0.00609654371536061
1.15 0.006088018929125051
1.151 0.00607950605683035
1.152 0.006071005075547011
1.153 0.006062515962415691
1.154 0.006054038694320875
1.155 0.0060455732484773345
1.156 0.006037119601748091
1.157 0.006028677731240505
1.158 0.0060202476139838874
1.1589999999999998 0.0060118292271211906
1.16 0.006003422547395993
1.1609999999999998 0.005995027552102765
1.162 0.00598664421813922
1.1629999999999998 0.005978272522530474
1.164 0.005969912442360274
1.1649999999999998 0.005961563954475913
1.166 0.005953227036134287
1.1669999999999998 0.005944901664182426
1.168 0.005936587815620787
1.1689999999999998 0.005928285467531981
1.17 0.005919995399850128
1.1709999999999998 0.005911725613733873
1.172 0.005903469983856132
1.1729999999999998 0.005895226134638096
1.174 0.0058869940471422905
1.1749999999999998 0.0058787737019145225
1.176 0.005870565079765224
1.1769999999999998 0.005862368161442892
1.178 0.00585418292770851
1.1789999999999998 0.005846009359277459
1.18 0.005837847436977172
1.1809999999999998 0.0058296971413991
1.182 0.005821558453408021
1.1829999999999998 0.005813431353752732
1.184 0.005805315823095468
1.1849999999999998 0.005797211842102476
1.186 0.005789119391705132
1.1869999999999998 0.005781038452408547
1.188 0.00577296900518558
1.1889999999999998 0.005764911030566546
1.19 0.0057568645092886325
1.1909999999999998 0.005748829422200883
1.192 0.00574080574994981
1.1929999999999998 0.005732793473099326
1.194 0.005724792572701453
1.1949999999999998 0.005716803029146788
1.196 0.005708824823371701
1.1969999999999998 0.005700857935953355
1.198 0.005692902347584359
1.1989999999999998 0.00568495803917295
1.2 0.005677024991159818
1.2009999999999998 0.0056691031844412305
1.202 0.005661192599578117
1.2029999999999998 0.005653293217347101
1.204 0.005645405018429381
1.2049999999999998 0.00563752798351513
1.206 0.005629662093422622
1.2069999999999999 0.005621807328544314
1.208 0.005613963669847856
1.2089999999999999 0.005606131097829671
1.21 0.005598309593391448
1.2109999999999999 0.005590499137129486
1.212 0.005582699709474188
1.2129999999999999 0.005574911291423525
1.214 0.005567133863619542
1.2149999999999999 0.005559367406588976
1.216 0.005551611901143815
1.2169999999999999 0.0055438673278734585
1.218 0.005536133667424909
1.2189999999999999 0.005528410900586622
1.22 0.005520699007848832
1.2209999999999999 0.005512997970149505
1.222 0.00550530776788843
1.2229999999999999 0.005497628381776458
1.224 0.0054899597926400786
1.2249999999999999 0.005482301980942523
1.226 0.005474654927353569
1.2269999999999999 0.005467018612775529
1.228 0.00545939301754372
1.2289999999999999 0.005451778122449274
1.23 0.005444173908097031
1.2309999999999999 0.005436580355270497
1.232 0.005428997444463329
1.2329999999999999 0.005421425156397714
1.234 0.005413863471625713
1.2349999999999999 0.005406312370895053
1.236 0.005398771834820556
1.2369999999999999 0.005391241843931209
1.238 0.005383722379065958
1.2389999999999999 0.005376213420630361
1.24 0.0053687149495343775
1.2409999999999999 0.005361226945989779
1.242 0.005353749391151267
1.2429999999999999 0.005346282265123862
1.244 0.0053388255489512084
1.2449999999999999 0.005331379223020367
1.246 0.005323943268040626
1.2469999999999999 0.005316517664523885
1.248 0.005309102393287759
1.2489999999999999 0.005301697434729046
1.25 0.005294302769587487
1.251 0.005286918378554477
1.252 0.005279544242064307
1.253 0.005272180340763667
1.254 0.005264826655315207
1.255 0.005257483166449163
1.256 0.005250149854390414
1.257 0.005242826700209326
1.258 0.005235513684135714
1.259 0.005228210786967708
1.26 0.005220917989233876
1.261 0.005213635271534605
1.262 0.005206362614523431
1.263 0.005199099998673366
1.264 0.00519184740470915
1.265 0.00518460481314193
1.266 0.005177372204614573
1.267 0.005170149559527425
1.268 0.0051629418647635645
1.269 0.005155749707458474
1.27 0.00514856778004599
1.271 0.005141396064310278
1.272 0.005134234544285703
1.273 0.0051270832036318745
1.274 0.005119942026305656
1.275 0.005112810996112601
1.276 0.00510569009693623
1.277 0.005098579312496352
1.278 0.005091478626793487
1.279 0.0050843880235113765
1.28 0.005077307486664066
1.281 0.005070236999762752
1.282 0.005063176547087438
1.283 0.005056126112092562
1.284 0.005049085678827611
1.285 0.005042055231026593
1.2859999999999998 0.0050350347524915845
1.287 0.005028024227113463
1.2879999999999998 0.005021023638695219
1.289 0.005014032971113469
1.2899999999999998 0.005007052208023539
1.291 0.005000081333414984
1.2919999999999998 0.004993120331006402
1.293 0.004986169184689377
1.2939999999999998 0.004979227878274716
1.295 0.0049722963954235855
1.2959999999999998 0.004965374720188096
1.297 0.004958462836135462
1.2979999999999998 0.004951560727244654
1.299 0.004944668377353109
1.2999999999999998 0.00493778577011835
1.301 0.004930912889379136
1.3019999999999998 0.004924049718988794
1.303 0.004917196242857711
1.3039999999999998 0.004910352444484728
1.305 0.004903518307967715
1.3059999999999998 0.004896693816972445
1.307 0.004889878955229811
1.3079999999999998 0.0048830737066428275
1.309 0.004876278055018211
1.3099999999999998 0.004869491984132052
1.311 0.004862715477643557
1.3119999999999998 0.004855948519553588
1.313 0.004849191093477197
1.3139999999999998 0.004842443183300847
1.315 0.004835704772748511
1.3159999999999998 0.004828975845675049
1.317 0.004822256385830582
1.3179999999999998 0.004815546376868649
1.319 0.004808845802780828
1.3199999999999998 0.004802154647296586
1.321 0.004795472894090331
1.3219999999999998 0.004788800526996347
1.323 0.004782137529814699
1.3239999999999998 0.0047754838862569945
1.325 0.004768839580157838
1.3259999999999998 0.004762204595271758
1.327 0.004755578915339543
1.3279999999999998 0.004748962524162832
1.329 0.004742355405483934
1.3299999999999998 0.004735757543080975
1.331 0.004729168920714507
1.3319999999999999 0.004722589522197262
1.333 0.004716019331080176
1.3339999999999999 0.004709458331533419
1.335 0.00470290650686528
1.3359999999999999 0.00469636384113587
1.337 0.004689830317915573
1.3379999999999999 0.004683305921104694
1.339 0.004676790634399401
1.3399999999999999 0.004670284441606274
1.341 0.004663787326228635
1.3419999999999999 0.004657299272384975
1.343 0.004650820263617452
1.3439999999999999 0.004644350283681965
1.345 0.004637889316316751
1.3459999999999999 0.0046314373452751795
1.347 0.004624994354458557
1.3479999999999999 0.004618560327257682
1.349 0.004612135247794611
1.3499999999999999 0.004605719099594419
1.351 0.004599311866383564
1.3519999999999999 0.004592913532056756
1.353 0.004586524080201675
1.3539999999999999 0.004580143494511913
1.355 0.004573771759031783
1.3559999999999999 0.004567408857063514
1.357 0.004561054772624313
1.3579999999999999 0.004554709489353047
1.359 0.004548372991061624
1.3599999999999999 0.004542045261254405
1.361 0.004535726283988728
1.3619999999999999 0.0045294160426674855
1.363 0.004523114521254356
1.3639999999999999 0.004516821703311249
1.365 0.004510538325772598
1.3659999999999999 0.00450426685283079
1.367 0.0044980045451965805
1.3679999999999999 0.004491751041311988
1.369 0.004485506327576082
1.3699999999999999 0.0044792703906398855
1.371 0.004473043216705766
1.3719999999999999 0.0044668247925299335
1.373 0.004460615104556762
1.3739999999999999 0.004454414139229981
1.375 0.0044482218832233725
1.376 0.004442038323024077
1.377 0.0044358634452622385
1.378 0.004429697236538626
1.379 0.004423539683493794
1.38 0.004417390772722124
1.381 0.004411250490857762
1.382 0.004405118824695774
1.383 0.0043989957607979205
1.384 0.004392881285985898
1.385 0.004386775386827715
1.386 0.004380678050213111
1.387 0.004374589262882018
1.388 0.004368509011564807
1.389 0.004362437282982413
1.39 0.004356374064165629
1.391 0.0043503193417707715
1.392 0.004344273102681933
1.393 0.00433823533376038
1.394 0.004332206021954087
1.395 0.004326185154052019
1.396 0.004320172716991633
1.397 0.004314168697849712
1.398 0.004308173083408624
1.399 0.004302185860647575
1.4 0.0042962070166367985
1.401 0.004290236538394842
1.402 0.004284274412861409
1.403 0.004278320626991249
1.404 0.0042723751681108995
1.405 0.004266438023011595
1.406 0.004260509178943452
1.407 0.004254588622939962
1.408 0.004248676342245003
1.409 0.004242772323885816
1.41 0.004236876554922514
1.411 0.004230989022764958
1.412 0.004225109714513634
1.4129999999999998 0.004219238617262395
1.414 0.00421337571842984
1.4149999999999998 0.004207521005153968
1.416 0.004201674464798225
1.4169999999999998 0.004195836084308439
1.418 0.0041900058514104275
1.4189999999999998 0.004184183753279702
1.42 0.004178369777089778
1.4209999999999998 0.004172563910444516
1.422 0.004166766140490971
1.4229999999999998 0.004160976454698334
1.424 0.004155194840497467
1.4249999999999998 0.004149421285326911
1.426 0.004143655776511579
1.4269999999999998 0.004137898301513503
1.428 0.004132148848007339
1.4289999999999998 0.004126407403287523
1.43 0.004120673954882263
1.4309999999999998 0.004114948490390112
1.432 0.004109230997262996
1.4329999999999998 0.004103521463106067
1.434 0.004097819875605219
1.4349999999999998 0.004092126222077978
1.436 0.004086440490378313
1.4369999999999998 0.004080762668057752
1.438 0.004075092742695352
1.4389999999999998 0.0040694307021510315
1.44 0.004063776533927614
1.4409999999999998 0.004058130225734426
1.442 0.004052491765299826
1.4429999999999998 0.004046861140455607
1.444 0.00404123833884967
1.4449999999999998 0.004035623348233379
1.446 0.0040300161565385885
1.4469999999999998 0.00402441675134489
1.448 0.004018825120710863
1.4489999999999998 0.0040132412522971735
1.45 0.004007665134032058
1.4509999999999998 0.004002096753744372
1.452 0.003996536099434935
1.4529999999999998 0.003990983158819277
1.454 0.003985437920049422
1.4549999999999998 0.003979900370926257
1.456 0.003974370499355678
1.4569999999999999 0.003968848293575605
1.458 0.003963333741267061
1.4589999999999999 0.003957826830566357
1.46 0.003952327549604296
1.4609999999999999 0.003946835886353973
1.462 0.0039413518287457735
1.4629999999999999 0.003935875365119744
1.464 0.0039304064833917815
1.4649999999999999 0.003924945171705798
1.466 0.003919491418220338
1.4669999999999999 0.003914045211193415
1.468 0.003908606538628877
1.4689999999999999 0.0039031753886672473
1.47 0.0038977517498110584
1.4709999999999999 0.0038923356100217616
1.472 0.0038869269575558234
1.4729999999999999 0.003881525780840484
1.474 0.003876132067915959
1.4749999999999999 0.003870745807352297
1.476 0.0038653669871423378
1.4769999999999999 0.0038599955959543997
1.478 0.0038546316218454986
1.4789999999999999 0.0038492750532878924
1.48 0.003843925878738562
1.4809999999999999 0.003838584086515165
1.482 0.003833249664985887
1.4829999999999999 0.003827922602661186
1.484 0.0038226028880404632
1.4849999999999999 0.003817290509433882
1.486 0.003811985455533639
1.4869999999999999 0.0038066877145654108
1.488 0.0038013972753940745
1.4889999999999999 0.003796114126235188
1.49 0.003790838255873402
1.4909999999999999 0.0037855696527628138
1.492 0.0037803083056163955
1.4929999999999999 0.0037750542027538006
1.494 0.003769807333176526
1.4949999999999999 0.003764567685364166
1.496 0.003759335247906464
1.4969999999999999 0.0037541100095758416
1.498 0.003748891958956202
1.4989999999999999 0.0037436810850171097
1.5 0.0037384773761836645
1.501 0.003733280821382446
1.502 0.003728091409401479
1.503 0.0037229091288556054
1.504 0.0037177339687086293
1.505 0.003712565917864001
1.506 0.003707404964862265
1.507 0.003702251098708333
1.508 0.003697104308384324
1.509 0.00369196458269496
1.51 0.0036868319104264298
1.511 0.0036817062807836215
1.512 0.0036765876824225944
1.513 0.003671476104398065
1.514 0.003666371535873492
1.515 0.00366127396559191
1.516 0.0036561833827238473
1.517 0.003651099798161849
1.518 0.0036460261815026576
1.519 0.0036409617312054606
1.52 0.0036359043639959654
1.521 0.003630854070778008
1.522 0.0036258108425226833
1.523 0.0036207746698794594
1.524 0.00361574554403387
1.525 0.003610723455745525
1.526 0.0036057083962071483
1.527 0.003600700356297068
1.528 0.003595699327036542
1.529 0.0035907052995226684
1.53 0.0035857182649654744
1.531 0.0035807382143778115
1.532 0.0035757651388611364
1.533 0.003570799029662834
1.534 0.0035658398780359763
1.535 0.0035608876750493684
1.536 0.0035559424121034116
1.537 0.003551004080525763
1.538 0.003546072671356703
1.539 0.0035411481762613684
1.54 0.003536230586431675
1.541 0.0035313198932020464
1.5419999999999998 0.0035264160882145217
1.543 0.003521519162662568
1.5439999999999998 0.003516629108142341
1.545 0.0035117459161526955
1.5459999999999998 0.0035068695782399417
1.547 0.0035020000859216395
1.5479999999999998 0.0034971374306642074
1.549 0.00349228160435275
1.5499999999999998 0.0034874325983781074
1.551 0.0034825904044125198
1.5519999999999998 0.0034777550144459803
1.553 0.0034729264196534573
1.5539999999999998 0.0034681046123124113
1.555 0.003463289583788175
1.5559999999999998 0.003458481326302622
1.557 0.0034536798311740795
1.5579999999999998 0.003448885090566063
1.559 0.00344409709641604
1.5599999999999998 0.0034393158403774127
1.561 0.0034345413145522603
1.5619999999999998 0.003429773510865802
1.563 0.00342501242122449
1.5639999999999998 0.0034202580378210616
1.565 0.0034155103525036414
1.5659999999999998 0.0034107693575009318
1.567 0.003406035044638338
1.5679999999999998 0.003401307406413662
1.569 0.003396586434675359
1.5699999999999998 0.0033918721217256493
1.571 0.003387164459734891
1.5719999999999998 0.003382463440884048
1.573 0.0033777690576196214
1.5739999999999998 0.003373081301852694
1.575 0.0033684001663845426
1.5759999999999998 0.003363725643079323
1.577 0.003359057724625666
1.5779999999999998 0.0033543964032511473
1.579 0.0033497416714073727
1.5799999999999998 0.0033450935215808748
1.581 0.003340451946202179
1.5819999999999999 0.003335816937756684
1.583 0.0033311884888310157
1.5839999999999999 0.0033265665918765985
1.585 0.003321951239548921
1.5859999999999999 0.003317342424468465
1.587 0.0033127401392481193
1.5879999999999999 0.003308144376432943
1.589 0.0033035551289863447
1.5899999999999999 0.003298972389262193
1.591 0.0032943961503471802
1.5919999999999999 0.0032898264047426977
1.593 0.003285263145418547
1.5939999999999999 0.003280706365091004
1.595 0.0032761560566371955
1.5959999999999999 0.0032716122130868096
1.597 0.003267074827097269
1.5979999999999999 0.003262543891684236
1.599 0.003258019399822853
1.5999999999999999 0.003253501344586453
1.601 0.003248989718816048
1.6019999999999999 0.003244484515699687
1.603 0.0032399857282103513
1.6039999999999999 0.0032354933494935668
1.605 0.0032310073726128275
1.6059999999999999 0.0032265277907739557
1.607 0.003222054597200949
1.6079999999999999 0.003217587784921472
1.609 0.003213127347307073
1.6099999999999999 0.0032086732775874244
1.611 0.0032042255690042844
1.6119999999999999 0.003199784214956513
1.613 0.003195349208614846
1.6139999999999999 0.0031909205434842536
1.615 0.003186498212904653
1.6159999999999999 0.003182082210412827
1.617 0.0031776725292733663
1.6179999999999999 0.00317326916298922
1.619 0.0031688721052585502
1.6199999999999999 0.00316448134926016
1.621 0.003160096888865748
1.6219999999999999 0.003155718717488996
1.623 0.0031513468288303665
1.6239999999999999 0.0031469812164399585
1.625 0.0031426218740543852
1.626 0.003138268795259912
1.627 0.0031339219738707787
1.628 0.003129581403605365
1.629 0.003125247078231117
1.63 0.003120918991539739
1.631 0.0031165971373893096
1.632 0.003112281509533427
1.633 0.0031079721020235845
1.634 0.003103668908533805
1.635 0.003099371923206232
1.636 0.0030950811399368125
1.637 0.0030907965526438563
1.638 0.0030865181553796123
1.639 0.003082245942297307
1.64 0.0030779799072996735
1.641 0.0030737200446089453
1.642 0.003069466348177071
1.643 0.0030652188124655473
1.644 0.003060977431222338
1.645 0.003056742199111067
1.646 0.0030525131099574
1.647 0.0030482901584370434
1.648 0.003044073338287451
1.649 0.0030398626444192787
1.65 0.0030356580707349957
1.651 0.0030314596117927014
1.652 0.0030272672619700465
1.653 0.0030230810157369187
1.654 0.003018900867367324
1.655 0.003014726811566117
1.656 0.0030105588425977364
1.657 0.0030063969551376727
1.658 0.003002241143809805
1.659 0.002998091403048516
1.66 0.0029939477275597727
1.661 0.002989810111897178
1.662 0.0029856785508401086
1.663 0.002981553038954315
1.664 0.002977433571142762
1.665 0.0029733201419114624
1.666 0.0029692127462628668
1.667 0.0029651113788921623
1.668 0.002961016034606558
1.669 0.0029569267083121432
1.67 0.002952841332324332
1.6709999999999998 0.0029487531282617594
1.672 0.002944669667067927
1.6729999999999998 0.0029405919083582846
1.674 0.0029365198440716314
1.6749999999999998 0.0029324534656539245
1.676 0.002928392765117295
1.6769999999999998 0.002924337734096817
1.678 0.0029202883643852026
1.6789999999999998 0.002916244647802295
1.68 0.002912206576061249
1.6809999999999998 0.0029081741411054545
1.682 0.0029041473345357274
1.6829999999999998 0.002900126148595995
1.684 0.002896110574617492
1.6849999999999998 0.0028921006048519414
1.686 0.0028880962309769487
1.6869999999999998 0.002884097444970324
1.688 0.0028801042387031476
1.6889999999999998 0.002876116604003791
1.69 0.0028721345328953257
1.6909999999999998 0.002868158017325348
1.692 0.002864187049125996
1.6929999999999998 0.00286022162035539
1.694 0.0028562617229561755
1.6949999999999998 0.0028523073488872525
1.696 0.002848358490086022
1.6969999999999998 0.00284441513870054
1.698 0.002840477286671677
1.6989999999999998 0.002836544925989369
1.7 0.0028326180488381925
1.7009999999999998 0.002828696647045616
1.702 0.0028247807128696065
1.7029999999999998 0.0028208702383442316
1.704 0.0028169652154863517
1.7049999999999998 0.0028130656364820737
1.706 0.002809171493517719
1.7069999999999999 0.00280528277842255
1.708 0.0028013994837293044
1.7089999999999999 0.0027975216012292668
1.71 0.002793649123393134
1.7109999999999999 0.0027897820422254243
1.712 0.0027859203498530717
1.7129999999999999 0.002782064038718741
1.714 0.0027782131007454153
1.7149999999999999 0.0027743675284207826
1.716 0.002770527313815514
1.7169999999999999 0.0027666924491936817
1.718 0.0027628629269352595
1.7189999999999999 0.00275903873914625
1.72 0.0027552198781686616
1.7209999999999999 0.0027514063364593153
1.722 0.0027475981061322458
1.7229999999999999 0.0027437951795604696
1.724 0.0027399975490559497
1.7249999999999999 0.0027362052071110165
1.726 0.002732418145838067
1.7269999999999999 0.00272863635792301
1.728 0.002724859835411906
1.7289999999999999 0.0027210885709483693
1.73 0.0027173225569205512
1.7309999999999999 0.0027135617855868783
1.732 0.0027098062494176913
1.7329999999999999 0.0027060559411096266
1.734 0.0027023108527587485
1.7349999999999999 0.0026985709771155143
1.736 0.002694836306556939
1.7369999999999999 0.0026911068334264615
1.738 0.002687382550506549
1.7389999999999999 0.0026836634502097503
1.74 0.0026799495250119845
1.7409999999999999 0.002676240767403657
1.742 0.00267253717008704
1.7429999999999999 0.00266883872556489
1.744 0.0026651454264185782
1.7449999999999999 0.0026614572652702254
1.746 0.002657774234654558
1.7469999999999999 0.0026540963272344382
1.748 0.002650423535602823
1.7489999999999999 0.0026467558524414514
1.75 0.0026430932704167662
1.751 0.0026394357821202586
1.752 0.0026357833803573646
1.753 0.002632136057635829
1.754 0.0026284938068193383
1.755 0.002624856620554645
1.756 0.002621224491597689
1.757 0.002617597412561739
1.758 0.0026139753765033642
1.759 0.0026103583757293514
1.76 0.0026067464034527812
1.761 0.002603139452219973
1.762 0.0025995375149243834
1.763 0.002595940584268864
1.764 0.0025923486531964006
1.765 0.0025887617144418696
1.766 0.002585179761104783
1.767 0.002581602785609176
1.768 0.0025780307812110896
1.769 0.0025744637406112333
1.77 0.0025709016567875445
1.771 0.0025673445225972793
1.772 0.0025637923310308066
1.773 0.0025602450748900287
1.774 0.0025567027472519948
1.775 0.002553165341042425
1.776 0.002549632849287389
1.777 0.00254610526472192
1.778 0.0025425825807317845
1.779 0.00253906479004694
1.78 0.002535551885737947
1.781 0.0025320438608529695
1.782 0.0025285407084902215
1.783 0.0025250424216448756
1.784 0.0025215489933969096
1.785 0.002518060416893687
1.786 0.0025145766850747874
1.787 0.002511097791272504
1.788 0.002507623728401776
1.789 0.0025041544897024363
1.79 0.002500690068204492
1.791 0.0024972304572760183
1.792 0.0024937756498765017
1.793 0.00249032563927717
1.794 0.002486880418723009
1.795 0.0024834399813317217
1.796 0.0024800043202558306
1.797 0.002476573428907886
1.7979999999999998 0.0024731473004243752
1.799 0.00246972592810914
1.7999999999999998 0.002466309305146111
1.801 0.0024628974248541795
1.8019999999999998 0.0024594902805914545
1.803 0.002456087865490585
1.8039999999999998 0.0024526901730858443
1.805 0.002449297196563918
1.8059999999999998 0.0024459089292880073
1.807 0.0024425253646145873
1.8079999999999998 0.002439146495998036
1.809 0.0024357723166432894
1.8099999999999998 0.0024324028200304617
1.811 0.0024290379996783585
1.8119999999999998 0.0024256778486601493
1.813 0.002422322360863209
1.8139999999999998 0.0024189715294343187
1.815 0.0024156253478255715
1.8159999999999998 0.002412283809580666
1.817 0.002408946908159859
1.8179999999999998 0.0024056146369685074
1.819 0.002402286989724114
1.8199999999999998 0.0023989639597156824
1.821 0.002395645540555079
1.8219999999999998 0.0023923317231669024
1.823 0.002389022136618591
1.8239999999999998 0.002385716871067888
1.825 0.0023824161754055525
1.8259999999999998 0.0023791200429537913
1.827 0.0023758284671431943
1.8279999999999998 0.002372541441480939
1.829 0.0023692589593774915
1.8299999999999998 0.00236598101429352
1.831 0.002362707599791736
1.8319999999999999 0.0023594387092907006
1.833 0.0023561743363374192
1.8339999999999999 0.0023529144744020764
1.835 0.0023496591170442875
1.8359999999999999 0.0023464082578166785
1.837 0.0023431618901908376
1.8379999999999999 0.0023399200078565645
1.839 0.002336682604341464
1.8399999999999999 0.0023334496731819043
1.841 0.002330221208079774
1.8419999999999999 0.0023269972025205393
1.843 0.0023237776501268763
1.8439999999999999 0.002320562544661078
1.845 0.00231735187975405
1.8459999999999999 0.0023141456489272267
1.847 0.0023109438460008963
1.8479999999999999 0.002307746464467627
1.849 0.002304553498184244
1.8499999999999999 0.002301364940800008
1.851 0.002298180786055434
1.8519999999999999 0.0022950010276778523
1.853 0.0022918256593418064
1.8539999999999999 0.0022886546748633555
1.855 0.002285488067938522
1.8559999999999999 0.0022823258323960384
1.857 0.0022791679620206506
1.8579999999999999 0.002276014450621067
1.859 0.0022728652919443673
1.8599999999999999 0.002269720479827002
1.861 0.002266580008177163
1.8619999999999999 0.0022634438706452113
1.863 0.002260312061370263
1.8639999999999999 0.002257184574076357
1.865 0.0022540614024718093
1.8659999999999999 0.0022509425407607137
1.867 0.002247827982604911
1.8679999999999999 0.0022447177220135967
1.869 0.0022416117529254734
1.8699999999999999 0.002238510069279405
1.871 0.002235412664921686
1.8719999999999999 0.0022323195339108036
1.873 0.002229230670267428
1.8739999999999999 0.0022261460678003942
1.875 0.002223065720719789
1.876 0.0022199896228188936
1.877 0.0022169177681738692
1.878 0.0022138501510448358
1.879 0.002210786765057733
1.88 0.0022077276046577007
1.881 0.0022046726636229938
1.882 0.002201621936203877
1.883 0.0021985754165058506
1.884 0.0021955330984226337
1.885 0.002192494976277424
1.886 0.00218946104409684
1.887 0.0021864312960224574
1.888 0.0021834057262526637
1.889 0.0021803843288587307
1.89 0.002177367098047383
1.891 0.002174354028079329
1.892 0.0021713451129708535
1.893 0.0021683403471305777
1.894 0.0021653397245787113
1.895 0.002162343239741056
1.896 0.0021593508866938563
1.897 0.002156362659834153
1.898 0.0021533785532005965
1.899 0.002150398561346992
1.9 0.002147422678353029
1.901 0.0021444508985599695
1.902 0.002141483216392493
1.903 0.002138519625974896
1.904 0.0021355601218559584
1.905 0.0021326046982054377
1.906 0.0021296533494337896
1.907 0.0021267060699356115
1.908 0.0021237628541862425
1.909 0.0021208236963810166
1.91 0.002117888590925019
1.911 0.0021149575324804553
1.912 0.00211203051518338
1.913 0.002109107533653994
1.914 0.002106188582337978
1.915 0.002103273655590923
1.916 0.0021003627479693502
1.917 0.0020974558538743365
1.918 0.0020945529679361435
1.919 0.0020916540845182826
1.92 0.0020887591983424682
1.921 0.0020858683036665522
1.922 0.00208298139524279
1.923 0.002080098467472544
1.924 0.0020772195151778565
1.9249999999999998 0.002074344532696867
1.926 0.002071473514618047
1.9269999999999998 0.002068606455665959
1.928 0.0020657433504617526
1.9289999999999998 0.002062884193506945
1.93 0.002060028979505292
1.9309999999999998 0.00205717770313894
1.932 0.002054330359078523
1.9329999999999998 0.0020514869418662134
1.934 0.002048647446348833
1.9349999999999998 0.0020458118670725473
1.936 0.002042980198934128
1.9369999999999998 0.0020401524364377773
1.938 0.0020373285744665266
1.9389999999999998 0.002034508607666471
1.94 0.0020316925308653715
1.9409999999999998 0.002028880338829059
1.942 0.0020260720262824253
1.9429999999999998 0.002023267587968711
1.944 0.002020467018903095
1.9449999999999998 0.0020176703136755695
1.946 0.002014877467139187
1.9469999999999998 0.002012088474272235
1.948 0.0020093033298160434
1.9489999999999998 0.002006522028591221
1.95 0.0020037445655745603
1.9509999999999998 0.002000970935558031
1.952 0.001998201133504693
1.9529999999999998 0.0019954351543262664
1.954 0.001992672992804341
1.9549999999999998 0.0019899146440683696
1.956 0.0019871601029914643
1.9569999999999999 0.001984409364346616
1.958 0.0019816624233952333
1.9589999999999999 0.00197891927488168
1.96 0.001976179913909692
1.9609999999999999 0.001973444335491778
1.962 0.0019707125345695613
1.9629999999999999 0.00196798450621888
1.964 0.001965260245395849
1.9649999999999999 0.001962539747267855
1.966 0.001959823006803925
1.9669999999999999 0.001957110019139973
1.968 0.0019544007792712597
1.9689999999999999 0.0019516952823748436
1.97 0.0019489935234649142
1.9709999999999999 0.001946295497814533
1.972 0.0019436012003633018
1.9729999999999999 0.0019409106263661275
1.974 0.0019382237710574078
1.9749999999999999 0.001935540792225232
1.976 0.0019328622235355842
1.9769999999999999 0.0019301874587865566
1.978 0.0019275164162749383
1.9789999999999999 0.0019248490912724707
1.98 0.001922185479368651
1.9809999999999999 0.001919525576000995
1.982 0.001916869376620674
1.9829999999999999 0.0019142168767938878
1.984 0.0019115680721093701
1.9849999999999999 0.0019089229578703947
1.986 0.0019062815298685602
1.9869999999999999 0.0019036437834571986
1.988 0.001901009714390442
1.9889999999999999 0.0018983793180123653
1.99 0.0018957525902755265
1.9909999999999999 0.001893129526412361
1.992 0.0018905101222133477
1.9929999999999999 0.0018878943733126067
1.994 0.001885282275421618
1.9949999999999999 0.0018826738240821721
1.996 0.0018800690149356457
1.9969999999999999 0.0018774678438186923
1.998 0.0018748703062299176
