0.005 0.03223896913208163
0.006 0.03219606077822033
0.007 0.03214568903540711
0.008 0.03209531113388515
0.009000000000000001 0.03204492708238994
0.01 0.03199453899706238
0.011 0.0319444415063684
0.012 0.03189454831755558
0.013000000000000001 0.031844649074043475
0.014000000000000002 0.03179474378429555
0.015 0.03174483245643081
0.016 0.03169519783413044
0.017 0.031646324603459064
0.018000000000000002 0.03159748858227805
0.019 0.0315486466878878
0.02 0.03149979892812515
0.021 0.03145094531088763
0.022000000000000002 0.03140208584406271
0.023000000000000003 0.031353220535564504
0.024 0.03130434939329459
0.025 0.03125547242520905
0.026000000000000002 0.031206589639074567
0.027 0.03115770104305456
0.028 0.031108806644921168
0.029 0.03105990645262619
0.030000000000000002 0.031011000474224167
0.031000000000000003 0.030962088717555333
0.032 0.0309131711905387
0.033 0.03086424790137404
0.034 0.03081547077014639
0.034999999999999996 0.03076734721008224
0.036 0.030719372751044156
0.037 0.03067148329283457
0.038 0.030623678857342563
0.039 0.03057595946632147
0.04 0.030528325141649246
0.041 0.030480775904918985
0.041999999999999996 0.030433311777753897
0.043 0.030385932781928235
0.044 0.030338638938821282
0.045 0.030291430270194156
0.046 0.03024430679733159
0.047 0.03019726854179481
0.048 0.030150315524846892
0.048999999999999995 0.030103447768036373
0.049999999999999996 0.030056665292350616
0.051 0.030009968119395554
0.052 0.029963356270109844
0.053 0.02991682976589265
0.054 0.029870388627628922
0.055 0.029824032876553278
0.056 0.02977776253353741
0.057 0.029731577619921776
0.057999999999999996 0.029685478156212
0.059 0.02963946416347008
0.06 0.02959353566273296
0.061 0.02954769267450161
0.062 0.02950191015106149
0.063 0.02945616385286331
0.064 0.029410496987962755
0.065 0.02936491058523334
0.066 0.02931940466458752
0.067 0.02927397924571697
0.068 0.029228634348296038
0.069 0.029183369992316025
0.07 0.029138186197299992
0.07100000000000001 0.029093082982763856
0.07200000000000001 0.029048060368417818
0.07300000000000001 0.029003118373932865
0.07400000000000001 0.02895825701869911
0.07500000000000001 0.02891347632211601
0.07600000000000001 0.028868776303640306
0.07700000000000001 0.028824156982825304
0.078 0.028779618378855298
0.079 0.02873516051103925
0.08 0.028690783398760397
0.081 0.02864648706100298
0.082 0.028602271517308694
0.083 0.028558136786542
0.084 0.028514082887762207
0.085 0.02847010984035281
0.08600000000000001 0.02842621766305213
0.08700000000000001 0.028382406374920694
0.08800000000000001 0.028338675994861794
0.08900000000000001 0.028295026394467557
0.09000000000000001 0.028251412088362505
0.09100000000000001 0.02820783853011521
0.09200000000000001 0.028164340190960424
0.093 0.028120917088750946
0.094 0.028077569241506294
0.095 0.02803429666688673
0.096 0.027991099382952953
0.097 0.02794797740733165
0.098 0.027904930757773717
0.099 0.027861959452107652
0.1 0.027819063507891463
0.101 0.02777624294272047
0.10200000000000001 0.027733497774399405
0.10300000000000001 0.027690828020284174
0.10400000000000001 0.02764823369807193
0.10500000000000001 0.027605714825085302
0.10600000000000001 0.02756327141886298
0.10700000000000001 0.027520903496938722
0.10800000000000001 0.027478611076452972
0.10900000000000001 0.027436394174913455
0.11 0.027394252809545567
0.111 0.027352186997657183
0.112 0.02731019675664143
0.113 0.02726828210334601
0.114 0.027226443055242192
0.115 0.027184679629140982
0.116 0.027142991842683182
0.117 0.027101379712293153
0.11800000000000001 0.02705984325525893
0.11900000000000001 0.02701838248872228
0.12000000000000001 0.026976997429351456
0.12100000000000001 0.02693568809424765
0.12200000000000001 0.02689445450009222
0.12300000000000001 0.026853296663988488
0.12400000000000001 0.026812214602474446
0.125 0.026771208332452733
0.126 0.026730277870673076
0.127 0.026689423233655328
0.128 0.026648644438301127
0.129 0.02660794150103002
0.13 0.02656731443862754
0.131 0.026526763267367928
0.132 0.02648628800404192
0.133 0.026445888665009836
0.134 0.026405496576913625
0.135 0.026365096720435074
0.136 0.02632476609202202
0.137 0.02628450480931381
0.138 0.026244312887695406
0.139 0.026204190342701307
0.14 0.02616413718956927
0.14100000000000001 0.026124153443852768
0.14200000000000002 0.026084239120716432
0.14300000000000002 0.026044394235459137
0.14400000000000002 0.026004618803459945
0.14500000000000002 0.02596491283987085
0.14600000000000002 0.02592527635989283
0.14700000000000002 0.025885709378685895
0.14800000000000002 0.025846211911434786
0.14900000000000002 0.02580678397315359
0.15 0.025767425579078167
0.151 0.02572813674397243
0.152 0.025688917483155983
0.153 0.0256497678114533
0.154 0.02561068774372661
0.155 0.02557167729497301
0.156 0.025532736480267833
0.157 0.02549386531403135
0.158 0.025455063811516396
0.159 0.025416331987271067
0.16 0.025377669856023705
0.161 0.025339077432719407
0.162 0.025300554731833593
0.163 0.02526210176813937
0.164 0.025223718556188202
0.165 0.02518540511074551
0.166 0.025147161446143578
0.167 0.025108987577112094
0.168 0.025070883518087884
0.169 0.025032849283626875
0.17 0.024994884887973287
0.171 0.024956990345742672
0.17200000000000001 0.02491916567128421
0.17300000000000001 0.024881410878863947
0.17400000000000002 0.024843725982895738
0.17500000000000002 0.02480611099762472
0.17600000000000002 0.024768565937315384
0.17700000000000002 0.024731090816237325
0.17800000000000002 0.024693649797847873
0.17900000000000002 0.024656215780119412
0.18000000000000002 0.024618844276190495
0.181 0.024581536014450952
0.182 0.024544290862935535
0.183 0.024507108689763784
0.184 0.024469989362829944
0.185 0.024432932750232592
0.186 0.024395938719804153
0.187 0.02435900713950792
0.188 0.024322137876912595
0.189 0.02428533080000622
0.19 0.0242485857764562
0.191 0.024211902673873454
0.192 0.02417528135990315
0.193 0.024138721702065415
0.194 0.02410222356798372
0.195 0.02406578682495424
0.196 0.02402941134063195
0.197 0.02399309698213497
0.198 0.0239568436169
0.199 0.023920651112267672
0.2 0.023884519335297356
0.201 0.023848448153317107
0.202 0.02381243743344512
0.203 0.02377648704260222
0.20400000000000001 0.023740596848044453
0.20500000000000002 0.023704766716557114
0.20600000000000002 0.023668996515230373
0.20700000000000002 0.023633286110904615
0.20800000000000002 0.023597635370416162
0.20900000000000002 0.023562044160564323
0.21000000000000002 0.023526512348036148
0.21100000000000002 0.023491039799661502
0.21200000000000002 0.02345562638208212
0.21300000000000002 0.023420271961746845
0.214 0.023384976405443285
0.215 0.02334973957949353
0.216 0.023314561350551148
0.217 0.02327944158488727
0.218 0.023244380148940175
0.219 0.023209376909087056
0.22 0.023174431731606396
0.221 0.02313954448269064
0.222 0.02310471502853498
0.223 0.023069943235365414
0.224 0.02303522896923612
0.225 0.023000572096244957
0.226 0.02296597248232583
0.227 0.022931429993560445
0.228 0.022896944495828755
0.229 0.022862515854933322
0.23 0.022828143936976807
0.231 0.022793828607470326
0.232 0.022759569732245806
0.233 0.022725367177030095
0.234 0.022691220807564597
0.23500000000000001 0.022657130489341565
0.23600000000000002 0.02262309608808577
0.23700000000000002 0.022589117469166788
0.23800000000000002 0.022555194498062665
0.23900000000000002 0.02252132704044892
0.24000000000000002 0.022487514961483986
0.24100000000000002 0.02245375812663535
0.24200000000000002 0.0224200564012947
0.24300000000000002 0.022386409650524283
0.24400000000000002 0.022352817739752503
0.245 0.022319280534068238
0.246 0.02228579789862351
0.247 0.022252369698583175
0.248 0.02221899686085218
0.249 0.02218569668285024
0.25 0.022152458181339624
0.251 0.022119274786770733
0.252 0.022086146383224817
0.253 0.022053072854570824
0.254 0.022020054084962975
0.255 0.02198708995809076
0.256 0.021954180358214493
0.257 0.021921325168899546
0.258 0.021888524274070332
0.259 0.02185577755748535
0.26 0.021823084902896986
0.261 0.02179044619415657
0.262 0.02175786131458972
0.263 0.021725330148076642
0.264 0.021692852578190897
0.265 0.02166042848853304
0.266 0.021628057762367196
0.267 0.021595740283412712
0.268 0.02156347593505004
0.269 0.021531264600583862
0.27 0.02149910616346009
0.271 0.02146700050702978
0.272 0.02143494751443328
0.273 0.021402947069141642
0.274 0.021370999054136443
0.275 0.021339103352816774
0.276 0.02130725984813302
0.277 0.021275468423166324
0.278 0.0212437289611938
0.279 0.021212041345103554
0.28 0.021180405457820062
0.281 0.021148821182390885
0.28200000000000003 0.021117288401718635
0.28300000000000003 0.02108580699868571
0.28400000000000003 0.02105437685612994
0.28500000000000003 0.0210229978568285
0.28600000000000003 0.02099166988352504
0.28700000000000003 0.02096039281901649
0.28800000000000003 0.02092916654606108
0.28900000000000003 0.020897990947175198
0.29000000000000004 0.020866865905123867
0.29100000000000004 0.020835791302316702
0.29200000000000004 0.0208047670214501
0.29300000000000004 0.020773792945018032
0.294 0.020742868955596315
0.295 0.02071199493538571
0.296 0.020681170767007456
0.297 0.0206503963328186
0.298 0.020619671515068057
0.299 0.020588996196151035
0.3 0.020558370258325142
0.301 0.02052779358372914
0.302 0.020497266054700005
0.303 0.020466787553347847
0.304 0.020436357961902615
0.305 0.02040597716224561
0.306 0.02037564503662488
0.307 0.020345361466996434
0.308 0.020315126335469683
0.309 0.020284939523859406
0.31 0.020254800914117386
0.311 0.02022471038819108
0.312 0.020194667827970185
0.313 0.020164673115247788
0.314 0.020134726131770534
0.315 0.02010482675934571
0.316 0.020074974879647486
0.317 0.020045170374543977
0.318 0.020015413125395953
0.319 0.019985709993427244
0.32 0.019956074037638563
0.321 0.019926487326022414
0.322 0.01989694860277319
0.323 0.019867457766080662
0.324 0.019838014714005356
0.325 0.019808619344759294
0.326 0.019779271556273934
0.327 0.019749971246604263
0.328 0.019720718313739526
0.329 0.01969151265576609
0.33 0.019662354170365114
0.331 0.019633242755721956
0.332 0.019604178309532674
0.333 0.019575160729683495
0.334 0.019546189914065492
0.335 0.019517265760321922
0.336 0.019488388166332905
0.337 0.019459557029652352
0.338 0.01943077224835983
0.339 0.019402033719565302
0.34 0.019373341341323805
0.341 0.019344695011122234
0.342 0.01931609462644722
0.343 0.01928754008499439
0.34400000000000003 0.019259031284156448
0.34500000000000003 0.019230568121491712
0.34600000000000003 0.01920215049445067
0.34700000000000003 0.019173778300378926
0.34800000000000003 0.019145451436785074
0.34900000000000003 0.01911716980103225
0.35000000000000003 0.019088933290416808
0.35100000000000003 0.019060741802127638
0.35200000000000004 0.019032595233755466
0.35300000000000004 0.0190044934823095
0.35400000000000004 0.01897643644513387
0.35500000000000004 0.018948424019296944
0.35600000000000004 0.01892045610204033
0.357 0.0188925325906923
0.358 0.018864653382052787
0.359 0.018836818373308285
0.36 0.0188090274616268
0.361 0.0187812805439591
0.362 0.018753577517248286
0.363 0.018725918278581118
0.364 0.018698302724821515
0.365 0.018670730752872483
0.366 0.01864320225973145
0.367 0.018615717142147093
0.368 0.018588275296968396
0.369 0.018560876621005265
0.37 0.018533521011182653
0.371 0.018506208363967498
0.372 0.01847893857631738
0.373 0.018451711544839603
0.374 0.01842452716619285
0.375 0.018397385337020445
0.376 0.018370285954043306
0.377 0.018343228913719718
0.378 0.018316214112577268
0.379 0.018289241447285186
0.38 0.01826231081435829
0.381 0.01823542211002546
0.382 0.01820857523109146
0.383 0.01818177007381945
0.384 0.01815500653444317
0.385 0.01812828450973175
0.386 0.018101603895665386
0.387 0.01807496458867826
0.388 0.018048366485181374
0.389 0.01802180976445718
0.39 0.017995314341869607
0.391 0.017968873300056667
0.392 0.017942474462205482
0.393 0.017916117744288668
0.394 0.017889803061987397
0.395 0.01786353033110418
0.396 0.017837299467467423
0.397 0.017811110386881816
0.398 0.017784963005081603
0.399 0.017758857237701826
0.4 0.017732793000554862
0.401 0.017706770209269477
0.402 0.017680788779485763
0.403 0.017654848626750888
0.404 0.01762894966689692
0.405 0.017603091815258307
0.406 0.017577274987551114
0.40700000000000003 0.01755149909917375
0.40800000000000003 0.01752576406572353
0.40900000000000003 0.017500069802829216
0.41000000000000003 0.017474416225602522
0.41100000000000003 0.01744880324974566
0.41200000000000003 0.01742323079068267
0.41300000000000003 0.01739769876367731
0.41400000000000003 0.017372207084183647
0.41500000000000004 0.017346755667580184
0.41600000000000004 0.017321344429068703
0.41700000000000004 0.017295973284076244
0.41800000000000004 0.017270642147910603
0.41900000000000004 0.017245350935712132
0.42000000000000004 0.017220099562715144
0.42100000000000004 0.017194887944283626
0.422 0.01716971599549116
0.423 0.017144583631577556
0.424 0.01711949076760866
0.425 0.01709443731875161
0.426 0.017069423200174006
0.427 0.017044448326844906
0.428 0.01701951261396962
0.429 0.01699461597639181
0.43 0.016969758329273093
0.431 0.01694493958757072
0.432 0.016920159666327355
0.433 0.016895418480293647
0.434 0.016870715944676207
0.435 0.016846051974211105
0.436 0.016821426483791594
0.437 0.016796839388305732
0.438 0.01677229060264174
0.439 0.016747780041494034
0.44 0.01672330761986236
0.441 0.016698873252357856
0.442 0.0166744768538563
0.443 0.016650118339014433
0.444 0.01662579762257809
0.445 0.016601514619243675
0.446 0.016577269243721326
0.447 0.016553061410584023
0.448 0.01652889103456639
0.449 0.01650475803024998
0.45 0.016480662312142427
0.451 0.016456603794922444
0.452 0.01643258239310037
0.453 0.016408598021238334
0.454 0.016384650593808777
0.455 0.01636074002524813
0.456 0.01633686623014515
0.457 0.01631302912286409
0.458 0.0162892286179469
0.459 0.016265464629676502
0.46 0.01624174001985977
0.461 0.016218066413856622
0.462 0.01619443176777351
0.463 0.0161708341296893
0.464 0.016147273425445936
0.465 0.016123749580885336
0.466 0.016100262521651375
0.467 0.016076812173749365
0.468 0.016053398462867283
0.46900000000000003 0.01603002131458009
0.47000000000000003 0.016006680654921744
0.47100000000000003 0.015983376409238168
0.47200000000000003 0.015960108503573246
0.47300000000000003 0.015936876863462016
0.47400000000000003 0.015913681414355035
0.47500000000000003 0.01589052208220617
0.47600000000000003 0.01586739879245106
0.47700000000000004 0.015844311470686222
0.47800000000000004 0.015821260042562114
0.47900000000000004 0.01579824443359151
0.48000000000000004 0.015775264569275284
0.48100000000000004 0.015752320375237445
0.48200000000000004 0.01572941177687354
0.48300000000000004 0.015706538699809054
0.48400000000000004 0.015683701069394783
0.485 0.015660898811073156
0.486 0.01563813185031793
0.487 0.015615400112685043
0.488 0.015592703523257945
0.489 0.015570042007755787
0.49 0.015547415491232855
0.491 0.015524823899212512
0.492 0.015502267157100152
0.493 0.01547974518991562
0.494 0.015457257923230341
0.495 0.015434805282261573
0.496 0.015412387192187384
0.497 0.015390003578162023
0.498 0.01536765436566789
0.499 0.015345339479598395
0.5 0.015323058845527173
0.501 0.01530081238820884
0.502 0.015278600033088783
0.503 0.015256421705239196
0.504 0.015234277329580492
0.505 0.015212166831521896
0.506 0.015190090135905604
0.507 0.015168047167949686
0.508 0.015146037852657215
0.509 0.015124062115017602
0.51 0.01510211988011963
0.511 0.01508021107287491
0.512 0.015058335618263311
0.513 0.01503649344151812
0.514 0.015014684467111149
0.515 0.014992908620324171
0.516 0.014971165826063953
0.517 0.014949456009066787
0.518 0.01492777909441091
0.519 0.014906135006752246
0.52 0.014884523670982246
0.521 0.014862945012113637
0.522 0.014841398954816858
0.523 0.014819885423908347
0.524 0.014798404344142247
0.525 0.01477695564042851
0.526 0.014755539237281087
0.527 0.014734155059703637
0.528 0.014712803032218827
0.529 0.01469148307967544
0.53 0.014670195126519923
0.531 0.014648950951212608
0.532 0.014627752297038464
0.533 0.014606586487712948
0.534 0.014585453456413301
0.535 0.014564353142531966
0.536 0.014543285485305979
0.537 0.014522250424463604
0.538 0.014501247899137464
0.539 0.014480277848859765
0.54 0.014459340212976434
0.541 0.014438434930833606
0.542 0.014417561941741801
0.543 0.014396721185147742
0.544 0.01437591260016294
0.545 0.014355136126369223
0.546 0.014334391702777562
0.547 0.014313679268846236
0.548 0.014292998763810018
0.549 0.01427235012681558
0.55 0.014251733297107069
0.551 0.014231148214127149
0.552 0.014210594816726698
0.553 0.014190073044402184
0.554 0.014169582836014126
0.555 0.014149124131122902
0.556 0.014128696868547924
0.557 0.014108300987504185
0.558 0.01408793642722714
0.559 0.014067603126661778
0.56 0.014047301025097892
0.561 0.014027030061330121
0.562 0.014006790174624143
0.5630000000000001 0.0139865813040239
0.5640000000000001 0.013966403388569693
0.5650000000000001 0.013946256367121079
0.5660000000000001 0.013926140178923596
0.5670000000000001 0.013906054762894951
0.5680000000000001 0.013886000057816497
0.5690000000000001 0.01386597600297187
0.5700000000000001 0.013845982537156482
0.5710000000000001 0.01382601959931286
0.5720000000000001 0.013806087128370165
0.5730000000000001 0.013786185063237548
0.5740000000000001 0.0137663133429371
0.5750000000000001 0.013746471906197613
0.5760000000000001 0.01372666069189517
0.5770000000000001 0.013706879639162638
0.5780000000000001 0.013687128686385011
0.5790000000000001 0.013667407772812609
0.5800000000000001 0.013647716837128584
0.5810000000000001 0.01362805581808716
0.582 0.01360842465449805
0.583 0.013588823285249633
0.584 0.013569251648920491
0.585 0.01354970968454255
0.586 0.013530197330625769
0.587 0.013510714525974826
0.588 0.013491261209388306
0.589 0.013471837319416282
0.59 0.013452442794866012
0.591 0.013433077574504572
0.592 0.013413741596710783
0.593 0.013394434800465477
0.594 0.013375157124245106
0.595 0.01335590850668083
0.596 0.013336688886398013
0.597 0.013317498202064364
0.598 0.013298336392167437
0.599 0.013279203395435311
0.6 0.013260099150282884
0.601 0.01324102430053433
0.602 0.01322198474754025
0.603 0.013202975714735483
0.604 0.013183995572284305
0.605 0.013165044263948806
0.606 0.013146121733455196
0.607 0.013127227924862948
0.608 0.013108362781594485
0.609 0.01308952624776765
0.61 0.013070718267054639
0.611 0.013051938783112504
0.612 0.013033187739791568
0.613 0.013014465080773342
0.614 0.012995770749867757
0.615 0.012977104690664739
0.616 0.012958466847029601
0.617 0.012939857162440293
0.618 0.01292127558075615
0.619 0.012902722045500414
0.62 0.012884196500584614
0.621 0.012865698889283628
0.622 0.012847229155520282
0.623 0.012828787242696968
0.624 0.012810373094724069
0.625 0.012791986654824145
0.626 0.012773627866949803
0.627 0.012755296674400243
0.628 0.012736993020934659
0.629 0.01271871684986738
0.63 0.012700468104983084
0.631 0.012682246729806093
0.632 0.012664052667589748
0.633 0.012645885862099122
0.634 0.01262774625682182
0.635 0.012609633795097568
0.636 0.012591548420463602
0.637 0.01257349007648029
0.638 0.012555458706509233
0.639 0.012537454254085461
0.64 0.012519476662388132
0.641 0.012501525875050101
0.642 0.012483601835587624
0.643 0.012465704487136946
0.644 0.0124478337733054
0.645 0.012429989637259106
0.646 0.012412172022570023
0.647 0.012394380872468361
0.648 0.012376616130354477
0.649 0.012358877739539498
0.65 0.012341165643334345
0.651 0.012323479785107505
0.652 0.012305820108145267
0.653 0.012288186555719898
0.654 0.012270579071052123
0.655 0.01225299759747527
0.656 0.012235442078383823
0.657 0.012217912456782866
0.658 0.01220040867603907
0.659 0.012182930679526154
0.66 0.012165478410046952
0.661 0.012148051811347423
0.662 0.012130650826127694
0.663 0.012113275397955993
0.664 0.012095925469754661
0.665 0.012078600984900302
0.666 0.012061301886424963
0.667 0.01204402811744914
0.668 0.01202677962117228
0.669 0.012009556340698111
0.67 0.011992358219212892
0.671 0.011975185199793193
0.672 0.011958044408275094
0.673 0.011940942859542072
0.674 0.0119238674871659
0.675 0.011906817913633358
0.676 0.011889794094676498
0.677 0.011872795986069861
0.678 0.011855823543568336
0.679 0.011838876722996316
0.68 0.011821955479913484
0.681 0.011805059770313816
0.682 0.011788189549571228
0.683 0.011771344773874017
0.684 0.011754525398533583
0.685 0.011737731379364943
0.686 0.011720962672129602
0.687 0.011704219232355017
0.6880000000000001 0.01168750101594563
0.6890000000000001 0.011670807978321986
0.6900000000000001 0.011654140075302868
0.6910000000000001 0.01163749726248588
0.6920000000000001 0.011620879495384774
0.6930000000000001 0.011604286729833053
0.6940000000000001 0.011587718921394922
0.6950000000000001 0.011571176025452434
0.6960000000000001 0.011554657997952371
0.6970000000000001 0.011538164794338003
0.6980000000000001 0.011521696370026195
0.6990000000000001 0.011505252680907333
0.7000000000000001 0.011488833682309539
0.7010000000000001 0.011472439329870236
0.7020000000000001 0.011456069579180762
0.7030000000000001 0.011439724385648945
0.7040000000000001 0.011423403704938296
0.7050000000000001 0.011407107492566375
0.7060000000000001 0.011390835703956527
0.7070000000000001 0.011374588294678922
0.7080000000000001 0.011358365220246655
0.709 0.011342166436153912
0.71 0.011325991897770822
0.711 0.011309841560682701
0.712 0.011293715380385608
0.713 0.011277613312145779
0.714 0.01126153531164442
0.715 0.011245481334202593
0.716 0.011229451335286663
0.717 0.011213445270160056
0.718 0.011197463094560217
0.719 0.011181504763603703
0.72 0.011165570232854359
0.721 0.011149659457546361
0.722 0.01113377239324322
0.723 0.011117908995214644
0.724 0.0111020692187793
0.725 0.011086253019453183
0.726 0.011070460352501272
0.727 0.011054691173109074
0.728 0.011038945437007772
0.729 0.01102322309904169
0.73 0.011007524114843804
0.731 0.010991848439567594
0.732 0.01097619602882651
0.733 0.010960566837361591
0.734 0.010944960821009788
0.735 0.010929377934732091
0.736 0.01091381813375846
0.737 0.010898281373700327
0.738 0.010882767609382624
0.739 0.010867276796363633
0.74 0.010851808889722307
0.741 0.01083636384472809
0.742 0.010820941616605175
0.743 0.010805542160641373
0.744 0.01079016543188824
0.745 0.010774811385703973
0.746 0.010759479977162225
0.747 0.010744171161594988
0.748 0.010728884893992874
0.749 0.010713621129552897
0.75 0.010698379823602285
0.751 0.010683160931165666
0.752 0.01066796440747652
0.753 0.010652790207473027
0.754 0.010637638286553725
0.755 0.010622508599618786
0.756 0.010607401101924773
0.757 0.010592315748555186
0.758 0.010577252494598108
0.759 0.010562211295039932
0.76 0.010547192105152158
0.761 0.01053219487993292
0.762 0.010517219574469773
0.763 0.010502266143806487
0.764 0.010487334542892565
0.765 0.01047242472692885
0.766 0.010457536651033932
0.767 0.01044267027004952
0.768 0.010427825539045832
0.769 0.010413002413183632
0.77 0.010398200847256364
0.771 0.01038342079637652
0.772 0.010368662215626542
0.773 0.010353925059954675
0.774 0.010339209284144814
0.775 0.010324514843575947
0.776 0.010309841692812079
0.777 0.010295189787060795
0.778 0.010280559081114993
0.779 0.01026594953011965
0.78 0.010251361088935793
0.781 0.01023679371239096
0.782 0.01022224735554956
0.783 0.010207721973225113
0.784 0.010193217520452606
0.785 0.010178733952047056
0.786 0.010164271222958297
0.787 0.010149829288024922
0.788 0.01013540810219397
0.789 0.010121007620279196
0.79 0.010106627797210202
0.791 0.010092268587917763
0.792 0.010077929946992394
0.793 0.010063611829594334
0.794 0.010049314190453986
0.795 0.010035043611496772
0.796 0.010020814966841157
0.797 0.010006609023171685
0.798 0.009992424170530879
0.799 0.009978260371101414
0.8 0.009964117587063313
0.801 0.009949995780571784
0.802 0.009935894913876472
0.803 0.009921814949089893
0.804 0.009907755848441701
0.805 0.009893717573998094
0.806 0.009879700088006236
0.807 0.009865703352564661
0.808 0.009851727329795725
0.809 0.009837771982017596
0.81 0.00982383727101843
0.811 0.00980992315922746
0.812 0.009796029608693699
0.8130000000000001 0.00978215658136993
0.8140000000000001 0.009768304039562374
0.8150000000000001 0.009754471945207852
0.8160000000000001 0.009740660260648917
0.8170000000000001 0.009726868947600716
0.8180000000000001 0.00971309796844221
0.8190000000000001 0.009699347285157053
0.8200000000000001 0.009685616859745418
0.8210000000000001 0.009671906654496971
0.8220000000000001 0.00965821663108917
0.8230000000000001 0.00964454675187826
0.8240000000000001 0.009630896978963827
0.8250000000000001 0.009617267274050245
0.8260000000000001 0.009603657599389795
0.8270000000000001 0.009590067917030473
0.8280000000000001 0.009576498188980646
0.8290000000000001 0.009562948377111828
0.8300000000000001 0.009549418443611448
0.8310000000000001 0.009535908350432751
0.8320000000000001 0.009522418059545604
0.8330000000000001 0.00950894753285409
0.8340000000000001 0.009495496732514729
0.8350000000000001 0.009482065620453633
0.8360000000000001 0.00946865415858363
0.8370000000000001 0.009455262308943781
0.838 0.009441890033424698
0.839 0.009428537293973653
0.84 0.009415204052760012
0.841 0.009401890271431967
0.842 0.009388595912107296
0.843 0.009375320936666024
0.844 0.009362065306974995
0.845 0.009348828985097467
0.846 0.009335611932855254
0.847 0.009322414112135604
0.848 0.00930923548498857
0.849 0.009296076013136693
0.85 0.009282935658536445
0.851 0.009269814383131186
0.852 0.009256712148791363
0.853 0.009243628917333165
0.854 0.009230564650657096
0.855 0.009217519310639318
0.856 0.00920449285909444
0.857 0.009191485258048523
0.858 0.009178496469058089
0.859 0.009165526454265513
0.86 0.00915257517529872
0.861 0.009139642594087019
0.862 0.00912672867252063
0.863 0.009113833372203603
0.864 0.009100956655172496
0.865 0.00908809848318527
0.866 0.009075258817949542
0.867 0.009062437621358369
0.868 0.009049634855243509
0.869 0.009036850481240187
0.87 0.009024084461371639
0.871 0.0090113367571502
0.872 0.008998607330528393
0.873 0.008985896143221442
0.874 0.008973203157055295
0.875 0.008960528333607273
0.876 0.00894787163485756
0.877 0.008935233022365405
0.878 0.008922612457984529
0.879 0.008910009903507089
0.88 0.008897425320533028
0.881 0.008884858670844107
0.882 0.008872309916108502
0.883 0.00885977901810522
0.884 0.00884726593864173
0.885 0.008834770639176167
0.886 0.008822293081621732
0.887 0.008809833227575923
0.888 0.00879739103883713
0.889 0.008784966476914078
0.89 0.008772559503662198
0.891 0.008760170080621276
0.892 0.008747798169569459
0.893 0.008735443732062432
0.894 0.008723106729917105
0.895 0.00871078712460054
0.896 0.008698484877941805
0.897 0.008686199951462045
0.898 0.008673932306852958
0.899 0.008661681905734134
0.9 0.008649448709761417
0.901 0.00863723268053689
0.902 0.008625033779665345
0.903 0.008612851968784061
0.904 0.00860068720964905
0.905 0.008588539463487197
0.906 0.008576408692359152
0.907 0.008564294857485893
0.908 0.008552197920671122
0.909 0.00854011784345964
0.91 0.008528054587484487
0.911 0.008516008114104525
0.912 0.008503978385164555
0.913 0.008491965361961173
0.914 0.008479969006437958
0.915 0.008467989279826353
0.916 0.008456026143655964
0.917 0.008444079559811092
0.918 0.008432154549657752
0.919 0.00842027428386325
0.92 0.008408415601216357
0.921 0.00839657423628025
0.922 0.008384750158381719
0.923 0.008372943336075385
0.924 0.008361153738447329
0.925 0.008349381334365497
0.926 0.008337626092585185
0.927 0.008325887982118989
0.928 0.008314166971844887
0.929 0.008302463030440887
0.93 0.008290776127090735
0.931 0.00827910623040061
0.932 0.008267453309204342
0.933 0.008255817332672822
0.934 0.008244198269193264
0.935 0.00823259608803631
0.936 0.008221010757670809
0.937 0.008209442247355073
0.9380000000000001 0.008197890525474746
0.9390000000000001 0.008186355561189528
0.9400000000000001 0.008174837323120148
0.9410000000000001 0.008163335780227191
0.9420000000000001 0.008151850901231264
0.9430000000000001 0.00814038265488616
0.9440000000000001 0.008128931010196617
0.9450000000000001 0.008117495935814062
0.9460000000000001 0.008106077400532648
0.9470000000000001 0.0080946753732094
0.9480000000000001 0.008083289822585122
0.9490000000000001 0.008071920717500873
0.9500000000000001 0.0080605680266931
0.9510000000000001 0.008049231718965037
0.9520000000000001 0.008037911762992121
0.9530000000000001 0.008026608127693131
0.9540000000000001 0.008015320781817837
0.9550000000000001 0.008004049693909653
0.9560000000000001 0.00799279483304402
0.9570000000000001 0.00798155616766605
0.9580000000000001 0.007970333666880505
0.9590000000000001 0.007959127299045844
0.9600000000000001 0.007947937033191856
0.9610000000000001 0.007936762837855806
0.9620000000000001 0.007925604681939676
0.9630000000000001 0.007914462534063004
0.9640000000000001 0.00790333636294024
0.965 0.007892226137402095
0.966 0.007881131826037047
0.967 0.007870053397687623
0.968 0.0078589908209061
0.969 0.007847944064535824
0.97 0.007836913097188198
0.971 0.007825897887620161
0.972 0.007814898404488263
0.973 0.007803914616522221
0.974 0.007792946492337385
0.975 0.007781994000712566
0.976 0.007771057110232062
0.977 0.007760135789600079
0.978 0.007749230007546557
0.979 0.007738339732573508
0.98 0.007727464933601698
0.981 0.007716605579084288
0.982 0.007705761637657402
0.983 0.007694933078118389
0.984 0.00768411986914488
0.985 0.007673321979088537
0.986 0.007662539376926079
0.987 0.007651772031095897
0.988 0.007641019910241113
0.989 0.007630282983185677
0.99 0.007619561218225243
0.991 0.007608854584272751
0.992 0.00759816304971461
0.993 0.007587486583485904
0.994 0.007576825153808485
0.995 0.007566178729535397
0.996 0.007555547279183842
0.997 0.007544930771461926
0.998 0.007534329174793136
0.999 0.007523742457870479
1.0 0.007513170589276068
1.001 0.007502613537568556
1.002 0.007492071271373028
1.003 0.007481543759274959
1.004 0.007471030969735873
1.005 0.007460532871412707
1.006 0.00745004943295045
1.007 0.007439580622700218
1.008 0.007429126409478728
1.009 0.0074186867616044755
1.01 0.007408261647796696
1.011 0.007397851036524061
1.012 0.007387454896323863
1.013 0.007377073195828747
1.014 0.007366705903456974
1.015 0.0073563529878047625
1.016 0.007346014417436671
1.017 0.0073356901608103145
1.018 0.007325380186544258
1.019 0.007315084463044023
1.02 0.007304802958864253
1.021 0.007294535642621772
1.022 0.007284282482616728
1.023 0.0072740434476242215
1.024 0.007263818505892345
1.025 0.007253607626110816
1.026 0.007243410776723342
1.027 0.007233227926165253
1.028 0.007223059042926598
1.029 0.007212904095586908
1.0299999999999998 0.007202763052581823
1.031 0.0071926358822698225
1.0319999999999998 0.007182522553417315
1.033 0.007172423034373755
1.0339999999999998 0.007162337293274036
1.035 0.007152265299101652
1.0359999999999998 0.00714220702008898
1.037 0.0071321624245388356
1.0379999999999998 0.007122131481284352
1.039 0.007112114158460617
1.0399999999999998 0.00710211042453062
1.041 0.007092122684180985
1.0419999999999998 0.00708217469505945
1.043 0.007072248010765209
1.0439999999999998 0.007062335662943256
1.045 0.007052437627015987
1.0459999999999998 0.0070425538783466714
1.047 0.007032684392359633
1.0479999999999998 0.007022829144722625
1.049 0.0070129881105689745
1.0499999999999998 0.0070031612655017195
1.051 0.0069933485849468
1.0519999999999998 0.006983550044194862
1.053 0.0069737656187365904
1.0539999999999998 0.00696399528418309
1.055 0.0069542390156555065
1.0559999999999998 0.006944496788639209
1.057 0.0069347685786996715
1.0579999999999998 0.006925054361068728
1.059 0.00691535411121151
1.0599999999999998 0.00690566780456846
1.061 0.006895995416449642
1.0619999999999998 0.006886336922273841
1.063 0.006876692297589107
1.0639999999999998 0.006867061517564726
1.065 0.006857444557672349
1.0659999999999998 0.006847841393311369
1.067 0.006838251999782549
1.0679999999999998 0.006828676352607462
1.069 0.0068191144270772
1.0699999999999998 0.006809566198509186
1.071 0.006800031642424654
1.0719999999999998 0.006790510733936899
1.073 0.006781003448730689
1.0739999999999998 0.006771509761897778
1.075 0.006762029648968086
1.0759999999999998 0.00675256308515169
1.077 0.006743110045960965
1.0779999999999998 0.006733670506608426
1.079 0.006724244442514302
1.0799999999999998 0.006714831828934878
1.081 0.006705432641359469
1.0819999999999999 0.006696046855076183
1.083 0.006686674445254406
1.0839999999999999 0.006677315387453911
1.085 0.0066679696568799005
1.0859999999999999 0.006658637228921519
1.087 0.006649318078831819
1.0879999999999999 0.006640012181978537
1.089 0.006630719513695915
1.0899999999999999 0.0066214400492717
1.091 0.006612173764060043
1.0919999999999999 0.006602920633284745
1.093 0.006593680632282576
1.0939999999999999 0.006584453736462524
1.095 0.006575239921052125
1.0959999999999999 0.0065660391612485354
1.097 0.006556851432555111
1.0979999999999999 0.006547676710159725
1.099 0.006538514969320617
1.0999999999999999 0.006529366185356369
1.101 0.006520230333578507
1.1019999999999999 0.006511107389225803
1.103 0.006501997327691173
1.1039999999999999 0.006492900124121557
1.105 0.0064838157537554795
1.1059999999999999 0.0064747441921237355
1.107 0.006465685414257116
1.1079999999999999 0.006456639395408156
1.109 0.0064476061111274924
1.1099999999999999 0.006438585536336065
1.111 0.006429577646418144
1.1119999999999999 0.006420582416847861
1.113 0.006411599822487402
1.1139999999999999 0.006402629838888456
1.115 0.00639367244122658
1.1159999999999999 0.006384727604651363
1.117 0.006375795304602394
1.1179999999999999 0.006366875516112369
1.119 0.006357968214619867
1.1199999999999999 0.006349073375144543
1.121 0.0063401909731612876
1.1219999999999999 0.006331320983688811
1.123 0.006322463382114386
1.1239999999999999 0.006313618143530388
1.125 0.006304785243368515
1.126 0.006295964656654745
1.127 0.0062871563586415005
1.128 0.006278360324614907
1.129 0.006269576529859778
1.13 0.006260804949239135
1.131 0.006252045558558962
1.132 0.00624329833234185
1.133 0.006234563246426212
1.134 0.006225840275561614
1.135 0.006217129395229911
1.136 0.006208430580370371
1.137 0.006199743806422758
1.138 0.006191069048516065
1.139 0.0061824062817335546
1.14 0.00617375548139801
1.141 0.006165116622662503
1.142 0.006156489680687873
1.143 0.006147874630622448
1.144 0.006139271447667741
1.145 0.006130680107120544
1.146 0.006122100583892435
1.147 0.006113532853527534
1.148 0.006104976890854163
1.149 0.006096432671234304
1.15 0.006087900169710448
1.151 0.006079379361553223
1.152 0.00607087022194963
1.153 0.006062372725946055
1.154 0.006053886848708702
1.155 0.006045412565448744
1.156 0.006036949851361043
1.157 0.00602849868153632
1.158 0.006020059030971733
1.1589999999999998 0.006011630875170318
1.16 0.006003214188950409
1.1609999999999998 0.005994808947635793
1.162 0.005986415126248294
1.1629999999999998 0.005978032700024552
1.164 0.005969662244989089
1.1649999999999998 0.005961319854291
1.166 0.005952996811885915
1.1669999999999998 0.00594468567369549
1.168 0.005936386419657359
1.1689999999999998 0.005928099029882885
1.17 0.005919823484289272
1.1709999999999998 0.005911559762747916
1.172 0.0059033078456103266
1.1729999999999998 0.005895067712665181
1.174 0.005886839343858667
1.1749999999999998 0.00587862271922341
1.176 0.005870417818891908
1.1769999999999998 0.005862224622690084
1.178 0.005854043110717211
1.1789999999999998 0.0058458732629069745
1.18 0.005837715059201428
1.1809999999999998 0.00582956847972471
1.182 0.005821433504332136
1.1829999999999998 0.0058133101130733765
1.184 0.0058051982859115125
1.1849999999999998 0.005797098002772266
1.186 0.00578900924370555
1.1869999999999998 0.005780931988699488
1.188 0.005772866217568249
1.1889999999999998 0.0057648119104904815
1.19 0.005756769047276382
1.1909999999999998 0.005748737607992955
1.192 0.005740717572550068
1.1929999999999998 0.005732708920977627
1.194 0.005724711632987078
1.1949999999999998 0.005716725688869354
1.196 0.00570875106850555
1.1969999999999998 0.005700787751591097
1.198 0.005692835718338548
1.1989999999999998 0.0056848949487289194
1.2 0.00567696542249922
1.2009999999999998 0.005669047119697053
1.202 0.005661140020274595
1.2029999999999998 0.005653244104242897
1.204 0.0056453593513308324
1.2049999999999998 0.005637485741715142
1.206 0.005629623255216286
1.2069999999999999 0.005621771871783661
1.208 0.005613931571271187
1.2089999999999999 0.005606102333823071
1.21 0.0055982841391240285
1.2109999999999999 0.005590476967248197
1.212 0.005582680797988298
1.2129999999999999 0.005574895611489254
1.214 0.005567121387502777
1.2149999999999999 0.005559358105942444
1.216 0.005551605746821126
1.2169999999999999 0.005543864289974199
1.218 0.005536133715257697
1.2189999999999999 0.005528414002846819
1.22 0.005520705132324914
1.2209999999999999 0.005513007083789021
1.222 0.005505319837207767
1.2229999999999999 0.005497643372198775
1.224 0.005489977669008311
1.2249999999999999 0.005482322707246272
1.226 0.005474678467084891
1.2269999999999999 0.005467044928076772
1.228 0.005459422070514605
1.2289999999999999 0.005451809874075604
1.23 0.005444208318527601
1.2309999999999999 0.005436617384057274
1.232 0.005429037050308898
1.2329999999999999 0.005421467297267008
1.234 0.005413908104899102
1.2349999999999999 0.0054063594529380025
1.236 0.005398821321227679
1.2369999999999999 0.005391293689944209
1.238 0.005383776538646718
1.2389999999999999 0.005376269847305074
1.24 0.005368773595863828
1.2409999999999999 0.005361287764148618
1.242 0.005353812332013643
1.2429999999999999 0.0053463472794341846
1.244 0.005338892586037486
1.2449999999999999 0.005331448232014734
1.246 0.005324014196882092
1.2469999999999999 0.005316590460744578
1.248 0.005309177003470734
1.2489999999999999 0.0053017738047732195
1.25 0.005294380844508902
1.251 0.005286998102672502
1.252 0.0052796255591009665
1.253 0.005272263193487698
1.254 0.005264910985819341
1.255 0.00525756891593078
1.256 0.005250236963668697
1.257 0.00524291510881087
1.258 0.005235603331200623
1.259 0.005228301610864765
1.26 0.005221009927424018
1.261 0.005213728260790159
1.262 0.005206456590787441
1.263 0.005199194897320219
1.264 0.005191943160205294
1.265 0.00518470135910377
1.266 0.0051774694741187725
1.267 0.0051702474848998705
1.268 0.005163035371302795
1.269 0.005155833113222121
1.27 0.005148640690311715
1.271 0.00514145808261187
1.272 0.005134285269785625
1.273 0.0051271222317873085
1.274 0.005119968948185685
1.275 0.005112825399142919
1.276 0.005105691564265941
1.277 0.005098567423266855
1.278 0.005091452956192127
1.279 0.005084348142672081
1.28 0.005077252962625868
1.281 0.005070167395887556
1.282 0.005063091422087615
1.283 0.005056025021176979
1.284 0.0050489681728615714
1.285 0.005041920857020017
1.2859999999999998 0.005034883053503707
1.287 0.005027854795763028
1.2879999999999998 0.005020848337330593
1.289 0.005013861121393966
1.2899999999999998 0.005006883870246463
1.291 0.004999916568077797
1.2919999999999998 0.004992959199025815
1.293 0.004986011747029037
1.2939999999999998 0.004979074196292913
1.295 0.004972146530815086
1.2959999999999998 0.004965228734674007
1.297 0.004958320791951377
1.2979999999999998 0.004951422686726981
1.299 0.004944534402951352
1.2999999999999998 0.004937655924937299
1.301 0.004930787236496089
1.3019999999999998 0.004923928321792767
1.303 0.004917079164879944
1.3039999999999998 0.004910239749849576
1.305 0.004903410060780376
1.3059999999999998 0.004896590081542324
1.307 0.004889779796389144
1.3079999999999998 0.004882979189345282
1.309 0.004876188244401098
1.3099999999999998 0.004869406945648577
1.311 0.004862635277116704
1.3119999999999998 0.004855873222811939
1.313 0.004849120766801906
1.3139999999999998 0.00484237789328896
1.315 0.00483564458610631
1.3159999999999998 0.004828920829325255
1.317 0.004822206607090732
1.3179999999999998 0.004815501903405236
1.319 0.004808806702245421
1.3199999999999998 0.00480212098768971
1.321 0.00479544474382372
1.3219999999999998 0.004788777954578486
1.323 0.004782120604036936
1.3239999999999998 0.004775472676276333
1.325 0.004768834155256914
1.3259999999999998 0.00476220502505747
1.327 0.004755585269643926
1.3279999999999998 0.004748974873084089
1.329 0.004742373819490107
1.3299999999999998 0.004735782092670812
1.331 0.004729199676843191
1.3319999999999999 0.004722626555920943
1.333 0.0047160627140234905
1.3339999999999999 0.004709508135016365
1.335 0.004702962803074087
1.3359999999999999 0.004696426702076325
1.337 0.004689899816203362
1.3379999999999999 0.004683382129319754
1.339 0.004676873625487364
1.3399999999999999 0.004670374288684018
1.341 0.004663884103018772
1.3419999999999999 0.0046574030524087675
1.343 0.004650931120857224
1.3439999999999999 0.004644468292440161
1.345 0.004638014551025678
1.3459999999999999 0.004631569880861254
1.347 0.0046251342657045134
1.3479999999999999 0.004618707689639491
1.349 0.00461229013672318
1.3499999999999999 0.004605881590858944
1.351 0.004599482036051971
1.3519999999999999 0.004593091456430612
1.353 0.004586709835869146
1.3539999999999999 0.004580337158344608
1.355 0.00457397340792742
1.3559999999999999 0.0045676185685837745
1.357 0.004561272624228572
1.3579999999999999 0.004554935558949776
1.359 0.004548607356614219
1.3599999999999999 0.004542288001460467
1.361 0.004535977477129639
1.3619999999999999 0.004529675767845287
1.363 0.00452338285748613
1.3639999999999999 0.004517098730120277
1.365 0.004510823369657028
1.3659999999999999 0.004504556760046263
1.367 0.004498298885314889
1.3679999999999999 0.004492049729451807
1.369 0.004485809276440112
1.3699999999999999 0.004479577510179305
1.371 0.0044733544146914935
1.3719999999999999 0.004467139973932036
1.373 0.004460934172061078
1.3739999999999999 0.0044547369925557224
1.375 0.004448548419822201
1.376 0.004442368437835777
1.377 0.004436197030305383
1.378 0.004430034181348569
1.379 0.004423879874796159
1.38 0.004417734094841995
1.381 0.004411596825306152
1.382 0.0044054680500783166
1.383 0.004399347753207885
1.384 0.004393235918702281
1.385 0.0043871325303601
1.386 0.004381037572319147
1.387 0.004374951028408705
1.388 0.004368872882644275
1.389 0.004362803118861271
1.39 0.00435674172121753
1.391 0.004350688673438792
1.392 0.0043446439595648265
1.393 0.004338607563662345
1.394 0.004332579469537242
1.395 0.004326559661059532
1.396 0.004320548122380337
1.397 0.004314544837421494
1.398 0.004308549789764711
1.399 0.004302562963888353
1.4 0.004296584343454757
1.401 0.004290613912219847
1.402 0.004284651654518338
1.403 0.0042786975539839105
1.404 0.004272751594692927
1.405 0.004266813760491609
1.406 0.0042608840354829034
1.407 0.004254962403341737
1.408 0.004249048848156224
1.409 0.004243143353834967
1.41 0.004237245904430957
1.411 0.004231359772138803
1.412 0.004225486220571131
1.4129999999999998 0.004219620880017656
1.414 0.004213763711669236
1.4149999999999998 0.004207914700712765
1.416 0.004202073832750737
1.4169999999999998 0.004196241093306973
1.418 0.004190416467655598
1.4189999999999998 0.004184599941293007
1.42 0.00417879149977277
1.4209999999999998 0.004172991128481891
1.422 0.0041671988127191095
1.4229999999999998 0.004161414538200793
1.424 0.00415563829013233
1.4249999999999998 0.004149870053996443
1.426 0.004144109815476663
1.4269999999999998 0.004138357559569294
1.428 0.004132613272150269
1.4289999999999998 0.0041268769383880684
1.43 0.004121148543750812
1.4309999999999998 0.004115428073876707
1.432 0.0041097155138472416
1.4329999999999998 0.004104010849401744
1.434 0.004098314065909706
1.4349999999999998 0.004092625148632533
1.436 0.004086944083127922
1.4369999999999998 0.004081270854903892
1.438 0.004075605449263349
1.4389999999999998 0.00406994785164222
1.44 0.004064298047552838
1.4409999999999998 0.0040586560223251225
1.442 0.004053021761399315
1.4429999999999998 0.004047395250310555
1.444 0.004041776474322926
1.4449999999999998 0.004036165418829384
1.446 0.0040305620695967334
1.4469999999999998 0.004024966411577246
1.448 0.004019378430581474
1.4489999999999998 0.004013798111629914
1.45 0.00400822544058537
1.4509999999999998 0.0040026604025036345
1.452 0.003997102982914136
1.4529999999999998 0.0039915531674338586
1.454 0.003986010941085678
1.4549999999999998 0.003980476289583516
1.456 0.00397494919820546
1.4569999999999999 0.0039694296524893265
1.458 0.003963917637645461
1.4589999999999999 0.003958413139242748
1.46 0.003952916142638403
1.4609999999999999 0.0039474266331806064
1.462 0.003941944596456326
1.4629999999999999 0.00393647001760897
1.464 0.0039310028822151484
1.4649999999999999 0.0039255431757150025
1.466 0.0039200908833188775
1.4669999999999999 0.003914645990576639
1.468 0.003909208482895477
1.4689999999999999 0.0039037783455918404
1.47 0.0038983555641167876
1.4709999999999999 0.003892940123887999
1.472 0.003887532010238915
1.4729999999999999 0.003882131208482391
1.474 0.0038767377043675694
1.4749999999999999 0.0038713514828166797
1.476 0.003865972529618503
1.4769999999999999 0.0038606008298135573
1.478 0.003855236369138872
1.4789999999999999 0.003849879132836137
1.48 0.003844529106098784
1.4809999999999999 0.003839186274584242
1.482 0.003833850623691374
1.4829999999999999 0.0038285221385212574
1.484 0.003823200804785475
1.4849999999999999 0.003817886607666244
1.486 0.003812579532624741
1.4869999999999999 0.0038072795650200193
1.488 0.003801986690253001
1.4889999999999999 0.0037967008936395734
1.49 0.0037914221606459653
1.4909999999999999 0.0037861504766765483
1.492 0.003780885826964225
1.4929999999999999 0.003775628197007355
1.494 0.0037703775720943997
1.4949999999999999 0.0037651339377677354
1.496 0.0037598972792068533
1.4969999999999999 0.00375466758190673
1.498 0.003749444831152407
1.4989999999999999 0.0037442290124499933
1.5 0.0037390201110042145
1.501 0.0037338181123895892
1.502 0.0037286230016604555
1.503 0.0037234347645011957
1.504 0.0037182533862460507
1.505 0.003713078851981682
1.506 0.00370791114747949
1.507 0.0037027502577702143
1.508 0.0036975961682518686
1.509 0.0036924488646154154
1.51 0.003687308331847014
1.511 0.003682174555467239
1.512 0.0036770475208694957
1.513 0.003671927213308261
1.514 0.003666813618258202
1.515 0.0036617067209136185
1.516 0.0036566065068932966
1.517 0.0036515129613313617
1.518 0.0036464260696920225
1.519 0.0036413458171864217
1.52 0.003636272189471576
1.521 0.0036312051715297346
1.522 0.0036261447490820897
1.523 0.0036210909071678894
1.524 0.0036160436312080023
1.525 0.003611002906766135
1.526 0.0036059687189427974
1.527 0.003600941053221514
1.528 0.0035959198949041932
1.529 0.0035909052293770422
1.53 0.0035858970419618275
1.531 0.003580895317914561
1.532 0.0035759000428241916
1.533 0.0035709112017221845
1.534 0.0035659359327971357
1.535 0.0035609837064886378
1.536 0.0035560390928977767
1.537 0.0035511014499105893
1.538 0.003546170767593132
1.539 0.00354124703609167
1.54 0.0035363302454337127
1.541 0.0035314203856863288
1.5419999999999998 0.0035265174470997997
1.543 0.0035216214195501316
1.5439999999999998 0.0035167322932502356
1.545 0.0035118500583442773
1.5459999999999998 0.0035069747046964656
1.547 0.0035021062227183425
1.5479999999999998 0.0034972446021612875
1.549 0.0034923898333940294
1.5499999999999998 0.003487541906269516
1.551 0.0034827008110651183
1.5519999999999998 0.0034778665377310568
1.553 0.003473039076423282
1.5539999999999998 0.0034682184172322595
1.555 0.003463404550125284
1.5559999999999998 0.0034585974652458556
1.557 0.003453797152841565
1.5579999999999998 0.003449003602718627
1.559 0.003444216805066181
1.5599999999999998 0.00343943675008655
1.561 0.0034346634276601327
1.5619999999999998 0.003429896828050918
1.563 0.003425136941100832
1.5639999999999998 0.0034203837571425964
1.565 0.0034156372660254348
1.5659999999999998 0.0034108974581007396
1.567 0.0034061643230893094
1.5679999999999998 0.003401437851315439
1.569 0.0033967180328174306
1.5699999999999998 0.00339200485762103
1.571 0.003387298315741737
1.5719999999999998 0.00338259839736988
1.573 0.0033779050926069174
1.5739999999999998 0.003373218391318814
1.575 0.0033685382837543893
1.5759999999999998 0.003363864759865586
1.577 0.003359197809875722
1.5779999999999998 0.0033545374236396393
1.579 0.0033498835914450944
1.5799999999999998 0.0033452363032086896
1.581 0.003340595548976751
1.5819999999999999 0.003335961318979136
1.583 0.003331333603095058
1.5839999999999999 0.003326712391553141
1.585 0.0033220976742399755
1.5859999999999999 0.0033174894413829604
1.587 0.003312887682858825
1.5879999999999999 0.0033082923889395286
1.589 0.003303703549583505
1.5899999999999999 0.003299121154808379
1.591 0.0032945451947415413
1.5919999999999999 0.0032899756594080365
1.593 0.003285412538883942
1.5939999999999999 0.003280855823147316
1.595 0.0032763055024717315
1.5959999999999999 0.0032717615666525983
1.597 0.003267224005829241
1.5979999999999999 0.0032626928101561563
1.599 0.003258167969618537
1.5999999999999999 0.003253649474199498
1.601 0.003249137314086065
1.6019999999999999 0.003244631479223021
1.603 0.0032401319597504105
1.6039999999999999 0.0032356387456291187
1.605 0.003231151827017878
1.6059999999999999 0.003226671193797784
1.607 0.0032221968361479834
1.6079999999999999 0.003217728744162682
1.609 0.0032132669078297716
1.6099999999999999 0.0032088113170435795
1.611 0.0032043619621511176
1.6119999999999999 0.003199918832925464
1.613 0.0031954819196251985
1.6139999999999999 0.0031910512121553184
1.615 0.003186626700528726
1.6159999999999999 0.0031822083750380737
1.617 0.0031777962254264124
1.6179999999999999 0.003173390241869486
1.619 0.003168990414456517
1.6199999999999999 0.003164596733126248
1.621 0.0031602091880125584
1.6219999999999999 0.003155827769090217
1.623 0.0031514524664461615
1.6239999999999999 0.003147083270136994
1.625 0.0031427201700627797
1.626 0.003138363156497567
1.627 0.003134012219183045
1.628 0.0031296673484509452
1.629 0.0031253285341031447
1.63 0.0031209957663501696
1.631 0.003116669035171677
1.632 0.003112348330515246
1.633 0.003108033642533992
1.634 0.0031037249611700667
1.635 0.003099422276641116
1.636 0.0030951255786325067
1.637 0.003090834857550851
1.638 0.0030865501032376823
1.639 0.0030822713056967285
1.64 0.0030779984550173205
1.641 0.0030737315412305735
1.642 0.0030694705543962706
1.643 0.0030652154844942915
1.644 0.0030609663215505492
1.645 0.0030567230555853166
1.646 0.003052485676689067
1.647 0.0030482541748611995
1.648 0.003044028540058015
1.649 0.0030398087624809106
1.65 0.003035594831882069
1.651 0.0030313867385491234
1.652 0.00302718447243194
1.653 0.0030229880233738154
1.654 0.003018797381753836
1.655 0.0030146125371913906
1.656 0.003010433479985905
1.657 0.0030062602001401646
1.658 0.0030020926875136147
1.659 0.002997930932319752
1.66 0.0029937749244213397
1.661 0.0029896246539261604
1.662 0.002985480110796289
1.663 0.002981341285171273
1.664 0.0029772081669335497
1.665 0.0029730807461145594
1.666 0.002968959012851367
1.667 0.002964842956984343
1.668 0.0029607325687325135
1.669 0.002956627837935233
1.67 0.0029525287546167916
1.6709999999999998 0.0029484353090016885
1.672 0.002944347490798299
1.6729999999999998 0.002940265290273334
1.674 0.0029361886972920693
1.6749999999999998 0.0029321177019214903
1.676 0.002928052294220257
1.6769999999999998 0.0029239924640271963
1.678 0.0029199382016271477
1.6789999999999998 0.0029158894967793334
1.68 0.0029118463395775614
1.6809999999999998 0.002907808720168856
1.682 0.0029037766282900505
1.6829999999999998 0.0028997500542531506
1.684 0.002895728987702326
1.6849999999999998 0.002891713419114575
1.686 0.002887703338058812
1.6869999999999998 0.0028836987347250114
1.688 0.0028796995992358384
1.6889999999999998 0.002875705921350053
1.69 0.002871717691309465
1.6909999999999998 0.0028677348989003142
1.692 0.002863757534330661
1.6929999999999998 0.002859785587436
1.694 0.002855819048368881
1.6949999999999998 0.002851857906996634
1.696 0.002847902153381225
1.6969999999999998 0.0028439517776446396
1.698 0.00284000676956617
1.6989999999999998 0.002836067119205668
1.7 0.002832132816725895
1.7009999999999998 0.0028282038519411848
1.702 0.0028242802148778948
1.7029999999999998 0.002820361895725132
1.704 0.0028164488841981757
1.7049999999999998 0.0028125411704437173
1.706 0.002808638744577956
1.7069999999999999 0.002804741596312047
1.708 0.002800849715859584
1.7089999999999999 0.002796963093155713
1.71 0.0027930817182427767
1.7109999999999999 0.002789205581009161
1.712 0.0027853346714766035
1.7129999999999999 0.0027814689797422965
1.714 0.0027776084957658884
1.7149999999999999 0.0027737532094536522
1.716 0.0027699031108211437
1.7169999999999999 0.0027660581899440805
1.718 0.0027622184367956213
1.7189999999999999 0.002758383841264943
1.72 0.002754554393422604
1.7209999999999999 0.0027507300832813825
1.722 0.0027469109008082825
1.7229999999999999 0.002743096835984644
1.724 0.002739287878811507
1.7249999999999999 0.0027354840191688803
1.726 0.002731685247288432
1.7269999999999999 0.0027278915529968706
1.728 0.002724102926217043
1.7289999999999999 0.0027203193570696322
1.73 0.002716540835443849
1.7309999999999999 0.0027127673515206685
1.732 0.0027089988949940483
1.7329999999999999 0.0027052354560943384
1.734 0.002701477024626015
1.7349999999999999 0.0026977235907028217
1.736 0.0026939751442397524
1.7369999999999999 0.002690231675358445
1.738 0.0026864931737371534
1.7389999999999999 0.0026827596297565644
1.74 0.002679031032995808
1.7409999999999999 0.0026753073738303578
1.742 0.002671588641862505
1.7429999999999999 0.0026678748274144956
1.744 0.002664165920177288
1.7449999999999999 0.0026604619104482912
1.746 0.0026567627878521126
1.7469999999999999 0.0026530685426175934
1.748 0.0026493791646590003
1.7489999999999999 0.0026456946439269735
1.75 0.002642014970422321
1.751 0.0026383453166471797
1.752 0.0026346974033763138
1.753 0.0026310559294356246
1.754 0.0026274196161078533
1.755 0.00262378845507101
1.756 0.0026201624383262643
1.757 0.0026165415577911084
1.758 0.0026129258051099218
1.759 0.002609315172269298
1.76 0.002605709651161849
1.761 0.002602109233653276
1.762 0.0025985139114279
1.763 0.00259492367652543
1.764 0.002591338520732028
1.765 0.002587758435970894
1.766 0.002584183413953171
1.767 0.0025806134466471935
1.768 0.0025770485258703253
1.769 0.0025734886436272735
1.77 0.0025699337913917724
1.771 0.0025663839613948992
1.772 0.0025628391453913963
1.773 0.00255929933509395
1.774 0.0025557645225427004
1.775 0.002552234699436443
1.776 0.00254870985773594
1.777 0.002545189989231028
1.778 0.002541675085798714
1.779 0.0025381651392935717
1.78 0.0025346601415263932
1.781 0.0025311600844340355
1.782 0.002527664959771887
1.783 0.0025241747594062242
1.784 0.002520689475207446
1.785 0.0025172090990454913
1.786 0.0025137336228271486
1.787 0.0025102630381813695
1.788 0.0025067973371387334
1.789 0.002503336511521851
1.79 0.0024998805531159175
1.791 0.0024964294538717437
1.792 0.002492983205536683
1.793 0.002489541799931924
1.794 0.002486105229090271
1.795 0.0024826734846246632
1.796 0.0024792465584929525
1.797 0.0024758244425940983
1.7979999999999998 0.0024724071286711074
1.799 0.0024689946085097885
1.7999999999999998 0.002465586874164757
1.801 0.002462183917356214
1.8019999999999998 0.0024587857299305346
1.803 0.002455392303681451
1.8039999999999998 0.002452003630467825
1.805 0.0024486197023053926
1.8059999999999998 0.002445240510737819
1.807 0.0024418660478763457
1.8079999999999998 0.0024384963053665156
1.809 0.002435131275198742
1.8099999999999998 0.002431770949031069
1.811 0.0024284153189186625
1.8119999999999998 0.002425064376597517
1.813 0.0024217181138295805
1.8139999999999998 0.0024183765225552845
1.815 0.002415039594632108
1.8159999999999998 0.0024117073217727217
1.817 0.0024083796959648
1.8179999999999998 0.002405056708937932
1.819 0.002401738352596093
1.8199999999999998 0.0023984246186770026
1.821 0.002395115499066371
1.8219999999999998 0.0023918109858289635
1.823 0.002388511070225196
1.8239999999999998 0.0023852157448563767
1.825 0.0023819250008249968
1.8259999999999998 0.002378638830467512
1.827 0.0023753572253575163
1.8279999999999998 0.002372080177540219
1.829 0.0023688076785275273
1.8299999999999998 0.002365539720549568
1.831 0.0023622762951219962
1.8319999999999999 0.0023590173942296035
1.833 0.002355763009640884
1.8339999999999999 0.002352513133256957
1.835 0.002349267756823657
1.8359999999999999 0.0023460268721892503
1.837 0.002342790471326001
1.8379999999999999 0.002339558545841256
1.839 0.002336331087711038
1.8399999999999999 0.002333108088740833
1.841 0.0023298895406984417
1.8419999999999999 0.0023266754355176747
1.843 0.0023234657650072115
1.8439999999999999 0.002320260520735398
1.845 0.0023170596950323756
1.8459999999999999 0.0023138632792953926
1.847 0.0023106712655897757
1.8479999999999999 0.0023074836455524448
1.849 0.0023043004111474364
1.8499999999999999 0.0023011215543104905
1.851 0.0022979470664873246
1.8519999999999999 0.0022947769399514644
1.853 0.0022916111661285257
1.8539999999999999 0.0022884497372083895
1.855 0.0022852926447273813
1.8559999999999999 0.0022821398806759977
1.857 0.0022789914368805805
1.8579999999999999 0.0022758473050032793
1.859 0.0022727074770597794
1.8599999999999999 0.0022695719447751975
1.861 0.002266440699989711
1.8619999999999999 0.0022633137344649475
1.863 0.0022601910402065546
1.8639999999999999 0.0022570726088183084
1.865 0.0022539584322178005
1.8659999999999999 0.0022508485022944436
1.867 0.002247742810766451
1.8679999999999999 0.002244641349500582
1.869 0.002241544110286862
1.8699999999999999 0.0022384510849870515
1.871 0.002235362265401208
1.8719999999999999 0.002232277643301254
1.873 0.0022291972107092964
1.8739999999999999 0.0022261209591236853
1.875 0.0022230488806162896
1.876 0.002219980966898693
1.877 0.0022169172098239504
1.878 0.002213857601177285
1.879 0.0022108021328023364
1.88 0.0022077507965844643
1.881 0.0022047035841502825
1.882 0.0022016604874959
1.883 0.0021986214983940036
1.884 0.002195586608660794
1.885 0.002192555810031278
1.886 0.002189529094367031
1.887 0.0021865064535924344
1.888 0.0021834878794200806
1.889 0.0021804733636492124
1.89 0.0021774628981075968
1.891 0.002174456474718481
1.892 0.0021714540850687725
1.893 0.0021684557211968884
1.894 0.002165461374813754
1.895 0.002162471037721341
1.896 0.0021594847017828633
1.897 0.0021565023588368377
1.898 0.0021535240005144647
1.899 0.0021505496189311185
1.9 0.002147579205551354
1.901 0.002144612752415784
1.902 0.002141650251394836
1.903 0.0021386916940717895
1.904 0.0021357370723757503
1.905 0.0021327863781491693
1.906 0.0021298396032137343
1.907 0.0021268967392629396
1.908 0.002123957778207129
1.909 0.0021210227117984762
1.91 0.0021180915319052693
1.911 0.0021151642302835666
1.912 0.0021122407988338073
1.913 0.002109321229191357
1.914 0.0021064055133391832
1.915 0.0021034936429492196
1.916 0.0021005856100083384
1.917 0.002097681406096032
1.918 0.0020947810231836863
1.919 0.0020918844530313442
1.92 0.002088991687439336
1.921 0.0020861027182396967
1.922 0.0020832175371597204
1.923 0.0020803361360857316
1.924 0.00207745850683246
1.9249999999999998 0.0020745846411875228
1.926 0.002071714530786831
1.9269999999999998 0.0020688481678281753
1.928 0.002065985543733674
1.9289999999999998 0.002063126650455863
1.93 0.002060271479754674
1.9309999999999998 0.002057420023613152
1.932 0.002054572273615738
1.9329999999999998 0.002051728221578854
1.934 0.002048887859571502
1.9349999999999998 0.0020460511789793623
1.936 0.002043218171903598
1.9369999999999998 0.0020403888301181077
1.938 0.0020375631453392693
1.9389999999999998 0.0020347411093775865
1.94 0.0020319227140231334
1.9409999999999998 0.002029107951252048
1.942 0.0020262968126091526
1.9429999999999998 0.0020234892900374327
1.944 0.002020685375391298
1.9449999999999998 0.0020178850602942974
1.946 0.0020150883367293765
1.9469999999999998 0.002012295196310733
1.948 0.0020095056310296916
1.9489999999999998 0.002006719632569729
1.95 0.0020039371927228888
1.9509999999999998 0.0020011583033887055
1.952 0.0019983829562950266
1.9529999999999998 0.001995611143155425
1.954 0.0019928428559702503
1.9549999999999998 0.0019900780863368775
1.956 0.0019873168262180773
1.9569999999999999 0.0019845590672434165
1.958 0.0019818048014211558
1.9589999999999999 0.0019790540203344243
1.96 0.001976306715879718
1.9609999999999999 0.0019735628799038086
1.962 0.0019708225040801445
1.9629999999999999 0.00196808558029657
1.964 0.0019653521003700058
1.9649999999999999 0.0019626220560305745
1.966 0.0019598954389834417
1.9669999999999999 0.001957172241277231
1.968 0.0019544565685747336
1.9689999999999999 0.0019517635647349914
1.97 0.001949076710454581
1.9709999999999999 0.0019463935995176662
1.972 0.0019437142254736227
1.9729999999999999 0.0019410385816515869
1.974 0.0019383666614670024
1.9749999999999999 0.0019356984585111186
1.976 0.0019330339659541658
1.9769999999999999 0.0019303731774478275
1.978 0.0019277160862582968
1.9789999999999999 0.001925062685962645
1.98 0.001922412969813302
1.9809999999999999 0.0019197669312711924
1.982 0.00191712456386574
1.9829999999999999 0.0019144858610248008
1.984 0.001911850815958404
1.9849999999999999 0.0019092194223536351
1.986 0.001906591673409671
1.9869999999999999 0.0019039675627538634
1.988 0.0019013470837006864
1.9889999999999999 0.0018987302295432433
1.99 0.001896116993929418
1.9909999999999999 0.001893507370272067
1.992 0.0018909013517602086
1.9929999999999999 0.0018882989319546574
1.994 0.0018857001044371659
1.9949999999999999 0.0018831048623705376
1.996 0.0018805131993034642
1.9969999999999999 0.0018779251086015899
1.998 0.0018753405837538613
