0.005 0.03223895431907711
0.006 0.03219592758361758
0.007 0.032145418182014794
0.008 0.032095027650064833
0.009000000000000001 0.032044723123089196
0.01 0.03199461191078792
0.011 0.03194507686340343
0.012 0.03189557318559842
0.013000000000000001 0.03184606350076071
0.014000000000000002 0.03179654781670622
0.015 0.03174702614172988
0.016 0.03169749848377965
0.017 0.03164796485116564
0.018000000000000002 0.03159842525176282
0.019 0.031548879693859465
0.02 0.031499328185623225
0.021 0.03144977073495572
0.022000000000000002 0.031400207350274684
0.023000000000000003 0.03135063803961369
0.024 0.031301062811090866
0.025 0.031251680819992286
0.026000000000000002 0.031202832694495197
0.027 0.031154093292132434
0.028 0.031105440653700377
0.029 0.03105687480208051
0.030000000000000002 0.031008395759608766
0.031000000000000003 0.030960003548756106
0.032 0.03091169819215427
0.033 0.030863479711993918
0.034 0.03081534813056405
0.034999999999999996 0.030767303470358345
0.036 0.030719345753459044
0.037 0.0306714750021763
0.038 0.030623691238587648
0.039 0.030575994484825342
0.04 0.030528384762832966
0.041 0.030480862094812104
0.041999999999999996 0.030433426502564323
0.043 0.030386078008087118
0.044 0.030338816633207946
0.045 0.0302916423998247
0.046 0.030244555329595364
0.047 0.030197544481617277
0.048 0.03015058476309084
0.048999999999999995 0.030103705681093284
0.049999999999999996 0.030056909624079687
0.051 0.030010196613277362
0.052 0.029963566669439057
0.053 0.02991701981331199
0.054 0.029870556065950064
0.055 0.029824175447781386
0.056 0.029777877979575176
0.057 0.029731663682222215
0.057999999999999996 0.029685532576013286
0.059 0.029639484681670054
0.06 0.0295935200196746
0.061 0.02954763861053836
0.062 0.029501840474664847
0.063 0.029456125632360088
0.064 0.029410494104285492
0.065 0.029364945910354528
0.066 0.0293194810710235
0.067 0.029274099606508317
0.068 0.02922880153695165
0.069 0.029183575808511417
0.07 0.029138387692233994
0.07100000000000001 0.029093273465213378
0.07200000000000001 0.029048237450673555
0.07300000000000001 0.029003279667654626
0.07400000000000001 0.02895840013528371
0.07500000000000001 0.02891359887286938
0.07600000000000001 0.028868875899263725
0.07700000000000001 0.028824231233708354
0.078 0.028779664895119454
0.079 0.028735176902422305
0.08 0.02869076727461981
0.081 0.02864643603055477
0.082 0.028602183188956038
0.083 0.028558008768933482
0.084 0.02851391278894791
0.085 0.028469895267796776
0.08600000000000001 0.028425956224322924
0.08700000000000001 0.028382095676977512
0.08800000000000001 0.028338313644446254
0.08900000000000001 0.028294610145339516
0.09000000000000001 0.028250985198103356
0.09100000000000001 0.028207438821305945
0.09200000000000001 0.028163971033281478
0.093 0.028120581852599465
0.094 0.028077271297589093
0.095 0.02803403938643495
0.096 0.02799088613758247
0.097 0.02794781156928538
0.098 0.027904815699686464
0.099 0.027861898547044725
0.1 0.027819060129376665
0.101 0.027776300464982806
0.10200000000000001 0.027733619571728152
0.10300000000000001 0.027691017467676875
0.10400000000000001 0.027648494170969262
0.10500000000000001 0.0276060496993166
0.10600000000000001 0.027563684070790948
0.10700000000000001 0.027521397303251684
0.10800000000000001 0.02747918941453931
0.10900000000000001 0.02743706042224826
0.11 0.02739501034444479
0.111 0.027353005867638017
0.112 0.027310983307019778
0.113 0.027269027845122067
0.114 0.02722714507679513
0.115 0.02718533501876653
0.116 0.027143597687780296
0.117 0.027101933100494337
0.11800000000000001 0.02706034127349801
0.11900000000000001 0.027018822223460456
0.12000000000000001 0.02697737596678713
0.12100000000000001 0.02693600252015859
0.12200000000000001 0.026894701900054878
0.12300000000000001 0.026853474122822456
0.12400000000000001 0.02681231920499822
0.125 0.026771237162843034
0.126 0.026730228012789663
0.127 0.02668929177119686
0.128 0.026648428454185264
0.129 0.026607638078283202
0.13 0.026566920659304893
0.131 0.026526276213824623
0.132 0.026485704757756492
0.133 0.026445206307323763
0.134 0.0264047808784486
0.135 0.026364428487371416
0.136 0.026324149149939555
0.137 0.026283942882291855
0.138 0.026243809700126977
0.139 0.026203749619632663
0.14 0.02616376265648253
0.14100000000000001 0.026123848826594697
0.14200000000000002 0.026084008145777274
0.14300000000000002 0.026044240629762013
0.14400000000000002 0.026004546294325536
0.14500000000000002 0.025964925155096474
0.14600000000000002 0.025925377227979485
0.14700000000000002 0.0258859025282601
0.14800000000000002 0.025846501071775975
0.14900000000000002 0.025807172874103335
0.15 0.02576791795069673
0.151 0.025728736317062496
0.152 0.02568962798870662
0.153 0.02565056293870458
0.154 0.02561150642762225
0.155 0.02557251476950331
0.156 0.02553358957398868
0.157 0.025494730699378815
0.158 0.02545593800429199
0.159 0.02541721134695377
0.16 0.025378550585788872
0.161 0.02533995557887933
0.162 0.025301426184656747
0.163 0.025262962261136432
0.164 0.025224563666319606
0.165 0.02518623025850769
0.166 0.025147961895357653
0.167 0.025109758435183923
0.168 0.025071619735418778
0.169 0.025033545654297523
0.17 0.024995536049230573
0.171 0.02495759077831267
0.17200000000000001 0.024919709698797383
0.17300000000000001 0.024881892668596636
0.17400000000000002 0.02484413954517894
0.17500000000000002 0.024806450185990772
0.17600000000000002 0.02476882444858761
0.17700000000000002 0.02473126219024142
0.17800000000000002 0.02469376326831914
0.17900000000000002 0.024656327540218622
0.18000000000000002 0.02461895486309337
0.181 0.024581645094151453
0.182 0.024544398090481697
0.183 0.024507213709275454
0.184 0.024470091807425334
0.185 0.024433032242070215
0.186 0.02439603487000212
0.187 0.02435909954816171
0.188 0.02432222613332916
0.189 0.024285414482347813
0.19 0.02424866445188622
0.191 0.024211975898688492
0.192 0.024175348679245694
0.193 0.02413878265035549
0.194 0.024102277668253454
0.195 0.024065833589555705
0.196 0.02402945027079023
0.197 0.02399312756815895
0.198 0.023956865338056965
0.199 0.02392066343673641
0.2 0.023884521720531217
0.201 0.023848440045363833
0.202 0.02381241826754806
0.203 0.02377645624314355
0.20400000000000001 0.023740553828244425
0.20500000000000002 0.023704710878538766
0.20600000000000002 0.023668927250339714
0.20700000000000002 0.023633202799273525
0.20800000000000002 0.02359753738120901
0.20900000000000002 0.023561930851908722
0.21000000000000002 0.02352638306729201
0.21100000000000002 0.023490893882880465
0.21200000000000002 0.023455463154223744
0.21300000000000002 0.023420090864471978
0.214 0.023384789253370026
0.215 0.02334955471173319
0.216 0.02331437915579925
0.217 0.023279262460972557
0.218 0.023244204502166948
0.219 0.023209205154811566
0.22 0.023174264294085898
0.221 0.02313938179478806
0.222 0.023104557532158464
0.223 0.023069791381180555
0.224 0.02303508321677604
0.225 0.023000432913875962
0.226 0.02296584034716237
0.227 0.022931305391826005
0.228 0.022896827922309706
0.229 0.022862407813441083
0.23 0.02282804494000442
0.231 0.022793739176510296
0.232 0.022759490397692157
0.233 0.022725298478017644
0.234 0.022691163291936732
0.23500000000000001 0.022657084714181094
0.23600000000000002 0.022623062618844256
0.23700000000000002 0.02258909688057018
0.23800000000000002 0.022555187373689382
0.23900000000000002 0.022521333972282127
0.24000000000000002 0.02248753655090607
0.24100000000000002 0.02245379498356496
0.24200000000000002 0.022420109144529594
0.24300000000000002 0.022386478907925354
0.24400000000000002 0.02235290414785116
0.245 0.02231938473834978
0.246 0.022285920553408025
0.247 0.02225251146704996
0.248 0.02221915735319083
0.249 0.0221858580856485
0.25 0.022152613538375106
0.251 0.022119423585071095
0.252 0.022086288099601562
0.253 0.022053206955666507
0.254 0.0220201800268873
0.255 0.021987207186969178
0.256 0.02195428830941198
0.257 0.021921423267951448
0.258 0.021888611936093337
0.259 0.02185585418697857
0.26 0.021823149894542048
0.261 0.02179049893188804
0.262 0.02175790117243581
0.263 0.02172535648944845
0.264 0.02169286475638248
0.265 0.021660425846305474
0.266 0.02162803963263308
0.267 0.021595705988159214
0.268 0.02156342478645677
0.269 0.02153119590027677
0.27 0.021499019202805253
0.271 0.021466894567027002
0.272 0.021434821865934026
0.273 0.02140280097243106
0.274 0.021370833457841805
0.275 0.021338932193685902
0.276 0.02130708652958011
0.277 0.021275293145429933
0.278 0.021243551929740215
0.279 0.02121186277082514
0.28 0.021180225557271577
0.281 0.021148640177326948
0.28200000000000003 0.021117106519465512
0.28300000000000003 0.021085624471816874
0.28400000000000003 0.02105419392274845
0.28500000000000003 0.021022814760483656
0.28600000000000003 0.020991486873269922
0.28700000000000003 0.020960210149181074
0.28800000000000003 0.0209289844763991
0.28900000000000003 0.020897809742919007
0.29000000000000004 0.020866685837017538
0.29100000000000004 0.0208356126464244
0.29200000000000004 0.020804590059340773
0.29300000000000004 0.02077361796365503
0.294 0.020742696247197316
0.295 0.02071182479805958
0.296 0.020681003503801695
0.297 0.0206502322525242
0.298 0.020619510931797667
0.299 0.020588839429464274
0.3 0.020558217633174804
0.301 0.0205276454306623
0.302 0.020497122709476855
0.303 0.02046664935739985
0.304 0.020436225261791483
0.305 0.020405850310292337
0.306 0.020375524390500957
0.307 0.02034524738964672
0.308 0.020315019195450406
0.309 0.020284839695115027
0.31 0.02025470877602925
0.311 0.02022462632562698
0.312 0.02019459223119524
0.313 0.020164606379839183
0.314 0.020134668659123427
0.315 0.02010477895588659
0.316 0.02007493715751939
0.317 0.02004514315122269
0.318 0.020015396823769075
0.319 0.01998569806268968
0.32 0.01995604675465411
0.321 0.01992644278685223
0.322 0.019896886046238155
0.323 0.019867376419707115
0.324 0.019837913794270856
0.325 0.019808498056667748
0.326 0.019779129093778162
0.327 0.019749806792587952
0.328 0.019720531039715983
0.329 0.0196913017219359
0.33 0.019662118725981198
0.331 0.01963298193849504
0.332 0.01960389124635416
0.333 0.01957484653584834
0.334 0.019545847693872978
0.335 0.019516900987590242
0.336 0.0194880173887257
0.337 0.019459181409653074
0.338 0.019430392070213666
0.339 0.019401649276134362
0.34 0.01937295293382882
0.341 0.01934430294893427
0.342 0.019315699227446373
0.343 0.01928714167525651
0.34400000000000003 0.019258630198227565
0.34500000000000003 0.019230164702080457
0.34600000000000003 0.019201745092894813
0.34700000000000003 0.01917337127601209
0.34800000000000003 0.019145043157624022
0.34900000000000003 0.019116760643088534
0.35000000000000003 0.019088523638302626
0.35100000000000003 0.01906033204877462
0.35200000000000004 0.019032185780374827
0.35300000000000004 0.019004084738401573
0.35400000000000004 0.0189760288286317
0.35500000000000004 0.018948017956503017
0.35600000000000004 0.01892005202770603
0.357 0.018892130947489368
0.358 0.01886425462145565
0.359 0.018836422955123593
0.36 0.018808635853674288
0.361 0.01878089322269796
0.362 0.018753194967472527
0.363 0.01872554099321965
0.364 0.018697931205483086
0.365 0.018670365509305342
0.366 0.018642843810024963
0.367 0.018615366012869266
0.368 0.018587932023111504
0.369 0.018560541745698583
0.37 0.018533195085885277
0.371 0.018505891949001742
0.372 0.018478632239737572
0.373 0.018451415863407823
0.374 0.01842424272500717
0.375 0.01839711272939642
0.376 0.018370025781878574
0.377 0.01834298178710199
0.378 0.018315980650081734
0.379 0.018289022275771984
0.38 0.018262106569048413
0.381 0.018235233434668055
0.382 0.01820840277760313
0.383 0.01818161450251834
0.384 0.018154868514302563
0.385 0.018128164717525503
0.386 0.0181015030170656
0.387 0.018074883317712058
0.388 0.018048305523870708
0.389 0.01802176954031186
0.39 0.01799527527173679
0.391 0.01796882262264449
0.392 0.01794241149760135
0.393 0.017916041801288855
0.394 0.01788971343803134
0.395 0.017863426320584224
0.396 0.017837187729071412
0.397 0.01781099710445397
0.398 0.017784848121658432
0.399 0.017758740696073205
0.4 0.01773267474326101
0.401 0.01770665017856915
0.402 0.01768066691771132
0.403 0.017654724876051558
0.404 0.01762882396887603
0.405 0.017602964111743884
0.406 0.017577145219999153
0.40700000000000003 0.017551367209082066
0.40800000000000003 0.017525629994013955
0.40900000000000003 0.01749993349039289
0.41000000000000003 0.017474277613540194
0.41100000000000003 0.017448662278449066
0.41200000000000003 0.017423087400651897
0.41300000000000003 0.01739755289504337
0.41400000000000003 0.017372058677229713
0.41500000000000004 0.017346604661909126
0.41600000000000004 0.01732119076470901
0.41700000000000004 0.017295816900373063
0.41800000000000004 0.017270482984201082
0.41900000000000004 0.01724518893125296
0.42000000000000004 0.017219934656501103
0.42100000000000004 0.017194720075159584
0.422 0.01716954510203701
0.423 0.017144409652226338
0.424 0.017119313640694703
0.425 0.017094256982397207
0.426 0.0170692395923108
0.427 0.017044261385139488
0.428 0.017019322275938734
0.429 0.016994422179645252
0.43 0.016969561010915794
0.431 0.016944738684605738
0.432 0.016919955115557956
0.433 0.016895210218549804
0.434 0.01687050390830852
0.435 0.016845836099556054
0.436 0.01682120670702054
0.437 0.016796615645346367
0.438 0.016772062829376048
0.439 0.016747548173425525
0.44 0.01672307159246424
0.441 0.016698633000803417
0.442 0.01667423231327929
0.443 0.01664986944425483
0.444 0.016625544308354688
0.445 0.016601256820151008
0.446 0.0165770068940162
0.447 0.016552794444442902
0.448 0.016528619386041478
0.449 0.016504481633143612
0.45 0.016480381100044777
0.451 0.016456317701305647
0.452 0.016432291351306087
0.453 0.016408301964242047
0.454 0.01638434945457176
0.455 0.016360433736579038
0.456 0.016336555812376335
0.457 0.016312728243364546
0.458 0.01628894208328223
0.459 0.01626519331307493
0.46 0.016241481862329342
0.461 0.01621780766003506
0.462 0.016194170635857506
0.463 0.01617057071867341
0.464 0.01614700783803856
0.465 0.01612348192285846
0.466 0.016099992902736567
0.467 0.016076540706550752
0.468 0.016053125263537537
0.46900000000000003 0.01602974650297474
0.47000000000000003 0.016006404353794974
0.47100000000000003 0.01598309874522679
0.47200000000000003 0.015959829606414493
0.47300000000000003 0.015936596866389846
0.47400000000000003 0.01591340045420411
0.47500000000000003 0.015890240298761692
0.47600000000000003 0.01586711632938242
0.47700000000000004 0.01584402847491878
0.47800000000000004 0.015820976664208425
0.47900000000000004 0.015797960826485782
0.48000000000000004 0.015774980890543126
0.48100000000000004 0.01575203678536875
0.48200000000000004 0.015729128439781977
0.48300000000000004 0.015706255782927173
0.48400000000000004 0.01568341874332512
0.485 0.01566061725023297
0.486 0.015637851232141096
0.487 0.015615120618116011
0.488 0.015592425336846046
0.489 0.015569765317121455
0.49 0.015547140487878554
0.491 0.01552455077763383
0.492 0.01550199611536738
0.493 0.015479476429605062
0.494 0.015456991649204218
0.495 0.01543454170274114
0.496 0.015412126518843905
0.497 0.015389746026359142
0.498 0.015367400153736338
0.499 0.015345088829743853
0.5 0.015322811982869259
0.501 0.015300569541853328
0.502 0.01527836143503347
0.503 0.015256187591075747
0.504 0.015234047938670257
0.505 0.015211942406062984
0.506 0.015189870921910462
0.507 0.015167833414660915
0.508 0.015145829812855689
0.509 0.015123860044834354
0.51 0.015101924039067367
0.511 0.015080021723970952
0.512 0.015058153028064295
0.513 0.015036317879583224
0.514 0.015014516206963443
0.515 0.014992747938370313
0.516 0.014971013002606151
0.517 0.014949312923225431
0.518 0.014927651696233996
0.519 0.014906024418113223
0.52 0.014884430568774672
0.521 0.014862870082279992
0.522 0.014841342893215509
0.523 0.014819848935793536
0.524 0.014798388144333603
0.525 0.014776960453259253
0.526 0.014755565796664302
0.527 0.01473420410901352
0.528 0.014712875324527102
0.529 0.014691579377409942
0.53 0.014670316201807459
0.531 0.014649085732173925
0.532 0.014627887902416438
0.533 0.014606722647009636
0.534 0.014585589899908885
0.535 0.014564489595350732
0.536 0.014543421667512494
0.537 0.014522386050389476
0.538 0.01450138267821414
0.539 0.014480411485112305
0.54 0.01445947240500339
0.541 0.014438565372065308
0.542 0.01441769032035152
0.543 0.014396847183808972
0.544 0.014376035896649797
0.545 0.014355256392647505
0.546 0.014334508605902983
0.547 0.014313792470427205
0.548 0.014293107920106936
0.549 0.014272454888995966
0.55 0.014251833310791533
0.551 0.014231243119801682
0.552 0.014210684249537581
0.553 0.014190156634148972
0.554 0.01416966020736389
0.555 0.01414919490310858
0.556 0.014128760655270606
0.557 0.014108357397597124
0.558 0.014087985063909578
0.559 0.014067643588073903
0.56 0.014047332903811272
0.561 0.014027052945041224
0.562 0.014006803645330584
0.5630000000000001 0.01398658493853978
0.5640000000000001 0.013966396758320461
0.5650000000000001 0.013946239038583646
0.5660000000000001 0.0139261117127583
0.5670000000000001 0.01390601471472761
0.5680000000000001 0.013885947978166118
0.5690000000000001 0.01386591143669693
0.5700000000000001 0.013845905023844092
0.5710000000000001 0.013825928673486532
0.5720000000000001 0.013805982319110786
0.5730000000000001 0.013786065894332643
0.5740000000000001 0.013766179332706605
0.5750000000000001 0.013746322567954924
0.5760000000000001 0.013726495533420176
0.5770000000000001 0.013706698162923725
0.5780000000000001 0.01368693763837426
0.5790000000000001 0.013667215681869372
0.5800000000000001 0.013647523991793285
0.5810000000000001 0.01362786250096565
0.582 0.013608231155066387
0.583 0.01358862990076942
0.584 0.013569058683968625
0.585 0.013549517450922529
0.586 0.013530006147816173
0.587 0.013510524720798191
0.588 0.01349107311595725
0.589 0.013471651279410767
0.59 0.01345225915746548
0.591 0.013432896695893391
0.592 0.013413563841099886
0.593 0.01339426053895229
0.594 0.01337498673555173
0.595 0.013355742377018132
0.596 0.01333652740946617
0.597 0.013317341778564674
0.598 0.013298185430910067
0.599 0.013279058311914962
0.6 0.013259960367916235
0.601 0.013240891544886989
0.602 0.013221851788634737
0.603 0.013202841045228517
0.604 0.013183859260677798
0.605 0.013164906380723986
0.606 0.01314598235143507
0.607 0.013127087118713595
0.608 0.013108220628371869
0.609 0.013089382826371135
0.61 0.013070573658657629
0.611 0.013051793070889285
0.612 0.013033041009119041
0.613 0.013014317419125272
0.614 0.01299562224654503
0.615 0.01297695543765646
0.616 0.012958316937718435
0.617 0.012939706692935007
0.618 0.012921124648938593
0.619 0.012902570751449323
0.62 0.012884044946346868
0.621 0.012865547179243311
0.622 0.01284707739604022
0.623 0.012828635542337478
0.624 0.012810221563915068
0.625 0.012791835406360787
0.626 0.012773477015637335
0.627 0.01275514633713936
0.628 0.012736843316694637
0.629 0.012718567899952404
0.63 0.012700320032479173
0.631 0.012682099659909034
0.632 0.012663906728090493
0.633 0.012645741182365855
0.634 0.012627602968493527
0.635 0.012609492032005579
0.636 0.012591408318543227
0.637 0.01257335177365094
0.638 0.012555322342814878
0.639 0.012537319971776812
0.64 0.01251934460583037
0.641 0.012501396190743787
0.642 0.01248347467189847
0.643 0.012465579994843089
0.644 0.012447712104989133
0.645 0.01242987094798015
0.646 0.01241205646919254
0.647 0.01239426861409846
0.648 0.012376507328145658
0.649 0.012358772556921579
0.65 0.012341064245627635
0.651 0.012323382339830316
0.652 0.012305726784979964
0.653 0.012288097526318332
0.654 0.012270494509343116
0.655 0.012252917679548617
0.656 0.012235366982036366
0.657 0.012217842362416274
0.658 0.01220034376597796
0.659 0.012182871137876854
0.66 0.012165424423768039
0.661 0.012148003568721895
0.662 0.012130608518157473
0.663 0.012113239217340506
0.664 0.01209589561158421
0.665 0.012078577646086067
0.666 0.012061285266265737
0.667 0.012044018417304106
0.668 0.012026777044395557
0.669 0.012009561092899173
0.67 0.011992370507880268
0.671 0.01197520523478713
0.672 0.011958065218661702
0.673 0.01194095894859553
0.674 0.011923888999407354
0.675 0.011906844838157286
0.676 0.011889826383151366
0.677 0.011872833587502601
0.678 0.011855866403846714
0.679 0.011838924785595988
0.68 0.011822008685405148
0.681 0.011805118056200017
0.682 0.01178825285089722
0.683 0.01177141302242761
0.684 0.011754598523816162
0.685 0.011737809307705672
0.686 0.011721045327174393
0.687 0.011704306535086193
0.6880000000000001 0.011687592884142237
0.6890000000000001 0.011670904327311448
0.6900000000000001 0.01165424081739302
0.6910000000000001 0.011637602307300333
0.6920000000000001 0.011620988749773535
0.6930000000000001 0.011604400097667
0.6940000000000001 0.011587836303785109
0.6950000000000001 0.011571297320923326
0.6960000000000001 0.011554783101864672
0.6970000000000001 0.01153829359935643
0.6980000000000001 0.01152182876620143
0.6990000000000001 0.011505388555234725
0.7000000000000001 0.011488972919173581
0.7010000000000001 0.011472581810562207
0.7020000000000001 0.011456215182373594
0.7030000000000001 0.01143987298732202
0.7040000000000001 0.011423555178103997
0.7050000000000001 0.011407261707286046
0.7060000000000001 0.011390992527742007
0.7070000000000001 0.011374747592154975
0.7080000000000001 0.011358526853050624
0.709 0.011342330263217812
0.71 0.011326157775444377
0.711 0.011310009342100916
0.712 0.011293884916084752
0.713 0.011277784450020369
0.714 0.011261707896275482
0.715 0.011245655207816584
0.716 0.011229626337103405
0.717 0.011213621236706921
0.718 0.011197639859328958
0.719 0.011181682157489757
0.72 0.011165748083686868
0.721 0.011149837590727409
0.722 0.011133950630938656
0.723 0.011118087156995003
0.724 0.011102247121521476
0.725 0.011086430476895481
0.726 0.01107063717576661
0.727 0.011054867170544073
0.728 0.011039120413850252
0.729 0.01102339685819765
0.73 0.011007696456001222
0.731 0.010992019159828557
0.732 0.010976364922126645
0.733 0.010960733695323566
0.734 0.010945125432041191
0.735 0.010929540084541488
0.736 0.01091397760539274
0.737 0.010898437947031915
0.738 0.010882921061929075
0.739 0.010867426902362478
0.74 0.010851955420936202
0.741 0.010836506569905391
0.742 0.010821080301858256
0.743 0.010805676568891406
0.744 0.01079029532376471
0.745 0.010774936518514326
0.746 0.010759600105816683
0.747 0.010744286037760021
0.748 0.010728994266899943
0.749 0.010713724745455422
0.75 0.010698477425891561
0.751 0.01068325226044931
0.752 0.010668049201465883
0.753 0.010652868201286506
0.754 0.010637709212177389
0.755 0.01062257218652041
0.756 0.01060745707645042
0.757 0.01059236383449122
0.758 0.010577292412755164
0.759 0.01056224276355622
0.76 0.010547214839118572
0.761 0.010532208591801477
0.762 0.010517223973671438
0.763 0.010502260937237143
0.764 0.010487319434449666
0.765 0.010472399417776201
0.766 0.010457500839268967
0.767 0.010442623651223112
0.768 0.01042777794484457
0.769 0.01041296763696647
0.77 0.010398179405503968
0.771 0.010383413139384949
0.772 0.010368668798366362
0.773 0.010353946342546404
0.774 0.01033924573198622
0.775 0.010324566926729102
0.776 0.010309909886740198
0.777 0.01029527457229217
0.778 0.010280660943093397
0.779 0.010266068959410221
0.78 0.010251498581049788
0.781 0.01023694976822741
0.782 0.010222422480699215
0.783 0.01020791667866701
0.784 0.010193432321948363
0.785 0.01017896937060089
0.786 0.010164527784660113
0.787 0.0101501075239536
0.788 0.01013570854848882
0.789 0.01012133081814321
0.79 0.010106974293135706
0.791 0.010092638933057266
0.792 0.010078324697918981
0.793 0.010064031547845074
0.794 0.010049759442481671
0.795 0.010035508341977334
0.796 0.010021278206009926
0.797 0.010007068994748727
0.798 0.009992880667742537
0.799 0.009978713185106505
0.8 0.009964566506657089
0.801 0.009950440592335635
0.802 0.009936335401859741
0.803 0.009922250895138917
0.804 0.009908187032128979
0.805 0.009894143772618
0.806 0.009880121076286908
0.807 0.009866118903248067
0.808 0.009852137213016218
0.809 0.009838175965732209
0.81 0.009824235120942996
0.811 0.009810314638612235
0.812 0.00979641447842408
0.8130000000000001 0.009782534600269586
0.8140000000000001 0.00976867496397017
0.8150000000000001 0.009754835529116358
0.8160000000000001 0.009741016255655413
0.8170000000000001 0.009727217103356367
0.8180000000000001 0.009713438031862308
0.8190000000000001 0.009699679001109395
0.8200000000000001 0.009685939970481462
0.8210000000000001 0.00967222090025419
0.8220000000000001 0.009658521749772876
0.8230000000000001 0.009644842478851973
0.8240000000000001 0.009631183047341008
0.8250000000000001 0.00961754341477278
0.8260000000000001 0.009603923540980953
0.8270000000000001 0.009590323385680844
0.8280000000000001 0.00957674290853685
0.8290000000000001 0.009563182069222277
0.8300000000000001 0.009549640827456905
0.8310000000000001 0.00953611914294322
0.8320000000000001 0.009522616975355351
0.8330000000000001 0.009509134284215473
0.8340000000000001 0.009495671029548819
0.8350000000000001 0.009482227170558808
0.8360000000000001 0.00946880266728132
0.8370000000000001 0.009455397479114858
0.838 0.00944201156584084
0.839 0.009428644887039003
0.84 0.009415297402350158
0.841 0.009401969071387867
0.842 0.00938865985374865
0.843 0.009375369709206603
0.844 0.009362098597144564
0.845 0.009348846477190295
0.846 0.009335613309164234
0.847 0.009322399052450601
0.848 0.009309203666566408
0.849 0.009296027111412168
0.85 0.009282869346167831
0.851 0.009269730330688864
0.852 0.009256610024375873
0.853 0.00924350838695322
0.854 0.009230425377742898
0.855 0.009217360956409296
0.856 0.009204315082577534
0.857 0.009191287715627584
0.858 0.009178278815173382
0.859 0.009165288340699742
0.86 0.009152316251813236
0.861 0.009139362507834158
0.862 0.009126427068503891
0.863 0.009113519147879128
0.864 0.009100643165039068
0.865 0.009087786187633952
0.866 0.009074948079380274
0.867 0.009062128807631669
0.868 0.009049328339254103
0.869 0.009036546640891176
0.87 0.009023783680016096
0.871 0.009011039423116438
0.872 0.008998313837411917
0.873 0.008985606889664531
0.874 0.008972918546907786
0.875 0.008960248776028535
0.876 0.008947597543938014
0.877 0.008934964817486566
0.878 0.008922350563672944
0.879 0.008909754749498506
0.88 0.00889717734155529
0.881 0.008884618307014158
0.882 0.0088720776125922
0.883 0.008859555225341995
0.884 0.008847051112064018
0.885 0.008834565239382017
0.886 0.008822097574644435
0.887 0.008809648084292862
0.888 0.008797216735430186
0.889 0.00878480349489645
0.89 0.008772408329305655
0.891 0.00876003120575755
0.892 0.008747672091017462
0.893 0.008735330951977116
0.894 0.008723007755209053
0.895 0.008710702467931968
0.896 0.008698415056514247
0.897 0.008686145488217667
0.898 0.008673893729580448
0.899 0.008661659747473323
0.9 0.00864944350866464
0.901 0.008637244980037824
0.902 0.008625064128206045
0.903 0.008612900920324143
0.904 0.008600755322632684
0.905 0.008588627302430527
0.906 0.008576516826117552
0.907 0.008564423860668927
0.908 0.00855234837281556
0.909 0.008540290329220431
0.91 0.008528249696758578
0.911 0.008516226442087596
0.912 0.008504220531987072
0.913 0.008492231933229075
0.914 0.00848026061247188
0.915 0.00846830653653789
0.916 0.008456369672095426
0.917 0.008444449985834162
0.918 0.008432547444562895
0.919 0.008420662014936384
0.92 0.008408793663668148
0.921 0.008396942357445175
0.922 0.008385108063001712
0.923 0.008373290747105919
0.924 0.008361490376209943
0.925 0.008349706917301167
0.926 0.008337940336826688
0.927 0.008326190601484186
0.928 0.008314457678149968
0.929 0.008302741533243582
0.93 0.008291042133621007
0.931 0.008279359445808997
0.932 0.008267693436512971
0.933 0.008256044072396617
0.934 0.008244411320078053
0.935 0.008232795146257358
0.936 0.00822119551749891
0.937 0.00820961240046064
0.9380000000000001 0.008198045761735674
0.9390000000000001 0.008186495568081613
0.9400000000000001 0.008174961785982466
0.9410000000000001 0.00816344438205588
0.9420000000000001 0.008151943323020855
0.9430000000000001 0.008140458575445294
0.9440000000000001 0.008128990105829698
0.9450000000000001 0.008117537880835276
0.9460000000000001 0.008106101867223393
0.9470000000000001 0.008094682031316981
0.9480000000000001 0.00808327833984323
0.9490000000000001 0.008071890759348613
0.9500000000000001 0.008060519256436008
0.9510000000000001 0.008049163797684781
0.9520000000000001 0.008037824349677883
0.9530000000000001 0.008026500878923266
0.9540000000000001 0.00801519335198786
0.9550000000000001 0.00800390173544609
0.9560000000000001 0.007992625995946879
0.9570000000000001 0.007981366099850248
0.9580000000000001 0.007970128717263174
0.9590000000000001 0.007958917684532345
0.9600000000000001 0.007947723046478753
0.9610000000000001 0.007936544665938825
0.9620000000000001 0.007925382515063813
0.9630000000000001 0.007914236566166107
0.9640000000000001 0.00790310679119953
0.965 0.007891993162578303
0.966 0.007880895652126676
0.967 0.007869814232305946
0.968 0.007858748875087375
0.969 0.007847699552633002
0.97 0.007836666237191382
0.971 0.007825648900726382
0.972 0.007814647515437827
0.973 0.007803662053629984
0.974 0.007792692487060975
0.975 0.007781738788275113
0.976 0.00777080092901532
0.977 0.007759878881698665
0.978 0.007748972618105832
0.979 0.007738082110683885
0.98 0.007727207331280868
0.981 0.0077163482521832175
0.982 0.0077055048453888685
0.983 0.007694677082896014
0.984 0.007683864936946732
0.985 0.007673068379594953
0.986 0.007662287382873155
0.987 0.0076515219188927315
0.988 0.007640771959704597
0.989 0.007630037477359982
0.99 0.007619318444000776
0.991 0.00760861483170841
0.992 0.007597926612370111
0.993 0.007587253758105357
0.994 0.007576596241116512
0.995 0.007565954033272348
0.996 0.007555327106685654
0.997 0.007544715433499129
0.998 0.0075341189855827355
0.999 0.007523537734997479
1.0 0.007512971653876396
1.001 0.007502420714146396
1.002 0.0074918848878304505
1.003 0.0074813641471596195
1.004 0.007470858463791173
1.005 0.007460367809994469
1.006 0.0074498921576890914
1.007 0.0074394314789881875
1.008 0.007428985745718018
1.009 0.007418554930022246
1.01 0.0074081390038519355
1.011 0.007397737939092447
1.012 0.007387351707935637
1.013 0.007376980282218843
1.014 0.007366623634074087
1.015 0.007356281735194444
1.016 0.0073459545578506
1.017 0.007335642073968688
1.018 0.007325344255303736
1.019 0.007315061074040496
1.02 0.007304792502133666
1.021 0.0072945385113683675
1.022 0.007284299073879314
1.023 0.0072740741615020775
1.024 0.007263863746352938
1.025 0.007253667800170488
1.026 0.007243486294972147
1.027 0.007233319202747352
1.028 0.007223166495391051
1.029 0.007213028144821025
1.0299999999999998 0.0072029041230607296
1.031 0.0071927944019191
1.0319999999999998 0.007182698953336023
1.033 0.007172617749260943
1.0339999999999998 0.007162550761709888
1.035 0.007152497962397962
1.0359999999999998 0.007142459323401564
1.037 0.007132434816470681
1.0379999999999998 0.007122424413761874
1.039 0.007112428086853649
1.0399999999999998 0.007102445807904165
1.041 0.007092477548638845
1.0419999999999998 0.007082523281077807
1.043 0.0070725829770425285
1.0439999999999998 0.00706265660830314
1.045 0.0070527441471345985
1.0459999999999998 0.007042845564886315
1.047 0.007032960833848479
1.0479999999999998 0.007023089925690618
1.049 0.007013232812307653
1.0499999999999998 0.007003389465624197
1.051 0.006993559857458322
1.0519999999999998 0.006983743959728511
1.053 0.006973947032298564
1.0539999999999998 0.006964172631886747
1.055 0.00695441242302973
1.0559999999999998 0.006944666262181323
1.057 0.006934934125654731
1.0579999999999998 0.006925215990129066
1.059 0.006915511831923709
1.0599999999999998 0.006905821627588206
1.061 0.00689614535359742
1.0619999999999998 0.006886482986379301
1.063 0.006876834502357766
1.0639999999999998 0.006867199878078996
1.065 0.006857579089912002
1.0659999999999998 0.006847972114330688
1.067 0.0068383789278143505
1.0679999999999998 0.006828799506939261
1.069 0.0068192338279099715
1.0699999999999998 0.006809681867185259
1.071 0.006800143601473042
1.0719999999999998 0.006790619006904177
1.073 0.00678110806006113
1.0739999999999998 0.0067716107373996205
1.075 0.006762127015211503
1.0759999999999998 0.006752656870104235
1.077 0.006743200278364168
1.0779999999999998 0.006733757216436104
1.079 0.0067243276607994295
1.0799999999999998 0.006714911587814917
1.081 0.006705508973832607
1.0819999999999999 0.0066961197954143814
1.083 0.006686744028863559
1.0839999999999999 0.006677381650604757
1.085 0.006668032637030488
1.0859999999999999 0.006658696964560032
1.087 0.0066493746095725404
1.0879999999999999 0.006640065548477969
1.089 0.006630769757624826
1.0899999999999999 0.0066214872134510785
1.091 0.00661221789232922
1.0919999999999999 0.00660296177059205
1.093 0.006593718824751979
1.0939999999999999 0.00658448903101665
1.095 0.006575272365909231
1.0959999999999999 0.006566068805653434
1.097 0.006556878326729881
1.0979999999999999 0.006547700905443713
1.099 0.006538536518229035
1.0999999999999999 0.0065293851414311484
1.101 0.006520246751347022
1.1019999999999999 0.006511121324358121
1.103 0.006502008836842887
1.1039999999999999 0.006492909265181683
1.105 0.006483822585619872
1.1059999999999999 0.00647474877464462
1.107 0.006465687808392311
1.1079999999999999 0.006456639663460954
1.109 0.006447604315981851
1.1099999999999999 0.0064385817424159955
1.111 0.0064295719190588995
1.1119999999999999 0.006420574822221382
1.113 0.0064115904281698026
1.1139999999999999 0.00640261871341656
1.115 0.006393659654115142
1.1159999999999999 0.006384713226711556
1.117 0.006375779407333103
1.1179999999999999 0.006366858172540772
1.119 0.006357949498440806
1.1199999999999999 0.006349053361522742
1.121 0.006340169737925177
1.1219999999999999 0.00633129860409144
1.123 0.006322439936188471
1.1239999999999999 0.006313593710674879
1.125 0.006304759903775204
1.126 0.006295938491695294
1.127 0.006287129450881572
1.128 0.006278332757518945
1.129 0.006269548388003642
1.13 0.006260776318565155
1.131 0.006252016525396362
1.132 0.006243268984837875
1.133 0.0062345336733922105
1.134 0.006225810566886299
1.135 0.006217099641975101
1.136 0.0062084008748285
1.137 0.006199714241711749
1.138 0.006191039718748702
1.139 0.006182377282394393
1.14 0.006173726908846602
1.141 0.00616508857439845
1.142 0.006156462255209823
1.143 0.006147847927676963
1.144 0.00613924556791784
1.145 0.006130655152216252
1.146 0.00612207665698785
1.147 0.006113510058164136
1.148 0.0061049595160355945
1.149 0.006096428285358985
1.15 0.006087909375462577
1.151 0.006079402638218648
1.152 0.006070908053826538
1.153 0.006062425602279468
1.154 0.006053955263789499
1.155 0.006045497018159148
1.156 0.006037050845600258
1.157 0.006028616726109613
1.158 0.006020194639693529
1.1589999999999998 0.006011784566566889
1.16 0.006003386486474796
1.1609999999999998 0.005995000379709288
1.162 0.005986626226273488
1.1629999999999998 0.005978264005983577
1.164 0.0059699136991237444
1.1649999999999998 0.0059615752855805395
1.166 0.005953248745435394
1.1669999999999998 0.005944934058761125
1.168 0.005936631205494024
1.1689999999999998 0.005928340165645167
1.17 0.005920060919278833
1.1709999999999998 0.005911793446439247
1.172 0.00590353772701713
1.1729999999999998 0.005895293741267431
1.174 0.005887061468903263
1.1749999999999998 0.005878840890026408
1.176 0.0058706319848548065
1.1769999999999998 0.00586243473314262
1.178 0.0058542491149261204
1.1789999999999998 0.005846075110356628
1.18 0.005837912699209547
1.1809999999999998 0.005829761861678192
1.182 0.005821622577641059
1.1829999999999998 0.005813494827192546
1.184 0.005805378590211211
1.1849999999999998 0.005797273846638394
1.186 0.005789180576721315
1.1869999999999998 0.005781098760144644
1.188 0.0057730283770648545
1.1889999999999998 0.005764969407394419
1.19 0.005756921831165889
1.1909999999999998 0.005748885628295974
1.192 0.005740860778734671
1.1929999999999998 0.005732847262667885
1.194 0.005724845059756329
1.1949999999999998 0.005716854150078407
1.196 0.005708874513725325
1.1969999999999998 0.005700906130589881
1.198 0.005692948980510817
1.1989999999999998 0.005685003043608827
1.2 0.005677068299785132
1.2009999999999998 0.005669144729048899
1.202 0.005661232311136188
1.2029999999999998 0.005653331026362706
1.204 0.005645440854352991
1.2049999999999998 0.005637561775253551
1.206 0.005629693768846427
1.2069999999999999 0.005621836815315702
1.208 0.005613990894274217
1.2089999999999999 0.005606155985984997
1.21 0.005598332070259782
1.2109999999999999 0.005590519126997963
1.212 0.005582717136040681
1.2129999999999999 0.005574926077651703
1.214 0.005567145931420295
1.2149999999999999 0.005559376677457502
1.216 0.005551618295696469
1.2169999999999999 0.005543870765896959
1.218 0.005536134068141531
1.2189999999999999 0.005528408182413914
1.22 0.00552069308842865
1.2209999999999999 0.0055129887661702365
1.222 0.005505295195676314
1.2229999999999999 0.0054976123567828375
1.224 0.005489940229354261
1.2249999999999999 0.005482278793342897
1.226 0.005474628028692291
1.2269999999999999 0.005466987915342939
1.228 0.0054593584330403025
1.2289999999999999 0.005451739561812239
1.23 0.005444131281504148
1.2309999999999999 0.005436533572144436
1.232 0.005428946413454954
1.2329999999999999 0.005421369785468792
1.234 0.005413803667978736
1.2349999999999999 0.005406248041006128
1.236 0.005398702884273942
1.2369999999999999 0.005391168177870394
1.238 0.0053836439014404375
1.2389999999999999 0.005376130035151527
1.24 0.005368626558591394
1.2409999999999999 0.0053611334519695
1.242 0.005353650694845198
1.2429999999999999 0.005346181509508712
1.244 0.005338728778769212
1.2449999999999999 0.005331286764043762
1.246 0.005323855318495348
1.2469999999999999 0.00531643442540889
1.248 0.005309024067390372
1.2489999999999999 0.005301624227634611
1.25 0.0052942348889552975
1.251 0.005286856034382671
1.252 0.005279487646867891
1.253 0.005272129709384138
1.254 0.005264782204751099
1.255 0.005257445116129103
1.256 0.0052501184261815196
1.257 0.005242802118226853
1.258 0.005235496174883897
1.259 0.005228200579186654
1.26 0.005220915314238933
1.261 0.0052136403626951
1.262 0.00520637570774267
1.263 0.0051991213321652624
1.264 0.005191877219018984
1.265 0.005184643351034687
1.266 0.005177419711434969
1.267 0.005170206282906203
1.268 0.005163003048469262
1.269 0.005155809991088778
1.27 0.005148627093575637
1.271 0.0051414543389327666
1.272 0.005134291710133466
1.273 0.005127139189979
1.274 0.005119996761547152
1.275 0.005112864407607187
1.276 0.005105742111002127
1.277 0.005098629854907789
1.278 0.0050915276220690146
1.279 0.005084435395464142
1.28 0.005077353157814255
1.281 0.005070280892384342
1.282 0.005063218581693856
1.283 0.005056166209004801
1.284 0.005049123756829473
1.285 0.005042091208510783
1.2859999999999998 0.00503506854659494
1.287 0.005028055754105847
1.2879999999999998 0.005021052814062261
1.289 0.005014059709175933
1.2899999999999998 0.005007076422400531
1.291 0.005000102936585616
1.2919999999999998 0.00499313923488054
1.293 0.00498618529975116
1.2939999999999998 0.004979241114372996
1.295 0.004972306661672353
1.2959999999999998 0.004965381924341865
1.297 0.004958466885424914
1.2979999999999998 0.004951561527656793
1.299 0.004944665834036603
1.2999999999999998 0.004937779787491226
1.301 0.0049309033706651855
1.3019999999999998 0.004924036566759748
1.303 0.0049171793583254655
1.3039999999999998 0.004910331728498791
1.305 0.004903493659976325
1.3059999999999998 0.004896665135813087
1.307 0.004889846138595309
1.3079999999999998 0.004883036651503287
1.309 0.004876236657265408
1.3099999999999998 0.0048694461386702605
1.311 0.004862665078703991
1.3119999999999998 0.004855893460226854
1.313 0.004849131265953285
1.3139999999999998 0.00484237847902217
1.315 0.004835635081983757
1.3159999999999998 0.00482890105781278
1.317 0.004822176389495345
1.3179999999999998 0.00481546105972203
1.319 0.004808755051480356
1.3199999999999998 0.00480205834737955
1.321 0.004795370930636059
1.3219999999999998 0.00478869278378612
1.323 0.004782023889795081
1.3239999999999998 0.004775364231564853
1.325 0.004768713791855258
1.3259999999999998 0.004762072553515776
1.327 0.004755440499440228
1.3279999999999998 0.004748817612462891
1.329 0.004742203875359055
1.3299999999999998 0.004735599271038944
1.331 0.004729003782320746
1.3319999999999999 0.004722417392020876
1.333 0.004715840083004614
1.3339999999999999 0.004709271838164347
1.335 0.004702712640122677
1.3359999999999999 0.004696162471852156
1.337 0.004689621316270484
1.3379999999999999 0.004683091735407946
1.339 0.004676576326000439
1.3399999999999999 0.004670070256529519
1.341 0.004663573380236421
1.3419999999999999 0.004657085682621264
1.343 0.004650607149041906
1.3439999999999999 0.004644137764871807
1.345 0.004637677515570082
1.3459999999999999 0.004631226386358422
1.347 0.0046247843627888465
1.3479999999999999 0.004618351430200626
1.349 0.004611927573932129
1.3499999999999999 0.004605512779382552
1.351 0.004599107031829666
1.3519999999999999 0.0045927103169475045
1.353 0.00458632261974673
1.3539999999999999 0.00457994392584919
1.355 0.004573574220544578
1.3559999999999999 0.004567213489175099
1.357 0.00456086171718108
1.3579999999999999 0.004554518889902346
1.359 0.004548184992710801
1.3599999999999999 0.004541860010935514
1.361 0.004535543929941812
1.3619999999999999 0.004529236735176427
1.363 0.0045229384120437305
1.3639999999999999 0.004516648945677835
1.365 0.004510368321550975
1.3659999999999999 0.004504096525192215
1.367 0.004497833541756973
1.3679999999999999 0.004491579356656167
1.369 0.0044853339552703275
1.3699999999999999 0.004479097322942049
1.371 0.004472869445036932
1.3719999999999999 0.004466650306903676
1.373 0.00446043989378974
1.3739999999999999 0.004454238191301989
1.375 0.0044480451844707445
1.376 0.004441860859041009
1.377 0.004435685199887784
1.378 0.004429518192720807
1.379 0.0044233598227188505
1.38 0.004417210075320547
1.381 0.0044110689357768134
1.382 0.004404936389449625
1.383 0.0043988124217034606
1.384 0.0043926970180138865
1.385 0.004386590163387245
1.386 0.004380491843462535
1.387 0.0043744020435127085
1.388 0.004368320748665645
1.389 0.0043622479445893664
1.39 0.004356183616359713
1.391 0.004350127749452262
1.392 0.004344080329097901
1.393 0.004338041340695599
1.394 0.004332010769461417
1.395 0.004325988600966227
1.396 0.004319974820291234
1.397 0.0043139694129307295
1.398 0.004307972363976407
1.399 0.0043019836590108985
1.4 0.004296003283306291
1.401 0.004290031222008547
1.402 0.00428406746064801
1.403 0.00427811198437693
1.404 0.004272164778682101
1.405 0.0042662258287178515
1.406 0.004260295119931663
1.407 0.004254372637504482
1.408 0.004248458366927327
1.409 0.004242552293300403
1.41 0.004236654402116861
1.411 0.004230764678577926
1.412 0.004224883108072466
1.4129999999999998 0.004219009675800081
1.414 0.0042131443671405075
1.4149999999999998 0.0042072871674777145
1.416 0.004201438062008544
1.4169999999999998 0.0041955970359990906
1.418 0.0041897640748672915
1.4189999999999998 0.004183939163848451
1.42 0.004178122288308557
1.4209999999999998 0.004172313433447909
1.422 0.004166512584556053
1.4229999999999998 0.004160719727137263
1.424 0.0041549348462102285
1.4249999999999998 0.0041491579273143925
1.426 0.004143388955545027
1.4269999999999998 0.004137627916356712
1.428 0.004131874794888355
1.4289999999999998 0.004126129576629722
1.43 0.004120392246672044
1.4309999999999998 0.004114662790441422
1.432 0.004108941193167372
1.4329999999999998 0.004103229654124963
1.434 0.004097530678722119
1.4349999999999998 0.004091839881982614
1.436 0.004086157109108013
1.4369999999999998 0.004080482347656154
1.438 0.004074815585199673
1.4389999999999998 0.004069156809534649
1.44 0.004063506007821784
1.4409999999999998 0.00405786316806245
1.442 0.00405222827754826
1.4429999999999998 0.004046601324050381
1.444 0.004040982295078449
1.4449999999999998 0.0040353711782488005
1.446 0.004029767961002331
1.4469999999999998 0.004024172631020444
1.448 0.004018585175923887
1.4489999999999998 0.004013005583280689
1.45 0.0040074338405153365
1.4509999999999998 0.004001869935417172
1.452 0.003996313855384409
1.4529999999999998 0.003990765588080294
1.454 0.003985225121058463
1.4549999999999998 0.003979692441856067
1.456 0.003974167538074869
1.4569999999999999 0.003968650397254488
1.458 0.003963141007097945
1.4589999999999999 0.003957639354907224
1.46 0.0039521454285206155
1.4609999999999999 0.003946659215332882
1.462 0.003941180702915997
1.4629999999999999 0.003935709878948761
1.464 0.003930246730868569
1.4649999999999999 0.003924791246315284
1.466 0.003919343412803156
1.4669999999999999 0.003913903217978816
1.468 0.003908470649189011
1.4689999999999999 0.0039030456942773166
1.47 0.0038976283405430362
1.4709999999999999 0.003892218575687808
1.472 0.0038868163872737265
1.4729999999999999 0.0038814217628721378
1.474 0.003876034689866016
1.4749999999999999 0.0038706551559737246
1.476 0.0038652831486923134
1.4769999999999999 0.0038599186555854674
1.478 0.003854561664185704
1.4789999999999999 0.003849212162013572
1.48 0.003843870136757124
1.4809999999999999 0.0038385355757493307
1.482 0.003833208466742379
1.4829999999999999 0.0038278887971504505
1.484 0.003822576554488178
1.4849999999999999 0.003817271726519735
1.486 0.003811974300526475
1.4869999999999999 0.0038066842641965625
1.488 0.0038014016049955587
1.4889999999999999 0.003796126310568538
1.49 0.0037908583683921907
1.4909999999999999 0.0037855977659856195
1.492 0.0037803444908238557
1.4929999999999999 0.0037750985307016737
1.494 0.0037698598728523242
1.4949999999999999 0.003764628504907443
1.496 0.0037594044146288855
1.4969999999999999 0.003754187589236487
1.498 0.00374897801629178
1.4989999999999999 0.00374377568361759
1.5 0.0037385805783721813
1.501 0.003733392688368228
1.502 0.0037282120010153274
1.503 0.0037230385038758773
1.504 0.0037178721843664124
1.505 0.0037127130302793262
1.506 0.003707561028822319
1.507 0.003702416167733225
1.508 0.0036972784344369153
1.509 0.0036921478165867537
1.51 0.0036870243015359526
1.511 0.00368190787685769
1.512 0.003676798530255257
1.513 0.003671696248944338
1.514 0.0036666010207095506
1.515 0.0036615128329179915
1.516 0.0036564316730839604
1.517 0.003651357528846046
1.518 0.00364629038766698
1.519 0.003641230236960789
1.52 0.003636177064461694
1.521 0.00363113085746212
1.522 0.0036260916034960514
1.523 0.003621059290330402
1.524 0.0036160339051416837
1.525 0.003611015435695301
1.526 0.0036060038693234786
1.527 0.0036009991937486618
1.528 0.0035960023288687006
1.529 0.003591014458536251
1.53 0.0035860336356130377
1.531 0.0035810597755625948
1.532 0.0035760928679147604
1.533 0.0035711329022094567
1.534 0.0035661798682152567
1.535 0.00356123375527199
1.536 0.003556294553234021
1.537 0.0035513622517171156
1.538 0.0035464368402511747
1.539 0.0035415183085706625
1.54 0.0035366066463699097
1.541 0.0035317018433827984
1.5419999999999998 0.003526803889183353
1.543 0.003521912773500211
1.5439999999999998 0.0035170284863417505
1.545 0.0035121510170057478
1.5459999999999998 0.0035072803557022287
1.547 0.0035024164918848483
1.5479999999999998 0.00349755941543492
1.549 0.003492709116215027
1.5499999999999998 0.0034878655840222318
1.551 0.003483028808589099
1.5519999999999998 0.0034781987798572153
1.553 0.0034733754876192418
1.5539999999999998 0.003468558921811153
1.555 0.003463749072241459
1.5559999999999998 0.003458945928877688
1.557 0.0034541494815641845
1.5579999999999998 0.003449359720234311
1.559 0.0034445766349254976
1.5599999999999998 0.003439800215416863
1.561 0.003435030451740223
1.5619999999999998 0.0034302673339965005
1.563 0.003425510851864556
1.5639999999999998 0.003420760995778472
1.565 0.0034160177554087624
1.5659999999999998 0.0034112811209766254
1.567 0.0034065510823370827
1.5679999999999998 0.0034018276297358772
1.569 0.00339711075324971
1.5699999999999998 0.0033924004427671097
1.571 0.003387696688537963
1.5719999999999998 0.003382999480705351
1.573 0.003378308809257783
1.5739999999999998 0.0033736246644528716
1.575 0.0033689470364308078
1.5759999999999998 0.003364275915266478
1.577 0.0033596112912431452
1.5779999999999998 0.0033549531545216996
1.579 0.0033503014952554547
1.5799999999999998 0.0033456563036999283
1.581 0.0033410175701644386
1.5819999999999999 0.003336385284853206
1.583 0.0033317594378885294
1.5839999999999999 0.0033271400197421317
1.585 0.003322527020622332
1.5859999999999999 0.0033179204308423998
1.587 0.0033133202407295264
1.5879999999999999 0.0033087264405085386
1.589 0.00330413902070844
1.5899999999999999 0.0032995579714828653
1.591 0.0032949832833553045
1.5919999999999999 0.003290414946755543
1.593 0.0032858529518041313
1.5939999999999999 0.0032812972891828013
1.595 0.003276747949242468
1.5959999999999999 0.0032722049223405706
1.597 0.0032676681990341837
1.5979999999999999 0.003263137769762522
1.599 0.0032586136249942274
1.5999999999999999 0.003254095755134522
1.601 0.003249584150853907
1.6019999999999999 0.003245078802539183
1.603 0.0032405797008069766
1.6039999999999999 0.003236086836187231
1.605 0.0032316001991710024
1.6059999999999999 0.0032271197803829953
1.607 0.003222645570544667
1.6079999999999999 0.0032181775599694185
1.609 0.003213715739521847
1.6099999999999999 0.0032092600997259083
1.611 0.0032048106311720415
1.6119999999999999 0.003200367324647463
1.613 0.0031959301707872733
1.6139999999999999 0.003191499160150352
1.615 0.003187074283606547
1.6159999999999999 0.00318265553177496
1.617 0.0031782428953886933
1.6179999999999999 0.003173836365140047
1.619 0.0031694359318396375
1.6199999999999999 0.0031650415863773915
1.621 0.003160653319244003
1.6219999999999999 0.003156271121452732
1.623 0.0031518949837333727
1.6239999999999999 0.0031475248969322013
1.625 0.0031431608518280524
1.626 0.0031388028393076013
1.627 0.003134450850205581
1.628 0.0031301048755623235
1.629 0.0031257649059997727
1.63 0.003121430932581359
1.631 0.0031171029461483234
1.632 0.0031127809377215626
1.633 0.003108464898174067
1.634 0.0031041548184842062
1.635 0.003099850689574047
1.636 0.0030955525025038724
1.637 0.0030912602482689867
1.638 0.003086973917804198
1.639 0.003082693502108094
1.64 0.0030784189924462813
1.641 0.0030741503796417225
1.642 0.003069887654764602
1.643 0.0030656308091259275
1.644 0.003061379833500175
1.645 0.003057134719210325
1.646 0.0030528954572657087
1.647 0.0030486620389882863
1.648 0.003044434455274947
1.649 0.0030402126973549963
1.65 0.003035996756650559
1.651 0.003031786623913843
1.652 0.0030275822907975124
1.653 0.0030233837481444055
1.654 0.0030191909874118066
1.655 0.0030150039997015486
1.656 0.0030108227765114092
1.657 0.003006647308811022
1.658 0.0030024775880841633
1.659 0.0029983136055179833
1.66 0.0029941553525012258
1.661 0.002990002820372962
1.662 0.0029858560003637215
1.663 0.00298171488397753
1.664 0.002977579462389442
1.665 0.0029734497272313042
1.666 0.002969325669602933
1.667 0.0029652072811723502
1.668 0.0029610945532699464
1.669 0.002956987477219835
1.67 0.002952886044740895
1.6709999999999998 0.0029487902469549254
1.672 0.0029447000755553464
1.6729999999999998 0.002940615522049174
1.674 0.002936536577777896
1.6749999999999998 0.0029324632345534003
1.676 0.0029283954834606095
1.6769999999999998 0.0029243333164961785
1.678 0.002920276724905691
1.6789999999999998 0.002916225700449004
1.68 0.002912180234643783
1.6809999999999998 0.0029081403190676317
1.682 0.0029041059453771387
1.6829999999999998 0.002900077467184041
1.684 0.002896057127090346
1.6849999999999998 0.0028920428981453806
1.686 0.0028880342714741034
1.6869999999999998 0.002884031239967313
1.688 0.0028800337964833703
1.6889999999999998 0.0028760419339821353
1.69 0.002872055645362588
1.6909999999999998 0.002868074923513817
1.692 0.0028640997613252287
1.6929999999999998 0.0028601301519296483
1.694 0.0028561660881369967
1.6949999999999998 0.0028522075631665944
1.696 0.002848254569897422
1.6969999999999998 0.0028443071013907117
1.698 0.002840365150732048
1.6989999999999998 0.0028364287110604586
1.7 0.0028324977754606833
1.7009999999999998 0.002828572336987941
1.702 0.0028246523889750817
1.7029999999999998 0.0028207379243520296
1.704 0.002816828936608051
1.7049999999999998 0.002812925418565212
1.706 0.002809027363790578
1.7069999999999999 0.0028051347654111866
1.708 0.0028012476166460053
1.7089999999999999 0.002797365910948849
1.71 0.0027934896414505217
1.7109999999999999 0.0027896188014795574
1.712 0.0027857533845765193
1.7129999999999999 0.0027818933838704035
1.714 0.002778038793012359
1.7149999999999999 0.0027741896052179416
1.716 0.002770345813947482
1.7169999999999999 0.002766507412638533
1.718 0.0027626743948379827
1.7189999999999999 0.0027588467540743213
1.72 0.0027550244836490397
1.7209999999999999 0.0027512075773213633
1.722 0.0027473960284334917
1.7229999999999999 0.0027435898307242106
1.724 0.002739788977720586
1.7249999999999999 0.0027359934630405195
1.726 0.002732203280219031
1.7269999999999999 0.002728418423067641
1.728 0.002724638885236354
1.7289999999999999 0.0027208646601974027
1.73 0.002717095741951656
1.7309999999999999 0.0027133321240317516
1.732 0.002709573800265256
1.7329999999999999 0.002705820764415567
1.734 0.0027020730102265012
1.7349999999999999 0.0026983305315480778
1.736 0.0026945933222806123
1.7369999999999999 0.0026908613761161358
1.738 0.002687134686995715
1.7389999999999999 0.002683413248809396
1.74 0.0026796970555346303
1.7409999999999999 0.0026759861010738524
1.742 0.0026722803791962794
1.7429999999999999 0.0026685798840809997
1.744 0.002664884609703991
1.7449999999999999 0.002661194549970622
1.746 0.0026575096989587712
1.7469999999999999 0.002653830050710716
1.748 0.002650155599303607
1.7489999999999999 0.0026464863388445193
1.75 0.0026428222633487516
1.751 0.002639163367149805
1.752 0.0026355096441552602
1.753 0.0026318610887394217
1.754 0.0026282176948790336
1.755 0.0026245794569477
1.756 0.002620946369091842
1.757 0.0026173184257258764
1.758 0.0026136956207923902
1.759 0.0026100779488754987
1.76 0.002606465404251208
1.761 0.002602857981007204
1.762 0.002599255673787942
1.763 0.0025956584767742887
1.764 0.002592066384433149
1.765 0.0025884793912089588
1.766 0.0025848974914194464
1.767 0.0025813206795171377
1.768 0.002577748950166333
1.769 0.002574182297657256
1.77 0.0025706207164220315
1.771 0.0025670642013552593
1.772 0.0025635127466437494
1.773 0.0025599663469455655
1.774 0.0025564249969601133
1.775 0.0025528886912334387
1.776 0.0025493574243070326
1.777 0.002545831191036415
1.778 0.002542309985772426
1.779 0.0025387938036145925
1.78 0.0025352826389414508
1.781 0.0025317764865046446
1.782 0.0025282753412783398
1.783 0.0025247791978475187
1.784 0.002521288051041605
1.785 0.002517801895639325
1.786 0.002514320726622326
1.787 0.0025108445385743313
1.788 0.0025073733265725297
1.789 0.0025039070854598567
1.79 0.0025004458101600025
1.791 0.00249698949544543
1.792 0.0024935381365078146
1.793 0.0024900917282064065
1.794 0.0024866502654504762
1.795 0.0024832137433521053
1.796 0.002479782156881006
1.797 0.002476355501227829
1.7979999999999998 0.0024729337712788534
1.799 0.0024695169621507824
1.7999999999999998 0.0024661050690875006
1.801 0.002462698087033234
1.8019999999999998 0.0024592960113294475
1.803 0.0024558988369700525
1.8039999999999998 0.0024525065592588035
1.805 0.002449119173424891
1.8059999999999998 0.0024457366745312013
1.807 0.0024423590580553893
1.8079999999999998 0.0024389863190553604
1.809 0.0024356184529666634
1.8099999999999998 0.002432255455054175
1.811 0.0024288973205496903
1.8119999999999998 0.002425544045032016
1.813 0.002422195623749944
1.8139999999999998 0.002418852051912495
1.815 0.0024155133252440363
1.8159999999999998 0.0024121794390033224
1.817 0.002408850388590837
1.8179999999999998 0.002405526169629583
1.819 0.0024022067775150697
1.8199999999999998 0.0023988922077539934
1.821 0.0023955824558985457
1.8219999999999998 0.0023922775175794
1.823 0.00238897738814941
1.8239999999999998 0.002385682063404747
1.825 0.0023823915388832668
1.8259999999999998 0.0023791058102736484
1.827 0.002375824873076069
1.8279999999999998 0.002372548723094402
1.829 0.0023692773560270324
1.8299999999999998 0.002366010767520034
1.831 0.002362748953317151
1.8319999999999999 0.002359491909179657
1.833 0.002356239630859547
1.8339999999999999 0.0023529921141873817
1.835 0.002349749354960524
1.8359999999999999 0.0023465113490089987
1.837 0.002343278092171139
1.8379999999999999 0.0023400494786282445
1.839 0.0023368188967558133
1.8399999999999999 0.002333588821193647
1.841 0.0023303632131033004
1.8419999999999999 0.002327142065522312
1.843 0.002323925371454951
1.8439999999999999 0.0023207131240256065
1.845 0.002317505316266247
1.8459999999999999 0.002314301941263565
1.847 0.0023111029922105947
1.8479999999999999 0.0023079084619116366
1.849 0.002304718343808236
1.8499999999999999 0.002301532630773929
1.851 0.0022983513160508965
1.8519999999999999 0.00229517439263665
1.853 0.0022920018538187107
1.8539999999999999 0.002288833692580791
1.855 0.0022856699020613915
1.8559999999999999 0.002282510475553754
1.857 0.002279355406084473
1.8579999999999999 0.002276204686830485
1.859 0.002273058311081982
1.8599999999999999 0.002269916271792679
1.861 0.0022667785623220037
1.8619999999999999 0.0022636451758262966
1.863 0.002260516105391421
1.8639999999999999 0.002257391344321591
1.865 0.002254270885868185
1.8659999999999999 0.002251154723140495
1.867 0.0022480428494591398
1.8679999999999999 0.002244935257900163
1.869 0.00224183194186225
1.8699999999999999 0.0022387328945825662
1.871 0.0022356381091032033
1.8719999999999999 0.0022325475789708817
1.873 0.00222946129731018
1.8739999999999999 0.00222637925727413
1.875 0.002223301452342795
1.876 0.0022202278757190207
1.877 0.0022171585207400937
1.878 0.0022140933805014167
1.879 0.002211032448676323
1.88 0.0022079757181670974
1.881 0.0022049231826730274
1.882 0.0022018748351700763
1.883 0.0021988306692651153
1.884 0.0021957906782286538
1.885 0.002192754855227944
1.886 0.0021897231939216953
1.887 0.0021866956874395196
1.888 0.002183672329212554
1.889 0.0021806531125925094
1.89 0.0021776380310603656
1.891 0.002174627077930198
1.892 0.002171620246516375
1.893 0.002168617530455802
1.894 0.0021656189228635497
1.895 0.0021626244174131055
1.896 0.0021596340073391815
1.897 0.002156647686203435
1.898 0.002153665447351382
1.899 0.00215068728426111
1.9 0.0021477131904110492
1.901 0.0021447431592328263
1.902 0.002141777184121319
1.903 0.002138815258752373
1.904 0.0021358573763957884
1.905 0.0021329035305369653
1.906 0.00212995371491698
1.907 0.002127007922738892
1.908 0.002124066147590446
1.909 0.0021211283831548216
1.91 0.0021181946227374357
1.911 0.0021152648599794405
1.912 0.0021123390883889736
1.913 0.0021094173014405805
1.914 0.0021064994928124484
1.915 0.0021035856559371005
1.916 0.0021006757845204896
1.917 0.0020977698720035004
1.918 0.002094867911947626
1.919 0.0020919698980114434
1.92 0.0020890758237515393
1.921 0.002086185682852568
1.922 0.0020832994687283463
1.923 0.002080417175113427
1.924 0.002077538795666362
1.9249999999999998 0.0020746643239073067
1.926 0.002071793753547491
1.9269999999999998 0.002068927078137426
1.928 0.0020660642914713855
1.9289999999999998 0.0020632053869881145
1.93 0.0020603503585096506
1.9309999999999998 0.002057499199756126
1.932 0.0020546519041232895
1.9329999999999998 0.0020518084655207405
1.934 0.0020489688776953747
1.9349999999999998 0.0020461331341260873
1.936 0.002043301228600836
1.9369999999999998 0.002040473154925878
1.938 0.002037648906630654
1.9389999999999998 0.0020348284775713655
1.94 0.0020320118614802142
1.9409999999999998 0.0020291990519681973
1.942 0.0020263900429243133
1.9429999999999998 0.00202358482800508
1.944 0.00202078340103371
1.9449999999999998 0.0020179857556767715
1.946 0.0020151918858118552
1.9469999999999998 0.0020124017851881506
1.948 0.0020096154474840066
1.9489999999999998 0.0020068328666796253
1.95 0.0020040540363416154
1.9509999999999998 0.0020012789504497406
1.952 0.001998507602838715
1.9529999999999998 0.0019957399871495586
1.954 0.0019929760973693656
1.9549999999999998 0.0019902159273153318
1.956 0.001987459470681774
1.9569999999999999 0.0019847067214842505
1.958 0.001981957673444863
1.9589999999999999 0.0019792123206662468
1.96 0.001976470656551108
1.9609999999999999 0.0019737326755577085
1.962 0.0019709983710883227
1.9629999999999999 0.001968267737286269
1.964 0.001965540767913883
1.9649999999999999 0.0019628174569523635
1.966 0.001960097798395067
1.9669999999999999 0.0019573817859171324
1.968 0.0019546694135945614
1.9689999999999999 0.001951960675481905
1.97 0.0019492555651458646
1.9709999999999999 0.0019465540770099558
1.972 0.001943856204590041
1.9729999999999999 0.0019411619421564055
1.974 0.0019384712834974753
1.9749999999999999 0.0019357842224899773
1.976 0.0019331007535554029
1.9769999999999999 0.0019304208701353852
1.978 0.0019277445666139065
1.9789999999999999 0.0019250718367511595
1.98 0.0019224026747230295
1.9809999999999999 0.0019197370743723817
1.982 0.0019170750298924644
1.9829999999999999 0.0019144165352607853
1.984 0.0019117615844431823
1.9849999999999999 0.001909110171499838
1.986 0.0019064622905119097
1.9869999999999999 0.0019038179356549068
1.988 0.001901177100657969
1.9889999999999999 0.0018985397798668097
1.99 0.0018959059674137386
1.9909999999999999 0.0018932756570372634
1.992 0.0018906488432342459
1.9929999999999999 0.001888025519873391
1.994 0.0018854079741587103
1.9949999999999999 0.0018827984628073057
1.996 0.0018801927022490416
1.9969999999999999 0.0018775905739915866
1.998 0.0018749920737308017
