0.005 0.03223895559119907
0.006 0.03219593902233305
0.007 0.032145440800486064
0.008 0.03209501686309314
0.009000000000000001 0.03204474687457318
0.01 0.03199448619546768
0.011 0.031944777644205204
0.012 0.03189537539472067
0.013000000000000001 0.03184596715050074
0.014000000000000002 0.03179655291952821
0.015 0.03174713270986149
0.016 0.03169770652972683
0.017 0.03164827438696574
0.018000000000000002 0.031598836289778956
0.019 0.0315493922462874
0.02 0.031499942264595474
0.021 0.0314504863527186
0.022000000000000002 0.03140102451880667
0.023000000000000003 0.03135155677093768
0.024 0.03130208311734343
0.025 0.031252603566000056
0.026000000000000002 0.031203122768526145
0.027 0.031154100061061975
0.028 0.03110544440062316
0.029 0.031056875096254842
0.030000000000000002 0.031008392170342677
0.031000000000000003 0.030959995645451575
0.032 0.03091168554391109
0.033 0.030863461887874404
0.034 0.030815324699895452
0.034999999999999996 0.03076727400195598
0.036 0.030719309816352142
0.037 0.030671432165177325
0.038 0.030623641070549334
0.039 0.03057593655443007
0.04 0.03052831863892639
0.041 0.030480787345865134
0.041999999999999996 0.030433342697138793
0.043 0.030385984714680882
0.044 0.030338713420333625
0.045 0.0302915288358146
0.046 0.030244430982680207
0.047 0.030197419882710637
0.048 0.030150495557688135
0.048999999999999995 0.030103658028899572
0.049999999999999996 0.03005690731807959
0.051 0.030010237430209995
0.052 0.029963609687765694
0.053 0.02991705594881401
0.054 0.02987058449146263
0.055 0.029824195336559698
0.056 0.029777888504559757
0.057 0.029731664016065758
0.057999999999999996 0.02968552189145129
0.059 0.029639462151310136
0.06 0.029593484815890022
0.061 0.029547589905655872
0.062 0.02950177744093084
0.063 0.0294560474418585
0.064 0.02941039992875292
0.065 0.02936483492175666
0.066 0.029319352441124606
0.067 0.029273952506923995
0.068 0.029228635139012388
0.069 0.02918340035764175
0.07 0.029138248182703413
0.07100000000000001 0.029093178634122748
0.07200000000000001 0.029048191731756698
0.07300000000000001 0.029003287495443907
0.07400000000000001 0.02895846594522448
0.07500000000000001 0.02891372710042369
0.07600000000000001 0.02886904855271829
0.07700000000000001 0.028824403874034874
0.078 0.02877983509657673
0.079 0.02873534356293471
0.08 0.028690929292029065
0.081 0.028646592302268205
0.082 0.02860233261260535
0.083 0.028558150241381343
0.084 0.0285140452075036
0.085 0.028470017529470856
0.08600000000000001 0.028426067225686136
0.08700000000000001 0.028382194314763874
0.08800000000000001 0.028338398815027522
0.08900000000000001 0.028294680745016274
0.09000000000000001 0.028251040123020786
0.09100000000000001 0.028207476967530842
0.09200000000000001 0.028163991296571402
0.093 0.0281205831286326
0.094 0.028077252481856458
0.095 0.028033999374389627
0.096 0.027990823824328118
0.097 0.02794772585001614
0.098 0.02790470546928213
0.099 0.02786176270023685
0.1 0.027818897560783033
0.101 0.02777611006904014
0.10200000000000001 0.02773340024275624
0.10300000000000001 0.02769076810000651
0.10400000000000001 0.027648213658393084
0.10500000000000001 0.027605736935915323
0.10600000000000001 0.02756333795017165
0.10700000000000001 0.027521016719007224
0.10800000000000001 0.027478773260029895
0.10900000000000001 0.027436607590931222
0.11 0.027394519729314566
0.111 0.027352509692796966
0.112 0.02731057749875897
0.113 0.027268723164970487
0.114 0.027226946708576026
0.115 0.027185248147283705
0.116 0.02714362749823304
0.117 0.027102084778974567
0.11800000000000001 0.027060620006698646
0.11900000000000001 0.027019175194666487
0.12000000000000001 0.02697772220741222
0.12100000000000001 0.026936340136831032
0.12200000000000001 0.026895029591133525
0.12300000000000001 0.026853790586476148
0.12400000000000001 0.02681262313918372
0.125 0.026771527265424602
0.126 0.026730502981375987
0.127 0.026689550303182038
0.128 0.026648669247027662
0.129 0.02660785982886887
0.13 0.026567122064749173
0.131 0.026526455970833356
0.132 0.02648586156289811
0.133 0.026445338857002988
0.134 0.02640488786897438
0.135 0.02636450861488575
0.136 0.02632420111026105
0.137 0.026283965371102485
0.138 0.02624380141322871
0.139 0.026203709252292547
0.14 0.026163688904048434
0.14100000000000001 0.02612374038397067
0.14200000000000002 0.02608386370809284
0.14300000000000002 0.026044058891591948
0.14400000000000002 0.02600432595043315
0.14500000000000002 0.02596466489984863
0.14600000000000002 0.025925075755459256
0.14700000000000002 0.02588555853290254
0.14800000000000002 0.02584611324730502
0.14900000000000002 0.025806739914272736
0.15 0.02576743854922361
0.151 0.025728209167423546
0.152 0.02568905178414558
0.153 0.025649966414745158
0.154 0.025610953074433073
0.155 0.025572011778499562
0.156 0.025533142541928584
0.157 0.02549434538010939
0.158 0.02545562030795635
0.159 0.025416967340751093
0.16 0.02537838649331679
0.161 0.025339877773266746
0.162 0.02530139224712699
0.163 0.025262927864247813
0.164 0.02522452889683278
0.165 0.0251861952071351
0.166 0.025147926656718937
0.167 0.02510972310773034
0.168 0.02507158442166939
0.169 0.025033510460368537
0.17 0.024995501085468986
0.171 0.02495755615877567
0.17200000000000001 0.024919675541500395
0.17300000000000001 0.024881859095463945
0.17400000000000002 0.024844106681975224
0.17500000000000002 0.024806418162507293
0.17600000000000002 0.02476879339830487
0.17700000000000002 0.02473123225078424
0.17800000000000002 0.024693734581228755
0.17900000000000002 0.024656300250684333
0.18000000000000002 0.0246189291203719
0.181 0.02458162105150576
0.182 0.024544375904891003
0.183 0.02450719354171427
0.184 0.02447007382284045
0.185 0.02443301660911178
0.186 0.0243960217615341
0.187 0.024359089140650412
0.188 0.024322218607474497
0.189 0.02428541002253889
0.19 0.02424866324635653
0.191 0.02421197813979255
0.192 0.02417535456317857
0.193 0.024138792377127474
0.194 0.024102291441871076
0.195 0.02406585161811544
0.196 0.024029472765955046
0.197 0.023993154745682813
0.198 0.02395689741768717
0.199 0.023920700642086505
0.2 0.02388456427893293
0.201 0.02384848818836101
0.202 0.023812472230608697
0.203 0.02377651626535352
0.20400000000000001 0.0237406201526602
0.20500000000000002 0.02370478375265668
0.20600000000000002 0.02366900692488028
0.20700000000000002 0.02363328952920795
0.20800000000000002 0.023597631425430605
0.20900000000000002 0.02356203247332932
0.21000000000000002 0.023526492532447287
0.21100000000000002 0.023491011462429708
0.21200000000000002 0.023455589122793226
0.21300000000000002 0.023420225373255922
0.214 0.02338492007296926
0.215 0.023349673081581267
0.216 0.02331448425839127
0.217 0.023279353462766446
0.218 0.02324428055393864
0.219 0.023209265391108194
0.22 0.023174307833494927
0.221 0.02313940774044202
0.222 0.023104564970600375
0.223 0.023069779383453955
0.224 0.02303505083781241
0.225 0.023000379336641535
0.226 0.022965778169460466
0.227 0.022931243314373826
0.228 0.022896766078715814
0.229 0.02286234634088028
0.23 0.022827983979139706
0.231 0.02279367887174907
0.232 0.02275943089714141
0.233 0.022725239933410607
0.234 0.022691105858737504
0.23500000000000001 0.02265702855125555
0.23600000000000002 0.02262300788917769
0.23700000000000002 0.022589043750360666
0.23800000000000002 0.022555136012966274
0.23900000000000002 0.02252128455500311
0.24000000000000002 0.02248748925412128
0.24100000000000002 0.02245374998848429
0.24200000000000002 0.022420066635927577
0.24300000000000002 0.022386439073981926
0.24400000000000002 0.022352867180760648
0.245 0.02231935083371023
0.246 0.02228588991061694
0.247 0.022252484289165868
0.248 0.02221913384695089
0.249 0.022185838461289506
0.25 0.022152598010089543
0.251 0.022119412370394883
0.252 0.022086281420105727
0.253 0.02205320503619045
0.254 0.022020183096271056
0.255 0.021987215477544557
0.256 0.02195430205736304
0.257 0.021921442712881607
0.258 0.021888637321212934
0.259 0.021855885759787443
0.26 0.02182318790548146
0.261 0.021790543635489268
0.262 0.021757952826686904
0.263 0.021725415356271222
0.264 0.0216929311010372
0.265 0.021660499938098186
0.266 0.021628121744103206
0.267 0.02159579639600397
0.268 0.021563523770566966
0.269 0.021531303744747713
0.27 0.02149913619491602
0.271 0.021467020998039658
0.272 0.02143495803067456
0.273 0.021402947169443725
0.274 0.02137098829083207
0.275 0.021339081271489556
0.276 0.021307225987952344
0.277 0.02127542231644252
0.278 0.02124367013361575
0.279 0.02121196931572987
0.28 0.02118031973921639
0.281 0.02114872128026091
0.28200000000000003 0.021117173815247345
0.28300000000000003 0.021085677220376114
0.28400000000000003 0.02105423137187283
0.28500000000000003 0.021022836145785238
0.28600000000000003 0.020991491418270426
0.28700000000000003 0.020960197065529925
0.28800000000000003 0.02092895296357416
0.28900000000000003 0.020897759491596637
0.29000000000000004 0.020866630833709595
0.29100000000000004 0.020835559687393007
0.29200000000000004 0.020804539343509783
0.29300000000000004 0.02077356969384087
0.294 0.020742650630380246
0.295 0.020711782045042974
0.296 0.0206809638294751
0.297 0.020650195875568756
0.298 0.020619478074943687
0.299 0.020588810319570224
0.3 0.02055819250080256
0.301 0.020527624510557164
0.302 0.02049710624015323
0.303 0.02046663758144001
0.304 0.020436218425826706
0.305 0.02040584866485452
0.306 0.02037552819003409
0.307 0.020345256892636776
0.308 0.020315034664263976
0.309 0.020284861396242842
0.31 0.02025473697994611
0.311 0.020224661306475177
0.312 0.02019463426738667
0.313 0.02016465575374605
0.314 0.02013472565684685
0.315 0.020104843867930582
0.316 0.02007501027790324
0.317 0.020045224778106985
0.318 0.020015487259537494
0.319 0.019985797613198925
0.32 0.019956155730334078
0.321 0.019926561501609437
0.322 0.019897014818122467
0.323 0.01986751557095282
0.324 0.019838063650581637
0.325 0.019808658948455776
0.326 0.019779301354760224
0.327 0.019749990760791716
0.328 0.019720727057041292
0.329 0.019691510134379538
0.33 0.01966233988338917
0.331 0.01963321619492463
0.332 0.019604138959340767
0.333 0.019575108067484772
0.334 0.019546123409868176
0.335 0.019517184876967845
0.336 0.019488292359475006
0.337 0.0194594457476423
0.338 0.019430644932102482
0.339 0.019401889803114216
0.34 0.01937318025130993
0.341 0.019344516166794674
0.342 0.01931589744013738
0.343 0.019287323961396884
0.34400000000000003 0.019258795621064632
0.34500000000000003 0.019230312309229308
0.34600000000000003 0.01920187391616524
0.34700000000000003 0.019173480332131208
0.34800000000000003 0.019145131447068336
0.34900000000000003 0.019116827151335877
0.35000000000000003 0.019088567334856296
0.35100000000000003 0.01906035188780175
0.35200000000000004 0.01903218070016356
0.35300000000000004 0.0190040549951872
0.35400000000000004 0.018975992793429815
0.35500000000000004 0.018947981923024902
0.35600000000000004 0.018920016155230524
0.357 0.018892095399881237
0.358 0.01886421956618575
0.359 0.018836388563801616
0.36 0.018808602302008457
0.361 0.018780860690291837
0.362 0.018753163638031985
0.363 0.01872551105446312
0.364 0.01869790284915361
0.365 0.018670338931080797
0.366 0.01864281920972215
0.367 0.01861534359417377
0.368 0.018587911993918464
0.369 0.018560524317845467
0.37 0.01853318047523962
0.371 0.018505880375205407
0.372 0.0184786239269376
0.373 0.018451411039410004
0.374 0.018424241621803207
0.375 0.0183971155829606
0.376 0.01837003283209254
0.377 0.018342993278063505
0.378 0.018315996829956785
0.379 0.018289043396358683
0.38 0.018262132886603756
0.381 0.018235265209343612
0.382 0.018208440273443083
0.383 0.018181657987767608
0.384 0.018154918261049837
0.385 0.018128221002195063
0.386 0.01810156611983886
0.387 0.018074953522798472
0.388 0.018048383119650405
0.389 0.018021854819135978
0.39 0.017995368530023443
0.391 0.017968924160704162
0.392 0.017942521619990173
0.393 0.01791616081627007
0.394 0.017889841658373193
0.395 0.017863564054446963
0.396 0.01783732791338796
0.397 0.01781113314341098
0.398 0.017784979652979916
0.399 0.017758867350717248
0.4 0.017732796144814565
0.401 0.017706765943735533
0.402 0.01768077665594845
0.403 0.017654828189613288
0.404 0.017628920453042922
0.405 0.017603053354721163
0.406 0.0175772268026078
0.40700000000000003 0.017551440705374618
0.40800000000000003 0.017525694970695137
0.40900000000000003 0.017499989507199692
0.41000000000000003 0.01747432422278492
0.41100000000000003 0.017448699025760482
0.41200000000000003 0.017423113824208587
0.41300000000000003 0.01739756852615625
0.41400000000000003 0.017372063039729498
0.41500000000000004 0.017346597272931263
0.41600000000000004 0.017321171133887835
0.41700000000000004 0.01729578586512883
0.41800000000000004 0.017270451670323674
0.41900000000000004 0.01724516011428361
0.42000000000000004 0.017219908555245633
0.42100000000000004 0.017194696912329697
0.422 0.01716952510457405
0.423 0.017144393051368067
0.424 0.017119300671551176
0.425 0.017094247884353164
0.426 0.01706923460869042
0.427 0.017044260763705632
0.428 0.0170193262684261
0.429 0.016994431041678047
0.43 0.016969575002618285
0.431 0.01694475807012511
0.432 0.016919980163007577
0.433 0.016895241200343202
0.434 0.01687054110093326
0.435 0.016845879783571046
0.436 0.016821257167222752
0.437 0.016796673170636434
0.438 0.016772127712607644
0.439 0.01674762071197418
0.44 0.016723152087408134
0.441 0.016698721757583104
0.442 0.01667432964152241
0.443 0.016649975657474562
0.444 0.016625659724490798
0.445 0.01660138176101093
0.446 0.016577141685702287
0.447 0.01655293941723705
0.448 0.01652877487423228
0.449 0.016504647975011225
0.45 0.016480558638464447
0.451 0.016456506782915378
0.452 0.016432492326814988
0.453 0.016408515188926987
0.454 0.01638457528745781
0.455 0.016360672540895245
0.456 0.016336806867770032
0.457 0.01631297818647352
0.458 0.01628918641534875
0.459 0.01626543147259635
0.46 0.016241713276937714
0.461 0.016218031746467805
0.462 0.01619438679947253
0.463 0.016170778354346927
0.464 0.016147206329243238
0.465 0.01612367064258332
0.466 0.016100171212398633
0.467 0.016076707957119154
0.468 0.016053280794649464
0.46900000000000003 0.016029889643431026
0.47000000000000003 0.016006534421480575
0.47100000000000003 0.015983215047006158
0.47200000000000003 0.015959931437989155
0.47300000000000003 0.015936683512702894
0.47400000000000003 0.015913471189065373
0.47500000000000003 0.01589029438531489
0.47600000000000003 0.015867153019243328
0.47700000000000004 0.015844047009088688
0.47800000000000004 0.01582097627265216
0.47900000000000004 0.015797940728209357
0.48000000000000004 0.015774940293398012
0.48100000000000004 0.015751977648359956
0.48200000000000004 0.015729065725611214
0.48300000000000004 0.015706191985581805
0.48400000000000004 0.015683354015545232
0.485 0.015660551748550394
0.486 0.01563778511742659
0.487 0.0156150540552213
0.488 0.015592358494657774
0.489 0.015569698368552027
0.49 0.015547073610058118
0.491 0.01552448415149286
0.492 0.01550192992608931
0.493 0.015479410866454166
0.494 0.015456926905340068
0.495 0.015434477975643783
0.496 0.015412064009927064
0.497 0.015389684940930407
0.498 0.01536734070154035
0.499 0.015345031224262706
0.5 0.015322756441762196
0.501 0.015300516286816
0.502 0.015278310691980247
0.503 0.01525613958988273
0.504 0.015234002913090633
0.505 0.015211900594343056
0.506 0.015189832565948238
0.507 0.015167798760735159
0.508 0.015145799111161273
0.509 0.015123833549557934
0.51 0.015101902008633103
0.511 0.015080004420905235
0.512 0.015058140718635534
0.513 0.015036310834454338
0.514 0.015014514700829594
0.515 0.014992752250017234
0.516 0.014971023414584395
0.517 0.014949328126856258
0.518 0.01492766631916677
0.519 0.014906037924004112
0.52 0.014884442873544505
0.521 0.014862881100257469
0.522 0.014841352536403866
0.523 0.014819857114295757
0.524 0.014798394766206735
0.525 0.014776965424298042
0.526 0.014755569021047712
0.527 0.014734205488510515
0.528 0.014712874759020417
0.529 0.014691576764619246
0.53 0.014670311437708177
0.531 0.014649078710222878
0.532 0.014627878514551789
0.533 0.014606710782694784
0.534 0.014585575446855813
0.535 0.014564472439066412
0.536 0.01454340169143458
0.537 0.014522363136234836
0.538 0.014501356705186376
0.539 0.014480382330615325
0.54 0.01445943994448409
0.541 0.014438529478736774
0.542 0.01441765086554151
0.543 0.014396804036733902
0.544 0.014375988924336018
0.545 0.014355206987610359
0.546 0.014334462648211713
0.547 0.014313750764680638
0.548 0.014293070708057382
0.549 0.014272422416087688
0.55 0.014251805826442313
0.551 0.014231220876835276
0.552 0.014210667504868017
0.553 0.014190145648383423
0.554 0.01416965524476655
0.555 0.014149196231866472
0.556 0.014128768547313517
0.557 0.014108372128532573
0.558 0.014088006913211234
0.559 0.014067672839064148
0.56 0.014047369843389243
0.561 0.014027097863945357
0.562 0.01400685683825844
0.5630000000000001 0.01398664670369786
0.5640000000000001 0.013966467397909224
0.5650000000000001 0.01394631885836396
0.5660000000000001 0.01392620102255412
0.5670000000000001 0.013906113827933829
0.5680000000000001 0.013886057211923618
0.5690000000000001 0.013866031111981397
0.5700000000000001 0.013846035465712057
0.5710000000000001 0.013826070210105977
0.5720000000000001 0.01380613528305539
0.5730000000000001 0.013786230621564744
0.5740000000000001 0.013766356163260385
0.5750000000000001 0.01374651184540339
0.5760000000000001 0.013726697605269074
0.5770000000000001 0.013706913380450518
0.5780000000000001 0.01368715910784457
0.5790000000000001 0.013667434725130672
0.5800000000000001 0.013647740169578848
0.5810000000000001 0.013628075378205028
0.582 0.013608440288490866
0.583 0.013588834837712534
0.584 0.013569258963000817
0.585 0.013549712601522688
0.586 0.013530195690784053
0.587 0.013510708167690217
0.588 0.01349124996963589
0.589 0.01347182103354829
0.59 0.013452421296953537
0.591 0.0134330506966611
0.592 0.013413709169993617
0.593 0.013394396654073397
0.594 0.013375113086006241
0.595 0.013355858402779619
0.596 0.013336632541576634
0.597 0.013317435439567756
0.598 0.013298267033514605
0.599 0.013279127260876813
0.6 0.013260016058390908
0.601 0.013240933363211386
0.602 0.013221879112292338
0.603 0.013202853242602813
0.604 0.013183855691232631
0.605 0.01316488639524224
0.606 0.013145945291266291
0.607 0.013127032316487531
0.608 0.013108147407878148
0.609 0.01308929504483054
0.61 0.013070483291612102
0.611 0.013051700915158433
0.612 0.013032947193490482
0.613 0.013014222076437364
0.614 0.012995525513482207
0.615 0.012976857454424954
0.616 0.01295821784857609
0.617 0.012939606645785053
0.618 0.012921023795623716
0.619 0.012902469247519631
0.62 0.012883942951179748
0.621 0.012865444856057439
0.622 0.012846974911748818
0.623 0.01282853306772633
0.624 0.012810119273571088
0.625 0.01279173347880543
0.626 0.012773375632793984
0.627 0.012755045685235538
0.628 0.012736743585428614
0.629 0.012718469282903567
0.63 0.012700222727053526
0.631 0.01268200386744526
0.632 0.012663812653433556
0.633 0.012645649034369065
0.634 0.012627512959885779
0.635 0.012609404379121782
0.636 0.012591323241570236
0.637 0.012573269496744394
0.638 0.01255524309377134
0.639 0.012537243982201081
0.64 0.012519272111303756
0.641 0.01250132743035239
0.642 0.012483409888845297
0.643 0.012465519436007455
0.644 0.012447656021043063
0.645 0.012429819593347591
0.646 0.012412010102268627
0.647 0.012394227496934834
0.648 0.01237647172675871
0.649 0.012358742740926937
0.65 0.012341040488633331
0.651 0.01232336491912269
0.652 0.012305715981729075
0.653 0.012288093625594866
0.654 0.012270497799873189
0.655 0.012252928453812735
0.656 0.012235385536614568
0.657 0.012217868997480142
0.658 0.012200378785344204
0.659 0.01218291484966844
0.66 0.012165477139449663
0.661 0.012148065603797824
0.662 0.012130680191912494
0.663 0.012113320852828754
0.664 0.012095987535681847
0.665 0.012078680189579666
0.666 0.012061398763630765
0.667 0.01204414320680376
0.668 0.012026913468269685
0.669 0.012009709497134768
0.67 0.011992531242191667
0.671 0.011975378652728857
0.672 0.011958251677721328
0.673 0.011941150265997217
0.674 0.011924074366901604
0.675 0.011907023929093222
0.676 0.01188999890182288
0.677 0.011872999233801692
0.678 0.011856024874261363
0.679 0.011839075771979554
0.68 0.011822151876001228
0.681 0.011805253135293863
0.682 0.011788379498562124
0.683 0.01177153091509942
0.684 0.011754707333414527
0.685 0.011737908702771499
0.686 0.011721134971694375
0.687 0.011704386089439116
0.6880000000000001 0.011687662004620172
0.6890000000000001 0.01167096266624977
0.6900000000000001 0.01165428802299179
0.6910000000000001 0.011637638023959613
0.6920000000000001 0.011621012617802195
0.6930000000000001 0.011604411753378781
0.6940000000000001 0.011587835379480682
0.6950000000000001 0.01157128344501679
0.6960000000000001 0.01155475589872972
0.6970000000000001 0.011538252689383403
0.6980000000000001 0.011521773765829038
0.6990000000000001 0.011505319076733847
0.7000000000000001 0.011488888570930963
0.7010000000000001 0.01147248219721608
0.7020000000000001 0.011456099904257848
0.7030000000000001 0.011439741640792941
0.7040000000000001 0.011423407355540038
0.7050000000000001 0.011407096997441118
0.7060000000000001 0.011390810514779219
0.7070000000000001 0.011374547856673236
0.7080000000000001 0.01135830897157188
0.709 0.011342093808158284
0.71 0.011325902315333999
0.711 0.011309734441474173
0.712 0.011293590428765763
0.713 0.011277484077843092
0.714 0.011261409492552207
0.715 0.011245359020064412
0.716 0.011229332616717234
0.717 0.011213330238897107
0.718 0.011197351842764398
0.719 0.011181397384385547
0.72 0.011165466820163518
0.721 0.01114956010628246
0.722 0.011133677198893318
0.723 0.011117818054224694
0.724 0.011101982628391781
0.725 0.011086170877671272
0.726 0.011070382758214134
0.727 0.011054618226075544
0.728 0.011038877237547644
0.729 0.011023159748758983
0.73 0.011007465715690948
0.731 0.010991795094631338
0.732 0.010976147841699263
0.733 0.01096052391292374
0.734 0.010944923264456398
0.735 0.010929345852344402
0.736 0.010913791632795052
0.737 0.01089826056185788
0.738 0.010882752595399394
0.739 0.010867267689801771
0.74 0.010851805800885699
0.741 0.010836366884898158
0.742 0.010820950897647987
0.743 0.010805557795355894
0.744 0.01079018753402083
0.745 0.010774840069649868
0.746 0.01075951535809972
0.747 0.010744213355657143
0.748 0.010728934018145507
0.749 0.010713677301529265
0.75 0.010698443161930967
0.751 0.010683231555221365
0.752 0.010668042437309629
0.753 0.01065287576436219
0.754 0.010637731492007209
0.755 0.010622609576628294
0.756 0.010607509973722593
0.757 0.010592432639490744
0.758 0.010577377529818873
0.759 0.010562344600499849
0.76 0.010547333807599674
0.761 0.010532345106855346
0.762 0.010517378454310868
0.763 0.010502433805781721
0.764 0.010487511117184857
0.765 0.010472610344175935
0.766 0.010457731442986277
0.767 0.01044287436926795
0.768 0.010428039078905195
0.769 0.010413225527587687
0.77 0.010398433671379895
0.771 0.010383663465987276
0.772 0.010368914867268954
0.773 0.010354187831043105
0.774 0.010339482313065017
0.775 0.010324798269176096
0.776 0.01031013565515854
0.777 0.010295494426775655
0.778 0.010280874539818323
0.779 0.010266275950148143
0.78 0.010251698613372943
0.781 0.010237142485352107
0.782 0.010222607521761727
0.783 0.010208093678386989
0.784 0.01019360091103257
0.785 0.010179129175271459
0.786 0.010164678426942969
0.787 0.010150248621797243
0.788 0.01013583971538291
0.789 0.010121451663559773
0.79 0.010107084421903893
0.791 0.01009273794616441
0.792 0.010078412192045558
0.793 0.010064107115159468
0.794 0.010049822671182087
0.795 0.010035558815805323
0.796 0.010021315504803991
0.797 0.01000709269346727
0.798 0.009992890337784941
0.799 0.009978708393193652
0.8 0.009964546815561177
0.801 0.009950405560138884
0.802 0.00993628458286723
0.803 0.0099221838391452
0.804 0.009908103284728064
0.805 0.009894042875057546
0.806 0.009880002565872065
0.807 0.009865982312637673
0.808 0.009851982070911402
0.809 0.009838001796396838
0.81 0.009824041444641695
0.811 0.009810100971003684
0.812 0.009796180331227006
0.8130000000000001 0.009782279480772486
0.8140000000000001 0.009768398375135663
0.8150000000000001 0.009754536970037725
0.8160000000000001 0.009740700303027386
0.8170000000000001 0.009726904032805362
0.8180000000000001 0.009713130261605217
0.8190000000000001 0.009699376827188721
0.8200000000000001 0.00968564369274452
0.8210000000000001 0.009671930821271824
0.8220000000000001 0.009658238176302882
0.8230000000000001 0.009644565720780145
0.8240000000000001 0.00963091341811169
0.8250000000000001 0.0096172812313816
0.8260000000000001 0.009603669123825233
0.8270000000000001 0.009590077058604674
0.8280000000000001 0.009576504998969783
0.8290000000000001 0.009562952908115816
0.8300000000000001 0.009549420748895438
0.8310000000000001 0.009535908485031212
0.8320000000000001 0.009522416079173287
0.8330000000000001 0.009508943494830537
0.8340000000000001 0.009495490694925949
0.8350000000000001 0.009482057642721082
0.8360000000000001 0.009468644301228476
0.8370000000000001 0.009455250633792794
0.838 0.009441876603333376
0.839 0.00942852217306206
0.84 0.00941518730613214
0.841 0.009401871965535094
0.842 0.009388576114462577
0.843 0.00937529971599953
0.844 0.009362042733214046
0.845 0.009348805129157367
0.846 0.009335586867062233
0.847 0.009322387909893832
0.848 0.009309208220600515
0.849 0.009296047762409523
0.85 0.009282906498422781
0.851 0.009269784391620663
0.852 0.009256681404921809
0.853 0.00924359750158002
0.854 0.009230532644476782
0.855 0.00921748679675001
0.856 0.009204459921330208
0.857 0.009191451981340597
0.858 0.009178462939726913
0.859 0.009165492759463122
0.86 0.00915254140358883
0.861 0.00913960883526932
0.862 0.009126695017177841
0.863 0.009113799912431502
0.864 0.009100923484201788
0.865 0.009088065695202123
0.866 0.009075226508555889
0.867 0.009062405887119271
0.868 0.009049603793933972
0.869 0.009036820192032622
0.87 0.009024055044135738
0.871 0.009011308313422579
0.872 0.008998579962651895
0.873 0.008985869954898725
0.874 0.008973178252948745
0.875 0.00896050481988546
0.876 0.00894784961851397
0.877 0.008935212611783813
0.878 0.008922593762646909
0.879 0.008909993033896621
0.88 0.008897410388466982
0.881 0.008884845789373057
0.882 0.008872299199310409
0.883 0.008859770581321267
0.884 0.00884725989820698
0.885 0.008834767112879801
0.886 0.008822292188097308
0.887 0.008809835086832616
0.888 0.008797395772035388
0.889 0.008784974206279472
0.89 0.008772570352571665
0.891 0.008760184173801571
0.892 0.008747815632797376
0.893 0.008735464692292926
0.894 0.008723131315185043
0.895 0.008710815464219814
0.896 0.008698517102419173
0.897 0.008686236192242337
0.898 0.008673972696888353
0.899 0.008661726578900448
0.9 0.008649497801138223
0.901 0.008637286326490714
0.902 0.00862509211754984
0.903 0.008612915137329213
0.904 0.00860075534834389
0.905 0.008588612713564231
0.906 0.008576487195835961
0.907 0.008564378757610826
0.908 0.0085522873619722
0.909 0.00854021297143702
0.91 0.00852815554883184
0.911 0.008516115056952541
0.912 0.008504091458608505
0.913 0.00849208471627557
0.914 0.008480094792832253
0.915 0.008468121651171496
0.916 0.00845616525369847
0.917 0.00844422556333412
0.918 0.008432302542710041
0.919 0.008420396185654398
0.92 0.008408520818631691
0.921 0.008396674458968238
0.922 0.008384845387396356
0.923 0.008373033574220574
0.924 0.008361238989190936
0.925 0.00834946160247202
0.926 0.008337701384037216
0.927 0.008325958303818258
0.928 0.008314232331858585
0.929 0.008302523438189682
0.93 0.00829083159268927
0.931 0.008279156765470475
0.932 0.008267498926439932
0.933 0.008255858045529717
0.934 0.008244234092690804
0.935 0.008232627038004054
0.936 0.008221036851408202
0.937 0.00820946350277731
0.9380000000000001 0.008197906962086847
0.9390000000000001 0.008186367199322371
0.9400000000000001 0.008174844184435618
0.9410000000000001 0.008163337887262083
0.9420000000000001 0.008151848277865067
0.9430000000000001 0.008140375326097606
0.9440000000000001 0.008128919001898797
0.9450000000000001 0.008117479275203655
0.9460000000000001 0.008106056115939236
0.9470000000000001 0.008094649494024648
0.9480000000000001 0.00808325937930407
0.9490000000000001 0.008071885741770942
0.9500000000000001 0.008060528551294837
0.9510000000000001 0.008049187777711644
0.9520000000000001 0.0080378633910362
0.9530000000000001 0.008026555361047369
0.9540000000000001 0.008015263657684965
0.9550000000000001 0.008003988250798448
0.9560000000000001 0.007992729110319646
0.9570000000000001 0.007981486206123538
0.9580000000000001 0.00797025950801416
0.9590000000000001 0.00795904898590755
0.9600000000000001 0.007947854609558599
0.9610000000000001 0.007936676349024894
0.9620000000000001 0.007925514174098574
0.9630000000000001 0.007914368054395129
0.9640000000000001 0.007903237960092747
0.965 0.00789212386084936
0.966 0.007881025726532888
0.967 0.007869943527009225
0.968 0.00785887723207284
0.969 0.007847826811630283
0.97 0.007836792235364003
0.971 0.007825773473180631
0.972 0.00781477049490436
0.973 0.007803783270318204
0.974 0.007792811769272177
0.975 0.007781855961470855
0.976 0.0077709158167939985
0.977 0.007759991305095807
0.978 0.007749082396087372
0.979 0.0077381890594581445
0.98 0.007727311265196532
0.981 0.0077164489830140355
0.982 0.007705602182581065
0.983 0.007694770833796201
0.984 0.007683954906363649
0.985 0.0076731543700959545
0.986 0.0076623691947233525
0.987 0.007651599350054889
0.988 0.007640844805787794
0.989 0.007630105531662965
0.99 0.007619381497411541
0.991 0.0076086726729477465
0.992 0.007597979027806939
0.993 0.007587300531795748
0.994 0.007576637154685887
0.995 0.007565988866253265
0.996 0.007555355636004859
0.997 0.0075447374338587355
0.998 0.007534134229517058
0.999 0.007523545992617561
1.0 0.007512972693001538
1.001 0.007502414300266734
1.002 0.007491870784087271
1.003 0.007481342114256775
1.004 0.0074708282603605635
1.005 0.007460329192259897
1.006 0.007449844879499598
1.007 0.007439375291963399
1.008 0.007428920398968982
1.009 0.007418480170538522
1.01 0.0074080545762185085
1.011 0.0073976435856763405
1.012 0.007387247168604828
1.013 0.007376865294709649
1.014 0.00736649793358235
1.015 0.007356145054821529
1.016 0.0073458066282849725
1.017 0.0073354826233914955
1.018 0.007325173010049033
1.019 0.007314877757624383
1.02 0.007304596835969511
1.021 0.007294330214621335
1.022 0.007284077863256004
1.023 0.00727384207975263
1.024 0.007263635169090802
1.025 0.007253445467406118
1.026 0.007243270481347776
1.027 0.007233110185784692
1.028 0.007222964555801868
1.029 0.007212833566379478
1.0299999999999998 0.007202717192593782
1.031 0.007192615409312378
1.0319999999999998 0.007182528191549716
1.033 0.007172455514412462
1.0339999999999998 0.007162397352710387
1.035 0.00715235368153999
1.0359999999999998 0.007142324475911269
1.037 0.007132309710592218
1.0379999999999998 0.00712230936078519
1.039 0.007112323401330627
1.0399999999999998 0.0071023518073048955
1.041 0.007092394553587545
1.0419999999999998 0.007082451615079789
1.043 0.00707252296686941
1.0439999999999998 0.007062608583877016
1.045 0.00705270844094455
1.0459999999999998 0.007042822513126299
1.047 0.007032950775395574
1.0479999999999998 0.007023093202606138
1.049 0.007013249769650652
1.0499999999999998 0.007003420451657994
1.051 0.006993605223390991
1.0519999999999998 0.006983804059848733
1.053 0.0069740169358746325
1.0539999999999998 0.006964243826619097
1.055 0.006954484706717152
1.0559999999999998 0.006944739551242671
1.057 0.006935008335056627
1.0579999999999998 0.006925291033181797
1.059 0.006915587620331968
1.0599999999999998 0.0069058980715868195
1.061 0.006896222361695594
1.0619999999999998 0.006886560465744107
1.063 0.006876912358579789
1.0639999999999998 0.006867278014897628
1.065 0.006857657409853698
1.0659999999999998 0.006848050518170598
1.067 0.006838457314849395
1.0679999999999998 0.00682887777464032
1.069 0.006819311872501412
1.0699999999999998 0.0068097595833304546
1.071 0.006800220882009154
1.0719999999999998 0.0067906957432351325
1.073 0.006781184142220221
1.0739999999999998 0.006771686053477849
1.075 0.006762201452015701
1.0759999999999998 0.006752730312759991
1.077 0.006743272610534232
1.0779999999999998 0.0067338283200525885
1.079 0.006724397416447412
1.0799999999999998 0.006714979874195505
1.081 0.006705575668498284
1.0819999999999999 0.006696184773988245
1.083 0.006686807165580166
1.0839999999999999 0.006677442818070264
1.085 0.0066680917063971275
1.0859999999999999 0.00665875380522362
1.087 0.00664942908958545
1.0879999999999999 0.006640117534086756
1.089 0.006630819113799107
1.0899999999999999 0.006621533803238627
1.091 0.006612261577516784
1.0919999999999999 0.0066030024113055375
1.093 0.006593756279421832
1.0939999999999999 0.0065845231567348
1.095 0.006575303017948128
1.0959999999999999 0.006566095838033522
1.097 0.00655690159156942
1.0979999999999999 0.006547720253608849
1.099 0.006538551798754224
1.0999999999999999 0.006529396201829515
1.101 0.006520253437820869
1.1019999999999999 0.006511123481224568
1.103 0.006502006306988218
1.1039999999999999 0.006492901889880009
1.105 0.006483810204726418
1.1059999999999999 0.0064747312261997925
1.107 0.006465664929212055
1.1079999999999999 0.006456611288351783
1.109 0.006447570278588258
1.1099999999999999 0.006438541874529024
1.111 0.006429526051084845
1.1119999999999999 0.006420522782932738
1.113 0.006411532044866452
1.1139999999999999 0.006402553811528675
1.115 0.00639358805792778
1.1159999999999999 0.006384634758544185
1.117 0.006375693888355958
1.1179999999999999 0.00636676542190502
1.119 0.0063578493340525075
1.1199999999999999 0.00634894559960845
1.121 0.006340054193151815
1.1219999999999999 0.006331175089566253
1.123 0.006322308263512392
1.1239999999999999 0.006313453689703652
1.125 0.006304611342915611
1.126 0.006295781197890006
1.127 0.00628697010760298
1.128 0.0062781803042418986
1.129 0.006269403119892445
1.13 0.006260638499727525
1.131 0.006251886423007073
1.132 0.006243146868659127
1.133 0.006234419815980324
1.134 0.006225705243819554
1.135 0.006217003131584754
1.136 0.006208313458037609
1.137 0.006199636202548238
1.138 0.0061909713439402755
1.139 0.006182318861471477
1.14 0.0061736787342089195
1.141 0.006165050941220311
1.142 0.00615643546143124
1.143 0.006147832274178009
1.144 0.006139241358410932
1.145 0.006130662693039592
1.146 0.006122096257440179
1.147 0.006113542030393821
1.148 0.006104999991123169
1.149 0.006096470118719337
1.15 0.006087952392115318
1.151 0.006079446790405903
1.152 0.006070953292635587
1.153 0.006062471878018753
1.154 0.006054002525388883
1.155 0.006045545213922751
1.156 0.006037099922449498
1.157 0.00602866663041059
1.158 0.006020245316479017
1.1589999999999998 0.00601183595982158
1.16 0.006003438539574458
1.1609999999999998 0.005995053034646806
1.162 0.00598667942404709
1.1629999999999998 0.005978317686974332
1.164 0.005969967802230103
1.1649999999999998 0.005961629749104029
1.166 0.005953303506302619
1.1669999999999998 0.005944989053156674
1.168 0.005936686368447064
1.1689999999999998 0.005928395431343172
1.17 0.005920116220816131
1.1709999999999998 0.0059118487158739234
1.172 0.005903592895479407
1.1729999999999998 0.005895348738723143
1.174 0.0058871162245597375
1.1749999999999998 0.005878895332079685
1.176 0.0058706860401548135
1.1769999999999998 0.005862488327813869
1.178 0.005854302174106183
1.1789999999999998 0.0058461275580523305
1.18 0.005837964458639885
1.1809999999999998 0.005829812854711219
1.182 0.00582167272551475
1.1829999999999998 0.005813544049727496
1.184 0.0058054268066805486
1.1849999999999998 0.005797320975117341
1.186 0.0057892265340254295
1.1869999999999998 0.0057811434624796135
1.188 0.005773071739508832
1.1889999999999998 0.005765011343927105
1.19 0.005756962254693516
1.1909999999999998 0.00574892445113111
1.192 0.005740897911706451
1.1929999999999998 0.005732882615722287
1.194 0.005724878542112864
1.1949999999999998 0.005716885669750751
1.196 0.005708903977599409
1.1969999999999998 0.005700933444680611
1.198 0.005692974049895701
1.1989999999999998 0.005685025772362067
1.2 0.005677088590695859
1.2009999999999998 0.005669162484233678
1.202 0.005661247431720456
1.2029999999999998 0.005653343412025438
1.204 0.005645450404328167
1.2049999999999998 0.0056375683874072486
1.206 0.005629697340202519
1.2069999999999999 0.005621837241728681
1.208 0.005613988071041688
1.2089999999999999 0.005606149806672575
1.21 0.005598322428074711
1.2109999999999999 0.005590505913733986
1.212 0.005582700242893188
1.2129999999999999 0.005574905394245302
1.214 0.005567121346950714
1.2149999999999999 0.005559348079806326
1.216 0.005551585571691555
1.2169999999999999 0.0055438338016145505
1.218 0.005536092748550437
1.2189999999999999 0.005528362391156051
1.22 0.005520642708601351
1.2209999999999999 0.005512933679816681
1.222 0.005505235283571107
1.2229999999999999 0.005497547498745837
1.224 0.005489870304474357
1.2249999999999999 0.005482203679423311
1.226 0.005474547602656214
1.2269999999999999 0.00546690205290646
1.228 0.005459267009357989
1.2289999999999999 0.005451642450616481
1.23 0.005444029350189961
1.2309999999999999 0.005436437111105393
1.232 0.005428858394417292
1.2329999999999999 0.005421290489930167
1.234 0.005413733380757797
1.2349999999999999 0.005406187049547647
1.236 0.005398651478934317
1.2369999999999999 0.005391126652124548
1.238 0.005383612551584118
1.2389999999999999 0.00537610916019786
1.24 0.005368616460792242
1.2409999999999999 0.005361134436207415
1.242 0.005353663069063798
1.2429999999999999 0.005346202342359577
1.244 0.005338752238749094
1.2449999999999999 0.0053313127409955275
1.246 0.005323883832064364
1.2469999999999999 0.00531646549454591
1.248 0.005309057711298873
1.2489999999999999 0.005301660465191634
1.25 0.005294273738740423
1.251 0.0052868975149841044
1.252 0.005279531776592868
1.253 0.005272176506478244
1.254 0.00526483168704235
1.255 0.005257497301495571
1.256 0.00525017333240228
1.257 0.005242859762497984
1.258 0.005235556574530047
1.259 0.005228263751437655
1.26 0.005220981275766371
1.261 0.005213709130493589
1.262 0.005206447298157556
1.263 0.005199195761699412
1.264 0.005191954503761813
1.265 0.005184723507204151
1.266 0.005177502754562476
1.267 0.005170292228920637
1.268 0.005163091912724653
1.269 0.0051559017888732125
1.27 0.005148721840160906
1.271 0.005141552049148183
1.272 0.005134392398734109
1.273 0.005127242871658104
1.274 0.00512010345053064
1.275 0.005112974118278434
1.276 0.005105854857434364
1.277 0.005098745650975912
1.278 0.0050916464813170305
1.279 0.0050845573315438835
1.28 0.0050774781841170374
1.281 0.0050704090219086005
1.282 0.0050633498276285265
1.283 0.005056300583930726
1.284 0.005049261273613188
1.285 0.005042231879373485
1.2859999999999998 0.005035212384026912
1.287 0.005028202770038929
1.2879999999999998 0.0050212030204201405
1.289 0.005014213117721063
1.2899999999999998 0.005007233044742432
1.291 0.005000262784139334
1.2919999999999998 0.004993302318618641
1.293 0.00498635163101033
1.2939999999999998 0.004979410703736967
1.295 0.004972479519882199
1.2959999999999998 0.0049655580619649125
1.297 0.004958646312685222
1.2979999999999998 0.004951744254753575
1.299 0.004944851870817473
1.2999999999999998 0.004937969143754185
1.301 0.004931096056088316
1.3019999999999998 0.004924232590644558
1.303 0.004917378730077116
1.3039999999999998 0.004910534456963662
1.305 0.004903699754191377
1.3059999999999998 0.004896874604339253
1.307 0.004890058990126062
1.3079999999999998 0.004883252894297688
1.309 0.00487645629940034
1.3099999999999998 0.004869669188226811
1.311 0.0048628915435521575
1.3119999999999998 0.004856123347843587
1.313 0.004849364583885835
1.3139999999999998 0.004842615234457789
1.315 0.004835875282134427
1.3159999999999998 0.0048291447095429735
1.317 0.00482242349948729
1.3179999999999998 0.004815711634629072
1.319 0.004809009097583291
1.3199999999999998 0.004802315870921944
1.321 0.004795631937646147
1.3219999999999998 0.004788957280064617
1.323 0.004782291881121809
1.3239999999999998 0.00477563572328513
1.325 0.004768988789227404
1.3259999999999998 0.004762351061876684
1.327 0.004755722523638355
1.3279999999999998 0.004749103157185232
1.329 0.0047424929453255965
1.3299999999999998 0.004735891870576538
1.331 0.00472929991572693
1.3319999999999999 0.004722717063307913
1.333 0.004716143295981489
1.3339999999999999 0.0047095805055768205
1.335 0.004703030539139212
1.3359999999999999 0.00469648986314472
1.337 0.0046899583699787735
1.3379999999999999 0.004683436044026833
1.339 0.004676922869433013
1.3399999999999999 0.004670418830427182
1.341 0.004663923911196481
1.3419999999999999 0.00465743809598873
1.343 0.004650961369199709
1.3439999999999999 0.004644493714768632
1.345 0.0046380351171092194
1.3459999999999999 0.004631585560435425
1.347 0.004625145028897949
1.3479999999999999 0.00461871350669988
1.349 0.004612290978134074
1.3499999999999999 0.004605877427343469
1.351 0.00459947283865145
1.3519999999999999 0.004593077196111492
1.353 0.004586690484090084
1.3539999999999999 0.004580312686716865
1.355 0.004573943788202815
1.3559999999999999 0.0045675837727783735
1.357 0.004561232624706046
1.3579999999999999 0.004554890328019397
1.359 0.00454855686715615
1.3599999999999999 0.004542232226085612
1.361 0.004535916389238873
1.3619999999999999 0.004529609340545626
1.363 0.004523311064467543
1.3639999999999999 0.004517021545130566
1.365 0.004510740766567857
1.3659999999999999 0.00450446871328766
1.367 0.004498205369167701
1.3679999999999999 0.004491950718593824
1.369 0.004485704745602801
1.3699999999999999 0.004479467434731149
1.371 0.004473238769624376
1.3719999999999999 0.004467018735002686
1.373 0.004460807314799093
1.3739999999999999 0.004454604493098317
1.375 0.004448410254290114
1.376 0.004442224582473691
1.377 0.004436047461949432
1.378 0.0044298788766197915
1.379 0.004423718810977261
1.38 0.004417567248963402
1.381 0.004411424174869737
1.382 0.004405289572991416
1.383 0.004399163427228777
1.384 0.004393045722019295
1.385 0.004386936441352254
1.386 0.004380835569385596
1.387 0.004374743090523973
1.388 0.0043686589887868875
1.389 0.004362583248258039
1.39 0.004356515853293716
1.391 0.004350456787909374
1.392 0.0043444060362604125
1.393 0.00433836358267872
1.394 0.004332329411230423
1.395 0.004326303506042299
1.396 0.004320285851282174
1.397 0.004314276431206526
1.398 0.004308275229877818
1.399 0.0043022822314302675
1.4 0.004296297420147343
1.401 0.0042903207800621115
1.402 0.004284352295443201
1.403 0.004278391950321478
1.404 0.004272439728971842
1.405 0.004266495615497367
1.406 0.004260559593967916
1.407 0.004254631648538472
1.408 0.004248711763652948
1.409 0.004242799923038095
1.41 0.004236896111028319
1.411 0.004231000311923068
1.412 0.004225112509550877
1.4129999999999998 0.004219232688358303
1.414 0.004213360832260235
1.4149999999999998 0.00420749692551138
1.416 0.004201640952198729
1.4169999999999998 0.004195792896587574
1.418 0.004189952742609775
1.4189999999999998 0.0041841204745572715
1.42 0.004178296076571166
1.4209999999999998 0.004172479532614152
1.422 0.004166670827094051
1.4229999999999998 0.004160869943876831
1.424 0.0041550768673098756
1.4249999999999998 0.0041492915812570905
1.426 0.004143514070237948
1.4269999999999998 0.004137744317940139
1.428 0.004131982308922493
1.4289999999999998 0.004126228026961982
1.43 0.0041204814562882
1.4309999999999998 0.00411474258118076
1.432 0.0041090113855739106
1.4329999999999998 0.004103287853616727
1.434 0.004097571969588856
1.4349999999999998 0.004091863717447167
1.436 0.004086163081274855
1.4369999999999998 0.004080470605197455
1.438 0.004074797129944592
1.4389999999999998 0.004069136085710034
1.44 0.0040634830728943075
1.4409999999999998 0.004057838079960102
1.442 0.0040522010956165165
1.4429999999999998 0.004046572108693082
1.444 0.004040951107644259
1.4449999999999998 0.0040353380812648484
1.446 0.004029733018206177
1.4469999999999998 0.004024135906979737
1.448 0.004018546736487899
1.4489999999999998 0.004012965495219162
1.45 0.004007392171883929
1.4509999999999998 0.00400182675513467
1.452 0.003996269233671521
1.4529999999999998 0.003990719596070825
1.454 0.003985177831068136
1.4549999999999998 0.0039796439272338025
1.456 0.003974117873351552
1.4569999999999999 0.0039685996579485626
1.458 0.003963089269678258
1.4589999999999999 0.0039575866973061945
1.46 0.003952091929451116
1.4609999999999999 0.003946604954641003
1.462 0.003941125761678782
1.4629999999999999 0.003935654339066297
1.464 0.003930190675550547
1.4649999999999999 0.003924734759834606
1.466 0.003919286580399217
1.4669999999999999 0.003913846126040287
1.468 0.0039084133852538665
1.4689999999999999 0.0039029883468756133
1.47 0.0038975709993127427
1.4709999999999999 0.00389216133144067
1.472 0.0038867593317435346
1.4729999999999999 0.0038813649889750186
1.474 0.0038759782916590107
1.4749999999999999 0.00387059922839881
1.476 0.0038652277880183244
1.4769999999999999 0.003859863959040577
1.478 0.0038545077301847855
1.4789999999999999 0.003849159089876658
1.48 0.003843818026916629
1.4809999999999999 0.003838484530010328
1.482 0.0038331585875634334
1.4829999999999999 0.0038278401883542978
1.484 0.0038225293210142853
1.4849999999999999 0.0038172259742171124
1.486 0.0038119301364724395
1.4869999999999999 0.003806641796365218
1.488 0.003801360942800838
1.4889999999999999 0.0037960875640524255
1.49 0.003790821649052388
1.4909999999999999 0.003785563186163669
1.492 0.003780312164275614
1.4929999999999999 0.00377506857173677
1.494 0.0037698323974062263
1.4949999999999999 0.0037646036297138328
1.496 0.003759382257429919
1.4969999999999999 0.0037541682691771684
1.498 0.0037489616534598165
1.4989999999999999 0.00374376239885326
1.5 0.003738570494170356
1.501 0.0037333859279563035
1.502 0.003728208688777972
1.503 0.003723038765257625
1.504 0.003717876145927654
1.505 0.0037127208197189816
1.506 0.003707572774847952
1.507 0.0037024320002024967
1.508 0.003697298484237534
1.509 0.0036921722156450483
1.51 0.0036870531830728213
1.511 0.003681941374925442
1.512 0.003676836780172184
1.513 0.0036717393869473585
1.514 0.0036666491843344953
1.515 0.0036615661606150753
1.516 0.0036564903044822746
1.517 0.003651421604609168
1.518 0.0036463600495630585
1.519 0.003641305627883962
1.52 0.0036362583282692237
1.521 0.0036312181392488046
1.522 0.0036261850494284363
1.523 0.003621159047522444
1.524 0.003616140121899196
1.525 0.0036111282613830458
1.526 0.003606123454539563
1.527 0.0036011256897241803
1.528 0.003596134955898376
1.529 0.0035911512413660945
1.53 0.0035861745349343777
1.531 0.0035812048250257853
1.532 0.003576242100441601
1.533 0.003571286349334186
1.534 0.003566337560933638
1.535 0.0035613957233408397
1.536 0.003556460825246945
1.537 0.003551532855504737
1.538 0.0035466118023064555
1.539 0.00354169765452919
1.54 0.003536790400591019
1.541 0.0035318892509061204
1.5419999999999998 0.0035269927105328735
1.543 0.0035221028034611848
1.5439999999999998 0.0035172196526468682
1.545 0.003512343245690838
1.5459999999999998 0.0035074735701956235
1.547 0.003502610614190959
1.5479999999999998 0.0034977543650092082
1.549 0.0034929048105628783
1.5499999999999998 0.003488061938613187
1.551 0.003483225736789583
1.5519999999999998 0.0034783961927317875
1.553 0.003473573294242249
1.5539999999999998 0.0034687570290336095
1.555 0.0034639473847324622
1.5559999999999998 0.003459144349100102
1.557 0.0034543479097660017
1.5579999999999998 0.0034495580546801746
1.559 0.0034447747711233334
1.5599999999999998 0.0034399980472342084
1.561 0.0034352278703707333
1.5619999999999998 0.003430464228405834
1.563 0.0034257071090762568
1.5639999999999998 0.003420956499897603
1.565 0.0034162123887796817
1.5659999999999998 0.003411474763302446
1.567 0.00340674361117992
1.5679999999999998 0.0034020189201021712
1.569 0.0033973006777204447
1.5699999999999998 0.003392588871867787
1.571 0.0033878834901483103
1.5719999999999998 0.0033831845202208313
1.573 0.0033784919497823586
1.5739999999999998 0.0033738057666147588
1.575 0.0033691259583479866
1.5759999999999998 0.0033644525127038837
1.577 0.0033597854172825116
1.5779999999999998 0.003355124659887315
1.579 0.003350470228099786
1.5799999999999998 0.0033458221097392798
1.581 0.0033411802923816467
1.5819999999999999 0.003336544763766308
1.583 0.003331915511583564
1.5839999999999999 0.00332729252344282
1.585 0.00332267578713323
1.5859999999999999 0.0033180652902542766
1.587 0.0033134610205065567
1.5879999999999999 0.0033088629656584357
1.589 0.0033042711133176466
1.5899999999999999 0.003299685451144115
1.591 0.003295105966827206
1.5919999999999999 0.0032905326481240896
1.593 0.0032859654826156866
1.5939999999999999 0.003281404458020735
1.595 0.0032768495620389606
1.5959999999999999 0.0032723007823835183
1.597 0.003267758106516986
1.5979999999999999 0.003263221522461426
1.599 0.003258691017571002
1.5999999999999999 0.003254166579779262
1.601 0.0032496481965177248
1.6019999999999999 0.0032451358556072267
1.603 0.003240629544751052
1.6039999999999999 0.003236129251528601
1.605 0.0032316349636375835
1.6059999999999999 0.003227146668752062
1.607 0.0032226643545512188
1.6079999999999999 0.0032181880087623193
1.609 0.0032137176189302413
1.6099999999999999 0.003209253172826821
1.611 0.003204794658078641
1.6119999999999999 0.0032003420623319028
1.613 0.0031958953732949013
1.6139999999999999 0.0031914545786454556
1.615 0.0031870196659835055
1.6159999999999999 0.003182590623022817
1.617 0.00317816743742776
1.6179999999999999 0.0031737500968365977
1.619 0.003169338588929789
1.6199999999999999 0.0031649329013685775
1.621 0.0031605330218693645
1.6219999999999999 0.0031561389379436075
1.623 0.0031517506374551013
1.6239999999999999 0.0031473681078441522
1.625 0.0031429913369733597
1.626 0.003138620312430448
1.627 0.0031342550217623288
1.628 0.0031298954527214616
1.629 0.0031255415930523003
1.63 0.0031211934302987567
1.631 0.003116850952125483
1.632 0.0031125141462083256
1.633 0.0031081830001891088
1.634 0.003103857501639753
1.635 0.003099537638519742
1.636 0.0030952233981466526
1.637 0.003090914768288744
1.638 0.0030866117365899504
1.639 0.0030823142907628947
1.64 0.0030780224184460466
1.641 0.0030737361071410106
1.642 0.0030694553446949948
1.643 0.003065180118691418
1.644 0.00306091061248177
1.645 0.0030566579799622133
1.646 0.0030524178363788754
1.647 0.003048183708165304
1.648 0.0030439555879875125
1.649 0.0030397334688179326
1.65 0.003035517342858548
1.651 0.003031307203163776
1.652 0.003027103042236129
1.653 0.0030229048527118064
1.654 0.0030187126273610453
1.655 0.0030145263588933664
1.656 0.0030103460397678996
1.657 0.003006171662966222
1.658 0.003002003220872235
1.659 0.002997840706304971
1.66 0.002993684111883265
1.661 0.0029895334303552575
1.662 0.0029853886542428537
1.663 0.0029812497763805563
1.664 0.0029771167893481963
1.665 0.0029729896856715726
1.666 0.002968868458335743
1.667 0.0029647530997541443
1.668 0.002960643602707837
1.669 0.0029565399598080544
1.67 0.0029524421637198315
1.6709999999999998 0.0029483502071622676
1.672 0.0029442640827662737
1.6729999999999998 0.002940183783173129
1.674 0.002936109301004786
1.6749999999999998 0.002932040629117739
1.676 0.002927977759949684
1.6769999999999998 0.002923920686212008
1.678 0.0029198694007018227
1.6789999999999998 0.0029158238958763463
1.68 0.0029117841645535237
1.6809999999999998 0.0029077501994125062
1.682 0.0029037219929427785
1.6829999999999998 0.002899699537931678
1.684 0.0028956828270819044
1.6849999999999998 0.002891671852749649
1.686 0.002887666608080025
1.6869999999999998 0.0028836670853366617
1.688 0.00287967327728806
1.6889999999999998 0.0028756851766797396
1.69 0.0028717027760651985
1.6909999999999998 0.0028677260681519443
1.692 0.0028637550455581544
1.6929999999999998 0.0028597897008790546
1.694 0.0028558300269678157
1.6949999999999998 0.0028518760163030355
1.696 0.0028479276616081776
1.6969999999999998 0.002843984955457025
1.698 0.0028400478906333666
1.6989999999999998 0.0028361164596030783
1.7 0.0028321906552691914
1.7009999999999998 0.002828270470083658
1.702 0.0028243558967673277
1.7029999999999998 0.002820446927873985
1.704 0.002816543556219675
1.7049999999999998 0.0028126457744185244
1.706 0.002808753574979935
1.7069999999999999 0.002804866950641665
1.708 0.0028009858941721926
1.7089999999999999 0.0027971103979655175
1.71 0.002793240454867895
1.7109999999999999 0.0027893760574253753
1.712 0.002785517198358886
1.7129999999999999 0.002781663870272585
1.714 0.0027778160658319746
1.7149999999999999 0.0027739737776032542
1.716 0.002770136998329708
1.7169999999999999 0.002766305720659701
1.718 0.002762479937136933
1.7189999999999999 0.0027586596404417163
1.72 0.00275484482328726
1.7209999999999999 0.0027510354782613405
1.722 0.002747231598010807
1.7229999999999999 0.0027434331751510204
1.724 0.002739640202402265
1.7249999999999999 0.002735852672322295
1.726 0.002732070577492987
1.7269999999999999 0.002728293910785792
1.728 0.0027245226646376163
1.7289999999999999 0.002720756831753123
1.73 0.0027169964047627842
1.7309999999999999 0.002713241376304944
1.732 0.0027094917389502917
1.7329999999999999 0.0027057474855067347
1.734 0.0027020086085441544
1.7349999999999999 0.002698275100509298
1.736 0.0026945469542944828
1.7369999999999999 0.002690824162452687
1.738 0.0026871067175325346
1.7389999999999999 0.0026833946123089843
1.74 0.0026796878393058523
1.7409999999999999 0.002675986391172819
1.742 0.002672290260627289
1.7429999999999999 0.002668599440239538
1.744 0.0026649139226104326
1.7449999999999999 0.0026612337003880963
1.746 0.002657558766279618
1.7469999999999999 0.0026538891128799675
1.748 0.0026502235919030454
1.7489999999999999 0.0026465583993802847
1.75 0.0026428977304171542
1.751 0.0026392421203277555
1.752 0.0026355915595711573
1.753 0.0026319460391975988
1.754 0.0026283055500082087
1.755 0.0026246700827598033
1.756 0.0026210396282351895
1.757 0.0026174141772733915
1.758 0.0026137937206192796
1.759 0.0026101782491897156
1.76 0.0026065677537702643
1.761 0.002602962224953737
1.762 0.002599361653811034
1.763 0.0025957660310040546
1.764 0.0025921753473713977
1.765 0.002588589593652809
1.766 0.0025850087608389654
1.767 0.0025814328394788413
1.768 0.002577861820483697
1.769 0.0025742956947861044
1.77 0.0025707344529121664
1.771 0.002567178085867931
1.772 0.0025636265844189827
1.773 0.0025600799392429467
1.774 0.0025565381412837973
1.775 0.002553001181288259
1.776 0.0025494690500662523
1.777 0.0025459417382982623
1.778 0.0025424192369922004
1.779 0.0025389015367535558
1.78 0.0025353886284976922
1.781 0.0025318805029079733
1.782 0.002528377150907771
1.783 0.002524878563221209
1.784 0.0025213847306092604
1.785 0.0025178956439437863
1.786 0.0025144112939522695
1.787 0.002510931671440367
1.788 0.0025074567672745155
1.789 0.00250398657210238
1.79 0.0025005210768770524
1.791 0.0024970602722454655
1.792 0.002493604149081342
1.793 0.002490152698137852
1.794 0.0024867059102967565
1.795 0.002483263776236264
1.796 0.002479826286754381
1.797 0.002476393432673226
1.7979999999999998 0.0024729652048513396
1.799 0.0024695415938687506
1.7999999999999998 0.0024661225907207703
1.801 0.0024627081861708544
1.8019999999999998 0.0024592983709230353
1.803 0.002455893135777161
1.8039999999999998 0.0024524924715327526
1.805 0.002449096369049995
1.8059999999999998 0.0024457048188918197
1.807 0.0024423178120881314
1.8079999999999998 0.0024389353394282534
1.809 0.002435557391511125
1.8099999999999998 0.002432183959273834
1.811 0.0024288150332906805
1.8119999999999998 0.0024254506046509166
1.813 0.0024220906638778342
1.8139999999999998 0.0024187352019945534
1.815 0.002415384209473359
1.8159999999999998 0.0024120376773869878
1.817 0.002408695596359885
1.8179999999999998 0.0024053579572238235
1.819 0.0024020247506855758
1.8199999999999998 0.0023986959676548627
1.821 0.002395371598916393
1.8219999999999998 0.002392051635018786
1.823 0.0023887360669907418
1.8239999999999998 0.002385424885578976
1.825 0.0023821180813724534
1.8259999999999998 0.0023788156453858136
1.827 0.0023755175682249412
1.8279999999999998 0.0023722238408862054
1.829 0.0023689344537892467
1.8299999999999998 0.0023656493980455085
1.831 0.002362368664305442
1.8319999999999999 0.0023590922433785206
1.833 0.002355820125896919
1.8339999999999999 0.0023525523029097367
1.835 0.0023492887648629184
1.8359999999999999 0.0023460295028376182
1.837 0.002342774507464679
1.8379999999999999 0.0023395237694119647
1.839 0.00233627727969399
1.8399999999999999 0.0023330350288861307
1.841 0.00232979700786701
1.8419999999999999 0.0023265632074057265
1.843 0.0023233336182380804
1.8439999999999999 0.0023201082310759257
1.845 0.0023168870369318136
1.8459999999999999 0.0023136700261892303
1.847 0.002310457189984631
1.8479999999999999 0.0023072485188996407
1.849 0.002304044003788261
1.8499999999999999 0.002300843635425852
1.851 0.0022976474121603717
1.8519999999999999 0.0022944629822279823
1.853 0.0022912896955693753
1.8539999999999999 0.0022881209383459797
1.855 0.00228495670512044
1.8559999999999999 0.002281796990890136
1.857 0.0022786417903417236
1.8579999999999999 0.002275491098227346
1.859 0.0022723449092004197
1.8599999999999999 0.0022692032182069235
1.861 0.0022660660199412546
1.8619999999999999 0.002262933309062638
1.863 0.0022598050805140517
1.8639999999999999 0.0022566813289957156
1.865 0.0022535620491223292
1.8659999999999999 0.0022504472358798153
1.867 0.002247336883947733
1.8679999999999999 0.002244230988047317
1.869 0.0022411295428620102
1.8699999999999999 0.0022380325433722825
1.871 0.002234939984162969
1.8719999999999999 0.0022318518601592606
1.873 0.0022287681658951174
1.8739999999999999 0.002225688896289009
1.875 0.0022226140460139747
1.876 0.0022195436100206642
1.877 0.002216477582754541
1.878 0.0022134159592770647
1.879 0.002210358734157747
1.88 0.00220730590221724
1.881 0.0022042574581906294
1.882 0.002201213396967859
1.883 0.0021981737130847222
1.884 0.0021951384014439104
1.885 0.002192107456674354
1.886 0.002189080873820484
1.887 0.0021860586473490457
1.888 0.0021830407720133107
1.889 0.0021800272428475925
1.89 0.0021770180542901524
1.891 0.002174013201394227
1.892 0.0021710126786152638
1.893 0.0021680164808487367
1.894 0.0021650246029710145
1.895 0.0021620370395298697
1.896 0.0021590537853684996
1.897 0.0021560748352983283
1.898 0.0021531001839632828
1.899 0.0021501298262335024
1.9 0.002147163756697643
1.901 0.0021442019702907103
1.902 0.0021412444617846704
1.903 0.0021382912255963147
1.904 0.0021353422568814325
1.905 0.0021323975502135807
1.906 0.0021294571003178248
1.907 0.002126520902020816
1.908 0.0021235889500532796
1.909 0.002120661239069143
1.91 0.0021177377640301206
1.911 0.0021148185194695026
1.912 0.0021119035002654762
1.913 0.002108992701112538
1.914 0.002106086116855726
1.915 0.002103183742055628
1.916 0.0021002855717273507
1.917 0.002097391600306421
1.918 0.00209450182284901
1.919 0.0020916162339103296
1.92 0.0020887348281900414
1.921 0.0020858576007517634
1.922 0.002082984545943078
1.923 0.002080115658748504
1.924 0.0020772509339874027
1.9249999999999998 0.0020743903661331066
1.926 0.0020715339501556837
1.9269999999999998 0.0020686816806967092
1.928 0.0020658335525972323
1.9289999999999998 0.0020629895605028055
1.93 0.002060149699262874
1.9309999999999998 0.00205731396354192
1.932 0.0020544823480034284
1.9329999999999998 0.002051654847625952
1.934 0.002048831457039849
1.9349999999999998 0.0020460121709413755
1.936 0.002043196984071731
1.9369999999999998 0.002040385891251318
1.938 0.002037578887183783
1.9389999999999998 0.0020347759666846533
1.94 0.002031977124387362
1.9409999999999998 0.0020291823550194973
1.942 0.002026391653524128
1.9429999999999998 0.0020236050144013824
1.944 0.0020208224325523497
1.9449999999999998 0.0020180439027541416
1.946 0.002015269419514254
1.9469999999999998 0.0020124989777577543
1.948 0.0020097325723150827
1.9489999999999998 0.0020069701976390946
1.95 0.0020042118487868083
1.9509999999999998 0.002001457520302584
1.952 0.00199870720704421
1.9529999999999998 0.0019959609036165026
1.954 0.0019932186048945556
1.9549999999999998 0.001990479103369962
1.956 0.0019877355219054212
1.9569999999999999 0.001984994173467103
1.958 0.0019822564961934595
1.9589999999999999 0.0019795224820949547
1.96 0.0019767921226720173
1.9609999999999999 0.001974065410063674
1.962 0.0019713423357654307
1.9629999999999999 0.001968622891555346
1.964 0.001965907069409099
1.9649999999999999 0.0019631948610256468
1.966 0.001960486257982599
1.9669999999999999 0.001957781252297402
1.968 0.0019550798357786375
1.9689999999999999 0.0019523819998928753
1.97 0.0019496877368042733
1.9709999999999999 0.0019469970380115928
1.972 0.0019443098953031315
1.9729999999999999 0.0019416263006771805
1.974 0.0019389462457138885
1.9749999999999999 0.0019362697221514257
1.976 0.0019335967219581808
1.9769999999999999 0.0019309272367932372
1.978 0.0019282612583099963
1.9789999999999999 0.0019255987784771637
1.98 0.0019229397890767306
1.9809999999999999 0.0019202842817446545
1.982 0.001917632248243148
1.9829999999999999 0.0019149836805133487
1.984 0.0019123385702294947
1.9849999999999999 0.0019096969089939916
1.986 0.0019070586890221452
1.9869999999999999 0.0019044239016013935
1.988 0.0019017925388679583
1.9889999999999999 0.001899164592274984
1.99 0.0018965400539493506
1.9909999999999999 0.0018939189152606844
1.992 0.0018913011683027697
1.9929999999999999 0.0018886868047682075
1.994 0.0018860758163349507
1.9949999999999999 0.0018834681948375674
1.996 0.001880863932093036
1.9969999999999999 0.0018782630197455884
1.998 0.001875665449616204
