0.0 0.0
0.01 4.1544360860540364e-05
0.02 9.297098853758984e-05
0.03 0.00010732685946867639
0.04 8.51047129109923e-05
0.05 4.5449090774279076e-05
0.06 1.0944774241660078e-05
0.07 5.803759640336933e-07
0.08 2.7316806525784845e-05
0.09 9.802447069989437e-05
0.1 0.00021446932831740637
0.11 0.00037462086671415096
0.12 0.000573917213239173
0.13 0.0008063313527584444
0.14 0.0010651949795481078
0.15 0.0013437918998363066
0.16 0.0016357560348226538
0.17 0.0019353151002945782
0.18 0.0022374187580257374
0.19 0.0025377843288900345
0.2 0.0028328865891195307
0.21 0.0031199119744857173
0.22 0.0033966921998474023
0.23 0.003661627991774448
0.24 0.0039136102753108
0.25 0.0041519436225073425
0.26 0.0043762749103999285
0.27 0.004586528807247164
0.28 0.004782850784116638
0.29 0.004965557732092334
0.3 0.00513509587197198
0.31 0.005292005410130543
0.32 0.005436891273202266
0.33 0.005570399209547064
0.34 0.0056931965508615345
0.35000000000000003 0.0058059569638779784
0.36 0.005909348576505193
0.37 0.006004024925831464
0.38 0.006090618240925966
0.39 0.0061697346374139095
0.4 0.006241950860916459
0.41000000000000003 0.006307812271330482
0.42 0.006367831808986743
0.43 0.00642248972687913
0.44 0.006472233910602115
0.45 0.0065174806397751
0.46 0.0065586156720671696
0.47000000000000003 0.006595995553972528
0.48 0.0066299490817718215
0.49 0.006660778852137422
0.5 0.006688762855068045
0.51 0.006714156072691074
0.52 0.0067371920563086135
0.53 0.006758084461215466
0.54 0.006777028524578205
0.55 0.0067942024762445985
0.56 0.0068097688759748
0.5700000000000001 0.006823875873440743
0.58 0.0068366583895127925
0.59 0.0068482392190527125
0.6 0.006858730056659643
0.61 0.006868232447752781
0.62 0.006876838668010213
0.63 0.0068846325346140075
0.64 0.006891690153027763
0.65 0.006898080603162535
0.66 0.006903866568827133
0.67 0.006909104914319716
0.68 0.006913847211931057
0.6900000000000001 0.006918140223986055
0.7000000000000001 0.006922026342905285
0.71 0.006925543992572364
0.72 0.006928727994125736
0.73 0.006931609899079871
0.74 0.006934218292504277
0.75 0.006936579068791554
0.76 0.006938715682359153
0.77 0.006940649375467095
0.78 0.006942399385140283
0.79 0.006943983131056097
0.8 0.006945416386077777
0.81 0.00694671343100052
0.8200000000000001 0.006947887194923022
0.8300000000000001 0.0069489493825583976
0.84 0.006949910589664085
0.85 0.006950780407689011
0.86 0.006951567518616933
0.87 0.006952279780921111
0.88 0.006952924307442626
0.89 0.006953507535949741
0.9 0.006954035293051483
0.91 0.0069545128520893396
0.92 0.006954944985570866
0.93 0.006955336012649194
0.9400000000000001 0.006955689842118584
0.9500000000000001 0.006956010011346159
0.96 0.00695629972151815
0.97 0.006956561869552291
0.98 0.006956799076986042
0.99 0.006957013716128405
1.0 0.006957207933733972
1.01 0.006957383672429429
1.02 0.006957542690110299
1.03 0.006957686577496278
1.04 0.006957816774019215
1.05 0.006957934582205477
1.06 0.006958041180688532
1.07 0.006958137635990666
1.08 0.006958224913180419
1.09 0.006958303885521544
1.1 0.006958375343202691
1.11 0.006958440001238395
1.12 0.006958498506618685
1.1300000000000001 0.006958551444778402
1.1400000000000001 0.006958599345454425
1.1500000000000001 0.006958642687981256
1.16 0.006958681906087824
1.17 0.006958717392233929
1.18 0.006958749501538436
1.19 0.0069587785553298365
1.2 0.006958804844362135
1.21 0.006958828631723243
1.22 0.006958850155467711
1.23 0.006958869630998218
1.24 0.006958887253220275
1.25 0.006958903198494071
1.26 0.006958917626396707
1.27 0.006958930681321432
1.28 0.006958942493920803
1.29 0.006958953182414948
1.3 0.006958962853774703
1.31 0.006958971604791045
1.32 0.0069589795230448614
1.33 0.006958986687782581
1.34 0.006958993170710262
1.35 0.006958999036709226
1.36 0.006959004344487721
1.37 0.006959009147166809
1.3800000000000001 0.006959013492812749
1.3900000000000001 0.0069590174249173214
1.4000000000000001 0.006959020982834047
1.41 0.006959024202171454
1.42 0.006959027115149091
1.43 0.0069590297509212334
1.44 0.00695903213586678
1.45 0.006959034293855512
1.46 0.006959036246485056
1.47 0.006959038013297211
1.48 0.006959039611975776
1.49 0.0069590410585197715
1.5 0.006959042367407256
1.51 0.006959043551737598
1.52 0.006959044623364483
1.53 0.006959045593012345
1.54 0.00695904647038631
1.55 0.006959047264266882
1.56 0.006959047982600233
1.57 0.006959048632574849
1.58 0.0069590492206964005
1.59 0.00695904975285086
1.6 0.006959050234363995
1.61 0.006959050670055103
1.62 0.006959051064284752
1.6300000000000001 0.006959051420998619
1.6400000000000001 0.006959051743766473
1.6500000000000001 0.0069590520358191466
1.6600000000000001 0.006959052300079108
1.67 0.006959052539191615
1.68 0.006959052755549519
1.69 0.006959052951318198
1.7 0.0069590531284571405
1.71 0.006959053288739067
1.72 0.006959053433767973
1.73 0.0069590535649957375
1.74 0.006959053683735519
1.75 0.006959053791175618
1.76 0.006959053888391548
1.77 0.006959053976355947
1.78 0.006959054055949709
1.79 0.006959054127969072
1.8 0.006959054193134917
1.81 0.006959054252099042
1.82 0.006959054305452267
1.83 0.006959054353728317
1.84 0.006959054397410264
1.85 0.006959054436935286
1.86 0.006959054472698942
1.87 0.006959054505059195
1.8800000000000001 0.00695905453434012
1.8900000000000001 0.006959054560834663
1.9000000000000001 0.006959054584807944
1.9100000000000001 0.006959054606499482
1.92 0.006959054626126948
1.93 0.006959054643886992
1.94 0.00695905465995654
1.95 0.006959054674496992
1.96 0.006959054687653843
1.97 0.006959054699558279
1.98 0.006959054710330204
1.99 0.006959054720077157
2.0 0.006959054728896227
2.0100000000000002 0.0069590547368760525
2.02 0.006959054744096679
2.0300000000000002 0.0069590547506300365
2.04 0.006959054756541766
2.05 0.006959054761890987
2.06 0.006959054766731199
2.07 0.006959054771110737
2.08 0.006959054775073151
2.09 0.006959054778658921
2.1 0.00695905478190352
2.11 0.00695905478483913
2.12 0.006959054787495214
2.13 0.0069590547898989025
2.14 0.006959054792073788
2.15 0.006959054794041616
2.16 0.0069590547958221505
2.17 0.00695905479743314
2.18 0.006959054798891251
2.19 0.006959054800210293
2.2 0.006959054801403644
2.21 0.006959054802483669
2.22 0.0069590548034607624
2.23 0.006959054804344944
2.24 0.0069590548051451095
2.25 0.006959054805868961
2.2600000000000002 0.00695905480652409
2.27 0.006959054807116671
2.2800000000000002 0.006959054807653228
2.29 0.006959054808138354
2.3000000000000003 0.006959054808577295
2.31 0.006959054808974671
2.32 0.006959054809334106
2.33 0.006959054809659443
2.34 0.006959054809953874
2.35 0.006959054810220147
2.36 0.006959054810461038
2.37 0.006959054810679252
2.38 0.0069590548108762335
2.39 0.006959054811055049
2.4 0.006959054811216517
2.41 0.006959054811362803
2.42 0.006959054811494961
2.43 0.006959054811614421
2.44 0.006959054811722765
2.45 0.006959054811820742
2.46 0.006959054811909365
2.47 0.006959054811989579
2.48 0.006959054812062326
2.49 0.006959054812127871
2.5 0.006959054812187379
2.5100000000000002 0.006959054812241114
2.52 0.006959054812289686
2.5300000000000002 0.006959054812333665
2.54 0.006959054812373813
2.5500000000000003 0.006959054812409604
2.56 0.006959054812442106
2.57 0.006959054812471943
2.58 0.006959054812498339
2.59 0.0069590548125226664
2.6 0.006959054812544427
2.61 0.006959054812564314
2.62 0.006959054812581994
2.63 0.006959054812598342
2.64 0.00695905481261308
2.65 0.00695905481262632
2.66 0.00695905481263831
2.67 0.006959054812649232
2.68 0.006959054812659016
2.69 0.0069590548126678975
2.7 0.006959054812675877
2.71 0.006959054812683163
2.72 0.006959054812689741
2.73 0.006959054812695764
2.74 0.006959054812701107
2.75 0.0069590548127061586
2.7600000000000002 0.0069590548127102525
2.77 0.00695905481271443
2.7800000000000002 0.006959054812718163
2.79 0.006959054812721258
2.8000000000000003 0.0069590548127242
2.81 0.0069590548127269475
2.82 0.006959054812729515
2.83 0.0069590548127314855
2.84 0.0069590548127335256
2.85 0.006959054812735399
2.86 0.006959054812736898
2.87 0.006959054812738508
2.88 0.006959054812739743
2.89 0.006959054812740714
2.9 0.006959054812742144
2.91 0.006959054812742935
2.92 0.006959054812743906
2.93 0.006959054812744531
2.94 0.0069590548127453355
2.95 0.006959054812746127
2.96 0.006959054812746668
2.97 0.006959054812747209
2.98 0.006959054812747653
2.99 0.0069590548127481805
3.0 0.006959054812748347
3.0100000000000002 0.006959054812748888
3.02 0.006959054812749416
3.0300000000000002 0.0069590548127494295
3.04 0.0069590548127497764
3.0500000000000003 0.00695905481275004
3.06 0.006959054812750137
3.0700000000000003 0.006959054812750401
3.08 0.0069590548127505675
3.09 0.006959054812750748
3.1 0.0069590548127510254
3.11 0.006959054812751109
3.12 0.006959054812751206
3.13 0.006959054812751372
3.14 0.006959054812751275
3.15 0.006959054812751636
3.16 0.006959054812751636
3.17 0.006959054812751553
3.18 0.006959054812751733
3.19 0.0069590548127518165
3.2 0.006959054812751914
3.21 0.0069590548127518165
3.22 0.0069590548127518165
3.23 0.006959054812751997
3.24 0.00695905481275208
3.25 0.006959054812751997
3.2600000000000002 0.0069590548127522606
3.27 0.0069590548127522606
3.2800000000000002 0.006959054812752177
3.29 0.006959054812752011
3.3000000000000003 0.006959054812752094
3.31 0.006959054812752094
3.3200000000000003 0.006959054812752177
3.33 0.006959054812752177
3.34 0.006959054812752177
3.35 0.006959054812752177
3.36 0.0069590548127522744
3.37 0.0069590548127522744
3.38 0.006959054812752441
3.39 0.0069590548127522744
3.4 0.006959054812752441
3.41 0.006959054812752344
3.42 0.006959054812752441
3.43 0.006959054812752344
3.44 0.006959054812752344
3.45 0.006959054812752344
3.46 0.0069590548127522606
3.47 0.0069590548127522606
3.48 0.006959054812752344
3.49 0.0069590548127522606
3.5 0.0069590548127522606
3.5100000000000002 0.0069590548127522606
3.52 0.0069590548127522606
3.5300000000000002 0.0069590548127522606
3.54 0.006959054812752441
3.5500000000000003 0.006959054812752441
3.56 0.006959054812752441
3.5700000000000003 0.006959054812752441
3.58 0.006959054812752441
3.59 0.006959054812752441
3.6 0.006959054812752441
3.61 0.006959054812752441
3.62 0.006959054812752441
3.63 0.006959054812752441
3.64 0.006959054812752441
3.65 0.006959054812752441
3.66 0.006959054812752441
3.67 0.006959054812752441
3.68 0.006959054812752441
3.69 0.006959054812752441
3.7 0.006959054812752441
3.71 0.006959054812752441
3.72 0.006959054812752441
3.73 0.006959054812752441
3.74 0.006959054812752441
3.75 0.006959054812752441
3.7600000000000002 0.006959054812752441
3.77 0.006959054812752441
3.7800000000000002 0.006959054812752441
3.79 0.006959054812752441
3.8000000000000003 0.006959054812752441
3.81 0.006959054812752441
3.8200000000000003 0.006959054812752441
3.83 0.006959054812752441
3.84 0.006959054812752441
3.85 0.006959054812752441
3.86 0.006959054812752441
3.87 0.006959054812752441
3.88 0.006959054812752441
3.89 0.006959054812752441
3.9 0.006959054812752441
3.91 0.006959054812752441
3.92 0.006959054812752441
3.93 0.006959054812752441
3.94 0.006959054812752441
3.95 0.006959054812752441
3.96 0.006959054812752441
3.97 0.006959054812752441
3.98 0.006959054812752441
3.99 0.006959054812752441
4.0 0.006959054812752441
4.01 0.006959054812752441
4.0200000000000005 0.006959054812752441
4.03 0.006959054812752441
4.04 0.006959054812752441
4.05 0.006959054812752441
4.0600000000000005 0.006959054812752441
4.07 0.006959054812752441
4.08 0.006959054812752441
4.09 0.006959054812752441
4.1 0.006959054812752441
4.11 0.006959054812752441
4.12 0.006959054812752441
4.13 0.006959054812752441
4.14 0.006959054812752441
4.15 0.006959054812752441
4.16 0.006959054812752441
4.17 0.006959054812752441
4.18 0.006959054812752441
4.19 0.006959054812752441
4.2 0.006959054812752441
4.21 0.006959054812752441
4.22 0.006959054812752441
4.23 0.006959054812752441
4.24 0.006959054812752441
4.25 0.006959054812752441
4.26 0.006959054812752441
4.2700000000000005 0.006959054812752441
4.28 0.006959054812752441
4.29 0.006959054812752441
4.3 0.006959054812752441
4.3100000000000005 0.006959054812752441
4.32 0.006959054812752441
4.33 0.006959054812752441
4.34 0.006959054812752441
4.3500000000000005 0.006959054812752441
4.36 0.006959054812752441
4.37 0.006959054812752441
4.38 0.006959054812752441
4.39 0.006959054812752441
4.4 0.006959054812752441
4.41 0.006959054812752441
4.42 0.006959054812752441
4.43 0.006959054812752441
4.44 0.006959054812752441
4.45 0.006959054812752441
4.46 0.006959054812752441
4.47 0.006959054812752441
4.48 0.006959054812752441
4.49 0.006959054812752441
4.5 0.006959054812752441
4.51 0.006959054812752441
4.5200000000000005 0.006959054812752441
4.53 0.006959054812752441
4.54 0.006959054812752441
4.55 0.006959054812752441
4.5600000000000005 0.006959054812752441
4.57 0.006959054812752441
4.58 0.006959054812752441
4.59 0.006959054812752441
4.6000000000000005 0.006959054812752441
4.61 0.006959054812752441
4.62 0.006959054812752441
4.63 0.006959054812752441
4.64 0.006959054812752441
4.65 0.006959054812752441
4.66 0.006959054812752441
4.67 0.006959054812752441
4.68 0.006959054812752441
4.69 0.006959054812752441
4.7 0.006959054812752441
4.71 0.006959054812752441
4.72 0.006959054812752441
4.73 0.006959054812752441
4.74 0.006959054812752441
4.75 0.006959054812752441
4.76 0.006959054812752441
4.7700000000000005 0.006959054812752441
4.78 0.006959054812752441
4.79 0.006959054812752441
4.8 0.006959054812752441
4.8100000000000005 0.006959054812752441
4.82 0.006959054812752441
4.83 0.006959054812752441
4.84 0.006959054812752441
4.8500000000000005 0.006959054812752441
4.86 0.006959054812752441
4.87 0.006959054812752441
4.88 0.006959054812752441
4.89 0.006959054812752441
4.9 0.006959054812752441
4.91 0.006959054812752441
4.92 0.006959054812752441
4.93 0.006959054812752441
4.94 0.006959054812752441
4.95 0.006959054812752441
4.96 0.006959054812752441
4.97 0.006959054812752441
4.98 0.006959054812752441
4.99 0.006959054812752441
5.0 0.006959054812752441
5.01 0.006959054812752441
5.0200000000000005 0.006959054812752441
5.03 0.006959054812752441
5.04 0.006959054812752441
5.05 0.006959054812752441
5.0600000000000005 0.006959054812752441
5.07 0.006959054812752441
5.08 0.006959054812752441
5.09 0.006959054812752441
5.1000000000000005 0.006959054812752441
5.11 0.006959054812752441
5.12 0.006959054812752441
5.13 0.006959054812752441
5.14 0.006959054812752441
5.15 0.006959054812752441
5.16 0.006959054812752441
5.17 0.006959054812752441
5.18 0.006959054812752441
5.19 0.006959054812752441
5.2 0.006959054812752441
5.21 0.006959054812752441
5.22 0.006959054812752441
5.23 0.006959054812752441
5.24 0.006959054812752441
5.25 0.006959054812752441
5.26 0.006959054812752441
5.2700000000000005 0.006959054812752441
5.28 0.006959054812752441
5.29 0.006959054812752441
5.3 0.006959054812752441
5.3100000000000005 0.006959054812752441
5.32 0.006959054812752441
5.33 0.006959054812752441
5.34 0.006959054812752441
5.3500000000000005 0.006959054812752441
5.36 0.006959054812752441
5.37 0.006959054812752441
5.38 0.006959054812752441
5.39 0.006959054812752441
5.4 0.006959054812752441
5.41 0.006959054812752441
5.42 0.006959054812752441
5.43 0.006959054812752441
5.44 0.006959054812752441
5.45 0.006959054812752441
5.46 0.006959054812752441
5.47 0.006959054812752441
5.48 0.006959054812752441
5.49 0.006959054812752441
5.5 0.006959054812752441
5.51 0.006959054812752441
5.5200000000000005 0.006959054812752441
5.53 0.006959054812752441
5.54 0.006959054812752441
5.55 0.006959054812752441
5.5600000000000005 0.006959054812752441
5.57 0.006959054812752441
5.58 0.006959054812752441
5.59 0.006959054812752441
5.6000000000000005 0.006959054812752441
5.61 0.006959054812752441
5.62 0.006959054812752441
5.63 0.006959054812752441
5.64 0.006959054812752441
5.65 0.006959054812752441
5.66 0.006959054812752441
5.67 0.006959054812752441
5.68 0.006959054812752441
5.69 0.006959054812752441
5.7 0.006959054812752441
5.71 0.006959054812752441
5.72 0.006959054812752441
5.73 0.006959054812752441
5.74 0.006959054812752441
5.75 0.006959054812752441
5.76 0.006959054812752441
5.7700000000000005 0.006959054812752441
5.78 0.006959054812752441
5.79 0.006959054812752441
5.8 0.006959054812752441
5.8100000000000005 0.006959054812752441
5.82 0.006959054812752441
5.83 0.006959054812752441
5.84 0.006959054812752441
5.8500000000000005 0.006959054812752441
5.86 0.006959054812752441
5.87 0.006959054812752441
5.88 0.006959054812752441
5.89 0.006959054812752441
5.9 0.006959054812752441
5.91 0.006959054812752441
5.92 0.006959054812752441
5.93 0.006959054812752441
5.94 0.006959054812752441
5.95 0.006959054812752441
5.96 0.006959054812752441
5.97 0.006959054812752441
5.98 0.006959054812752441
5.99 0.006959054812752441
6.0 0.006959054812752441
6.01 0.006959054812752441
6.0200000000000005 0.006959054812752441
6.03 0.006959054812752441
6.04 0.006959054812752441
6.05 0.006959054812752441
6.0600000000000005 0.006959054812752441
6.07 0.006959054812752441
6.08 0.006959054812752441
6.09 0.006959054812752441
6.1000000000000005 0.006959054812752441
6.11 0.006959054812752441
6.12 0.006959054812752441
6.13 0.006959054812752441
6.140000000000001 0.006959054812752441
6.15 0.006959054812752441
6.16 0.006959054812752441
6.17 0.006959054812752441
6.18 0.006959054812752441
6.19 0.006959054812752441
6.2 0.006959054812752441
6.21 0.006959054812752441
6.22 0.006959054812752441
6.23 0.006959054812752441
6.24 0.006959054812752441
6.25 0.006959054812752441
6.26 0.006959054812752441
6.2700000000000005 0.006959054812752441
6.28 0.006959054812752441
6.29 0.006959054812752441
6.3 0.006959054812752441
6.3100000000000005 0.006959054812752441
6.32 0.006959054812752441
6.33 0.006959054812752441
6.34 0.006959054812752441
6.3500000000000005 0.006959054812752441
6.36 0.006959054812752441
6.37 0.006959054812752441
6.38 0.006959054812752441
6.390000000000001 0.006959054812752441
6.4 0.006959054812752441
6.41 0.006959054812752441
6.42 0.006959054812752441
6.43 0.006959054812752441
6.44 0.006959054812752441
6.45 0.006959054812752441
6.46 0.006959054812752441
6.47 0.006959054812752441
6.48 0.006959054812752441
6.49 0.006959054812752441
6.5 0.006959054812752441
6.51 0.006959054812752441
6.5200000000000005 0.006959054812752441
6.53 0.006959054812752441
6.54 0.006959054812752441
6.55 0.006959054812752441
6.5600000000000005 0.006959054812752441
6.57 0.006959054812752441
6.58 0.006959054812752441
6.59 0.006959054812752441
6.6000000000000005 0.006959054812752441
6.61 0.006959054812752441
6.62 0.006959054812752441
6.63 0.006959054812752441
6.640000000000001 0.006959054812752441
6.65 0.006959054812752441
6.66 0.006959054812752441
6.67 0.006959054812752441
6.68 0.006959054812752441
6.69 0.006959054812752441
6.7 0.006959054812752441
6.71 0.006959054812752441
6.72 0.006959054812752441
6.73 0.006959054812752441
6.74 0.006959054812752441
6.75 0.006959054812752441
6.76 0.006959054812752441
6.7700000000000005 0.006959054812752441
6.78 0.006959054812752441
6.79 0.006959054812752441
6.8 0.006959054812752441
6.8100000000000005 0.006959054812752441
6.82 0.006959054812752441
6.83 0.006959054812752441
6.84 0.006959054812752441
6.8500000000000005 0.006959054812752441
6.86 0.006959054812752441
6.87 0.006959054812752441
6.88 0.006959054812752441
6.890000000000001 0.006959054812752441
6.9 0.006959054812752441
6.91 0.006959054812752441
6.92 0.006959054812752441
6.93 0.006959054812752441
6.94 0.006959054812752441
6.95 0.006959054812752441
6.96 0.006959054812752441
6.97 0.006959054812752441
6.98 0.006959054812752441
6.99 0.006959054812752441
7.0 0.006959054812752441
7.01 0.006959054812752441
7.0200000000000005 0.006959054812752441
7.03 0.006959054812752441
7.04 0.006959054812752441
7.05 0.006959054812752441
7.0600000000000005 0.006959054812752441
7.07 0.006959054812752441
7.08 0.006959054812752441
7.09 0.006959054812752441
7.1000000000000005 0.006959054812752441
7.11 0.006959054812752441
7.12 0.006959054812752441
7.13 0.006959054812752441
7.140000000000001 0.006959054812752441
7.15 0.006959054812752441
7.16 0.006959054812752441
7.17 0.006959054812752441
7.18 0.006959054812752441
7.19 0.006959054812752441
7.2 0.006959054812752441
7.21 0.006959054812752441
7.22 0.006959054812752441
7.23 0.006959054812752441
7.24 0.006959054812752441
7.25 0.006959054812752441
7.26 0.006959054812752441
7.2700000000000005 0.006959054812752441
7.28 0.006959054812752441
7.29 0.006959054812752441
7.3 0.006959054812752441
7.3100000000000005 0.006959054812752441
7.32 0.006959054812752441
7.33 0.006959054812752441
7.34 0.006959054812752441
7.3500000000000005 0.006959054812752441
7.36 0.006959054812752441
7.37 0.006959054812752441
7.38 0.006959054812752441
7.390000000000001 0.006959054812752441
7.4 0.006959054812752441
7.41 0.006959054812752441
7.42 0.006959054812752441
7.43 0.006959054812752441
7.44 0.006959054812752441
7.45 0.006959054812752441
7.46 0.006959054812752441
7.47 0.006959054812752441
7.48 0.006959054812752441
7.49 0.006959054812752441
7.5 0.006959054812752441
7.51 0.006959054812752441
7.5200000000000005 0.006959054812752441
7.53 0.006959054812752441
7.54 0.006959054812752441
7.55 0.006959054812752441
7.5600000000000005 0.006959054812752441
7.57 0.006959054812752441
7.58 0.006959054812752441
7.59 0.006959054812752441
7.6000000000000005 0.006959054812752441
7.61 0.006959054812752441
7.62 0.006959054812752441
7.63 0.006959054812752441
7.640000000000001 0.006959054812752441
7.65 0.006959054812752441
7.66 0.006959054812752441
7.67 0.006959054812752441
7.68 0.006959054812752441
7.69 0.006959054812752441
7.7 0.006959054812752441
7.71 0.006959054812752441
7.72 0.006959054812752441
7.73 0.006959054812752441
7.74 0.006959054812752441
7.75 0.006959054812752441
7.76 0.006959054812752441
7.7700000000000005 0.006959054812752441
7.78 0.006959054812752441
7.79 0.006959054812752441
7.8 0.006959054812752441
7.8100000000000005 0.006959054812752441
7.82 0.006959054812752441
7.83 0.006959054812752441
7.84 0.006959054812752441
7.8500000000000005 0.006959054812752441
7.86 0.006959054812752441
7.87 0.006959054812752441
7.88 0.006959054812752441
7.890000000000001 0.006959054812752441
7.9 0.006959054812752441
7.91 0.006959054812752441
7.92 0.006959054812752441
7.930000000000001 0.006959054812752441
7.94 0.006959054812752441
7.95 0.006959054812752441
7.96 0.006959054812752441
7.97 0.006959054812752441
7.98 0.006959054812752441
7.99 0.006959054812752441
8.0 0.006959054812752441
8.01 0.006959054812752441
8.02 0.006959054812752441
8.03 0.006959054812752441
8.040000000000001 0.006959054812752441
8.05 0.006959054812752441
8.06 0.006959054812752441
8.07 0.006959054812752441
8.08 0.006959054812752441
8.09 0.006959054812752441
8.1 0.006959054812752441
8.11 0.006959054812752441
8.120000000000001 0.006959054812752441
8.13 0.006959054812752441
8.14 0.006959054812752441
8.15 0.006959054812752441
8.16 0.006959054812752441
8.17 0.006959054812752441
8.18 0.006959054812752441
8.19 0.006959054812752441
8.2 0.006959054812752441
8.21 0.006959054812752441
8.22 0.006959054812752441
8.23 0.006959054812752441
8.24 0.006959054812752441
8.25 0.006959054812752441
8.26 0.006959054812752441
8.27 0.006959054812752441
8.28 0.006959054812752441
8.290000000000001 0.006959054812752441
8.3 0.006959054812752441
8.31 0.006959054812752441
8.32 0.006959054812752441
8.33 0.006959054812752441
8.34 0.006959054812752441
8.35 0.006959054812752441
8.36 0.006959054812752441
8.370000000000001 0.006959054812752441
8.38 0.006959054812752441
8.39 0.006959054812752441
8.4 0.006959054812752441
8.41 0.006959054812752441
8.42 0.006959054812752441
8.43 0.006959054812752441
8.44 0.006959054812752441
8.45 0.006959054812752441
8.46 0.006959054812752441
8.47 0.006959054812752441
8.48 0.006959054812752441
8.49 0.006959054812752441
8.5 0.006959054812752441
8.51 0.006959054812752441
8.52 0.006959054812752441
8.53 0.006959054812752441
8.540000000000001 0.006959054812752441
8.55 0.006959054812752441
8.56 0.006959054812752441
8.57 0.006959054812752441
8.58 0.006959054812752441
8.59 0.006959054812752441
8.6 0.006959054812752441
8.61 0.006959054812752441
8.620000000000001 0.006959054812752441
8.63 0.006959054812752441
8.64 0.006959054812752441
8.65 0.006959054812752441
8.66 0.006959054812752441
8.67 0.006959054812752441
8.68 0.006959054812752441
8.69 0.006959054812752441
8.700000000000001 0.006959054812752441
8.71 0.006959054812752441
8.72 0.006959054812752441
8.73 0.006959054812752441
8.74 0.006959054812752441
8.75 0.006959054812752441
8.76 0.006959054812752441
8.77 0.006959054812752441
8.78 0.006959054812752441
8.790000000000001 0.006959054812752441
8.8 0.006959054812752441
8.81 0.006959054812752441
8.82 0.006959054812752441
8.83 0.006959054812752441
8.84 0.006959054812752441
8.85 0.006959054812752441
8.86 0.006959054812752441
8.870000000000001 0.006959054812752441
8.88 0.006959054812752441
8.89 0.006959054812752441
8.9 0.006959054812752441
8.91 0.006959054812752441
8.92 0.006959054812752441
8.93 0.006959054812752441
8.94 0.006959054812752441
8.950000000000001 0.006959054812752441
8.96 0.006959054812752441
8.97 0.006959054812752441
8.98 0.006959054812752441
8.99 0.006959054812752441
9.0 0.006959054812752441
9.01 0.006959054812752441
9.02 0.006959054812752441
9.03 0.006959054812752441
9.040000000000001 0.006959054812752441
9.05 0.006959054812752441
9.06 0.006959054812752441
9.07 0.006959054812752441
9.08 0.006959054812752441
9.09 0.006959054812752441
9.1 0.006959054812752441
9.11 0.006959054812752441
9.120000000000001 0.006959054812752441
9.13 0.006959054812752441
9.14 0.006959054812752441
9.15 0.006959054812752441
9.16 0.006959054812752441
9.17 0.006959054812752441
9.18 0.006959054812752441
9.19 0.006959054812752441
9.200000000000001 0.006959054812752441
9.21 0.006959054812752441
9.22 0.006959054812752441
9.23 0.006959054812752441
9.24 0.006959054812752441
9.25 0.006959054812752441
9.26 0.006959054812752441
9.27 0.006959054812752441
9.28 0.006959054812752441
9.290000000000001 0.006959054812752441
9.3 0.006959054812752441
9.31 0.006959054812752441
9.32 0.006959054812752441
9.33 0.006959054812752441
9.34 0.006959054812752441
9.35 0.006959054812752441
9.36 0.006959054812752441
9.370000000000001 0.006959054812752441
9.38 0.006959054812752441
9.39 0.006959054812752441
9.4 0.006959054812752441
9.41 0.006959054812752441
9.42 0.006959054812752441
9.43 0.006959054812752441
9.44 0.006959054812752441
9.450000000000001 0.006959054812752441
9.46 0.006959054812752441
9.47 0.006959054812752441
9.48 0.006959054812752441
9.49 0.006959054812752441
9.5 0.006959054812752441
9.51 0.006959054812752441
9.52 0.006959054812752441
9.53 0.006959054812752441
9.540000000000001 0.006959054812752441
9.55 0.006959054812752441
9.56 0.006959054812752441
9.57 0.006959054812752441
9.58 0.006959054812752441
9.59 0.006959054812752441
9.6 0.006959054812752441
9.61 0.006959054812752441
9.620000000000001 0.006959054812752441
9.63 0.006959054812752441
9.64 0.006959054812752441
9.65 0.006959054812752441
9.66 0.006959054812752441
9.67 0.006959054812752441
9.68 0.006959054812752441
9.69 0.006959054812752441
9.700000000000001 0.006959054812752441
9.71 0.006959054812752441
9.72 0.006959054812752441
9.73 0.006959054812752441
9.74 0.006959054812752441
9.75 0.006959054812752441
9.76 0.006959054812752441
9.77 0.006959054812752441
9.78 0.006959054812752441
9.790000000000001 0.006959054812752441
9.8 0.006959054812752441
9.81 0.006959054812752441
9.82 0.006959054812752441
9.83 0.006959054812752441
9.84 0.006959054812752441
9.85 0.006959054812752441
9.86 0.006959054812752441
9.870000000000001 0.006959054812752441
9.88 0.006959054812752441
9.89 0.006959054812752441
9.9 0.006959054812752441
9.91 0.006959054812752441
9.92 0.006959054812752441
9.93 0.006959054812752441
9.94 0.006959054812752441
9.950000000000001 0.006959054812752441
9.96 0.006959054812752441
9.97 0.006959054812752441
9.98 0.006959054812752441
9.99 0.006959054812752441
