0.0 56.486860127304546
0.01 43.13313829639047
0.02 33.28448777141164
0.03 25.874924399974258
0.04 20.220389436252802
0.05 15.86075397542873
0.06 12.474688739926082
0.07 9.830973889758951
0.08 7.7592255934279875
0.09 6.13152282225563
0.1 4.850429032037836
0.11 3.8409122696779665
0.12 3.04472527307632
0.13 2.4163883900837764
0.14 1.920248973129035
0.15 1.5282849085549521
0.16 1.2184366672498128
0.17 0.9733241380521083
0.18 0.7792497526969178
0.19 0.6254185477435731
0.2 0.5033250315880925
0.21 0.40626974387337833
0.22 0.32897746082549406
0.23 0.2672954933417051
0.24 0.21795530095819793
0.25 0.17838424224211943
0.26 0.1465570450747509
0.27 0.12087873434826041
0.28 0.10009245197453638
0.29 0.08320695093787554
0.3 0.06943961805689407
0.31 0.058171736343378674
0.32 0.04891338123344666
0.33 0.0412758899106906
0.34 0.03495027680193447
0.35000000000000003 0.029690313070404144
0.36 0.025299261278240462
0.37 0.021619472656012138
0.38 0.018524225159406115
0.39 0.015911315025992488
0.4 0.013698020351844656
0.41000000000000003 0.0118171382839195
0.42 0.010213862556317614
0.43 0.008843319096768991
0.44 0.007668617317092084
0.45 0.006659305870039989
0.46 0.005790145992719239
0.47000000000000003 0.005040134550043081
0.48 0.0043917237083279555
0.49 0.003830195725050274
0.5 0.0033431603530576478
0.51 0.0029201493868454384
0.52 0.0025522883626940495
0.53 0.0022320297050582817
0.54 0.0019529349548150306
0.55 0.0017094963281512302
0.56 0.0014969898994163634
0.5700000000000001 0.0013113543027703236
0.58 0.0011490901036350012
0.59 0.0010071759778083433
0.6 0.0008829986127411081
0.61 0.0007742938579013318
0.62 0.0006790971351502724
0.63 0.0005957015034894505
0.64 0.0005226220771150684
0.65 0.000458565738351201
0.66 0.0004024052809247611
0.67 0.00035315727450014537
0.68 0.0003099630664677312
0.6900000000000001 0.0002720724379868446
0.7000000000000001 0.00023882951316684693
0.71 0.00020966058691487073
0.72 0.0001840635914428538
0.73 0.0001615989661210419
0.74 0.00014188173219595917
0.75 0.00012457460436846715
0.76 0.00010938199655225375
0.77 9.604480026172877e-05
0.78 8.433583177590679e-05
0.79 7.405585910535387e-05
0.8 6.503013234697444e-05
0.81 5.710535164592723e-05
0.8200000000000001 5.0147016019531465e-05
0.8300000000000001 4.4037103998843634e-05
0.84 3.867204362579784e-05
0.85 3.396093498496986e-05
0.86 2.9823993295646166e-05
0.87 2.6191184763307217e-05
0.88 2.3001030990839468e-05
0.89 2.0199560863082046e-05
0.9 1.7739391514412264e-05
0.91 1.5578922327484907e-05
0.92 1.3681627942244387e-05
0.93 1.201543802053995e-05
0.9400000000000001 1.055219304933555e-05
0.9500000000000001 9.267166805531078e-06
0.96 8.138647274245247e-06
0.97 7.147568832733147e-06
0.98 6.27718940342146e-06
0.99 5.512807058643382e-06
1.0 4.841511241048711e-06
1.01 4.251964359898315e-06
1.02 3.7342100453974877e-06
1.03 3.2795048003110192e-06
1.04 2.88017018852981e-06
1.05 2.52946305115333e-06
1.06 2.221461548223048e-06
1.07 1.9509650939010516e-06
1.08 1.7134064893568286e-06
1.09 1.504774765026965e-06
1.1 1.3215474258486446e-06
1.11 1.1606309526879758e-06
1.12 1.0193085532426982e-06
1.1300000000000001 8.951942786063893e-07
1.1400000000000001 7.861927295485586e-07
1.1500000000000001 6.904636712403254e-07
1.16 6.06390958258347e-07
1.17 5.325552446494058e-07
1.18 4.677100178789182e-07
1.19 4.107605517092008e-07
1.2 3.607454224144319e-07
1.21 3.16820276077883e-07
1.22 2.7824357276924475e-07
1.23 2.4436406681159603e-07
1.24 2.146098116854243e-07
1.25 1.8847850387844935e-07
1.26 1.655290026112636e-07
1.27 1.453738822331148e-07
1.28 1.2767289152577086e-07
1.29 1.1212720947154265e-07
1.3 9.84744004933335e-08
1.31 8.648398398755947e-08
1.32 7.595354334470154e-08
1.33 6.67053087624648e-08
1.34 5.858315615706638e-08
1.35 5.1449971504222886e-08
1.36 4.5185336111712984e-08
1.37 3.96834937441997e-08
1.3800000000000001 3.48515652798523e-08
1.3900000000000001 3.06079807576059e-08
1.4000000000000001 2.688110234422886e-08
1.41 2.360801497372633e-08
1.42 2.073346424243355e-08
1.43 1.8208923629253328e-08
1.44 1.5991775293845665e-08
1.45 1.4044590623064867e-08
1.46 1.2334498379926768e-08
1.47 1.0832629788319334e-08
1.48 9.513631185512094e-09
1.49 8.355236015204271e-09
1.5 7.337888935637967e-09
1.51 6.444415697104874e-09
1.52 5.6597332158477855e-09
1.53 4.970594949944639e-09
1.54 4.36536727872306e-09
1.55 3.833833110645262e-09
1.56 3.367019404265357e-09
1.57 2.95704569055288e-09
1.58 2.596991039413113e-09
1.59 2.280777224601969e-09
1.6 2.0030661146873422e-09
1.61 1.7591695578663781e-09
1.62 1.5449702393633674e-09
1.6300000000000001 1.3568521753666784e-09
1.6400000000000001 1.1916396701422867e-09
1.6500000000000001 1.0465437058323925e-09
1.6600000000000001 9.191148599222795e-10
1.67 8.072019555551423e-10
1.68 7.089157466533805e-10
1.69 6.225970247997404e-10
1.7 5.467886094772503e-10
1.71 4.802107488236589e-10
1.72 4.2173951563037986e-10
1.73 3.7038783387999385e-10
1.74 3.252888155235238e-10
1.75 2.8568112619888765e-10
1.76 2.508961328432902e-10
1.77 2.2034661623322198e-10
1.78 1.9351685790390643e-10
1.79 1.6995393410150962e-10
1.8 1.4926006979782782e-10
1.81 1.3108592369252082e-10
1.82 1.1512469084433001e-10
1.83 1.011069233754488e-10
1.84 8.87959818152925e-11
1.85 7.798404029599202e-11
1.86 6.848857816172878e-11
1.87 6.014929876537443e-11
1.8800000000000001 5.282542343741846e-11
1.8900000000000001 4.639331494559989e-11
1.9000000000000001 4.074439032592207e-11
1.9100000000000001 3.578328785072639e-11
1.92 3.14262571896833e-11
1.93 2.7599745587373106e-11
1.94 2.4239156190161426e-11
1.95 2.1287757561191374e-11
1.96 1.869572597458586e-11
1.97 1.6419304321448592e-11
1.98 1.4420063428823662e-11
1.99 1.2664253321647022e-11
2.0 1.1122233476086248e-11
2.0100000000000002 9.767972446150114e-12
2.02 8.57860841656719e-12
2.0300000000000002 7.534063263452204e-12
2.04 6.616703607567162e-12
2.05 5.8110431382816635e-12
2.06 5.103481183047066e-12
2.07 4.482073109071813e-12
2.08 3.936328681257628e-12
2.09 3.4570349723981582e-12
2.1 3.0361008361161063e-12
2.11 2.666420317025993e-12
2.12 2.3417526922948976e-12
2.13 2.0566171195357476e-12
2.14 1.8062001125424528e-12
2.15 1.5862742829284043e-12
2.16 1.393126975913556e-12
2.17 1.223497595532997e-12
2.18 1.0745225612287282e-12
2.19 9.436869666154744e-13
2.2 8.287821243527631e-13
2.21 7.278682804217518e-13
2.22 6.392418683715582e-13
2.23 5.614067507412927e-13
2.24 4.93048962172705e-13
2.25 4.330145278421078e-13
2.2600000000000002 3.802899827556362e-13
2.27 3.339852630464868e-13
2.2800000000000002 2.933186804552678e-13
2.29 2.5760372634181364e-13
2.3000000000000003 2.2623748246171553e-13
2.31 1.98690442865345e-13
2.32 1.7449757509880913e-13
2.33 1.5325046980745718e-13
2.34 1.3459044621627864e-13
2.35 1.1820249709809387e-13
2.36 1.0380997101215868e-13
2.37 9.116990204193583e-14
2.38 8.006890819151557e-14
2.39 7.031958919987124e-14
2.4 6.175736296305268e-14
2.41 5.42376871586907e-14
2.42 4.763361916997649e-14
2.43 4.1833673117213653e-14
2.44 3.673993782065957e-14
2.45 3.22664239232321e-14
2.46 2.8337612270217225e-14
2.47 2.4887179040593575e-14
2.48 2.1856876108419416e-14
2.49 1.919554773321564e-14
2.5 1.6858266979709207e-14
2.5100000000000002 1.4805577288496865e-14
2.52 1.3002826394284331e-14
2.5300000000000002 1.1419581347311521e-14
2.54 1.0029114762709487e-14
2.5500000000000003 8.807953624961708e-15
2.56 7.735483030659535e-15
2.57 6.793598180176873e-15
2.58 5.9663987433977875e-15
2.59 5.239920439965209e-15
2.6 4.601899302749042e-15
2.61 4.0415646449744094e-15
2.62 3.549457236004607e-15
2.63 3.117269616333265e-15
2.64 2.7377058560797782e-15
2.65 2.4043583895157792e-15
2.66 2.111599846417704e-15
2.67 1.8544880542077827e-15
2.68 1.6286826071870541e-15
2.69 1.4303715944327218e-15
2.7 1.256207249424521e-15
2.71 1.1032494350760446e-15
2.72 9.689160101195106e-16
2.73 8.509392389593225e-16
2.74 7.473275091319394e-16
2.75 6.563317101093835e-16
2.7600000000000002 5.764157058736823e-16
2.77 5.062304027981252e-16
2.7800000000000002 4.445909750649851e-16
2.79 3.9045686315299737e-16
2.8000000000000003 3.429142077411584e-16
2.81 3.011604224886437e-16
2.82 2.6449064525783334e-16
2.83 2.32285839058228e-16
2.84 2.0400234183854182e-16
2.85 1.791626887129224e-16
2.86 1.5734755168765937e-16
2.87 1.3818866081972847e-16
2.88 1.2136258730645166e-16
2.89 1.0658528355615504e-16
2.9 9.360728806860281e-17
2.91 8.22095141768977e-17
2.92 7.219955155893898e-17
2.93 6.340841808279134e-17
2.94 5.568770715258365e-17
2.95 4.890708239815782e-17
2.96 4.2952077415333595e-17
2.97 3.7722163413336246e-17
2.98 3.312905214858027e-17
2.99 2.909520549596395e-17
3.0 2.5552526497159525e-17
3.0100000000000002 2.2441209788966906e-17
3.02 1.9708732005362122e-17
3.0300000000000002 1.73089651098111e-17
3.04 1.520139768967129e-17
3.0500000000000003 1.3350451067034487e-17
3.06 1.1724878681016797e-17
3.0700000000000003 1.0297238602223254e-17
3.08 9.043430274702246e-18
3.09 7.942287664941829e-18
3.1 6.975221949700275e-18
3.11 6.125907710739773e-18
3.12 5.380007338994208e-18
3.13 4.724928995728568e-18
3.14 4.14961404473664e-18
3.15 3.644350367136135e-18
3.16 3.2006084072544637e-18
3.17 2.8108971818310594e-18
3.18 2.468637821770745e-18
3.19 2.1680525116565012e-18
3.2 1.9040669521657273e-18
3.21 1.6722246988195256e-18
3.22 1.4686119309835194e-18
3.23 1.2897913811162686e-18
3.24 1.132744308898343e-18
3.25 9.94819540685035e-19
3.2600000000000002 8.736887139969614e-19
3.27 7.673069715136904e-19
3.2800000000000002 6.738784410296854e-19
3.29 5.918259186264976e-19
3.3000000000000003 5.197642432704911e-19
3.31 4.564769133625009e-19
3.3200000000000003 4.008955504938697e-19
3.33 3.5208186372868117e-19
3.34 3.09211809943888e-19
3.35 2.715616828319646e-19
3.36 2.3849589572892127e-19
3.37 2.0945625202483584e-19
3.38 1.8395252202644667e-19
3.39 1.6155416719610752e-19
3.4 1.4188307206071104e-19
3.41 1.2460716109506792e-19
3.42 1.0943479282382912e-19
3.43 9.610983650656533e-20
3.44 8.440734829359952e-20
3.45 7.412977386003801e-20
3.46 6.510361341320742e-20
3.47 5.717649277412927e-20
3.48 5.0214591088839595e-20
3.49 4.410038174569956e-20
3.5 3.873064836225874e-20
3.5100000000000002 3.4014742348737006e-20
3.52 2.98730526333875e-20
3.5300000000000002 2.6235661716551647e-20
3.54 2.304116536574023e-20
3.5500000000000003 2.0235636026532803e-20
3.56 1.7771712450237984e-20
3.5700000000000003 1.5607800169948845e-20
3.58 1.3707369327922757e-20
3.59 1.2038338000626351e-20
3.6 1.0572530611115163e-20
3.61 9.285202285992583e-21
3.62 8.15462112743017e-21
3.63 7.161701348418428e-21
3.64 6.289681078058989e-21
3.65 5.523839397803175e-21
3.66 4.8512478318119184e-21
3.67 4.260552096250275e-21
3.68 3.741780423137556e-21
3.69 3.2861752229946736e-21
3.7 2.886045244517263e-21
3.71 2.5346357355255147e-21
3.72 2.226014413324784e-21
3.73 1.954971319499046e-21
3.74 1.7169308685451695e-21
3.75 1.507874605607354e-21
3.7600000000000002 1.3242733693535918e-21
3.77 1.1630277148097275e-21
3.7800000000000002 1.0214155904047051e-21
3.79 8.97046385943155e-22
3.8000000000000003 7.878205757705741e-22
3.81 6.9189427585165e-22
3.8200000000000003 6.076481164357012e-22
3.83 5.336599048364206e-22
3.84 4.6868061683550845e-22
3.85 4.1161331141158372e-22
3.86 3.6149461284564834e-22
3.87 3.1747844759508846e-22
3.88 2.788217613921271e-22
3.89 2.4487197545125543e-22
3.9 2.1505597002908188e-22
3.91 1.8887040936358643e-22
3.92 1.6587324466437877e-22
3.93 1.4567625171247754e-22
3.94 1.2793847709397786e-22
3.95 1.1236048243080982e-22
3.96 9.867928944324416e-23
3.97 8.66639405096875e-23
3.98 7.611159977987511e-23
3.99 6.68441290227777e-23
4.0 5.870508040477671e-23
4.01 5.155705543200282e-23
4.0200000000000005 4.5279385472101414e-23
4.03 3.976609469939884e-23
4.04 3.492411107513544e-23
4.05 3.0671695161628364e-23
4.0600000000000005 2.693706024654168e-23
4.07 2.3657160483050038e-23
4.08 2.0776626587997206e-23
4.09 1.824683113116464e-23
4.1 1.602506763641709e-23
4.11 1.4073829636814836e-23
4.12 1.2360177513133694e-23
4.13 1.0855182427144435e-23
4.14 9.533437962470623e-24
4.15 8.372631228840982e-24
4.16 7.353166189377171e-24
4.17 6.457832852156409e-24
4.18 5.671516741541601e-24
4.19 4.98094374474952e-24
4.2 4.374456026310886e-24
4.21 3.8418152275457556e-24
4.22 3.37402962878784e-24
4.23 2.963202356613737e-24
4.24 2.6023980736043086e-24
4.25 2.285525900174687e-24
4.26 2.0072365920309227e-24
4.2700000000000005 1.7628322374644205e-24
4.28 1.548186950049388e-24
4.29 1.3596772179244794e-24
4.3 1.1941207338583304e-24
4.3100000000000005 1.0487226734643482e-24
4.32 9.210285146666878e-25
4.33 8.088826019436274e-25
4.34 7.103917558555502e-25
4.3500000000000005 6.2389331353512635e-25
4.36 5.479270606189158e-25
4.37 4.812105807920027e-25
4.38 4.226176068117778e-25
4.39 3.7115900754583214e-25
4.4 3.2596609005871385e-25
4.41 2.862759348634331e-25
4.42 2.5141851677630085e-25
4.43 2.208053939572315e-25
4.44 1.9391977419064787e-25
4.45 1.703077907120158e-25
4.46 1.4957084030374438e-25
4.47 1.3135885431687415e-25
4.48 1.153643890239575e-25
4.49 1.0131743554010008e-25
4.5 8.898086169632907e-26
4.51 7.814640891781766e-26
4.5200000000000005 6.863117652863305e-26
4.53 6.027453413320623e-26
4.54 5.293540995118035e-26
4.55 4.648990932898457e-26
4.5600000000000005 4.082922322525593e-26
4.57 3.5857791362446617e-26
4.58 3.149168903603828e-26
4.59 2.7657210348464535e-26
4.6000000000000005 2.4289623950746054e-26
4.61 2.1332080287027775e-26
4.62 1.8734651894774398e-26
4.63 1.6453490559559247e-26
4.64 1.4450087096041308e-26
4.65 1.2690621259199325e-26
4.66 1.1145390811420462e-26
4.67 9.788310107296668e-27
4.68 8.596469731544199e-27
4.69 7.549749756116328e-27
4.7 6.630480087753533e-27
4.71 5.823142172160013e-27
4.72 5.1141070191611666e-27
4.73 4.491405126337772e-27
4.74 3.9445244171292576e-27
4.75 3.464232782317664e-27
4.76 3.042422229146315e-27
4.7700000000000005 2.671972007092077e-27
4.78 2.3466283996639736e-27
4.79 2.060899152945258e-27
4.8 1.8099607586862517e-27
4.8100000000000005 1.589577026756671e-27
4.82 1.3960275723472734e-27
4.83 1.2260450106845736e-27
4.84 1.0767597990182069e-27
4.8500000000000005 9.456517947366002e-28
4.86 8.305077118443185e-28
4.87 7.293837576071116e-28
4.88 6.405728186191622e-28
4.89 5.625756423475644e-28
4.9 4.9407552765820754e-28
4.91 4.33916097064024e-28
4.92 3.810817754598951e-28
4.93 3.3468064579830364e-28
4.94 2.939293922853992e-28
4.95 2.581400769177732e-28
4.96 2.267085261293378e-28
4.97 1.9910413149876117e-28
4.98 1.7486089233917614e-28
4.99 1.53569548956565e-28
5.0 1.3487067377522913e-28
5.01 1.184486036989622e-28
5.0200000000000005 1.0402611127764989e-28
5.03 9.135972472122067e-29
5.04 8.023561775619672e-29
5.05 7.046599993994146e-29
5.0600000000000005 6.188594649602816e-29
5.07 5.435061415396836e-29
5.08 4.7732795992755635e-29
5.09 4.192077401060436e-29
5.1000000000000005 3.681643316923752e-29
5.11 3.2333605075184786e-29
5.12 2.8396613337099457e-29
5.13 2.493899604271509e-29
5.14 2.1902383789055308e-29
5.15 1.9235514325493265e-29
5.16 1.6893367175455544e-29
5.17 1.483640362797758e-29
5.18 1.302989926910948e-29
5.19 1.1443357785371912e-29
5.2 1.0049996143445516e-29
5.21 8.826292455207518e-30
5.22 7.751588895450661e-30
5.23 6.807742968976938e-30
5.24 5.978821239972526e-30
5.25 5.250830353384806e-30
5.26 4.6114808075704056e-30
5.2700000000000005 4.0499794903641315e-30
5.28 3.556847476290815e-30
5.29 3.123760009080617e-30
5.3 2.743405968171363e-30
5.3100000000000005 2.409364446794769e-30
5.32 2.1159963581139755e-30
5.33 1.8583492395714482e-30
5.34 1.632073648413063e-30
5.3500000000000005 1.4333497370271224e-30
5.36 1.2588227685885514e-30
5.37 1.1055464844215744e-30
5.38 9.709333670436724e-31
5.39 8.527109592610138e-31
5.4 7.488835019212216e-31
5.41 6.576982427150114e-31
5.42 5.776158472722122e-31
5.43 5.0728441305045525e-31
5.44 4.455166473344109e-31
5.45 3.9126982407865777e-31
5.46 3.436281812374759e-31
5.47 3.0178746142416373e-31
5.48 2.6504133492444523e-31
5.49 2.3276947586566755e-31
5.5 2.044270902507424e-31
5.51 1.7953571907556835e-31
5.5200000000000005 1.5767516127361152e-31
5.53 1.3847638013578408e-31
5.54 1.216152734560047e-31
5.55 1.0680720223388494e-31
5.5600000000000005 9.380218557134343e-32
5.57 8.238068064636012e-32
5.58 7.234987652388745e-32
5.59 6.354043923832419e-32
5.6000000000000005 5.580365319996233e-32
5.61 4.9008910668396587e-32
5.62 4.3041506911674686e-32
5.63 3.780070383042291e-32
5.64 3.319802935820989e-32
5.65 2.915578392965123e-32
5.66 2.560572880336649e-32
5.67 2.2487934096834474e-32
5.68 1.9749767086383048e-32
5.69 1.7345003693393058e-32
5.7 1.5233048157375523e-32
5.71 1.337824772290523e-32
5.72 1.1749290771378832e-32
5.73 1.0318678237214443e-32
5.74 9.062259385267483e-33
5.75 7.95882411273221e-33
5.76 6.98974489302139e-33
5.7700000000000005 6.138662317132901e-33
5.78 5.3912089240068195e-33
5.79 4.7347666577407384e-33
5.8 4.158253857205806e-33
5.8100000000000005 3.6519381821484316e-33
5.82 3.207272317711626e-33
5.83 2.8167496838371224e-33
5.84 2.4737777137232134e-33
5.8500000000000005 2.1725665621011948e-33
5.86 1.908031364570856e-33
5.87 1.6757063979964484e-33
5.88 1.4716696928709824e-33
5.89 1.2924768250002185e-33
5.9 1.1351027688174796e-33
5.91 9.968908307326194e-34
5.92 8.755078004382498e-34
5.93 7.6890456306526385e-34
5.94 6.752815072654225e-34
5.95 5.930581452616012e-34
5.96 5.2084643200940075e-34
5.97 4.5742733306067935e-34
5.98 4.017302455615671e-34
5.99 3.528149249829607e-34
6.0 3.0985561248127437e-34
6.01 2.721270949373278e-34
6.0200000000000005 2.3899246234729637e-34
6.03 2.098923558934075e-34
6.04 1.8433552518683939e-34
6.05 1.6189053527591893e-34
6.0600000000000005 1.4217848342233007e-34
6.07 1.2486660269435161e-34
6.08 1.096626443968685e-34
6.09 9.630994450574468e-35
6.1000000000000005 8.458309082107534e-35
6.11 7.428411769482061e-35
6.12 6.523916409452165e-35
6.13 5.729553858655601e-35
6.140000000000001 5.031914169174946e-35
6.15 4.4192202099109225e-35
6.16 3.881128852181373e-35
6.17 3.40855636328159e-35
6.18 2.9935250604054523e-35
6.19 2.629028636231188e-35
6.2 2.3089138826810314e-35
6.21 2.027776816185427e-35
6.22 1.7808714509024818e-35
6.23 1.5640296798567874e-35
6.24 1.3735909114794998e-35
6.25 1.2063402737164467e-35
6.26 1.0594543425034665e-35
6.2700000000000005 9.304534784298233e-36
6.28 8.171599669660488e-36
6.29 7.176612556049649e-36
6.3 6.302776673075641e-36
6.3100000000000005 5.53534045211617e-36
6.32 4.86134849926109e-36
6.33 4.269422890191558e-36
6.34 3.7495710949465904e-36
6.3500000000000005 3.293017290078794e-36
6.36 2.892054210512976e-36
6.37 2.5399130401607165e-36
6.38 2.2306491448630533e-36
6.390000000000001 1.9590417186737304e-36
6.4 1.7205056493722123e-36
6.41 1.5110141153735668e-36
6.42 1.3270306073631646e-36
6.43 1.1654492270863073e-36
6.44 1.023542255453312e-36
6.45 8.989141048363184e-37
6.46 7.894608782084995e-37
6.47 6.933348524275436e-37
6.48 6.0891328609163284e-37
6.49 5.347710254009819e-37
6.5 4.696564455737324e-37
6.51 4.124703216737595e-37
6.5200000000000005 3.622472721604441e-37
6.53 3.181394619016365e-37
6.54 2.7940228953396866e-37
6.55 2.4538181755320625e-37
6.5600000000000005 2.1550373293700094e-37
6.57 1.8926365193995215e-37
6.58 1.6621860539241327e-37
6.59 1.4597956076301515e-37
6.6000000000000005 1.282048547468772e-37
6.61 1.125944255124269e-37
6.62 9.888474723912318e-38
6.63 8.684438143401755e-38
6.640000000000001 7.627006992715443e-38
6.65 6.698330359014551e-38
6.66 5.882730885306527e-38
6.67 5.16644011479162e-38
6.68 4.5373660601060843e-38
6.69 3.9848890737085396e-38
6.7 3.4996825734158776e-38
6.71 3.0735555966862536e-38
6.72 2.6993145257458955e-38
6.73 2.37064164928674e-38
6.74 2.081988510686834e-38
6.75 1.8284822423229452e-38
6.76 1.6058433047679727e-38
6.7700000000000005 1.4103132421959126e-38
6.78 1.2385912344047553e-38
6.79 1.0877783743671227e-38
6.8 9.553287306359933e-39
6.8100000000000005 8.390063684705683e-39
6.82 7.368476041388929e-39
6.83 6.471278551972906e-39
6.84 5.6833252713312497e-39
6.8500000000000005 4.9913144489668286e-39
6.86 4.383563976909267e-39
6.87 3.8498141794360594e-39
6.88 3.3810546154357444e-39
6.890000000000001 2.969371969592977e-39
6.9 2.607816464588043e-39
6.91 2.2902845391608782e-39
6.92 2.0114158114834862e-39
6.93 1.766502588437341e-39
6.94 1.551410393186842e-39
6.95 1.3625081694430586e-39
6.96 1.1966069841685646e-39
6.97 1.050906193939564e-39
6.98 9.22946166178288e-40
6.99 8.1056675712409e-40
7.0 7.118708455935508e-40
7.01 6.251923069286316e-40
7.0200000000000005 5.490678864883765e-40
7.03 4.822124978694461e-40
7.04 4.234975288550465e-40
7.05 3.719317888664264e-40
7.0600000000000005 3.2664477628327416e-40
7.07 2.868719831621378e-40
7.08 2.519419892758646e-40
7.09 2.212651276036406e-40
7.1000000000000005 1.943235299291338e-40
7.11 1.7066238450264823e-40
7.12 1.4988225818433473e-40
7.13 1.3163235345564383e-40
7.140000000000001 1.1560458646787511e-40
7.15 1.0152838615706908e-40
7.16 8.91661266270221e-41
7.17 7.830911569269111e-41
7.18 6.877407186500772e-41
7.19 6.040003030368406e-41
7.2 5.304562550617558e-41
7.21 4.658670486080527e-41
7.22 4.091423277749979e-41
7.23 3.5932450014935494e-41
7.24 3.15572571309684e-41
7.25 2.7714794766739305e-41
7.26 2.43401967976711e-41
7.2700000000000005 2.1376495302802612e-41
7.28 1.8773658866820557e-41
7.29 1.6487747979975991e-41
7.3 1.448017327787108e-41
7.3100000000000005 1.2717044099158477e-41
7.32 1.1168596363905042e-41
7.33 9.808690114402237e-42
7.34 8.614368236218773e-42
7.3500000000000005 7.565468910085584e-42
7.36 6.644285252263035e-42
7.37 5.835266397643722e-42
7.38 5.12475497945734e-42
7.390000000000001 4.5007565738690976e-42
7.4 3.9527372173744156e-42
7.41 3.471445578800923e-42
7.42 3.048756783933448e-42
7.43 2.6775352563039934e-42
7.44 2.351514258707554e-42
7.45 2.0651901019365006e-42
7.46 1.8137292348295773e-42
7.47 1.5928866471860663e-42
7.48 1.3989342080721363e-42
7.49 1.2285977297704537e-42
7.5 1.0790016949240812e-42
7.51 9.476207137925961e-43
7.5200000000000005 8.322368921505227e-43
7.53 7.309023901391547e-43
7.54 6.419065400125372e-43
7.55 5.637469676798006e-43
7.5600000000000005 4.95104230534804e-43
7.57 4.3481954342446995e-43
7.58 3.818752167389862e-43
7.59 3.3537747639160272e-43
7.6000000000000005 2.945413756653337e-43
7.61 2.5867754421745482e-43
7.62 2.2718055054650084e-43
7.63 1.995186814639965e-43
7.640000000000001 1.7522496603415448e-43
7.65 1.538892924531037e-43
7.66 1.3515148478956577e-43
7.67 1.186952227127212e-43
7.68 1.0424270156379503e-43
7.69 9.154994262590069e-44
7.7 8.040267442298251e-44
7.71 7.061271551839522e-44
7.72 6.201479774976931e-44
7.73 5.446377627189348e-44
7.74 4.78321793092666e-44
7.75 4.200805625471408e-44
7.76 3.6893087786977535e-44
7.7700000000000005 3.2400926103427397e-44
7.78 2.8455737248708315e-44
7.79 2.4990920931790405e-44
7.8 2.1947986220154933e-44
7.8100000000000005 1.92755641312652e-44
7.82 1.6928540452486892e-44
7.83 1.4867294150247998e-44
7.84 1.3057028511724227e-44
7.8500000000000005 1.1467183727789032e-44
7.86 1.007092100080779e-44
7.87 8.844669468295693e-45
7.88 7.767728293879707e-45
7.890000000000001 6.821917208305254e-45
7.9 5.991269601131605e-45
7.91 5.2617629820754655e-45
7.92 4.6210822618148324e-45
7.930000000000001 4.0584118561030825e-45
7.94 3.5642531036203155e-45
7.95 3.13026391532013e-45
7.96 2.749117948330543e-45
7.97 2.4143809270664052e-45
7.98 2.1204020236824955e-45
7.99 1.862218464217167e-45
8.0 1.635471750045199e-45
8.01 1.4363340803412754e-45
8.02 1.2614437334626982e-45
8.03 1.1078483163988223e-45
8.040000000000001 9.729549242585884e-46
8.05 8.544863684192974e-46
8.06 7.504427344060012e-46
8.07 6.590676205455897e-46
8.08 5.788184874565398e-46
8.09 5.083406178324027e-46
8.1 4.4644424692400884e-46
8.11 3.920844776508787e-46
8.120000000000001 3.4434364128098475e-46
8.13 3.0241580590249902e-46
8.14 2.6559317116888567e-46
8.15 2.332541196417739e-46
8.16 2.048527230214874e-46
8.17 1.7990952611583928e-46
8.18 1.5800345296767561e-46
8.19 1.3876469850536828e-46
8.2 1.2186848571736818e-46
8.21 1.0702958296320145e-46
8.22 9.399748886552862e-47
8.23 8.255220349744779e-47
8.24 7.250051447686203e-47
8.25 6.367273527195744e-47
8.26 5.591984065584317e-47
8.27 4.911095095284908e-47
8.28 4.3131122607037685e-47
8.290000000000001 3.7879407774638957e-47
8.3 3.3267150183642474e-47
8.31 2.9216488492251024e-47
8.32 2.565904188082642e-47
8.33 2.2534755688269475e-47
8.34 1.9790887605567828e-47
8.35 1.7381117312050913e-47
8.36 1.5264764523763964e-47
8.370000000000001 1.3406102253530257e-47
8.38 1.1773753689572028e-47
8.39 1.034016251115849e-47
8.4 9.081127699474908e-48
8.41 7.975394990666338e-48
8.42 7.004298074216545e-48
8.43 6.151443479588043e-48
8.44 5.4024338315725233e-48
8.45 4.7446248025145413e-48
8.46 4.166911658422466e-48
8.47 3.659541795569483e-48
8.48 3.2139501029378746e-48
8.49 2.82261437119802e-48
8.5 2.4789283073221712e-48
8.51 2.1770900111427443e-48
8.52 1.912004031184562e-48
8.53 1.6791953463362188e-48
8.540000000000001 1.4747338212515482e-48
8.55 1.2951678601828359e-48
8.56 1.137466139229784e-48
8.57 9.989664333638294e-49
8.58 8.773306743560473e-49
8.59 7.705054809241175e-49
8.6 6.76687494791927e-49
8.61 5.9429293748640346e-49
8.620000000000001 5.2193087394767514e-49
8.63 4.583797316050453e-49
8.64 4.025666785279645e-49
8.65 3.535495125266002e-49
8.66 3.105007554645679e-49
8.67 2.7269368427375526e-49
8.68 2.3949006285519366e-49
8.69 2.103293677634494e-49
8.700000000000001 1.8471932578897697e-49
8.71 1.6222760369968745e-49
8.72 1.4247450985290318e-49
8.73 1.2512658447080369e-49
8.74 1.0989097037423432e-49
8.75 9.651046914501826e-50
8.76 8.475919925788006e-50
8.77 7.443878288522287e-50
8.78 6.53749970026777e-50
8.790000000000001 5.741483226142973e-50
8.8 5.04239099769777e-50
8.81 4.4284213629487585e-50
8.82 3.8892096580322313e-50
8.83 3.4156532372201886e-50
8.84 2.999757807563337e-50
8.85 2.634502474074511e-50
8.86 2.313721217227992e-50
8.870000000000001 2.0319988019489624e-50
8.88 1.78457936089158e-50
8.89 1.567286108764269e-50
8.9 1.3764508323677053e-50
8.91 1.208851966039269e-50
8.92 1.0616602071309213e-50
8.93 9.323907534337885e-51
8.94 8.188613562508907e-51
8.950000000000001 7.191554809950673e-51
8.96 6.315899534118369e-51
8.97 5.546865452500226e-51
8.98 4.871470197069144e-51
8.99 4.278312153801412e-51
9.0 3.7573779875276554e-51
9.01 3.299873602867758e-51
9.02 2.898075687633567e-51
9.03 2.5452013325460797e-51
9.040000000000001 2.2352935262653273e-51
9.05 1.9631205927295193e-51
9.06 1.7240878731651872e-51
9.07 1.5141601618382132e-51
9.08 1.3297935861522216e-51
9.09 1.1678757811358657e-51
9.1 1.025673348380535e-51
9.11 9.007857124624729e-52
9.120000000000001 7.911045958810067e-52
9.13 6.947784283935705e-52
9.14 6.101810899271457e-52
9.15 5.3588445940317974e-52
9.16 4.706343060617002e-52
9.17 4.133291162965697e-52
9.18 3.630014985692651e-52
9.19 3.1880185249031694e-52
9.200000000000001 2.7998402637960958e-52
9.21 2.4589272118523857e-52
9.22 2.1595242812139826e-52
9.23 1.8965771327731073e-52
9.24 1.6656468518778564e-52
9.25 1.462835013260956e-52
9.26 1.2847178701834038e-52
9.27 1.1282885568135824e-52
9.28 9.90906328137805e-53
9.290000000000001 8.702519805009227e-53
9.3 7.642887002135032e-53
9.31 6.712276792956233e-53
9.32 5.894979179029188e-53
9.33 5.177197036578427e-53
9.34 4.546813201801827e-53
9.35 3.993185916242888e-53
9.36 3.5069691790640537e-53
9.370000000000001 3.079954973515629e-53
9.38 2.704934704163973e-53
9.39 2.3755775057448626e-53
9.4 2.086323369327027e-53
9.41 1.832289281605768e-53
9.42 1.609186792826979e-53
9.43 1.4132496217734045e-53
9.44 1.2411700756839478e-53
9.450000000000001 1.090043211786015e-53
9.46 9.573177978094982e-54
9.47 8.407532436271183e-54
9.48 7.383817769678548e-54
9.49 6.484752246760424e-54
9.5 5.695158387379118e-54
9.51 5.001706745780241e-54
9.52 4.3926908909545314e-54
9.53 3.8578297857534423e-54
9.540000000000001 3.3880942286407904e-54
9.55 2.9755544281763296e-54
9.56 2.6132461370744816e-54
9.57 2.2950530859958495e-54
9.58 2.0156037323892046e-54
9.59 1.770180581360503e-54
9.6 1.554640547778434e-54
9.61 1.3653450152183193e-54
9.620000000000001 1.1990984110412765e-54
9.63 1.0530942606706804e-54
9.64 9.248678103863877e-55
9.65 8.122544188439013e-55
9.66 7.133530149090308e-55
9.67 6.2649400492531134e-55
9.68 5.502110876441924e-55
9.69 4.8321650101455605e-55
9.700000000000001 4.243792829630167e-55
9.71 3.7270617917657626e-55
9.72 3.27324875584244e-55
9.73 2.874692724787965e-55
9.74 2.5246655168503922e-55
9.75 2.217258184505094e-55
9.76 1.9472812631782085e-55
9.77 1.710177165845616e-55
9.78 1.5019432446067173e-55
9.790000000000001 1.3190642204044789e-55
9.8 1.1584528402116151e-55
9.81 1.0173977598928888e-55
9.82 8.935177729341034e-56
9.83 7.847216123546133e-56
9.84 6.891726472035488e-56
9.85 6.052578776674769e-56
9.86 5.315607053835089e-56
9.870000000000001 4.668370192829371e-56
9.88 4.099941932610562e-56
9.89 3.6007264112424987e-56
9.9 3.162296174366527e-56
9.91 2.777249908015846e-56
9.92 2.439087494111428e-56
9.93 2.1421002794023637e-56
9.94 1.8812747054353626e-56
9.950000000000001 1.6522076726950573e-56
9.96 1.4510322101422433e-56
9.97 1.2743521953482827e-56
9.98 1.1191850232117439e-56
9.99 9.8291125542347e-57
