0.0 165.59210054181474
0.01 66.50116208709353
0.02 29.642295957753063
0.03 14.259073588830034
0.04 7.224879062403398
0.05 3.7828309583578044
0.06 2.0197910897021187
0.07 1.0906625815561173
0.08 0.5926951321394484
0.09 0.3232258723953768
0.1 0.17661526898708535
0.11 0.09660880481260266
0.12 0.052876324133799855
0.13 0.028949846518416256
0.14 0.015852883534198083
0.15 0.008681853664920585
0.16 0.004754882253057465
0.17 0.0026042323725504967
0.18 0.0014263517349746072
0.19 0.0007812271624693416
0.2 0.0004278880084838761
0.21 0.0002343602949653122
0.22 0.00012836262224335464
0.23 7.030617435513007e-05
0.24 3.850778518909292e-05
0.25 2.1091317852944653e-05
0.26 1.1552047050427265e-05
0.27 6.327238603101197e-06
0.28 3.4655286391437084e-06
0.29 1.898124878376149e-06
0.3 1.0396330462125042e-06
0.31 5.694234820802738e-07
0.32 3.118822590893499e-07
0.33 1.7082285290617674e-07
0.34 9.356238213349145e-08
0.35000000000000003 5.1245598622125694e-08
0.36 2.8068026049384643e-08
0.37 1.5373302442102734e-08
0.38 8.420201249023142e-09
0.39 4.611877593947504e-09
0.4 2.5259984070599477e-09
0.41000000000000003 1.3835293375830314e-09
0.42 7.577809323312723e-10
0.43 4.150486193597285e-10
0.44 2.273287029047961e-10
0.45 1.2451153130968244e-10
0.46 6.819693787452096e-11
0.47000000000000003 3.735254306603784e-11
0.48 2.045857947563062e-11
0.49 1.1205488028506142e-11
0.5 6.137423280368404e-12
0.51 3.3615639431842926e-12
0.52 1.841181816522635e-12
0.53 1.008444443952011e-12
0.54 5.523409950128546e-13
0.55 3.025259116666931e-13
0.56 1.6569823362039838e-13
0.5700000000000001 9.075554709895266e-14
0.58 4.970825065099733e-14
0.59 2.7225996225754402e-14
0.6 1.4912109373736844e-14
0.61 8.167598501462262e-15
0.62 4.473523068344533e-15
0.63 2.4502194420340135e-15
0.64 1.3420239981780501e-15
0.65 7.350478005311701e-16
0.66 4.0259732299811243e-16
0.67 2.2050893066834401e-16
0.68 1.2077623403552665e-16
0.6900000000000001 6.615105639301206e-17
0.7000000000000001 3.6231981373290954e-17
0.71 1.9844830087599116e-17
0.72 1.0869327767318453e-17
0.73 5.953302980771107e-18
0.74 3.2607183387572248e-18
0.75 1.7859470816535602e-18
0.76 9.78191504784354e-19
0.77 5.357709810451659e-19
0.78 2.934502525590638e-19
0.79 1.6072735137500775e-19
0.8 8.80329161578263e-20
0.81 4.821702255995694e-20
0.8200000000000001 2.6409226980273227e-20
0.8300000000000001 1.4464751920928523e-20
0.84 7.922573738727572e-21
0.85 4.339319124772502e-21
0.86 2.376713816442254e-21
0.87 1.3017638027633321e-21
0.88 7.129966538089603e-22
0.89 3.9051956066349593e-22
0.9 2.1389374893429863e-22
0.91 1.1715299421990089e-22
0.92 6.416655055638843e-23
0.93 3.51450360933768e-23
0.9400000000000001 1.9249492941330882e-23
0.9500000000000001 1.0543252182579986e-23
0.96 5.774706218198855e-24
0.97 3.1628980630475696e-24
0.98 1.732369367242094e-24
0.99 9.488461419673692e-25
1.0 5.196980610201158e-25
1.01 2.8464685967744214e-25
1.02 1.5590559365410685e-25
1.03 8.539196308079246e-26
1.04 4.677053072880103e-26
1.05 2.5616960492922087e-26
1.06 1.4030815016854817e-26
1.07 7.684899623106847e-27
1.08 4.2091412470539045e-27
1.09 2.3054133308885284e-27
1.1 1.2627113974753417e-27
1.11 6.916070328697176e-28
1.12 3.7880412647831683e-28
1.1300000000000001 2.074770200667251e-28
1.1400000000000001 1.1363845018259828e-28
1.1500000000000001 6.224157911921907e-29
1.16 3.40906987470271e-29
1.17 1.86720156767632e-29
1.18 1.0226958737936974e-29
1.19 5.6014672886991565e-30
1.2 3.0680123573761532e-30
1.21 1.680398963322088e-30
1.22 9.203811285652474e-31
1.23 5.041073223137065e-31
1.24 2.761075651414592e-31
1.25 1.5122848678024916e-31
1.26 8.283023756385148e-32
1.27 4.5367433087217886e-32
1.28 2.484846169053363e-32
1.29 1.3609896050298903e-32
1.3 7.454355638059775e-33
1.31 4.08286865478685e-33
1.32 2.2362518320336067e-33
1.33 1.2248305490823255e-33
1.34 6.7085909219851494e-34
1.35 3.674401507397136e-34
1.36 2.012527905572007e-34
1.37 1.1022934109275463e-34
1.3800000000000001 6.03743560727889e-35
1.3900000000000001 3.306799110897924e-35
1.4000000000000001 1.811186250442494e-35
1.41 9.920153973009831e-36
1.42 5.433425459373939e-36
1.43 2.9759731857886996e-36
1.44 1.6299876512070414e-36
1.45 8.927700544396266e-37
1.46 4.889842996748466e-37
1.47 2.678244461039691e-37
1.48 1.4669169128455697e-37
1.49 8.034536281116782e-38
1.5 4.400642782648096e-38
1.51 2.410301755184895e-38
1.52 1.3201604488223323e-38
1.53 7.2307278824559e-39
1.54 3.9603841909341116e-39
1.55 2.169165151112533e-39
1.56 1.188086111335372e-39
1.57 6.507335816381077e-40
1.58 3.5641708983165408e-40
1.59 1.952152855002194e-40
1.6 1.069225039431546e-40
1.61 5.856314898794592e-41
1.62 3.207596430034758e-41
1.6300000000000001 1.756851370832099e-41
1.6400000000000001 9.622553231115597e-42
1.6500000000000001 5.270424819249189e-42
1.6600000000000001 2.886695153375323e-42
1.67 1.5810886587521637e-42
1.68 8.659873017459755e-43
1.69 4.743149618043126e-43
1.7 2.597898174001434e-43
1.71 1.4229099788052518e-43
1.72 7.793503332985039e-44
1.73 4.2686252191616674e-44
1.74 2.337993644596766e-44
1.75 1.2805561513429087e-44
1.76 7.013808872115047e-45
1.77 3.841574213123854e-45
1.78 2.1040910443982356e-45
1.79 1.1524439923592486e-45
1.8 6.3121182852844856e-46
1.81 3.457247164424683e-46
1.82 1.8935890323518624e-46
1.83 1.0371487061556398e-46
1.84 5.680627740773805e-47
1.85 3.11136979082408e-47
1.86 1.7041465163732062e-47
1.87 9.333880395160958e-48
1.8800000000000001 5.1123141346193895e-48
1.8900000000000001 2.800095427040034e-48
1.9000000000000001 1.5336566169587203e-48
1.9100000000000001 8.40008021165072e-49
1.92 4.600856983363783e-49
1.93 2.519962244170945e-49
1.94 1.3802232355860365e-49
1.95 7.559701279089425e-50
1.96 4.1405681309807135e-50
1.97 2.2678547490646254e-50
1.98 1.242139967308512e-50
1.99 6.803397347301636e-51
2.0 3.726328488210976e-51
2.0100000000000002 2.0409691354510965e-51
2.02 1.1178711230216727e-51
2.0300000000000002 6.122757203819853e-52
2.04 3.3535311007583495e-52
2.05 1.8367821014913734e-52
2.06 1.0060346503409623e-52
2.07 5.510211128826324e-53
2.08 3.018029913179501e-53
2.09 1.6530227869483662e-53
2.1 9.053867631457067e-54
2.11 4.9589467087309297e-54
2.12 2.716093658647264e-54
2.13 1.4876475178802898e-54
2.14 8.148081088475953e-55
2.15 4.4628330721097484e-55
2.16 2.44436436177401e-55
2.17 1.338817077979266e-55
2.18 7.332913195428944e-56
2.19 4.016352705394024e-56
2.2 2.199819992984634e-56
2.21 1.2048762537801486e-56
2.22 6.5992980859931e-57
2.23 3.614540090001645e-57
2.24 1.979740859101177e-57
2.25 1.084335426251419e-57
2.2600000000000002 5.939076880787307e-58
2.27 3.2529264784645895e-58
2.2800000000000002 1.78167935635361e-58
2.29 9.758540040397843e-59
2.3000000000000003 5.344906948629711e-59
2.31 2.927490195382288e-59
2.32 1.6034327494245416e-59
2.33 8.782255141221186e-60
2.34 4.810180245675332e-60
2.35 2.634611910474191e-60
2.36 1.4430186737914956e-60
2.37 7.903641840502355e-61
2.38 4.32894982424651e-61
2.39 2.371034386301625e-61
2.4 1.2986530889171039e-61
2.41 7.11292866563807e-62
2.42 3.89586369402523e-62
2.43 2.1338262529956008e-62
2.44 1.1687304370931328e-62
2.45 6.401321722751731e-63
2.46 3.506105300046006e-63
2.47 1.9203494071106316e-63
2.48 1.0518057872768023e-63
2.49 5.760906895654375e-64
2.5 3.155339955518328e-64
2.5100000000000002 1.7282296720330757e-64
2.52 9.465787653315101e-65
2.5300000000000002 5.184561829229793e-65
2.54 2.839666633731589e-65
2.5500000000000003 1.555330393644123e-65
2.56 8.518790919532407e-66
2.57 4.6658767183659026e-66
2.58 2.555574582899062e-66
2.59 1.3997286775822034e-66
2.6 7.66653567442901e-67
2.61 4.1990830214908474e-67
2.62 2.299904281432294e-67
2.63 1.2596940038286589e-67
2.64 6.899543585760076e-68
2.65 3.77898930590443e-68
2.66 2.0698122994125585e-68
2.67 1.1336689807790877e-68
2.68 6.209284573028278e-69
2.69 3.400923511407351e-69
2.7 1.8627396754666822e-69
2.71 1.0202520247572019e-69
2.72 5.588081940437457e-70
2.73 3.060680990118636e-70
2.74 1.6763834573513742e-70
2.75 9.181817723422717e-71
2.7600000000000002 5.0290270007410615e-71
2.77 2.7544777446044572e-71
2.7800000000000002 1.5086710897362924e-71
2.79 8.263230521519438e-72
2.8000000000000003 4.5259022404746673e-72
2.81 2.478908344259486e-72
2.82 1.3577373643392393e-72
2.83 7.436542600664609e-73
2.84 4.07311217205948e-73
2.85 2.2309080519078776e-73
2.86 1.2219036760656938e-73
2.87 6.692559974876585e-74
2.88 3.665621103746747e-74
2.89 2.007718739417187e-74
2.9 1.0996593544507112e-74
2.91 6.023008462738907e-75
2.92 3.298897135317415e-75
2.93 1.8068582132552135e-75
2.94 9.89644862780417e-76
2.95 5.420441666328501e-76
2.96 2.968861756683524e-76
2.97 1.6260926088459638e-76
2.98 8.906366780437085e-77
2.99 4.878158156316001e-77
3.0 2.6718444888551044e-77
3.0100000000000002 1.4634115467089311e-77
3.02 8.015336835560738e-78
3.0300000000000002 4.39012694221109e-78
3.04 2.4045420628139974e-78
3.0500000000000003 1.3170057740812422e-78
3.06 7.213449229220464e-79
3.0700000000000003 3.950920398875069e-79
3.08 2.1639816823019265e-79
3.09 1.1852470433652865e-79
3.1 6.491785791420156e-80
3.11 3.555653903343888e-80
3.12 1.9474879619523254e-80
3.13 1.066670003619479e-80
3.14 5.842320562951956e-81
3.15 3.19993151063322e-81
3.16 1.752653173068847e-81
3.17 9.599559037000866e-82
3.18 5.257830534920394e-82
3.19 2.879797064363797e-82
3.2 1.5773104661395628e-82
3.21 8.639179258081162e-83
3.22 4.731815318256547e-83
3.23 2.591690198480915e-83
3.24 1.4195097722826388e-83
3.25 7.774879863291676e-84
3.2600000000000002 4.258424849827712e-84
3.27 2.332406740745784e-84
3.2800000000000002 1.2774961156110274e-84
3.29 6.997048571723303e-85
3.3000000000000003 3.832394331127711e-85
3.31 2.0990630776260154e-85
3.3200000000000003 1.149690095318566e-85
3.33 6.29703475499457e-86
3.34 3.448985675972292e-86
3.35 1.8890640842702417e-86
3.36 1.0346703204193125e-86
3.37 5.6670532295366755e-87
3.38 3.1039348160087076e-87
3.39 1.7000742629019598e-87
3.4 9.31157601788251e-88
3.41 5.10009767389805e-88
3.42 2.793404278002693e-88
3.43 1.5299917686477888e-88
3.44 8.380007256965321e-89
3.45 4.589862708140848e-89
3.46 2.5139405054896876e-89
3.47 1.3769250339301102e-89
3.48 7.541636506207763e-90
3.49 4.1306737687398985e-90
3.5 2.2624354501455625e-90
3.5100000000000002 1.2391717314525884e-90
3.52 6.787139849370775e-91
3.5300000000000002 3.717423999086703e-91
3.54 2.0360920057168604e-91
3.5500000000000003 1.1151998418158645e-91
3.56 6.1081261735434045e-92
3.5700000000000003 3.3455174537305245e-92
3.58 1.8323929000835712e-92
3.59 1.0036306152080326e-92
3.6 5.497043847620703e-93
3.61 3.010817984702669e-93
3.62 1.6490726994896387e-93
3.63 9.032232376779165e-94
3.64 4.94709673705628e-94
3.65 2.7096032414658445e-94
3.66 1.4840926135862785e-94
3.67 8.128610314585707e-95
3.68 4.4521686208462594e-95
3.69 2.438523272899627e-95
3.7 1.3356178210839328e-95
3.71 7.315390358673318e-96
3.72 4.006755170153275e-96
3.73 2.194563270914977e-96
3.74 1.201997063839767e-96
3.75 6.583528306646106e-97
3.7600000000000002 3.6059027320708306e-97
3.77 1.9750100413527678e-97
3.7800000000000002 1.081744282437683e-97
3.79 5.924884775700607e-98
3.8000000000000003 3.245153237715414e-98
3.81 1.7774218292725968e-98
3.8200000000000003 9.735220890212105e-99
3.83 5.332134680713822e-99
3.84 2.920494621940977e-99
3.85 1.5996011630456598e-99
3.86 8.761268935727599e-100
3.87 4.798685768519422e-100
3.88 2.628316203271357e-100
3.89 1.4395704152368689e-100
3.9 7.884755182218661e-101
3.91 4.3186053023528424e-101
3.92 2.3653685278104808e-101
3.93 1.2955498084781632e-101
3.94 7.0959315071363025e-102
3.95 3.886554081090502e-102
3.96 2.1287272305335016e-102
3.97 1.1659376217256299e-102
3.98 6.386025030621339e-103
3.99 3.497727059477199e-103
4.0 1.915760512045633e-103
4.01 1.0492923767647883e-103
4.0200000000000005 5.747140548173124e-104
4.03 3.147799908953365e-104
4.04 1.7240998691004363e-104
4.05 9.443168068520905e-105
4.0600000000000005 5.1721727243593355e-105
4.07 2.832880924759214e-105
4.08 1.5516137533590306e-105
4.09 8.498434292001162e-106
4.1 4.654727071032183e-106
4.11 2.549467744451632e-106
4.12 1.3963838654364627e-106
4.13 7.648215608511748e-107
4.14 4.1890488312109495e-107
4.15 2.294408396481316e-107
4.16 1.2566838205900036e-107
4.17 6.883056335370016e-108
4.18 3.76995897771908e-108
4.19 2.0648662456313084e-108
4.2 1.1309599487810367e-108
4.21 6.194446775683257e-109
4.22 3.3927966147810664e-109
4.23 1.8582884454600094e-109
4.24 1.017814015578152e-109
4.25 5.574728578000221e-110
4.26 3.053367142003764e-110
4.2700000000000005 1.672377546892532e-110
4.28 9.159876717331213e-111
4.29 5.017009564174573e-111
4.3 2.7478956042492114e-111
4.3100000000000005 1.50506594720706e-111
4.32 8.243484584857263e-112
4.33 4.515087078202987e-112
4.34 2.47298470857862e-112
4.3500000000000005 1.3544928952505106e-112
4.36 7.418772129564461e-113
4.37 4.063379003565996e-113
4.38 2.2255770413574228e-113
4.39 1.2189837971477358e-113
4.4 6.676567335554176e-114
4.41 3.656861681877345e-114
4.42 2.0029210653162073e-114
4.43 1.0970315923537756e-114
4.44 6.008615793514534e-115
4.45 3.2910140424134254e-115
4.46 1.8025405184090268e-115
4.47 9.872799929238701e-116
4.48 5.407488899545059e-116
4.49 2.9617673211533935e-116
4.5 1.622206874135267e-116
4.51 8.885083995952675e-117
4.5200000000000005 4.866501238149211e-117
4.53 2.6654598101376565e-117
4.54 1.4599145570465452e-117
4.55 7.996183269281178e-118
4.5600000000000005 4.379636230580449e-118
4.57 2.3987961338883017e-118
4.58 1.3138586377971482e-118
4.59 7.196211865307926e-119
4.6000000000000005 3.94147922163229e-119
4.61 2.158810599984235e-119
4.62 1.1824147596735309e-119
4.63 6.47627292502651e-120
4.64 3.5471572607070456e-120
4.65 1.9428342161992033e-120
4.66 1.0641210733583897e-120
4.67 5.828359668179265e-121
4.68 3.1922849074353307e-121
4.69 1.7484650073804231e-121
4.7 9.576619790149254e-122
4.71 5.24526634607786e-122
4.72 2.8729154591267077e-122
4.73 1.5735413019513115e-122
4.74 8.618534948812654e-123
4.75 4.7205081030789155e-123
4.76 2.585497057629684e-123
4.7700000000000005 1.416117690943325e-123
4.78 7.756300896514104e-124
4.79 4.248248855445812e-124
4.8 2.3268331874421927e-124
4.8100000000000005 1.274443392185397e-124
4.82 6.980328321990515e-125
4.83 3.8232363855120167e-125
4.84 2.094047125756795e-125
4.8500000000000005 1.1469427790305963e-125
4.86 6.281987268529521e-126
4.87 3.440743929293638e-126
4.88 1.8845499490708476e-126
4.89 1.0321978570698345e-126
4.9 5.653511156150544e-127
4.91 3.096517607918076e-127
4.92 1.696011740547243e-127
4.93 9.289324939470367e-128
4.94 5.08791040580993e-128
4.95 2.786729118233038e-128
4.96 1.5263356779120925e-128
4.97 8.359982268906507e-129
4.98 4.578894704998989e-129
4.99 2.5079331564433303e-129
5.0 1.3736347137052571e-129
5.01 7.523614901172348e-130
5.0200000000000005 4.120803050211931e-130
5.03 2.257029101262461e-130
5.04 1.2362105885365333e-130
5.05 6.77092120059524e-131
5.0600000000000005 3.708540788260094e-131
5.07 2.0312265304432303e-131
5.08 1.112534943942776e-131
5.09 6.093530105791164e-132
5.1000000000000005 3.3375229562309405e-132
5.11 1.8280141871758074e-132
5.12 1.001232324792619e-132
5.13 5.483908031143077e-133
5.14 3.0036232899556532e-133
5.15 1.645132051217678e-133
5.16 9.010648822022547e-134
5.17 4.935275082247686e-134
5.18 2.703128333880368e-134
5.19 1.4805462041436266e-134
5.2 8.109186068341653e-135
5.21 4.44152965351206e-135
5.22 2.4326961419766856e-135
5.23 1.332426209179689e-135
5.24 7.297909394744592e-136
5.25 3.997180569323286e-136
5.26 2.189319110385419e-136
5.2700000000000005 1.1991247540538298e-136
5.28 6.567796210994585e-137
5.29 3.597286014097114e-137
5.3 1.9702905284357292e-137
5.3100000000000005 1.0791593304592106e-137
5.32 5.910726584275721e-138
5.33 3.2373985720161655e-138
5.34 1.7731744760405936e-138
5.3500000000000005 9.711957463808864e-139
5.36 5.319392933596385e-139
5.37 2.913515765224322e-139
5.38 1.5957787326817446e-139
5.39 8.740332879177987e-140
5.4 4.7872187587344535e-140
5.41 2.622035540382724e-140
5.42 1.4361303966913815e-140
5.43 7.865913655769951e-141
5.44 4.308285499880056e-141
5.45 2.359716208537624e-141
5.46 1.292453943683677e-141
5.47 7.078974965293398e-142
5.48 3.8772667145431765e-142
5.49 2.123640392770087e-142
5.5 1.1631514801106603e-142
5.51 6.3707648916908295e-143
5.5200000000000005 3.4893688396748474e-143
5.53 1.911182582671373e-143
5.54 1.046784972335281e-143
5.55 5.733407096957574e-144
5.5600000000000005 3.140277880194179e-144
5.57 1.7199799348053136e-144
5.58 9.420602535817508e-145
5.59 5.1598132246755955e-145
5.6000000000000005 2.8261114310163693e-145
5.61 1.5479059944120348e-145
5.62 8.478126308965174e-146
5.63 4.6436040670587455e-146
5.64 2.5433754989948593e-146
5.65 1.3930470461027673e-146
5.66 7.629939320492284e-147
5.67 4.179038618778966e-147
5.68 2.2889256445776293e-147
5.69 1.2536808305292966e-147
5.7 6.866608483154733e-148
5.71 3.7609502285383074e-148
5.72 2.059932011012664e-148
5.73 1.1282573903254874e-148
5.74 6.179644434955705e-149
5.75 3.384689138305778e-149
5.76 1.8538478521777975e-149
5.7700000000000005 1.0153818323015386e-149
5.78 5.561407124953253e-150
5.79 3.046070771167366e-150
5.8 1.6683812090160805e-150
5.8100000000000005 9.137988141789173e-151
5.82 5.005020844650345e-151
5.83 2.741329192672637e-151
5.84 1.5014694195793372e-151
5.8500000000000005 8.223785833374735e-152
5.86 4.504297760001449e-152
5.87 2.4670752281043228e-152
5.88 1.351256179192744e-152
5.89 7.401044123042708e-153
5.9 4.053669093594476e-153
5.91 2.220258769867784e-153
5.92 1.21607089561513e-153
5.93 6.660612912476704e-154
5.94 3.6481231916508195e-154
5.95 1.9981348558075166e-154
5.96 1.0944101095956278e-154
5.97 5.9942575172238215e-155
5.98 3.28314978706368e-155
5.99 1.7982331411896222e-155
6.0 9.849207741949352e-156
6.01 5.394567084883113e-156
6.0200000000000005 2.954689838590298e-156
6.03 1.6183304248329541e-156
6.04 8.863852069121739e-157
6.05 4.854872175525192e-157
6.0600000000000005 2.6590903883420453e-157
6.07 1.4564259238418671e-157
6.08 7.977075472643858e-158
6.09 4.369170587708197e-158
6.1000000000000005 2.3930639355185107e-158
6.11 1.3107190219559685e-158
6.12 7.179015692052418e-159
6.13 3.932060605164793e-159
6.140000000000001 2.153651874560638e-159
6.15 1.1795892440483948e-159
6.16 6.460797128405565e-160
6.17 3.538680921771873e-160
6.18 1.9381915911051915e-160
6.19 1.0615782340583783e-160
6.2 5.8144321345650025e-161
6.21 3.1846565766723296e-161
6.22 1.74428684979416e-161
6.23 9.553735359257571e-162
6.24 5.232732180804978e-162
6.25 2.8660502982742687e-162
6.26 1.569781144613135e-162
6.2700000000000005 8.597939971488136e-163
6.28 4.709227907788126e-163
6.29 2.5793187159984498e-163
6.3 1.4127337153713338e-163
6.3100000000000005 7.737766326307613e-164
6.32 4.2380971777689845e-164
6.33 2.3212729527829326e-164
6.34 1.2713979635923321e-164
6.3500000000000005 6.963648027211543e-165
6.36 3.8141003238572765e-165
6.37 2.0890431600796148e-165
6.38 1.1442020277699255e-165
6.390000000000001 6.266975739758485e-166
6.4 3.432521877213541e-166
6.41 1.8800466009149778e-166
6.42 1.0297313019549544e-166
6.43 5.640001443101127e-167
6.44 3.0891181240962532e-167
6.45 1.6919589260554369e-167
6.46 9.267127032561052e-168
6.47 5.075752260596539e-168
6.48 2.7800699095229213e-168
6.49 1.522688323824315e-168
6.5 8.340005132852168e-169
6.51 4.5679529111583135e-169
6.5200000000000005 2.501940162646226e-169
6.53 1.3703522560777196e-169
6.54 7.505636360827384e-170
6.55 4.110955918897855e-170
6.5600000000000005 2.251635671469886e-170
6.57 1.233256521610954e-170
6.58 6.754741308140136e-171
6.59 3.6996788048843733e-171
6.6000000000000005 2.026372681780563e-171
6.61 1.1098764141486382e-171
6.62 6.078968917015996e-172
6.63 3.329547562499843e-172
6.640000000000001 1.8236459377043742e-172
6.65 9.988397653671311e-173
6.66 5.470803604204865e-173
6.67 2.9964457877565637e-173
6.68 1.6412008195766758e-173
6.69 8.989116843644444e-174
6.7 4.9234816766384e-174
6.71 2.6966688988287986e-174
6.72 1.477008269252997e-174
6.73 8.089808238560873e-175
6.74 4.4309161092094935e-175
6.75 2.4268829356511305e-175
6.76 1.3292422239981037e-175
6.7700000000000005 7.280470203583472e-176
6.78 3.98762884809965e-176
6.79 2.1840874813785972e-176
6.8 1.1962593079814875e-176
6.8100000000000005 6.552101708989217e-177
6.82 3.5886898867587497e-177
6.83 1.965582293335814e-177
6.84 1.0765805555198098e-177
6.8500000000000005 5.896602225472562e-178
6.86 3.229662436979631e-178
6.87 1.7689372723460727e-178
6.88 9.688749628030855e-179
6.890000000000001 5.306681634344449e-179
6.9 2.906553585285876e-179
6.91 1.5919654364533578e-179
6.92 8.719446851735446e-180
6.93 4.775779150684261e-180
6.94 2.6157698858578812e-180
6.95 1.4326985984645857e-180
6.96 7.847117153308762e-181
6.97 4.2979903577587493e-181
6.98 2.3540773961297423e-181
6.99 1.2893654768130044e-181
7.0 7.062058943050996e-182
7.01 3.8680015412231755e-182
7.0200000000000005 2.1185657105886862e-182
7.03 1.1603719963004614e-182
7.04 6.355541218611056e-183
7.05 3.481030592796834e-183
7.0600000000000005 1.9066155927842397e-183
7.07 1.044283559636147e-183
7.08 5.719706463397998e-184
7.09 3.1327738261852483e-184
7.1000000000000005 1.7158698455655153e-184
7.11 9.398090926041515e-185
7.12 5.147483259433002e-185
7.13 2.8193581137550662e-185
7.140000000000001 1.544207095580071e-185
7.15 8.457866854182115e-186
7.16 4.632507642778619e-186
7.17 2.5372978116569726e-186
7.18 1.3897182004815349e-186
7.19 7.611706705758311e-187
7.2 4.1690523268972e-187
7.21 2.2834559943380518e-187
7.22 1.2506850164576862e-187
7.23 6.850199934967969e-188
7.24 3.7519630067963974e-188
7.25 2.055009567313263e-188
7.26 1.1255612899432963e-188
7.2700000000000005 6.164877466118497e-189
7.28 3.376601035575099e-189
7.29 1.849417870202268e-189
7.3 1.0129554610057582e-189
7.3100000000000005 5.548117505045569e-190
7.32 3.0387918358455665e-190
7.33 1.6643944208470452e-190
7.34 9.116151871508301e-191
7.3500000000000005 4.993060773545575e-191
7.36 2.7347784722894805e-191
7.37 1.4978814862666166e-191
7.38 8.204134154317688e-192
7.390000000000001 4.493534224112687e-192
7.4 2.4611798690111056e-192
7.41 1.3480271976389918e-192
7.42 7.383358479624528e-193
7.43 4.043982386566248e-193
7.44 2.2149532069975786e-193
7.45 1.2131649547946147e-193
7.46 6.644696614322253e-194
7.47 3.6394055830487146e-194
7.48 1.9933600834951577e-194
7.49 1.0917948911710685e-194
7.5 5.979933551680055e-195
7.51 3.2753043242538687e-195
7.5200000000000005 1.793936056941899e-195
7.53 9.825671930896238e-196
7.54 5.381676148378405e-196
7.55 2.9476292684831786e-196
7.5600000000000005 1.6144632387507532e-196
7.57 8.842670878414077e-197
7.58 4.84327090187924e-197
7.59 2.6527361870101835e-197
7.6000000000000005 1.4529456271261833e-197
7.61 7.958013336277202e-198
7.62 4.358729953689163e-198
7.63 2.387345434894023e-198
7.640000000000001 1.3075869085867798e-198
7.65 7.161860611023936e-199
7.66 3.922664495561136e-199
7.67 2.1485054765029796e-199
7.68 1.1767704803168404e-199
7.69 6.44535831297486e-200
7.7 3.5302248380203504e-200
7.71 1.9335600600959826e-200
7.72 1.0590414711644568e-200
7.73 5.8005378823890216e-201
7.74 3.1770464746802298e-201
7.75 1.7401186763942515e-201
7.76 9.530905613337071e-202
7.7700000000000005 5.220227967356984e-202
7.78 2.8592015425107366e-202
7.79 1.566029972601908e-202
7.8 8.577394208223516e-203
7.8100000000000005 4.6979746678171916e-203
7.82 2.5731551382228544e-203
7.83 1.4093578261968446e-203
7.84 7.719276046581952e-204
7.8500000000000005 4.227969758689797e-204
7.86 2.3157260049419693e-204
7.87 1.2683598124000313e-204
7.88 6.947007591909635e-205
7.890000000000001 3.8049860938692547e-205
7.9 2.0840511519520966e-205
7.91 1.141467825848538e-205
7.92 6.252000082756787e-206
7.930000000000001 3.424319472669499e-206
7.94 1.875554014025809e-206
7.95 1.027270640956297e-206
7.96 5.6265240130598516e-207
7.97 3.0817363221896797e-207
7.98 1.68791579622849e-207
7.99 9.244982170095148e-208
8.0 5.063623168664708e-208
8.01 2.773426613755614e-208
8.02 1.519049685507365e-208
8.03 8.320075734455166e-209
8.040000000000001 4.5570372639879126e-209
8.05 2.495961489794862e-209
8.06 1.3670776422589194e-209
8.07 7.48770078226613e-210
8.08 4.101132318432738e-210
8.09 2.246255129896253e-210
8.1 1.2303095137670293e-210
8.11 6.738600079393365e-211
8.120000000000001 3.6908379982334816e-211
8.13 2.021530431945742e-211
8.14 1.1072242372162285e-211
8.15 6.064442523870764e-212
8.16 3.32159122688602e-212
8.17 1.819288126666055e-212
8.18 9.964529232367398e-213
8.19 5.4577304917974796e-213
8.2 2.9892854370220076e-213
8.21 1.6372789820641852e-213
8.22 8.96763631839719e-214
8.23 4.911716452723864e-214
8.24 2.6902248993378236e-214
8.25 1.4734787886633082e-214
8.26 8.070476714325911e-215
8.27 4.4203279271883236e-215
8.28 2.421083620648679e-215
8.290000000000001 1.3260658473139835e-215
8.3 7.263072685368927e-216
8.31 3.9780999518089286e-216
8.32 2.1788683539490616e-216
8.33 1.1934007092209733e-216
8.34 6.536444710796044e-217
8.35 3.58011430085236e-217
8.36 1.9608853091034417e-217
8.370000000000001 1.0740079428587069e-217
8.38 5.882511618444041e-218
8.39 3.2219447883246705e-218
8.4 1.76471019393555e-218
8.41 9.66559725003653e-219
8.42 5.294000710199654e-219
8.43 2.89960804227473e-219
8.44 1.5881612525335708e-219
8.45 8.69861073385043e-220
8.46 4.7643668788884454e-220
8.47 2.6095192038329944e-220
8.48 1.4292750009130892e-220
8.49 7.828365567245116e-221
8.5 4.2877198170595747e-221
8.51 2.348452058310566e-221
8.52 1.2862843901880655e-221
8.53 7.045183343583064e-222
8.540000000000001 3.858758508096582e-222
8.55 2.113503154942019e-222
8.56 1.1575991543854786e-222
8.57 6.3403539242437745e-223
8.58 3.472712271115865e-223
8.59 1.9020595162431284e-223
8.6 1.0417881243495481e-223
8.61 5.706038569073336e-224
8.620000000000001 3.125287703973134e-224
8.63 1.7117695778551533e-224
8.64 9.375633110337368e-225
8.65 5.1351827580559135e-225
8.66 2.812620934319267e-225
8.67 1.5405170356910106e-225
8.68 8.437655811689848e-226
8.69 4.621437734676977e-226
8.700000000000001 2.531234647649607e-226
8.71 1.3863973095184685e-226
8.72 7.593517659947508e-227
8.73 4.1590898984045206e-227
8.74 2.2779994144547844e-227
8.75 1.2476963612271104e-227
8.76 6.833830596888627e-228
8.77 3.7429972610511705e-228
8.78 2.0500988863576433e-228
8.790000000000001 1.1228716322019327e-228
8.8 6.150145784646624e-229
8.81 3.368532260293148e-229
8.82 1.844998474176437e-229
8.83 1.0105348878023007e-229
8.84 5.53485964220823e-230
8.85 3.0315302943743804e-230
8.86 1.6604171595654026e-230
8.870000000000001 9.094367781497633e-231
8.88 4.981129282402143e-231
8.89 2.728243405603837e-231
8.9 1.494302126731882e-231
8.91 8.184529435200694e-232
8.92 4.4827964089271594e-232
8.93 2.4552985975543113e-232
8.94 1.344805932106922e-232
8.950000000000001 7.365715098078011e-233
8.96 4.034318827034528e-233
8.97 2.209660322377977e-233
8.98 1.210265958052977e-233
8.99 6.628818349986954e-234
9.0 3.630708806171786e-234
9.01 1.9885967210487525e-234
9.02 1.0891859221107537e-234
9.03 5.96564381489445e-235
9.040000000000001 3.2674776090763194e-235
9.05 1.7896492410696207e-235
9.06 9.80219236136132e-236
9.07 5.368816016244345e-236
9.08 2.9405855704177826e-236
9.09 1.6106052937532287e-236
9.1 8.821540302590414e-237
9.11 4.831697350807232e-237
9.120000000000001 2.646397169770574e-237
9.13 1.449473646978414e-237
9.14 7.938996751070755e-238
9.15 4.348314268761829e-238
9.16 2.3816405992822347e-238
9.17 1.3044622797615652e-238
9.18 7.144746524029519e-239
9.19 3.913290839038807e-239
9.200000000000001 2.1433713763533625e-239
9.21 1.173958452344244e-239
9.22 6.429956390363228e-240
9.23 3.521788961050391e-240
9.24 1.9289395966609874e-240
9.25 1.0565107701562351e-240
9.26 5.786676832121507e-241
9.27 3.1694545578994724e-241
9.28 1.7359604633227373e-241
9.290000000000001 9.508130421711744e-242
9.3 5.20775363416056e-242
9.31 2.8523691526344327e-242
9.32 1.5622877644462525e-242
9.33 8.556897541414694e-243
9.34 4.686748318753548e-243
9.35 2.567006289022972e-243
9.36 1.405990004096644e-243
9.370000000000001 7.70082995149818e-244
9.38 4.2178665402395474e-244
9.39 2.310192312168797e-244
9.4 1.2653289212183823e-244
9.41 6.9304069208352145e-245
9.42 3.795893643378683e-245
9.43 2.0790710728004203e-245
9.44 1.1387401576161019e-245
9.450000000000001 6.237060211803656e-246
9.46 3.416136668711279e-246
9.47 1.8710721626880605e-246
9.48 1.024815859989138e-246
9.49 5.613078788883086e-247
9.5 3.074372159944869e-247
9.51 1.6838823279239775e-247
9.52 9.222890225317413e-248
9.53 5.051523060588577e-248
9.540000000000001 2.7667991929048417e-248
9.55 1.5154197421335631e-248
9.56 8.300193959639477e-249
9.57 4.546147701008099e-249
9.58 2.4899971036678376e-249
9.59 1.36381085350541e-249
9.6 7.469808062826911e-250
9.61 4.091332192587382e-250
9.620000000000001 2.2408874457434295e-250
9.63 1.2273695481360654e-250
9.64 6.722497421962035e-251
9.65 3.682018317704048e-251
9.66 2.0166997532220365e-251
9.67 1.104578397964718e-251
9.68 6.049950843207316e-252
9.69 3.31365390384886e-252
9.700000000000001 1.8149407291166025e-252
9.71 9.940717847392004e-253
9.72 5.444688619090325e-253
9.73 2.9821421967659156e-253
9.74 1.633366516232232e-253
9.75 8.946207123327634e-254
9.76 4.899979343160962e-254
9.77 2.6837962985223966e-254
9.78 1.469957742172206e-254
9.790000000000001 8.051191384983895e-255
9.8 4.409765046841716e-255
9.81 2.415298163774007e-255
9.82 1.3228970609463293e-255
9.83 7.245716740519098e-256
9.84 3.968593825908323e-256
9.85 2.1736616982229857e-256
9.86 1.1905489414099192e-256
9.870000000000001 6.520825126794292e-257
9.88 3.5715592072910246e-257
9.89 1.9561995488533738e-257
9.9 1.0714414777506146e-257
9.91 5.868454682537084e-258
9.92 3.214245581876136e-258
9.93 1.7604932166134986e-258
9.94 9.642500197304252e-259
9.950000000000001 5.281350088575993e-259
9.96 2.892679096434547e-259
9.97 1.584366159147117e-259
9.98 8.677824406256854e-260
9.99 4.7529818780247084e-260
