0.0 0.15500347286245914
0.01 0.2509110278566459
0.02 0.31382790865920884
0.03 0.3569180652003493
0.04 0.3873351224874859
0.05 0.4092313809169523
0.06 0.42518275199635464
0.07 0.4368841908766147
0.08 0.4455018475046557
0.09 0.45186237773767524
0.1 0.45656267962647834
0.11 0.4600384354661518
0.12 0.46260961686790647
0.13 0.4645120260703267
0.14 0.4659197687398433
0.15 0.46696153186132294
0.16 0.4677324870410996
0.17 0.4683030416210912
0.18 0.4687252915606987
0.19 0.4690377874945741
0.2 0.46926905810462244
0.21 0.4694402161166273
0.22 0.46956688630349475
0.23 0.4696606320998406
0.24 0.4697300113035695
0.25 0.46978135733515947
0.26 0.46981935741344666
0.27 0.46984748044397223
0.28 0.46986829368701744
0.29 0.46988369711558536
0.3 0.4698950968581847
0.31 0.46990353355987585
0.32 0.4699097773794149
0.33 0.4699143982945438
0.34 0.46991781813339545
0.35000000000000003 0.4699203490818005
0.36 0.4699222221817062
0.37 0.46992360842223563
0.38 0.46992463434872234
0.39 0.4699253936146173
0.4 0.469925955530804
0.41000000000000003 0.46992637139276094
0.42 0.4699266791631568
0.43 0.4699269069373375
0.44 0.4699270755080582
0.45 0.46992720026358475
0.46 0.46992729259243854
0.47000000000000003 0.4699273609230165
0.48 0.46992741149299216
0.49 0.469927448918732
0.5 0.4699274766167087
0.51 0.4699274971153792
0.52 0.4699275122859997
0.53 0.4699275235134462
0.54 0.46992753182263536
0.55 0.46992753797208564
0.56 0.4699275425231602
0.5700000000000001 0.4699275458913115
0.58 0.46992754838400713
0.59 0.469927550228797
0.6 0.4699275515940859
0.61 0.4699275526045065
0.62 0.4699275533522968
0.63 0.4699275539057202
0.64 0.4699275543152968
0.65 0.46992755461841557
0.66 0.4699275548427472
0.67 0.4699275550087701
0.68 0.4699275551316401
0.6900000000000001 0.46992755522257346
0.7000000000000001 0.46992755528987135
0.71 0.46992755533967695
0.72 0.4699275553765371
0.73 0.4699275554038165
0.74 0.4699275554240053
0.75 0.46992755543894665
0.76 0.4699275554500044
0.77 0.46992755545818804
0.78 0.4699275554642446
0.79 0.4699275554687269
0.8 0.4699275554720441
0.81 0.4699275554744991
0.8200000000000001 0.46992755547631604
0.8300000000000001 0.4699275554776607
0.84 0.4699275554786558
0.85 0.46992755547939224
0.86 0.4699275554799373
0.87 0.4699275554803407
0.88 0.46992755548063925
0.89 0.4699275554808602
0.9 0.46992755548102366
0.91 0.4699275554811447
0.92 0.4699275554812342
0.93 0.4699275554813005
0.9400000000000001 0.4699275554813495
0.9500000000000001 0.4699275554813858
0.96 0.4699275554814127
0.97 0.4699275554814326
0.98 0.46992755548144727
0.99 0.46992755548145815
1.0 0.4699275554814662
1.01 0.46992755548147214
1.02 0.4699275554814766
1.03 0.46992755548147985
1.04 0.46992755548148224
1.05 0.469927555481484
1.06 0.4699275554814854
1.07 0.46992755548148635
1.08 0.46992755548148707
1.09 0.4699275554814877
1.1 0.46992755548148807
1.11 0.46992755548148835
1.12 0.46992755548148857
1.1300000000000001 0.46992755548148873
1.1400000000000001 0.46992755548148885
1.1500000000000001 0.46992755548148896
1.16 0.469927555481489
1.17 0.46992755548148907
1.18 0.4699275554814891
1.19 0.4699275554814891
1.2 0.4699275554814891
1.21 0.4699275554814891
1.22 0.4699275554814891
1.23 0.4699275554814891
1.24 0.4699275554814891
1.25 0.4699275554814891
1.26 0.4699275554814891
1.27 0.4699275554814891
1.28 0.4699275554814891
1.29 0.4699275554814891
1.3 0.4699275554814891
1.31 0.4699275554814891
1.32 0.4699275554814891
1.33 0.4699275554814891
1.34 0.4699275554814891
1.35 0.4699275554814891
1.36 0.4699275554814891
1.37 0.4699275554814891
1.3800000000000001 0.4699275554814891
1.3900000000000001 0.4699275554814891
1.4000000000000001 0.4699275554814891
1.41 0.4699275554814891
1.42 0.4699275554814891
1.43 0.4699275554814891
1.44 0.4699275554814891
1.45 0.4699275554814891
1.46 0.4699275554814891
1.47 0.4699275554814891
1.48 0.4699275554814891
1.49 0.4699275554814891
1.5 0.4699275554814891
1.51 0.4699275554814891
1.52 0.4699275554814891
1.53 0.4699275554814891
1.54 0.4699275554814891
1.55 0.4699275554814891
1.56 0.4699275554814891
1.57 0.4699275554814891
1.58 0.4699275554814891
1.59 0.4699275554814891
1.6 0.4699275554814891
1.61 0.4699275554814891
1.62 0.4699275554814891
1.6300000000000001 0.4699275554814891
1.6400000000000001 0.4699275554814891
1.6500000000000001 0.4699275554814891
1.6600000000000001 0.4699275554814891
1.67 0.4699275554814891
1.68 0.4699275554814891
1.69 0.4699275554814891
1.7 0.4699275554814891
1.71 0.4699275554814891
1.72 0.4699275554814891
1.73 0.4699275554814891
1.74 0.4699275554814891
1.75 0.4699275554814891
1.76 0.4699275554814891
1.77 0.4699275554814891
1.78 0.4699275554814891
1.79 0.4699275554814891
1.8 0.4699275554814891
1.81 0.4699275554814891
1.82 0.4699275554814891
1.83 0.4699275554814891
1.84 0.4699275554814891
1.85 0.4699275554814891
1.86 0.4699275554814891
1.87 0.4699275554814891
1.8800000000000001 0.4699275554814891
1.8900000000000001 0.4699275554814891
1.9000000000000001 0.4699275554814891
1.9100000000000001 0.4699275554814891
1.92 0.4699275554814891
1.93 0.4699275554814891
1.94 0.4699275554814891
1.95 0.4699275554814891
1.96 0.4699275554814891
1.97 0.4699275554814891
1.98 0.4699275554814891
1.99 0.4699275554814891
2.0 0.4699275554814891
2.0100000000000002 0.4699275554814891
2.02 0.4699275554814891
2.0300000000000002 0.4699275554814891
2.04 0.4699275554814891
2.05 0.4699275554814891
2.06 0.4699275554814891
2.07 0.4699275554814891
2.08 0.4699275554814891
2.09 0.4699275554814891
2.1 0.4699275554814891
2.11 0.4699275554814891
2.12 0.4699275554814891
2.13 0.4699275554814891
2.14 0.4699275554814891
2.15 0.4699275554814891
2.16 0.4699275554814891
2.17 0.4699275554814891
2.18 0.4699275554814891
2.19 0.4699275554814891
2.2 0.4699275554814891
2.21 0.4699275554814891
2.22 0.4699275554814891
2.23 0.4699275554814891
2.24 0.4699275554814891
2.25 0.4699275554814891
2.2600000000000002 0.4699275554814891
2.27 0.4699275554814891
2.2800000000000002 0.4699275554814891
2.29 0.4699275554814891
2.3000000000000003 0.4699275554814891
2.31 0.4699275554814891
2.32 0.4699275554814891
2.33 0.4699275554814891
2.34 0.4699275554814891
2.35 0.4699275554814891
2.36 0.4699275554814891
2.37 0.4699275554814891
2.38 0.4699275554814891
2.39 0.4699275554814891
2.4 0.4699275554814891
2.41 0.4699275554814891
2.42 0.4699275554814891
2.43 0.4699275554814891
2.44 0.4699275554814891
2.45 0.4699275554814891
2.46 0.4699275554814891
2.47 0.4699275554814891
2.48 0.4699275554814891
2.49 0.4699275554814891
2.5 0.4699275554814891
2.5100000000000002 0.4699275554814891
2.52 0.4699275554814891
2.5300000000000002 0.4699275554814891
2.54 0.4699275554814891
2.5500000000000003 0.4699275554814891
2.56 0.4699275554814891
2.57 0.4699275554814891
2.58 0.4699275554814891
2.59 0.4699275554814891
2.6 0.4699275554814891
2.61 0.4699275554814891
2.62 0.4699275554814891
2.63 0.4699275554814891
2.64 0.4699275554814891
2.65 0.4699275554814891
2.66 0.4699275554814891
2.67 0.4699275554814891
2.68 0.4699275554814891
2.69 0.4699275554814891
2.7 0.4699275554814891
2.71 0.4699275554814891
2.72 0.4699275554814891
2.73 0.4699275554814891
2.74 0.4699275554814891
2.75 0.4699275554814891
2.7600000000000002 0.4699275554814891
2.77 0.4699275554814891
2.7800000000000002 0.4699275554814891
2.79 0.4699275554814891
2.8000000000000003 0.4699275554814891
2.81 0.4699275554814891
2.82 0.4699275554814891
2.83 0.4699275554814891
2.84 0.4699275554814891
2.85 0.4699275554814891
2.86 0.4699275554814891
2.87 0.4699275554814891
2.88 0.4699275554814891
2.89 0.4699275554814891
2.9 0.4699275554814891
2.91 0.4699275554814891
2.92 0.4699275554814891
2.93 0.4699275554814891
2.94 0.4699275554814891
2.95 0.4699275554814891
2.96 0.4699275554814891
2.97 0.4699275554814891
2.98 0.4699275554814891
2.99 0.4699275554814891
3.0 0.4699275554814891
3.0100000000000002 0.4699275554814891
3.02 0.4699275554814891
3.0300000000000002 0.4699275554814891
3.04 0.4699275554814891
3.0500000000000003 0.4699275554814891
3.06 0.4699275554814891
3.0700000000000003 0.4699275554814891
3.08 0.4699275554814891
3.09 0.4699275554814891
3.1 0.4699275554814891
3.11 0.4699275554814891
3.12 0.4699275554814891
3.13 0.4699275554814891
3.14 0.4699275554814891
3.15 0.4699275554814891
3.16 0.4699275554814891
3.17 0.4699275554814891
3.18 0.4699275554814891
3.19 0.4699275554814891
3.2 0.4699275554814891
3.21 0.4699275554814891
3.22 0.4699275554814891
3.23 0.4699275554814891
3.24 0.4699275554814891
3.25 0.4699275554814891
3.2600000000000002 0.4699275554814891
3.27 0.4699275554814891
3.2800000000000002 0.4699275554814891
3.29 0.4699275554814891
3.3000000000000003 0.4699275554814891
3.31 0.4699275554814891
3.3200000000000003 0.4699275554814891
3.33 0.4699275554814891
3.34 0.4699275554814891
3.35 0.4699275554814891
3.36 0.4699275554814891
3.37 0.4699275554814891
3.38 0.4699275554814891
3.39 0.4699275554814891
3.4 0.4699275554814891
3.41 0.4699275554814891
3.42 0.4699275554814891
3.43 0.4699275554814891
3.44 0.4699275554814891
3.45 0.4699275554814891
3.46 0.4699275554814891
3.47 0.4699275554814891
3.48 0.4699275554814891
3.49 0.4699275554814891
3.5 0.4699275554814891
3.5100000000000002 0.4699275554814891
3.52 0.4699275554814891
3.5300000000000002 0.4699275554814891
3.54 0.4699275554814891
3.5500000000000003 0.4699275554814891
3.56 0.4699275554814891
3.5700000000000003 0.4699275554814891
3.58 0.4699275554814891
3.59 0.4699275554814891
3.6 0.4699275554814891
3.61 0.4699275554814891
3.62 0.4699275554814891
3.63 0.4699275554814891
3.64 0.4699275554814891
3.65 0.4699275554814891
3.66 0.4699275554814891
3.67 0.4699275554814891
3.68 0.4699275554814891
3.69 0.4699275554814891
3.7 0.4699275554814891
3.71 0.4699275554814891
3.72 0.4699275554814891
3.73 0.4699275554814891
3.74 0.4699275554814891
3.75 0.4699275554814891
3.7600000000000002 0.4699275554814891
3.77 0.4699275554814891
3.7800000000000002 0.4699275554814891
3.79 0.4699275554814891
3.8000000000000003 0.4699275554814891
3.81 0.4699275554814891
3.8200000000000003 0.4699275554814891
3.83 0.4699275554814891
3.84 0.4699275554814891
3.85 0.4699275554814891
3.86 0.4699275554814891
3.87 0.4699275554814891
3.88 0.4699275554814891
3.89 0.4699275554814891
3.9 0.4699275554814891
3.91 0.4699275554814891
3.92 0.4699275554814891
3.93 0.4699275554814891
3.94 0.4699275554814891
3.95 0.4699275554814891
3.96 0.4699275554814891
3.97 0.4699275554814891
3.98 0.4699275554814891
3.99 0.4699275554814891
4.0 0.4699275554814891
4.01 0.4699275554814891
4.0200000000000005 0.4699275554814891
4.03 0.4699275554814891
4.04 0.4699275554814891
4.05 0.4699275554814891
4.0600000000000005 0.4699275554814891
4.07 0.4699275554814891
4.08 0.4699275554814891
4.09 0.4699275554814891
4.1 0.4699275554814891
4.11 0.4699275554814891
4.12 0.4699275554814891
4.13 0.4699275554814891
4.14 0.4699275554814891
4.15 0.4699275554814891
4.16 0.4699275554814891
4.17 0.4699275554814891
4.18 0.4699275554814891
4.19 0.4699275554814891
4.2 0.4699275554814891
4.21 0.4699275554814891
4.22 0.4699275554814891
4.23 0.4699275554814891
4.24 0.4699275554814891
4.25 0.4699275554814891
4.26 0.4699275554814891
4.2700000000000005 0.4699275554814891
4.28 0.4699275554814891
4.29 0.4699275554814891
4.3 0.4699275554814891
4.3100000000000005 0.4699275554814891
4.32 0.4699275554814891
4.33 0.4699275554814891
4.34 0.4699275554814891
4.3500000000000005 0.4699275554814891
4.36 0.4699275554814891
4.37 0.4699275554814891
4.38 0.4699275554814891
4.39 0.4699275554814891
4.4 0.4699275554814891
4.41 0.4699275554814891
4.42 0.4699275554814891
4.43 0.4699275554814891
4.44 0.4699275554814891
4.45 0.4699275554814891
4.46 0.4699275554814891
4.47 0.4699275554814891
4.48 0.4699275554814891
4.49 0.4699275554814891
4.5 0.4699275554814891
4.51 0.4699275554814891
4.5200000000000005 0.4699275554814891
4.53 0.4699275554814891
4.54 0.4699275554814891
4.55 0.4699275554814891
4.5600000000000005 0.4699275554814891
4.57 0.4699275554814891
4.58 0.4699275554814891
4.59 0.4699275554814891
4.6000000000000005 0.4699275554814891
4.61 0.4699275554814891
4.62 0.4699275554814891
4.63 0.4699275554814891
4.64 0.4699275554814891
4.65 0.4699275554814891
4.66 0.4699275554814891
4.67 0.4699275554814891
4.68 0.4699275554814891
4.69 0.4699275554814891
4.7 0.4699275554814891
4.71 0.4699275554814891
4.72 0.4699275554814891
4.73 0.4699275554814891
4.74 0.4699275554814891
4.75 0.4699275554814891
4.76 0.4699275554814891
4.7700000000000005 0.4699275554814891
4.78 0.4699275554814891
4.79 0.4699275554814891
4.8 0.4699275554814891
4.8100000000000005 0.4699275554814891
4.82 0.4699275554814891
4.83 0.4699275554814891
4.84 0.4699275554814891
4.8500000000000005 0.4699275554814891
4.86 0.4699275554814891
4.87 0.4699275554814891
4.88 0.4699275554814891
4.89 0.4699275554814891
4.9 0.4699275554814891
4.91 0.4699275554814891
4.92 0.4699275554814891
4.93 0.4699275554814891
4.94 0.4699275554814891
4.95 0.4699275554814891
4.96 0.4699275554814891
4.97 0.4699275554814891
4.98 0.4699275554814891
4.99 0.4699275554814891
5.0 0.4699275554814891
5.01 0.4699275554814891
5.0200000000000005 0.4699275554814891
5.03 0.4699275554814891
5.04 0.4699275554814891
5.05 0.4699275554814891
5.0600000000000005 0.4699275554814891
5.07 0.4699275554814891
5.08 0.4699275554814891
5.09 0.4699275554814891
5.1000000000000005 0.4699275554814891
5.11 0.4699275554814891
5.12 0.4699275554814891
5.13 0.4699275554814891
5.14 0.4699275554814891
5.15 0.4699275554814891
5.16 0.4699275554814891
5.17 0.4699275554814891
5.18 0.4699275554814891
5.19 0.4699275554814891
5.2 0.4699275554814891
5.21 0.4699275554814891
5.22 0.4699275554814891
5.23 0.4699275554814891
5.24 0.4699275554814891
5.25 0.4699275554814891
5.26 0.4699275554814891
5.2700000000000005 0.4699275554814891
5.28 0.4699275554814891
5.29 0.4699275554814891
5.3 0.4699275554814891
5.3100000000000005 0.4699275554814891
5.32 0.4699275554814891
5.33 0.4699275554814891
5.34 0.4699275554814891
5.3500000000000005 0.4699275554814891
5.36 0.4699275554814891
5.37 0.4699275554814891
5.38 0.4699275554814891
5.39 0.4699275554814891
5.4 0.4699275554814891
5.41 0.4699275554814891
5.42 0.4699275554814891
5.43 0.4699275554814891
5.44 0.4699275554814891
5.45 0.4699275554814891
5.46 0.4699275554814891
5.47 0.4699275554814891
5.48 0.4699275554814891
5.49 0.4699275554814891
5.5 0.4699275554814891
5.51 0.4699275554814891
5.5200000000000005 0.4699275554814891
5.53 0.4699275554814891
5.54 0.4699275554814891
5.55 0.4699275554814891
5.5600000000000005 0.4699275554814891
5.57 0.4699275554814891
5.58 0.4699275554814891
5.59 0.4699275554814891
5.6000000000000005 0.4699275554814891
5.61 0.4699275554814891
5.62 0.4699275554814891
5.63 0.4699275554814891
5.64 0.4699275554814891
5.65 0.4699275554814891
5.66 0.4699275554814891
5.67 0.4699275554814891
5.68 0.4699275554814891
5.69 0.4699275554814891
5.7 0.4699275554814891
5.71 0.4699275554814891
5.72 0.4699275554814891
5.73 0.4699275554814891
5.74 0.4699275554814891
5.75 0.4699275554814891
5.76 0.4699275554814891
5.7700000000000005 0.4699275554814891
5.78 0.4699275554814891
5.79 0.4699275554814891
5.8 0.4699275554814891
5.8100000000000005 0.4699275554814891
5.82 0.4699275554814891
5.83 0.4699275554814891
5.84 0.4699275554814891
5.8500000000000005 0.4699275554814891
5.86 0.4699275554814891
5.87 0.4699275554814891
5.88 0.4699275554814891
5.89 0.4699275554814891
5.9 0.4699275554814891
5.91 0.4699275554814891
5.92 0.4699275554814891
5.93 0.4699275554814891
5.94 0.4699275554814891
5.95 0.4699275554814891
5.96 0.4699275554814891
5.97 0.4699275554814891
5.98 0.4699275554814891
5.99 0.4699275554814891
6.0 0.4699275554814891
6.01 0.4699275554814891
6.0200000000000005 0.4699275554814891
6.03 0.4699275554814891
6.04 0.4699275554814891
6.05 0.4699275554814891
6.0600000000000005 0.4699275554814891
6.07 0.4699275554814891
6.08 0.4699275554814891
6.09 0.4699275554814891
6.1000000000000005 0.4699275554814891
6.11 0.4699275554814891
6.12 0.4699275554814891
6.13 0.4699275554814891
6.140000000000001 0.4699275554814891
6.15 0.4699275554814891
6.16 0.4699275554814891
6.17 0.4699275554814891
6.18 0.4699275554814891
6.19 0.4699275554814891
6.2 0.4699275554814891
6.21 0.4699275554814891
6.22 0.4699275554814891
6.23 0.4699275554814891
6.24 0.4699275554814891
6.25 0.4699275554814891
6.26 0.4699275554814891
6.2700000000000005 0.4699275554814891
6.28 0.4699275554814891
6.29 0.4699275554814891
6.3 0.4699275554814891
6.3100000000000005 0.4699275554814891
6.32 0.4699275554814891
6.33 0.4699275554814891
6.34 0.4699275554814891
6.3500000000000005 0.4699275554814891
6.36 0.4699275554814891
6.37 0.4699275554814891
6.38 0.4699275554814891
6.390000000000001 0.4699275554814891
6.4 0.4699275554814891
6.41 0.4699275554814891
6.42 0.4699275554814891
6.43 0.4699275554814891
6.44 0.4699275554814891
6.45 0.4699275554814891
6.46 0.4699275554814891
6.47 0.4699275554814891
6.48 0.4699275554814891
6.49 0.4699275554814891
6.5 0.4699275554814891
6.51 0.4699275554814891
6.5200000000000005 0.4699275554814891
6.53 0.4699275554814891
6.54 0.4699275554814891
6.55 0.4699275554814891
6.5600000000000005 0.4699275554814891
6.57 0.4699275554814891
6.58 0.4699275554814891
6.59 0.4699275554814891
6.6000000000000005 0.4699275554814891
6.61 0.4699275554814891
6.62 0.4699275554814891
6.63 0.4699275554814891
6.640000000000001 0.4699275554814891
6.65 0.4699275554814891
6.66 0.4699275554814891
6.67 0.4699275554814891
6.68 0.4699275554814891
6.69 0.4699275554814891
6.7 0.4699275554814891
6.71 0.4699275554814891
6.72 0.4699275554814891
6.73 0.4699275554814891
6.74 0.4699275554814891
6.75 0.4699275554814891
6.76 0.4699275554814891
6.7700000000000005 0.4699275554814891
6.78 0.4699275554814891
6.79 0.4699275554814891
6.8 0.4699275554814891
6.8100000000000005 0.4699275554814891
6.82 0.4699275554814891
6.83 0.4699275554814891
6.84 0.4699275554814891
6.8500000000000005 0.4699275554814891
6.86 0.4699275554814891
6.87 0.4699275554814891
6.88 0.4699275554814891
6.890000000000001 0.4699275554814891
6.9 0.4699275554814891
6.91 0.4699275554814891
6.92 0.4699275554814891
6.93 0.4699275554814891
6.94 0.4699275554814891
6.95 0.4699275554814891
6.96 0.4699275554814891
6.97 0.4699275554814891
6.98 0.4699275554814891
6.99 0.4699275554814891
7.0 0.4699275554814891
7.01 0.4699275554814891
7.0200000000000005 0.4699275554814891
7.03 0.4699275554814891
7.04 0.4699275554814891
7.05 0.4699275554814891
7.0600000000000005 0.4699275554814891
7.07 0.4699275554814891
7.08 0.4699275554814891
7.09 0.4699275554814891
7.1000000000000005 0.4699275554814891
7.11 0.4699275554814891
7.12 0.4699275554814891
7.13 0.4699275554814891
7.140000000000001 0.4699275554814891
7.15 0.4699275554814891
7.16 0.4699275554814891
7.17 0.4699275554814891
7.18 0.4699275554814891
7.19 0.4699275554814891
7.2 0.4699275554814891
7.21 0.4699275554814891
7.22 0.4699275554814891
7.23 0.4699275554814891
7.24 0.4699275554814891
7.25 0.4699275554814891
7.26 0.4699275554814891
7.2700000000000005 0.4699275554814891
7.28 0.4699275554814891
7.29 0.4699275554814891
7.3 0.4699275554814891
7.3100000000000005 0.4699275554814891
7.32 0.4699275554814891
7.33 0.4699275554814891
7.34 0.4699275554814891
7.3500000000000005 0.4699275554814891
7.36 0.4699275554814891
7.37 0.4699275554814891
7.38 0.4699275554814891
7.390000000000001 0.4699275554814891
7.4 0.4699275554814891
7.41 0.4699275554814891
7.42 0.4699275554814891
7.43 0.4699275554814891
7.44 0.4699275554814891
7.45 0.4699275554814891
7.46 0.4699275554814891
7.47 0.4699275554814891
7.48 0.4699275554814891
7.49 0.4699275554814891
7.5 0.4699275554814891
7.51 0.4699275554814891
7.5200000000000005 0.4699275554814891
7.53 0.4699275554814891
7.54 0.4699275554814891
7.55 0.4699275554814891
7.5600000000000005 0.4699275554814891
7.57 0.4699275554814891
7.58 0.4699275554814891
7.59 0.4699275554814891
7.6000000000000005 0.4699275554814891
7.61 0.4699275554814891
7.62 0.4699275554814891
7.63 0.4699275554814891
7.640000000000001 0.4699275554814891
7.65 0.4699275554814891
7.66 0.4699275554814891
7.67 0.4699275554814891
7.68 0.4699275554814891
7.69 0.4699275554814891
7.7 0.4699275554814891
7.71 0.4699275554814891
7.72 0.4699275554814891
7.73 0.4699275554814891
7.74 0.4699275554814891
7.75 0.4699275554814891
7.76 0.4699275554814891
7.7700000000000005 0.4699275554814891
7.78 0.4699275554814891
7.79 0.4699275554814891
7.8 0.4699275554814891
7.8100000000000005 0.4699275554814891
7.82 0.4699275554814891
7.83 0.4699275554814891
7.84 0.4699275554814891
7.8500000000000005 0.4699275554814891
7.86 0.4699275554814891
7.87 0.4699275554814891
7.88 0.4699275554814891
7.890000000000001 0.4699275554814891
7.9 0.4699275554814891
7.91 0.4699275554814891
7.92 0.4699275554814891
7.930000000000001 0.4699275554814891
7.94 0.4699275554814891
7.95 0.4699275554814891
7.96 0.4699275554814891
7.97 0.4699275554814891
7.98 0.4699275554814891
7.99 0.4699275554814891
8.0 0.4699275554814891
8.01 0.4699275554814891
8.02 0.4699275554814891
8.03 0.4699275554814891
8.040000000000001 0.4699275554814891
8.05 0.4699275554814891
8.06 0.4699275554814891
8.07 0.4699275554814891
8.08 0.4699275554814891
8.09 0.4699275554814891
8.1 0.4699275554814891
8.11 0.4699275554814891
8.120000000000001 0.4699275554814891
8.13 0.4699275554814891
8.14 0.4699275554814891
8.15 0.4699275554814891
8.16 0.4699275554814891
8.17 0.4699275554814891
8.18 0.4699275554814891
8.19 0.4699275554814891
8.2 0.4699275554814891
8.21 0.4699275554814891
8.22 0.4699275554814891
8.23 0.4699275554814891
8.24 0.4699275554814891
8.25 0.4699275554814891
8.26 0.4699275554814891
8.27 0.4699275554814891
8.28 0.4699275554814891
8.290000000000001 0.4699275554814891
8.3 0.4699275554814891
8.31 0.4699275554814891
8.32 0.4699275554814891
8.33 0.4699275554814891
8.34 0.4699275554814891
8.35 0.4699275554814891
8.36 0.4699275554814891
8.370000000000001 0.4699275554814891
8.38 0.4699275554814891
8.39 0.4699275554814891
8.4 0.4699275554814891
8.41 0.4699275554814891
8.42 0.4699275554814891
8.43 0.4699275554814891
8.44 0.4699275554814891
8.45 0.4699275554814891
8.46 0.4699275554814891
8.47 0.4699275554814891
8.48 0.4699275554814891
8.49 0.4699275554814891
8.5 0.4699275554814891
8.51 0.4699275554814891
8.52 0.4699275554814891
8.53 0.4699275554814891
8.540000000000001 0.4699275554814891
8.55 0.4699275554814891
8.56 0.4699275554814891
8.57 0.4699275554814891
8.58 0.4699275554814891
8.59 0.4699275554814891
8.6 0.4699275554814891
8.61 0.4699275554814891
8.620000000000001 0.4699275554814891
8.63 0.4699275554814891
8.64 0.4699275554814891
8.65 0.4699275554814891
8.66 0.4699275554814891
8.67 0.4699275554814891
8.68 0.4699275554814891
8.69 0.4699275554814891
8.700000000000001 0.4699275554814891
8.71 0.4699275554814891
8.72 0.4699275554814891
8.73 0.4699275554814891
8.74 0.4699275554814891
8.75 0.4699275554814891
8.76 0.4699275554814891
8.77 0.4699275554814891
8.78 0.4699275554814891
8.790000000000001 0.4699275554814891
8.8 0.4699275554814891
8.81 0.4699275554814891
8.82 0.4699275554814891
8.83 0.4699275554814891
8.84 0.4699275554814891
8.85 0.4699275554814891
8.86 0.4699275554814891
8.870000000000001 0.4699275554814891
8.88 0.4699275554814891
8.89 0.4699275554814891
8.9 0.4699275554814891
8.91 0.4699275554814891
8.92 0.4699275554814891
8.93 0.4699275554814891
8.94 0.4699275554814891
8.950000000000001 0.4699275554814891
8.96 0.4699275554814891
8.97 0.4699275554814891
8.98 0.4699275554814891
8.99 0.4699275554814891
9.0 0.4699275554814891
9.01 0.4699275554814891
9.02 0.4699275554814891
9.03 0.4699275554814891
9.040000000000001 0.4699275554814891
9.05 0.4699275554814891
9.06 0.4699275554814891
9.07 0.4699275554814891
9.08 0.4699275554814891
9.09 0.4699275554814891
9.1 0.4699275554814891
9.11 0.4699275554814891
9.120000000000001 0.4699275554814891
9.13 0.4699275554814891
9.14 0.4699275554814891
9.15 0.4699275554814891
9.16 0.4699275554814891
9.17 0.4699275554814891
9.18 0.4699275554814891
9.19 0.4699275554814891
9.200000000000001 0.4699275554814891
9.21 0.4699275554814891
9.22 0.4699275554814891
9.23 0.4699275554814891
9.24 0.4699275554814891
9.25 0.4699275554814891
9.26 0.4699275554814891
9.27 0.4699275554814891
9.28 0.4699275554814891
9.290000000000001 0.4699275554814891
9.3 0.4699275554814891
9.31 0.4699275554814891
9.32 0.4699275554814891
9.33 0.4699275554814891
9.34 0.4699275554814891
9.35 0.4699275554814891
9.36 0.4699275554814891
9.370000000000001 0.4699275554814891
9.38 0.4699275554814891
9.39 0.4699275554814891
9.4 0.4699275554814891
9.41 0.4699275554814891
9.42 0.4699275554814891
9.43 0.4699275554814891
9.44 0.4699275554814891
9.450000000000001 0.4699275554814891
9.46 0.4699275554814891
9.47 0.4699275554814891
9.48 0.4699275554814891
9.49 0.4699275554814891
9.5 0.4699275554814891
9.51 0.4699275554814891
9.52 0.4699275554814891
9.53 0.4699275554814891
9.540000000000001 0.4699275554814891
9.55 0.4699275554814891
9.56 0.4699275554814891
9.57 0.4699275554814891
9.58 0.4699275554814891
9.59 0.4699275554814891
9.6 0.4699275554814891
9.61 0.4699275554814891
9.620000000000001 0.4699275554814891
9.63 0.4699275554814891
9.64 0.4699275554814891
9.65 0.4699275554814891
9.66 0.4699275554814891
9.67 0.4699275554814891
9.68 0.4699275554814891
9.69 0.4699275554814891
9.700000000000001 0.4699275554814891
9.71 0.4699275554814891
9.72 0.4699275554814891
9.73 0.4699275554814891
9.74 0.4699275554814891
9.75 0.4699275554814891
9.76 0.4699275554814891
9.77 0.4699275554814891
9.78 0.4699275554814891
9.790000000000001 0.4699275554814891
9.8 0.4699275554814891
9.81 0.4699275554814891
9.82 0.4699275554814891
9.83 0.4699275554814891
9.84 0.4699275554814891
9.85 0.4699275554814891
9.86 0.4699275554814891
9.870000000000001 0.4699275554814891
9.88 0.4699275554814891
9.89 0.4699275554814891
9.9 0.4699275554814891
9.91 0.4699275554814891
9.92 0.4699275554814891
9.93 0.4699275554814891
9.94 0.4699275554814891
9.950000000000001 0.4699275554814891
9.96 0.4699275554814891
9.97 0.4699275554814891
9.98 0.4699275554814891
9.99 0.4699275554814891
