0.0 0.17839133253819475
0.01 0.2950374025918208
0.02 0.3755674840556522
0.03 0.4328742635323542
0.04 0.4743654420922757
0.05 0.5047005258925402
0.06 0.5270004730803369
0.07 0.5434432678447817
0.08 0.555587542254948
0.09 0.5645652535553964
0.1 0.5712054085846494
0.11 0.5761179998107884
0.12 0.5797530357552436
0.13 0.5824429768723433
0.14 0.5844336343928808
0.15 0.5859068323982232
0.16 0.5869970962416123
0.17 0.5878039695271543
0.18 0.5884011159544011
0.19 0.5888430498490003
0.2 0.5891701150337927
0.21 0.5894121686717301
0.22 0.5895913072285258
0.23 0.5897238837486191
0.24 0.5898220007365708
0.25 0.5898946149815334
0.26 0.5899483552038542
0.27 0.5899881271735128
0.28 0.5900175615434858
0.29 0.590039345280823
0.3 0.590055466951313
0.31 0.5900673982492252
0.32 0.5900762283434816
0.33 0.5900827633043206
0.34 0.590087599686803
0.35000000000000003 0.590091178988362
0.36 0.5900938279516518
0.37 0.5900957883918091
0.38 0.5900972392709605
0.39 0.5900983130350865
0.4 0.5900991077045787
0.41000000000000003 0.5900996958221982
0.42 0.5901001310752662
0.43 0.5901004531966018
0.44 0.5901006915916012
0.45 0.5901008680225588
0.46 0.590100998595276
0.47000000000000003 0.590101095229306
0.48 0.5901011667460514
0.49 0.5901012196740403
0.5 0.5901012588448945
0.51 0.5901012878343924
0.52 0.5901013092888896
0.53 0.5901013251668968
0.54 0.5901013369178648
0.55 0.5901013456145008
0.56 0.5901013520506921
0.5700000000000001 0.5901013568139775
0.58 0.5901013603391814
0.59 0.5901013629481082
0.6 0.5901013648789182
0.61 0.5901013663078688
0.62 0.590101367365404
0.63 0.5901013681480628
0.64 0.5901013687272917
0.65 0.5901013691559662
0.66 0.590101369473219
0.67 0.590101369708011
0.68 0.5901013698817753
0.6900000000000001 0.5901013700103745
0.7000000000000001 0.590101370105548
0.71 0.5901013701759839
0.72 0.5901013702281118
0.73 0.5901013702666907
0.74 0.5901013702952421
0.75 0.5901013703163723
0.76 0.5901013703320104
0.77 0.5901013703435838
0.78 0.5901013703521489
0.79 0.5901013703584879
0.8 0.5901013703631791
0.81 0.5901013703666511
0.8200000000000001 0.5901013703692205
0.8300000000000001 0.5901013703711222
0.84 0.5901013703725295
0.85 0.5901013703735711
0.86 0.590101370374342
0.87 0.5901013703749124
0.88 0.5901013703753346
0.89 0.590101370375647
0.9 0.5901013703758783
0.91 0.5901013703760495
0.92 0.5901013703761762
0.93 0.5901013703762699
0.9400000000000001 0.5901013703763391
0.9500000000000001 0.5901013703763905
0.96 0.5901013703764286
0.97 0.5901013703764567
0.98 0.5901013703764776
0.99 0.5901013703764929
1.0 0.5901013703765043
1.01 0.5901013703765128
1.02 0.590101370376519
1.03 0.5901013703765237
1.04 0.5901013703765271
1.05 0.5901013703765297
1.06 0.5901013703765314
1.07 0.5901013703765329
1.08 0.5901013703765339
1.09 0.5901013703765347
1.1 0.5901013703765352
1.11 0.5901013703765356
1.12 0.590101370376536
1.1300000000000001 0.5901013703765362
1.1400000000000001 0.5901013703765363
1.1500000000000001 0.5901013703765364
1.16 0.5901013703765365
1.17 0.5901013703765365
1.18 0.5901013703765366
1.19 0.5901013703765368
1.2 0.5901013703765368
1.21 0.5901013703765368
1.22 0.5901013703765368
1.23 0.5901013703765368
1.24 0.5901013703765368
1.25 0.5901013703765368
1.26 0.5901013703765368
1.27 0.5901013703765368
1.28 0.5901013703765368
1.29 0.5901013703765368
1.3 0.5901013703765368
1.31 0.5901013703765368
1.32 0.5901013703765368
1.33 0.5901013703765368
1.34 0.5901013703765368
1.35 0.5901013703765368
1.36 0.5901013703765368
1.37 0.5901013703765368
1.3800000000000001 0.5901013703765368
1.3900000000000001 0.5901013703765368
1.4000000000000001 0.5901013703765368
1.41 0.5901013703765368
1.42 0.5901013703765368
1.43 0.5901013703765368
1.44 0.5901013703765368
1.45 0.5901013703765368
1.46 0.5901013703765368
1.47 0.5901013703765368
1.48 0.5901013703765368
1.49 0.5901013703765368
1.5 0.5901013703765368
1.51 0.5901013703765368
1.52 0.5901013703765368
1.53 0.5901013703765368
1.54 0.5901013703765368
1.55 0.5901013703765368
1.56 0.5901013703765368
1.57 0.5901013703765368
1.58 0.5901013703765368
1.59 0.5901013703765368
1.6 0.5901013703765368
1.61 0.5901013703765368
1.62 0.5901013703765368
1.6300000000000001 0.5901013703765368
1.6400000000000001 0.5901013703765368
1.6500000000000001 0.5901013703765368
1.6600000000000001 0.5901013703765368
1.67 0.5901013703765368
1.68 0.5901013703765368
1.69 0.5901013703765368
1.7 0.5901013703765368
1.71 0.5901013703765368
1.72 0.5901013703765368
1.73 0.5901013703765368
1.74 0.5901013703765368
1.75 0.5901013703765368
1.76 0.5901013703765368
1.77 0.5901013703765368
1.78 0.5901013703765368
1.79 0.5901013703765368
1.8 0.5901013703765368
1.81 0.5901013703765368
1.82 0.5901013703765368
1.83 0.5901013703765368
1.84 0.5901013703765368
1.85 0.5901013703765368
1.86 0.5901013703765368
1.87 0.5901013703765368
1.8800000000000001 0.5901013703765368
1.8900000000000001 0.5901013703765368
1.9000000000000001 0.5901013703765368
1.9100000000000001 0.5901013703765368
1.92 0.5901013703765368
1.93 0.5901013703765368
1.94 0.5901013703765368
1.95 0.5901013703765368
1.96 0.5901013703765368
1.97 0.5901013703765368
1.98 0.5901013703765368
1.99 0.5901013703765368
2.0 0.5901013703765368
2.0100000000000002 0.5901013703765368
2.02 0.5901013703765368
2.0300000000000002 0.5901013703765368
2.04 0.5901013703765368
2.05 0.5901013703765368
2.06 0.5901013703765368
2.07 0.5901013703765368
2.08 0.5901013703765368
2.09 0.5901013703765368
2.1 0.5901013703765368
2.11 0.5901013703765368
2.12 0.5901013703765368
2.13 0.5901013703765368
2.14 0.5901013703765368
2.15 0.5901013703765368
2.16 0.5901013703765368
2.17 0.5901013703765368
2.18 0.5901013703765368
2.19 0.5901013703765368
2.2 0.5901013703765368
2.21 0.5901013703765368
2.22 0.5901013703765368
2.23 0.5901013703765368
2.24 0.5901013703765368
2.25 0.5901013703765368
2.2600000000000002 0.5901013703765368
2.27 0.5901013703765368
2.2800000000000002 0.5901013703765368
2.29 0.5901013703765368
2.3000000000000003 0.5901013703765368
2.31 0.5901013703765368
2.32 0.5901013703765368
2.33 0.5901013703765368
2.34 0.5901013703765368
2.35 0.5901013703765368
2.36 0.5901013703765368
2.37 0.5901013703765368
2.38 0.5901013703765368
2.39 0.5901013703765368
2.4 0.5901013703765368
2.41 0.5901013703765368
2.42 0.5901013703765368
2.43 0.5901013703765368
2.44 0.5901013703765368
2.45 0.5901013703765368
2.46 0.5901013703765368
2.47 0.5901013703765368
2.48 0.5901013703765368
2.49 0.5901013703765368
2.5 0.5901013703765368
2.5100000000000002 0.5901013703765368
2.52 0.5901013703765368
2.5300000000000002 0.5901013703765368
2.54 0.5901013703765368
2.5500000000000003 0.5901013703765368
2.56 0.5901013703765368
2.57 0.5901013703765368
2.58 0.5901013703765368
2.59 0.5901013703765368
2.6 0.5901013703765368
2.61 0.5901013703765368
2.62 0.5901013703765368
2.63 0.5901013703765368
2.64 0.5901013703765368
2.65 0.5901013703765368
2.66 0.5901013703765368
2.67 0.5901013703765368
2.68 0.5901013703765368
2.69 0.5901013703765368
2.7 0.5901013703765368
2.71 0.5901013703765368
2.72 0.5901013703765368
2.73 0.5901013703765368
2.74 0.5901013703765368
2.75 0.5901013703765368
2.7600000000000002 0.5901013703765368
2.77 0.5901013703765368
2.7800000000000002 0.5901013703765368
2.79 0.5901013703765368
2.8000000000000003 0.5901013703765368
2.81 0.5901013703765368
2.82 0.5901013703765368
2.83 0.5901013703765368
2.84 0.5901013703765368
2.85 0.5901013703765368
2.86 0.5901013703765368
2.87 0.5901013703765368
2.88 0.5901013703765368
2.89 0.5901013703765368
2.9 0.5901013703765368
2.91 0.5901013703765368
2.92 0.5901013703765368
2.93 0.5901013703765368
2.94 0.5901013703765368
2.95 0.5901013703765368
2.96 0.5901013703765368
2.97 0.5901013703765368
2.98 0.5901013703765368
2.99 0.5901013703765368
3.0 0.5901013703765368
3.0100000000000002 0.5901013703765368
3.02 0.5901013703765368
3.0300000000000002 0.5901013703765368
3.04 0.5901013703765368
3.0500000000000003 0.5901013703765368
3.06 0.5901013703765368
3.0700000000000003 0.5901013703765368
3.08 0.5901013703765368
3.09 0.5901013703765368
3.1 0.5901013703765368
3.11 0.5901013703765368
3.12 0.5901013703765368
3.13 0.5901013703765368
3.14 0.5901013703765368
3.15 0.5901013703765368
3.16 0.5901013703765368
3.17 0.5901013703765368
3.18 0.5901013703765368
3.19 0.5901013703765368
3.2 0.5901013703765368
3.21 0.5901013703765368
3.22 0.5901013703765368
3.23 0.5901013703765368
3.24 0.5901013703765368
3.25 0.5901013703765368
3.2600000000000002 0.5901013703765368
3.27 0.5901013703765368
3.2800000000000002 0.5901013703765368
3.29 0.5901013703765368
3.3000000000000003 0.5901013703765368
3.31 0.5901013703765368
3.3200000000000003 0.5901013703765368
3.33 0.5901013703765368
3.34 0.5901013703765368
3.35 0.5901013703765368
3.36 0.5901013703765368
3.37 0.5901013703765368
3.38 0.5901013703765368
3.39 0.5901013703765368
3.4 0.5901013703765368
3.41 0.5901013703765368
3.42 0.5901013703765368
3.43 0.5901013703765368
3.44 0.5901013703765368
3.45 0.5901013703765368
3.46 0.5901013703765368
3.47 0.5901013703765368
3.48 0.5901013703765368
3.49 0.5901013703765368
3.5 0.5901013703765368
3.5100000000000002 0.5901013703765368
3.52 0.5901013703765368
3.5300000000000002 0.5901013703765368
3.54 0.5901013703765368
3.5500000000000003 0.5901013703765368
3.56 0.5901013703765368
3.5700000000000003 0.5901013703765368
3.58 0.5901013703765368
3.59 0.5901013703765368
3.6 0.5901013703765368
3.61 0.5901013703765368
3.62 0.5901013703765368
3.63 0.5901013703765368
3.64 0.5901013703765368
3.65 0.5901013703765368
3.66 0.5901013703765368
3.67 0.5901013703765368
3.68 0.5901013703765368
3.69 0.5901013703765368
3.7 0.5901013703765368
3.71 0.5901013703765368
3.72 0.5901013703765368
3.73 0.5901013703765368
3.74 0.5901013703765368
3.75 0.5901013703765368
3.7600000000000002 0.5901013703765368
3.77 0.5901013703765368
3.7800000000000002 0.5901013703765368
3.79 0.5901013703765368
3.8000000000000003 0.5901013703765368
3.81 0.5901013703765368
3.8200000000000003 0.5901013703765368
3.83 0.5901013703765368
3.84 0.5901013703765368
3.85 0.5901013703765368
3.86 0.5901013703765368
3.87 0.5901013703765368
3.88 0.5901013703765368
3.89 0.5901013703765368
3.9 0.5901013703765368
3.91 0.5901013703765368
3.92 0.5901013703765368
3.93 0.5901013703765368
3.94 0.5901013703765368
3.95 0.5901013703765368
3.96 0.5901013703765368
3.97 0.5901013703765368
3.98 0.5901013703765368
3.99 0.5901013703765368
4.0 0.5901013703765368
4.01 0.5901013703765368
4.0200000000000005 0.5901013703765368
4.03 0.5901013703765368
4.04 0.5901013703765368
4.05 0.5901013703765368
4.0600000000000005 0.5901013703765368
4.07 0.5901013703765368
4.08 0.5901013703765368
4.09 0.5901013703765368
4.1 0.5901013703765368
4.11 0.5901013703765368
4.12 0.5901013703765368
4.13 0.5901013703765368
4.14 0.5901013703765368
4.15 0.5901013703765368
4.16 0.5901013703765368
4.17 0.5901013703765368
4.18 0.5901013703765368
4.19 0.5901013703765368
4.2 0.5901013703765368
4.21 0.5901013703765368
4.22 0.5901013703765368
4.23 0.5901013703765368
4.24 0.5901013703765368
4.25 0.5901013703765368
4.26 0.5901013703765368
4.2700000000000005 0.5901013703765368
4.28 0.5901013703765368
4.29 0.5901013703765368
4.3 0.5901013703765368
4.3100000000000005 0.5901013703765368
4.32 0.5901013703765368
4.33 0.5901013703765368
4.34 0.5901013703765368
4.3500000000000005 0.5901013703765368
4.36 0.5901013703765368
4.37 0.5901013703765368
4.38 0.5901013703765368
4.39 0.5901013703765368
4.4 0.5901013703765368
4.41 0.5901013703765368
4.42 0.5901013703765368
4.43 0.5901013703765368
4.44 0.5901013703765368
4.45 0.5901013703765368
4.46 0.5901013703765368
4.47 0.5901013703765368
4.48 0.5901013703765368
4.49 0.5901013703765368
4.5 0.5901013703765368
4.51 0.5901013703765368
4.5200000000000005 0.5901013703765368
4.53 0.5901013703765368
4.54 0.5901013703765368
4.55 0.5901013703765368
4.5600000000000005 0.5901013703765368
4.57 0.5901013703765368
4.58 0.5901013703765368
4.59 0.5901013703765368
4.6000000000000005 0.5901013703765368
4.61 0.5901013703765368
4.62 0.5901013703765368
4.63 0.5901013703765368
4.64 0.5901013703765368
4.65 0.5901013703765368
4.66 0.5901013703765368
4.67 0.5901013703765368
4.68 0.5901013703765368
4.69 0.5901013703765368
4.7 0.5901013703765368
4.71 0.5901013703765368
4.72 0.5901013703765368
4.73 0.5901013703765368
4.74 0.5901013703765368
4.75 0.5901013703765368
4.76 0.5901013703765368
4.7700000000000005 0.5901013703765368
4.78 0.5901013703765368
4.79 0.5901013703765368
4.8 0.5901013703765368
4.8100000000000005 0.5901013703765368
4.82 0.5901013703765368
4.83 0.5901013703765368
4.84 0.5901013703765368
4.8500000000000005 0.5901013703765368
4.86 0.5901013703765368
4.87 0.5901013703765368
4.88 0.5901013703765368
4.89 0.5901013703765368
4.9 0.5901013703765368
4.91 0.5901013703765368
4.92 0.5901013703765368
4.93 0.5901013703765368
4.94 0.5901013703765368
4.95 0.5901013703765368
4.96 0.5901013703765368
4.97 0.5901013703765368
4.98 0.5901013703765368
4.99 0.5901013703765368
5.0 0.5901013703765368
5.01 0.5901013703765368
5.0200000000000005 0.5901013703765368
5.03 0.5901013703765368
5.04 0.5901013703765368
5.05 0.5901013703765368
5.0600000000000005 0.5901013703765368
5.07 0.5901013703765368
5.08 0.5901013703765368
5.09 0.5901013703765368
5.1000000000000005 0.5901013703765368
5.11 0.5901013703765368
5.12 0.5901013703765368
5.13 0.5901013703765368
5.14 0.5901013703765368
5.15 0.5901013703765368
5.16 0.5901013703765368
5.17 0.5901013703765368
5.18 0.5901013703765368
5.19 0.5901013703765368
5.2 0.5901013703765368
5.21 0.5901013703765368
5.22 0.5901013703765368
5.23 0.5901013703765368
5.24 0.5901013703765368
5.25 0.5901013703765368
5.26 0.5901013703765368
5.2700000000000005 0.5901013703765368
5.28 0.5901013703765368
5.29 0.5901013703765368
5.3 0.5901013703765368
5.3100000000000005 0.5901013703765368
5.32 0.5901013703765368
5.33 0.5901013703765368
5.34 0.5901013703765368
5.3500000000000005 0.5901013703765368
5.36 0.5901013703765368
5.37 0.5901013703765368
5.38 0.5901013703765368
5.39 0.5901013703765368
5.4 0.5901013703765368
5.41 0.5901013703765368
5.42 0.5901013703765368
5.43 0.5901013703765368
5.44 0.5901013703765368
5.45 0.5901013703765368
5.46 0.5901013703765368
5.47 0.5901013703765368
5.48 0.5901013703765368
5.49 0.5901013703765368
5.5 0.5901013703765368
5.51 0.5901013703765368
5.5200000000000005 0.5901013703765368
5.53 0.5901013703765368
5.54 0.5901013703765368
5.55 0.5901013703765368
5.5600000000000005 0.5901013703765368
5.57 0.5901013703765368
5.58 0.5901013703765368
5.59 0.5901013703765368
5.6000000000000005 0.5901013703765368
5.61 0.5901013703765368
5.62 0.5901013703765368
5.63 0.5901013703765368
5.64 0.5901013703765368
5.65 0.5901013703765368
5.66 0.5901013703765368
5.67 0.5901013703765368
5.68 0.5901013703765368
5.69 0.5901013703765368
5.7 0.5901013703765368
5.71 0.5901013703765368
5.72 0.5901013703765368
5.73 0.5901013703765368
5.74 0.5901013703765368
5.75 0.5901013703765368
5.76 0.5901013703765368
5.7700000000000005 0.5901013703765368
5.78 0.5901013703765368
5.79 0.5901013703765368
5.8 0.5901013703765368
5.8100000000000005 0.5901013703765368
5.82 0.5901013703765368
5.83 0.5901013703765368
5.84 0.5901013703765368
5.8500000000000005 0.5901013703765368
5.86 0.5901013703765368
5.87 0.5901013703765368
5.88 0.5901013703765368
5.89 0.5901013703765368
5.9 0.5901013703765368
5.91 0.5901013703765368
5.92 0.5901013703765368
5.93 0.5901013703765368
5.94 0.5901013703765368
5.95 0.5901013703765368
5.96 0.5901013703765368
5.97 0.5901013703765368
5.98 0.5901013703765368
5.99 0.5901013703765368
6.0 0.5901013703765368
6.01 0.5901013703765368
6.0200000000000005 0.5901013703765368
6.03 0.5901013703765368
6.04 0.5901013703765368
6.05 0.5901013703765368
6.0600000000000005 0.5901013703765368
6.07 0.5901013703765368
6.08 0.5901013703765368
6.09 0.5901013703765368
6.1000000000000005 0.5901013703765368
6.11 0.5901013703765368
6.12 0.5901013703765368
6.13 0.5901013703765368
6.140000000000001 0.5901013703765368
6.15 0.5901013703765368
6.16 0.5901013703765368
6.17 0.5901013703765368
6.18 0.5901013703765368
6.19 0.5901013703765368
6.2 0.5901013703765368
6.21 0.5901013703765368
6.22 0.5901013703765368
6.23 0.5901013703765368
6.24 0.5901013703765368
6.25 0.5901013703765368
6.26 0.5901013703765368
6.2700000000000005 0.5901013703765368
6.28 0.5901013703765368
6.29 0.5901013703765368
6.3 0.5901013703765368
6.3100000000000005 0.5901013703765368
6.32 0.5901013703765368
6.33 0.5901013703765368
6.34 0.5901013703765368
6.3500000000000005 0.5901013703765368
6.36 0.5901013703765368
6.37 0.5901013703765368
6.38 0.5901013703765368
6.390000000000001 0.5901013703765368
6.4 0.5901013703765368
6.41 0.5901013703765368
6.42 0.5901013703765368
6.43 0.5901013703765368
6.44 0.5901013703765368
6.45 0.5901013703765368
6.46 0.5901013703765368
6.47 0.5901013703765368
6.48 0.5901013703765368
6.49 0.5901013703765368
6.5 0.5901013703765368
6.51 0.5901013703765368
6.5200000000000005 0.5901013703765368
6.53 0.5901013703765368
6.54 0.5901013703765368
6.55 0.5901013703765368
6.5600000000000005 0.5901013703765368
6.57 0.5901013703765368
6.58 0.5901013703765368
6.59 0.5901013703765368
6.6000000000000005 0.5901013703765368
6.61 0.5901013703765368
6.62 0.5901013703765368
6.63 0.5901013703765368
6.640000000000001 0.5901013703765368
6.65 0.5901013703765368
6.66 0.5901013703765368
6.67 0.5901013703765368
6.68 0.5901013703765368
6.69 0.5901013703765368
6.7 0.5901013703765368
6.71 0.5901013703765368
6.72 0.5901013703765368
6.73 0.5901013703765368
6.74 0.5901013703765368
6.75 0.5901013703765368
6.76 0.5901013703765368
6.7700000000000005 0.5901013703765368
6.78 0.5901013703765368
6.79 0.5901013703765368
6.8 0.5901013703765368
6.8100000000000005 0.5901013703765368
6.82 0.5901013703765368
6.83 0.5901013703765368
6.84 0.5901013703765368
6.8500000000000005 0.5901013703765368
6.86 0.5901013703765368
6.87 0.5901013703765368
6.88 0.5901013703765368
6.890000000000001 0.5901013703765368
6.9 0.5901013703765368
6.91 0.5901013703765368
6.92 0.5901013703765368
6.93 0.5901013703765368
6.94 0.5901013703765368
6.95 0.5901013703765368
6.96 0.5901013703765368
6.97 0.5901013703765368
6.98 0.5901013703765368
6.99 0.5901013703765368
7.0 0.5901013703765368
7.01 0.5901013703765368
7.0200000000000005 0.5901013703765368
7.03 0.5901013703765368
7.04 0.5901013703765368
7.05 0.5901013703765368
7.0600000000000005 0.5901013703765368
7.07 0.5901013703765368
7.08 0.5901013703765368
7.09 0.5901013703765368
7.1000000000000005 0.5901013703765368
7.11 0.5901013703765368
7.12 0.5901013703765368
7.13 0.5901013703765368
7.140000000000001 0.5901013703765368
7.15 0.5901013703765368
7.16 0.5901013703765368
7.17 0.5901013703765368
7.18 0.5901013703765368
7.19 0.5901013703765368
7.2 0.5901013703765368
7.21 0.5901013703765368
7.22 0.5901013703765368
7.23 0.5901013703765368
7.24 0.5901013703765368
7.25 0.5901013703765368
7.26 0.5901013703765368
7.2700000000000005 0.5901013703765368
7.28 0.5901013703765368
7.29 0.5901013703765368
7.3 0.5901013703765368
7.3100000000000005 0.5901013703765368
7.32 0.5901013703765368
7.33 0.5901013703765368
7.34 0.5901013703765368
7.3500000000000005 0.5901013703765368
7.36 0.5901013703765368
7.37 0.5901013703765368
7.38 0.5901013703765368
7.390000000000001 0.5901013703765368
7.4 0.5901013703765368
7.41 0.5901013703765368
7.42 0.5901013703765368
7.43 0.5901013703765368
7.44 0.5901013703765368
7.45 0.5901013703765368
7.46 0.5901013703765368
7.47 0.5901013703765368
7.48 0.5901013703765368
7.49 0.5901013703765368
7.5 0.5901013703765368
7.51 0.5901013703765368
7.5200000000000005 0.5901013703765368
7.53 0.5901013703765368
7.54 0.5901013703765368
7.55 0.5901013703765368
7.5600000000000005 0.5901013703765368
7.57 0.5901013703765368
7.58 0.5901013703765368
7.59 0.5901013703765368
7.6000000000000005 0.5901013703765368
7.61 0.5901013703765368
7.62 0.5901013703765368
7.63 0.5901013703765368
7.640000000000001 0.5901013703765368
7.65 0.5901013703765368
7.66 0.5901013703765368
7.67 0.5901013703765368
7.68 0.5901013703765368
7.69 0.5901013703765368
7.7 0.5901013703765368
7.71 0.5901013703765368
7.72 0.5901013703765368
7.73 0.5901013703765368
7.74 0.5901013703765368
7.75 0.5901013703765368
7.76 0.5901013703765368
7.7700000000000005 0.5901013703765368
7.78 0.5901013703765368
7.79 0.5901013703765368
7.8 0.5901013703765368
7.8100000000000005 0.5901013703765368
7.82 0.5901013703765368
7.83 0.5901013703765368
7.84 0.5901013703765368
7.8500000000000005 0.5901013703765368
7.86 0.5901013703765368
7.87 0.5901013703765368
7.88 0.5901013703765368
7.890000000000001 0.5901013703765368
7.9 0.5901013703765368
7.91 0.5901013703765368
7.92 0.5901013703765368
7.930000000000001 0.5901013703765368
7.94 0.5901013703765368
7.95 0.5901013703765368
7.96 0.5901013703765368
7.97 0.5901013703765368
7.98 0.5901013703765368
7.99 0.5901013703765368
8.0 0.5901013703765368
8.01 0.5901013703765368
8.02 0.5901013703765368
8.03 0.5901013703765368
8.040000000000001 0.5901013703765368
8.05 0.5901013703765368
8.06 0.5901013703765368
8.07 0.5901013703765368
8.08 0.5901013703765368
8.09 0.5901013703765368
8.1 0.5901013703765368
8.11 0.5901013703765368
8.120000000000001 0.5901013703765368
8.13 0.5901013703765368
8.14 0.5901013703765368
8.15 0.5901013703765368
8.16 0.5901013703765368
8.17 0.5901013703765368
8.18 0.5901013703765368
8.19 0.5901013703765368
8.2 0.5901013703765368
8.21 0.5901013703765368
8.22 0.5901013703765368
8.23 0.5901013703765368
8.24 0.5901013703765368
8.25 0.5901013703765368
8.26 0.5901013703765368
8.27 0.5901013703765368
8.28 0.5901013703765368
8.290000000000001 0.5901013703765368
8.3 0.5901013703765368
8.31 0.5901013703765368
8.32 0.5901013703765368
8.33 0.5901013703765368
8.34 0.5901013703765368
8.35 0.5901013703765368
8.36 0.5901013703765368
8.370000000000001 0.5901013703765368
8.38 0.5901013703765368
8.39 0.5901013703765368
8.4 0.5901013703765368
8.41 0.5901013703765368
8.42 0.5901013703765368
8.43 0.5901013703765368
8.44 0.5901013703765368
8.45 0.5901013703765368
8.46 0.5901013703765368
8.47 0.5901013703765368
8.48 0.5901013703765368
8.49 0.5901013703765368
8.5 0.5901013703765368
8.51 0.5901013703765368
8.52 0.5901013703765368
8.53 0.5901013703765368
8.540000000000001 0.5901013703765368
8.55 0.5901013703765368
8.56 0.5901013703765368
8.57 0.5901013703765368
8.58 0.5901013703765368
8.59 0.5901013703765368
8.6 0.5901013703765368
8.61 0.5901013703765368
8.620000000000001 0.5901013703765368
8.63 0.5901013703765368
8.64 0.5901013703765368
8.65 0.5901013703765368
8.66 0.5901013703765368
8.67 0.5901013703765368
8.68 0.5901013703765368
8.69 0.5901013703765368
8.700000000000001 0.5901013703765368
8.71 0.5901013703765368
8.72 0.5901013703765368
8.73 0.5901013703765368
8.74 0.5901013703765368
8.75 0.5901013703765368
8.76 0.5901013703765368
8.77 0.5901013703765368
8.78 0.5901013703765368
8.790000000000001 0.5901013703765368
8.8 0.5901013703765368
8.81 0.5901013703765368
8.82 0.5901013703765368
8.83 0.5901013703765368
8.84 0.5901013703765368
8.85 0.5901013703765368
8.86 0.5901013703765368
8.870000000000001 0.5901013703765368
8.88 0.5901013703765368
8.89 0.5901013703765368
8.9 0.5901013703765368
8.91 0.5901013703765368
8.92 0.5901013703765368
8.93 0.5901013703765368
8.94 0.5901013703765368
8.950000000000001 0.5901013703765368
8.96 0.5901013703765368
8.97 0.5901013703765368
8.98 0.5901013703765368
8.99 0.5901013703765368
9.0 0.5901013703765368
9.01 0.5901013703765368
9.02 0.5901013703765368
9.03 0.5901013703765368
9.040000000000001 0.5901013703765368
9.05 0.5901013703765368
9.06 0.5901013703765368
9.07 0.5901013703765368
9.08 0.5901013703765368
9.09 0.5901013703765368
9.1 0.5901013703765368
9.11 0.5901013703765368
9.120000000000001 0.5901013703765368
9.13 0.5901013703765368
9.14 0.5901013703765368
9.15 0.5901013703765368
9.16 0.5901013703765368
9.17 0.5901013703765368
9.18 0.5901013703765368
9.19 0.5901013703765368
9.200000000000001 0.5901013703765368
9.21 0.5901013703765368
9.22 0.5901013703765368
9.23 0.5901013703765368
9.24 0.5901013703765368
9.25 0.5901013703765368
9.26 0.5901013703765368
9.27 0.5901013703765368
9.28 0.5901013703765368
9.290000000000001 0.5901013703765368
9.3 0.5901013703765368
9.31 0.5901013703765368
9.32 0.5901013703765368
9.33 0.5901013703765368
9.34 0.5901013703765368
9.35 0.5901013703765368
9.36 0.5901013703765368
9.370000000000001 0.5901013703765368
9.38 0.5901013703765368
9.39 0.5901013703765368
9.4 0.5901013703765368
9.41 0.5901013703765368
9.42 0.5901013703765368
9.43 0.5901013703765368
9.44 0.5901013703765368
9.450000000000001 0.5901013703765368
9.46 0.5901013703765368
9.47 0.5901013703765368
9.48 0.5901013703765368
9.49 0.5901013703765368
9.5 0.5901013703765368
9.51 0.5901013703765368
9.52 0.5901013703765368
9.53 0.5901013703765368
9.540000000000001 0.5901013703765368
9.55 0.5901013703765368
9.56 0.5901013703765368
9.57 0.5901013703765368
9.58 0.5901013703765368
9.59 0.5901013703765368
9.6 0.5901013703765368
9.61 0.5901013703765368
9.620000000000001 0.5901013703765368
9.63 0.5901013703765368
9.64 0.5901013703765368
9.65 0.5901013703765368
9.66 0.5901013703765368
9.67 0.5901013703765368
9.68 0.5901013703765368
9.69 0.5901013703765368
9.700000000000001 0.5901013703765368
9.71 0.5901013703765368
9.72 0.5901013703765368
9.73 0.5901013703765368
9.74 0.5901013703765368
9.75 0.5901013703765368
9.76 0.5901013703765368
9.77 0.5901013703765368
9.78 0.5901013703765368
9.790000000000001 0.5901013703765368
9.8 0.5901013703765368
9.81 0.5901013703765368
9.82 0.5901013703765368
9.83 0.5901013703765368
9.84 0.5901013703765368
9.85 0.5901013703765368
9.86 0.5901013703765368
9.870000000000001 0.5901013703765368
9.88 0.5901013703765368
9.89 0.5901013703765368
9.9 0.5901013703765368
9.91 0.5901013703765368
9.92 0.5901013703765368
9.93 0.5901013703765368
9.94 0.5901013703765368
9.950000000000001 0.5901013703765368
9.96 0.5901013703765368
9.97 0.5901013703765368
9.98 0.5901013703765368
9.99 0.5901013703765368
