0.0 0.4885041359337679
0.01 0.5055113354770047
0.02 0.5206966451433439
0.03 0.5342893442768052
0.04 0.5464839874255001
0.05 0.5574469119775234
0.06 0.5673212308699332
0.07 0.5762307359949121
0.08 0.5842829994136258
0.09 0.5915718714294799
0.1 0.5981795168789872
0.11 0.6041780921846047
0.12 0.6096311389800532
0.13 0.6145947513135417
0.14 0.6191185599534283
0.15 0.6232465674893876
0.16 0.6270178606392334
0.17 0.6304672206988846
0.18 0.6336256489062613
0.19 0.6365208202790115
0.2 0.6391774769838778
0.21 0.6416177703255921
0.22 0.6438615588773624
0.23 0.6459266690193807
0.24 0.6478291231365778
0.25 0.6495833398998212
0.26 0.6512023103762455
0.27 0.6526977531541224
0.28 0.6540802512022227
0.29 0.6553593727947961
0.3 0.6565437785067926
0.31 0.6576413160084977
0.32 0.6586591041553347
0.33 0.6596036076700024
0.34 0.6604807035445381
0.35000000000000003 0.6612957401445818
0.36 0.662053589873227
0.37 0.6627586961441774
0.38 0.6634151153208745
0.39 0.6640265541976459
0.4 0.6645964035289134
0.41000000000000003 0.6651277680515957
0.42 0.6656234933927379
0.43 0.666086190208032
0.44 0.6665182558563368
0.45 0.6669218938797812
0.46 0.6672991315278713
0.47000000000000003 0.6676518355366606
0.48 0.6679817263499703
0.49 0.6682903909484772
0.5 0.6685792944338105
0.51 0.668849790498347
0.52 0.6691031308968564
0.53 0.6693404740233091
0.54 0.6695628926848112
0.55 0.6697713811545745
0.56 0.6699668615769419
0.5700000000000001 0.6701501897895946
0.58 0.6703221606210843
0.59 0.670483512715616
0.6 0.6706349329315121
0.61 0.6707770603548779
0.62 0.6709104899656455
0.63 0.6710357759892984
0.64 0.6711534349641282
0.65 0.6712639485508094
0.66 0.6713677661083414
0.67 0.6714653070579599
0.68 0.6715569630544536
0.6900000000000001 0.6716430999823666
0.7000000000000001 0.6717240597928381
0.71 0.6718001621952734
0.72 0.6718717062166519
0.73 0.6719389716400374
0.74 0.6720022203327356
0.75 0.6720616974735537
0.76 0.6721176326877131
0.77 0.6721702410971695
0.78 0.6722197242933678
0.79 0.6722662712388134
0.8 0.6723100591032538
0.81 0.6723512540397466
0.8200000000000001 0.6723900119054047
0.8300000000000001 0.6724264789311961
0.84 0.6724607923447788
0.85 0.6724930809500114
0.86 0.6725234656664603
0.87 0.672552060031945
0.88 0.672578970670901
0.89 0.6726042977311075
0.9 0.6726281352911185
0.91 0.6726505717405405
0.92 0.6726716901351248
0.93 0.6726915685284875
0.9400000000000001 0.6727102802821237
0.9500000000000001 0.6727278943552473
0.96 0.6727444755758756
0.97 0.6727600848944608
0.98 0.6727747796212737
0.99 0.6727886136486542
1.0 0.6728016376591566
1.01 0.672813899320545
1.02 0.6728254434685182
1.03 0.6728363122779845
1.04 0.6728465454236429
1.05 0.6728561802305774
1.06 0.6728652518155152
1.07 0.6728737932193578
1.08 0.6728818355315509
1.09 0.6728894080068161
1.1 0.6728965381747365
1.11 0.6729032519426495
1.12 0.6729095736922746
1.1300000000000001 0.6729155263704675
1.1400000000000001 0.6729211315744765
1.1500000000000001 0.6729264096320386
1.16 0.6729313796766443
1.17 0.6729360597182665
1.18 0.672940466709838
1.19 0.6729446166097377
1.2 0.6729485244405343
1.21 0.6729522043442149
1.22 0.6729556696341145
1.23 0.6729589328437482
1.24 0.6729620057727351
1.25 0.6729648995299891
1.26 0.6729676245743434
1.27 0.6729701907527655
1.28 0.6729726073363038
1.29 0.6729748830539075
1.3 0.6729770261242434
1.31 0.6729790442856337
1.32 0.6729809448242235
1.33 0.6729827346004873
1.34 0.6729844200741719
1.35 0.6729860073277686
1.36 0.6729875020886044
1.37 0.6729889097496315
1.3800000000000001 0.6729902353889964
1.3900000000000001 0.672991483788455
1.4000000000000001 0.6729926594507099
1.41 0.6729937666157253
1.42 0.6729948092760889
1.43 0.6729957911914684
1.44 0.6729967159022227
1.45 0.6729975867422144
1.46 0.6729984068508716
1.47 0.672999179184543
1.48 0.6729999065271886
1.49 0.6730005915004438
1.5 0.6730012365730953
1.51 0.6730018440700022
1.52 0.6730024161804955
1.53 0.6730029549662858
1.54 0.6730034623689103
1.55 0.6730039402167426
1.56 0.6730043902315943
1.57 0.6730048140349297
1.58 0.6730052131537196
1.59 0.6730055890259504
1.6 0.6730059430058137
1.61 0.6730062763685916
1.62 0.673006590315258
1.6300000000000001 0.6730068859768106
1.6400000000000001 0.6730071644183493
1.6500000000000001 0.673007426642919
1.6600000000000001 0.6730076735951256
1.67 0.6730079061645421
1.68 0.6730081251889171
1.69 0.673008331457194
1.7 0.6730085257123557
1.71 0.6730087086541032
1.72 0.6730088809413772
1.73 0.6730090431947338
1.74 0.6730091959985804
1.75 0.6730093399032828
1.76 0.6730094754271478
1.77 0.6730096030582918
1.78 0.6730097232563992
1.79 0.6730098364543791
1.8 0.6730099430599246
1.81 0.6730100434569832
1.82 0.6730101380071388
1.83 0.6730102270509148
1.84 0.6730103109090013
1.85 0.6730103898834101
1.86 0.6730104642585628
1.87 0.6730105343023156
1.8800000000000001 0.673010600266924
1.8900000000000001 0.6730106623899519
1.9000000000000001 0.673010720895127
1.9100000000000001 0.6730107759931465
1.92 0.6730108278824368
1.93 0.6730108767498677
1.94 0.6730109227714256
1.95 0.6730109661128476
1.96 0.6730110069302182
1.97 0.6730110453705314
1.98 0.6730110815722208
1.99 0.6730111156656577
2.0 0.6730111477736205
2.0100000000000002 0.673011178011737
2.02 0.6730112064889018
2.0300000000000002 0.6730112333076665
2.04 0.6730112585646114
2.05 0.6730112823506916
2.06 0.6730113047515651
2.07 0.6730113258479018
2.08 0.673011345715673
2.09 0.6730113644264264
2.1 0.6730113820475421
2.11 0.6730113986424766
2.12 0.6730114142709911
2.13 0.6730114289893661
2.14 0.6730114428506045
2.15 0.673011455904623
2.16 0.6730114681984305
2.17 0.6730114797762989
2.18 0.6730114906799218
2.19 0.6730115009485642
2.2 0.6730115106192052
2.21 0.6730115197266695
2.22 0.6730115283037545
2.23 0.6730115363813473
2.24 0.6730115439885362
2.25 0.6730115511527155
2.2600000000000002 0.6730115578996845
2.27 0.6730115642537393
2.2800000000000002 0.6730115702377619
2.29 0.6730115758733013
2.3000000000000003 0.6730115811806519
2.31 0.6730115861789255
2.32 0.673011590886122
2.33 0.673011595319192
2.34 0.6730115994940997
2.35 0.6730116034258794
2.36 0.6730116071286896
2.37 0.6730116106158647
2.38 0.6730116138999621
2.39 0.6730116169928084
2.4 0.6730116199055411
2.41 0.6730116226486493
2.42 0.6730116252320111
2.43 0.6730116276649296
2.44 0.6730116299561657
2.45 0.6730116321139705
2.46 0.6730116341461143
2.47 0.6730116360599153
2.48 0.6730116378622651
2.49 0.6730116395596542
2.5 0.673011641158195
2.5100000000000002 0.6730116426636439
2.52 0.6730116440814222
2.5300000000000002 0.6730116454166355
2.54 0.6730116466740919
2.5500000000000003 0.6730116478583199
2.56 0.6730116489735836
2.57 0.6730116500238995
2.58 0.6730116510130497
2.59 0.6730116519445962
2.6 0.6730116528218937
2.61 0.6730116536481014
2.62 0.6730116544261944
2.63 0.6730116551589748
2.64 0.6730116558490813
2.65 0.6730116564989994
2.66 0.6730116571110689
2.67 0.6730116576874945
2.68 0.6730116582303514
2.69 0.6730116587415949
2.7 0.6730116592230659
2.71 0.6730116596764981
2.72 0.6730116601035248
2.73 0.6730116605056831
2.74 0.6730116608844214
2.75 0.6730116612411039
2.7600000000000002 0.6730116615770148
2.77 0.6730116618933637
2.7800000000000002 0.67301166219129
2.79 0.6730116624718663
2.8000000000000003 0.6730116627361031
2.81 0.6730116629849521
2.82 0.6730116632193093
2.83 0.6730116634400183
2.84 0.6730116636478745
2.85 0.6730116638436259
2.86 0.6730116640279776
2.87 0.6730116642015936
2.88 0.673011664365099
2.89 0.6730116645190826
2.9 0.6730116646640989
2.91 0.67301166480067
2.92 0.6730116649292879
2.93 0.6730116650504157
2.94 0.6730116651644894
2.95 0.6730116652719201
2.96 0.6730116653730945
2.97 0.6730116654683771
2.98 0.6730116655581106
2.99 0.6730116656426186
3.0 0.6730116657222052
3.0100000000000002 0.673011665797157
3.02 0.6730116658677441
3.0300000000000002 0.6730116659342203
3.04 0.6730116659968254
3.0500000000000003 0.6730116660557846
3.06 0.6730116661113102
3.0700000000000003 0.6730116661636025
3.08 0.6730116662128494
3.09 0.6730116662592283
3.1 0.6730116663029064
3.11 0.6730116663440406
3.12 0.6730116663827796
3.13 0.6730116664192627
3.14 0.6730116664536212
3.15 0.6730116664859787
3.16 0.6730116665164517
3.17 0.6730116665451502
3.18 0.6730116665721775
3.19 0.6730116665976308
3.2 0.6730116666216018
3.21 0.6730116666441769
3.22 0.6730116666654373
3.23 0.6730116666854595
3.24 0.6730116667043158
3.25 0.673011666722074
3.2600000000000002 0.673011666738798
3.27 0.673011666754548
3.2800000000000002 0.6730116667693811
3.29 0.6730116667833501
3.3000000000000003 0.6730116667965056
3.31 0.673011666808895
3.3200000000000003 0.673011666820563
3.33 0.6730116668315516
3.34 0.6730116668419001
3.35 0.6730116668516459
3.36 0.6730116668608244
3.37 0.6730116668694681
3.38 0.6730116668776085
3.39 0.673011666885275
3.4 0.6730116668924948
3.41 0.6730116668992944
3.42 0.6730116669056978
3.43 0.6730116669117285
3.44 0.6730116669174079
3.45 0.6730116669227566
3.46 0.6730116669277937
3.47 0.6730116669325376
3.48 0.6730116669370052
3.49 0.6730116669412125
3.5 0.6730116669451749
3.5100000000000002 0.6730116669489066
3.52 0.6730116669524209
3.5300000000000002 0.6730116669557306
3.54 0.6730116669588475
3.5500000000000003 0.6730116669617828
3.56 0.6730116669645473
3.5700000000000003 0.6730116669671508
3.58 0.6730116669696027
3.59 0.6730116669719117
3.6 0.6730116669740862
3.61 0.6730116669761342
3.62 0.673011666978063
3.63 0.6730116669798794
3.64 0.67301166698159
3.65 0.6730116669832009
3.66 0.673011666984718
3.67 0.673011666986147
3.68 0.6730116669874925
3.69 0.6730116669887598
3.7 0.6730116669899533
3.71 0.6730116669910772
3.72 0.6730116669921357
3.73 0.6730116669931325
3.74 0.6730116669940713
3.75 0.6730116669949555
3.7600000000000002 0.6730116669957881
3.77 0.6730116669965722
3.7800000000000002 0.6730116669973107
3.79 0.6730116669980062
3.8000000000000003 0.6730116669986611
3.81 0.6730116669992781
3.8200000000000003 0.6730116669998589
3.83 0.673011667000406
3.84 0.6730116670009212
3.85 0.6730116670014064
3.86 0.6730116670018633
3.87 0.6730116670022938
3.88 0.6730116670026991
3.89 0.6730116670030808
3.9 0.6730116670034403
3.91 0.6730116670037788
3.92 0.6730116670040975
3.93 0.6730116670043977
3.94 0.6730116670046806
3.95 0.6730116670049469
3.96 0.6730116670051977
3.97 0.6730116670054338
3.98 0.6730116670056563
3.99 0.6730116670058657
4.0 0.6730116670060631
4.01 0.6730116670062487
4.0200000000000005 0.6730116670064238
4.03 0.6730116670065885
4.04 0.6730116670067436
4.05 0.6730116670068897
4.0600000000000005 0.6730116670070275
4.07 0.6730116670071571
4.08 0.6730116670072792
4.09 0.673011667007394
4.1 0.6730116670075024
4.11 0.6730116670076043
4.12 0.6730116670077004
4.13 0.6730116670077908
4.14 0.6730116670078758
4.15 0.6730116670079562
4.16 0.6730116670080317
4.17 0.6730116670081028
4.18 0.6730116670081698
4.19 0.6730116670082329
4.2 0.6730116670082924
4.21 0.6730116670083484
4.22 0.673011667008401
4.23 0.6730116670084506
4.24 0.6730116670084973
4.25 0.6730116670085414
4.26 0.6730116670085828
4.2700000000000005 0.6730116670086219
4.28 0.6730116670086587
4.29 0.6730116670086932
4.3 0.6730116670087258
4.3100000000000005 0.6730116670087567
4.32 0.6730116670087856
4.33 0.6730116670088128
4.34 0.6730116670088384
4.3500000000000005 0.6730116670088626
4.36 0.6730116670088853
4.37 0.6730116670089067
4.38 0.6730116670089269
4.39 0.6730116670089459
4.4 0.6730116670089639
4.41 0.6730116670089807
4.42 0.6730116670089965
4.43 0.6730116670090116
4.44 0.6730116670090256
4.45 0.6730116670090388
4.46 0.6730116670090514
4.47 0.6730116670090631
4.48 0.6730116670090742
4.49 0.6730116670090847
4.5 0.6730116670090944
4.51 0.6730116670091036
4.5200000000000005 0.6730116670091124
4.53 0.6730116670091206
4.54 0.6730116670091282
4.55 0.6730116670091356
4.5600000000000005 0.6730116670091424
4.57 0.6730116670091488
4.58 0.6730116670091549
4.59 0.6730116670091607
4.6000000000000005 0.6730116670091661
4.61 0.6730116670091711
4.62 0.6730116670091759
4.63 0.6730116670091804
4.64 0.6730116670091847
4.65 0.6730116670091888
4.66 0.6730116670091923
4.67 0.673011667009196
4.68 0.6730116670091993
4.69 0.6730116670092026
4.7 0.6730116670092054
4.71 0.6730116670092081
4.72 0.6730116670092108
4.73 0.6730116670092132
4.74 0.6730116670092157
4.75 0.6730116670092179
4.76 0.6730116670092199
4.7700000000000005 0.6730116670092219
4.78 0.6730116670092237
4.79 0.6730116670092254
4.8 0.673011667009227
4.8100000000000005 0.6730116670092285
4.82 0.6730116670092299
4.83 0.6730116670092313
4.84 0.6730116670092325
4.8500000000000005 0.6730116670092339
4.86 0.673011667009235
4.87 0.673011667009236
4.88 0.673011667009237
4.89 0.6730116670092379
4.9 0.6730116670092389
4.91 0.6730116670092396
4.92 0.6730116670092405
4.93 0.6730116670092412
4.94 0.6730116670092419
4.95 0.6730116670092426
4.96 0.6730116670092432
4.97 0.6730116670092439
4.98 0.6730116670092443
4.99 0.673011667009245
5.0 0.6730116670092453
5.01 0.6730116670092458
5.0200000000000005 0.6730116670092463
5.03 0.6730116670092466
5.04 0.6730116670092471
5.05 0.6730116670092474
5.0600000000000005 0.6730116670092477
5.07 0.6730116670092481
5.08 0.6730116670092483
5.09 0.6730116670092487
5.1000000000000005 0.673011667009249
5.11 0.6730116670092492
5.12 0.6730116670092494
5.13 0.6730116670092496
5.14 0.6730116670092499
5.15 0.6730116670092501
5.16 0.6730116670092503
5.17 0.6730116670092504
5.18 0.6730116670092505
5.19 0.6730116670092507
5.2 0.6730116670092509
5.21 0.673011667009251
5.22 0.6730116670092512
5.23 0.6730116670092513
5.24 0.6730116670092514
5.25 0.6730116670092514
5.26 0.6730116670092516
5.2700000000000005 0.6730116670092516
5.28 0.6730116670092517
5.29 0.6730116670092519
5.3 0.6730116670092519
5.3100000000000005 0.6730116670092521
5.32 0.6730116670092521
5.33 0.6730116670092522
5.34 0.6730116670092522
5.3500000000000005 0.6730116670092523
5.36 0.6730116670092523
5.37 0.6730116670092524
5.38 0.6730116670092525
5.39 0.6730116670092525
5.4 0.6730116670092525
5.41 0.6730116670092525
5.42 0.6730116670092526
5.43 0.6730116670092526
5.44 0.6730116670092527
5.45 0.6730116670092527
5.46 0.6730116670092527
5.47 0.6730116670092527
5.48 0.6730116670092527
5.49 0.6730116670092529
5.5 0.6730116670092529
5.51 0.673011667009253
5.5200000000000005 0.673011667009253
5.53 0.673011667009253
5.54 0.673011667009253
5.55 0.673011667009253
5.5600000000000005 0.673011667009253
5.57 0.673011667009253
5.58 0.673011667009253
5.59 0.673011667009253
5.6000000000000005 0.673011667009253
5.61 0.6730116670092531
5.62 0.6730116670092531
5.63 0.6730116670092531
5.64 0.6730116670092531
5.65 0.673011667009253
5.66 0.6730116670092532
5.67 0.6730116670092532
5.68 0.6730116670092532
5.69 0.6730116670092532
5.7 0.6730116670092532
5.71 0.6730116670092532
5.72 0.6730116670092532
5.73 0.6730116670092532
5.74 0.6730116670092532
5.75 0.6730116670092532
5.76 0.6730116670092532
5.7700000000000005 0.6730116670092532
5.78 0.6730116670092532
5.79 0.6730116670092532
5.8 0.6730116670092532
5.8100000000000005 0.6730116670092532
5.82 0.6730116670092532
5.83 0.6730116670092532
5.84 0.6730116670092532
5.8500000000000005 0.6730116670092532
5.86 0.6730116670092532
5.87 0.6730116670092532
5.88 0.6730116670092532
5.89 0.6730116670092532
5.9 0.6730116670092532
5.91 0.6730116670092532
5.92 0.6730116670092532
5.93 0.6730116670092532
5.94 0.6730116670092532
5.95 0.6730116670092532
5.96 0.6730116670092533
5.97 0.6730116670092533
5.98 0.6730116670092533
5.99 0.6730116670092533
6.0 0.6730116670092533
6.01 0.6730116670092533
6.0200000000000005 0.6730116670092533
6.03 0.6730116670092533
6.04 0.6730116670092533
6.05 0.6730116670092533
6.0600000000000005 0.6730116670092533
6.07 0.6730116670092533
6.08 0.6730116670092533
6.09 0.6730116670092533
6.1000000000000005 0.6730116670092533
6.11 0.6730116670092533
6.12 0.6730116670092533
6.13 0.6730116670092533
6.140000000000001 0.6730116670092533
6.15 0.6730116670092533
6.16 0.6730116670092533
6.17 0.6730116670092533
6.18 0.6730116670092533
6.19 0.6730116670092533
6.2 0.6730116670092533
6.21 0.6730116670092533
6.22 0.6730116670092533
6.23 0.6730116670092533
6.24 0.6730116670092533
6.25 0.6730116670092533
6.26 0.6730116670092533
6.2700000000000005 0.6730116670092533
6.28 0.6730116670092533
6.29 0.6730116670092533
6.3 0.6730116670092533
6.3100000000000005 0.6730116670092533
6.32 0.6730116670092533
6.33 0.6730116670092533
6.34 0.6730116670092533
6.3500000000000005 0.6730116670092533
6.36 0.6730116670092533
6.37 0.6730116670092533
6.38 0.6730116670092533
6.390000000000001 0.6730116670092533
6.4 0.6730116670092533
6.41 0.6730116670092533
6.42 0.6730116670092533
6.43 0.6730116670092533
6.44 0.6730116670092533
6.45 0.6730116670092533
6.46 0.6730116670092533
6.47 0.6730116670092533
6.48 0.6730116670092533
6.49 0.6730116670092533
6.5 0.6730116670092533
6.51 0.6730116670092533
6.5200000000000005 0.6730116670092533
6.53 0.6730116670092533
6.54 0.6730116670092533
6.55 0.6730116670092533
6.5600000000000005 0.6730116670092533
6.57 0.6730116670092533
6.58 0.6730116670092533
6.59 0.6730116670092533
6.6000000000000005 0.6730116670092533
6.61 0.6730116670092533
6.62 0.6730116670092533
6.63 0.6730116670092533
6.640000000000001 0.6730116670092533
6.65 0.6730116670092533
6.66 0.6730116670092533
6.67 0.6730116670092533
6.68 0.6730116670092533
6.69 0.6730116670092533
6.7 0.6730116670092533
6.71 0.6730116670092533
6.72 0.6730116670092533
6.73 0.6730116670092533
6.74 0.6730116670092533
6.75 0.6730116670092533
6.76 0.6730116670092533
6.7700000000000005 0.6730116670092533
6.78 0.6730116670092533
6.79 0.6730116670092533
6.8 0.6730116670092533
6.8100000000000005 0.6730116670092533
6.82 0.6730116670092533
6.83 0.6730116670092533
6.84 0.6730116670092533
6.8500000000000005 0.6730116670092533
6.86 0.6730116670092533
6.87 0.6730116670092533
6.88 0.6730116670092533
6.890000000000001 0.6730116670092533
6.9 0.6730116670092533
6.91 0.6730116670092533
6.92 0.6730116670092533
6.93 0.6730116670092533
6.94 0.6730116670092533
6.95 0.6730116670092533
6.96 0.6730116670092533
6.97 0.6730116670092533
6.98 0.6730116670092533
6.99 0.6730116670092533
7.0 0.6730116670092533
7.01 0.6730116670092533
7.0200000000000005 0.6730116670092533
7.03 0.6730116670092533
7.04 0.6730116670092533
7.05 0.6730116670092533
7.0600000000000005 0.6730116670092533
7.07 0.6730116670092533
7.08 0.6730116670092533
7.09 0.6730116670092533
7.1000000000000005 0.6730116670092533
7.11 0.6730116670092533
7.12 0.6730116670092533
7.13 0.6730116670092533
7.140000000000001 0.6730116670092533
7.15 0.6730116670092533
7.16 0.6730116670092533
7.17 0.6730116670092533
7.18 0.6730116670092533
7.19 0.6730116670092533
7.2 0.6730116670092533
7.21 0.6730116670092533
7.22 0.6730116670092533
7.23 0.6730116670092533
7.24 0.6730116670092533
7.25 0.6730116670092533
7.26 0.6730116670092533
7.2700000000000005 0.6730116670092533
7.28 0.6730116670092533
7.29 0.6730116670092533
7.3 0.6730116670092533
7.3100000000000005 0.6730116670092533
7.32 0.6730116670092533
7.33 0.6730116670092533
7.34 0.6730116670092533
7.3500000000000005 0.6730116670092533
7.36 0.6730116670092533
7.37 0.6730116670092533
7.38 0.6730116670092533
7.390000000000001 0.6730116670092533
7.4 0.6730116670092533
7.41 0.6730116670092533
7.42 0.6730116670092533
7.43 0.6730116670092533
7.44 0.6730116670092533
7.45 0.6730116670092533
7.46 0.6730116670092533
7.47 0.6730116670092533
7.48 0.6730116670092533
7.49 0.6730116670092533
7.5 0.6730116670092533
7.51 0.6730116670092533
7.5200000000000005 0.6730116670092533
7.53 0.6730116670092533
7.54 0.6730116670092533
7.55 0.6730116670092533
7.5600000000000005 0.6730116670092533
7.57 0.6730116670092533
7.58 0.6730116670092533
7.59 0.6730116670092533
7.6000000000000005 0.6730116670092533
7.61 0.6730116670092533
7.62 0.6730116670092533
7.63 0.6730116670092533
7.640000000000001 0.6730116670092533
7.65 0.6730116670092533
7.66 0.6730116670092533
7.67 0.6730116670092533
7.68 0.6730116670092533
7.69 0.6730116670092533
7.7 0.6730116670092533
7.71 0.6730116670092533
7.72 0.6730116670092533
7.73 0.6730116670092533
7.74 0.6730116670092533
7.75 0.6730116670092533
7.76 0.6730116670092533
7.7700000000000005 0.6730116670092533
7.78 0.6730116670092533
7.79 0.6730116670092533
7.8 0.6730116670092533
7.8100000000000005 0.6730116670092533
7.82 0.6730116670092533
7.83 0.6730116670092533
7.84 0.6730116670092533
7.8500000000000005 0.6730116670092533
7.86 0.6730116670092533
7.87 0.6730116670092533
7.88 0.6730116670092533
7.890000000000001 0.6730116670092533
7.9 0.6730116670092533
7.91 0.6730116670092533
7.92 0.6730116670092533
7.930000000000001 0.6730116670092533
7.94 0.6730116670092533
7.95 0.6730116670092533
7.96 0.6730116670092533
7.97 0.6730116670092533
7.98 0.6730116670092533
7.99 0.6730116670092533
8.0 0.6730116670092533
8.01 0.6730116670092533
8.02 0.6730116670092533
8.03 0.6730116670092533
8.040000000000001 0.6730116670092533
8.05 0.6730116670092533
8.06 0.6730116670092533
8.07 0.6730116670092533
8.08 0.6730116670092533
8.09 0.6730116670092533
8.1 0.6730116670092533
8.11 0.6730116670092533
8.120000000000001 0.6730116670092533
8.13 0.6730116670092533
8.14 0.6730116670092533
8.15 0.6730116670092533
8.16 0.6730116670092533
8.17 0.6730116670092533
8.18 0.6730116670092533
8.19 0.6730116670092533
8.2 0.6730116670092533
8.21 0.6730116670092533
8.22 0.6730116670092533
8.23 0.6730116670092533
8.24 0.6730116670092533
8.25 0.6730116670092533
8.26 0.6730116670092533
8.27 0.6730116670092533
8.28 0.6730116670092533
8.290000000000001 0.6730116670092533
8.3 0.6730116670092533
8.31 0.6730116670092533
8.32 0.6730116670092533
8.33 0.6730116670092533
8.34 0.6730116670092533
8.35 0.6730116670092533
8.36 0.6730116670092533
8.370000000000001 0.6730116670092533
8.38 0.6730116670092533
8.39 0.6730116670092533
8.4 0.6730116670092533
8.41 0.6730116670092533
8.42 0.6730116670092533
8.43 0.6730116670092533
8.44 0.6730116670092533
8.45 0.6730116670092533
8.46 0.6730116670092533
8.47 0.6730116670092533
8.48 0.6730116670092533
8.49 0.6730116670092533
8.5 0.6730116670092533
8.51 0.6730116670092533
8.52 0.6730116670092533
8.53 0.6730116670092533
8.540000000000001 0.6730116670092533
8.55 0.6730116670092533
8.56 0.6730116670092533
8.57 0.6730116670092533
8.58 0.6730116670092533
8.59 0.6730116670092533
8.6 0.6730116670092533
8.61 0.6730116670092533
8.620000000000001 0.6730116670092533
8.63 0.6730116670092533
8.64 0.6730116670092533
8.65 0.6730116670092533
8.66 0.6730116670092533
8.67 0.6730116670092533
8.68 0.6730116670092533
8.69 0.6730116670092533
8.700000000000001 0.6730116670092533
8.71 0.6730116670092533
8.72 0.6730116670092533
8.73 0.6730116670092533
8.74 0.6730116670092533
8.75 0.6730116670092533
8.76 0.6730116670092533
8.77 0.6730116670092533
8.78 0.6730116670092533
8.790000000000001 0.6730116670092533
8.8 0.6730116670092533
8.81 0.6730116670092533
8.82 0.6730116670092533
8.83 0.6730116670092533
8.84 0.6730116670092533
8.85 0.6730116670092533
8.86 0.6730116670092533
8.870000000000001 0.6730116670092533
8.88 0.6730116670092533
8.89 0.6730116670092533
8.9 0.6730116670092533
8.91 0.6730116670092533
8.92 0.6730116670092533
8.93 0.6730116670092533
8.94 0.6730116670092533
8.950000000000001 0.6730116670092533
8.96 0.6730116670092533
8.97 0.6730116670092533
8.98 0.6730116670092533
8.99 0.6730116670092533
9.0 0.6730116670092533
9.01 0.6730116670092533
9.02 0.6730116670092533
9.03 0.6730116670092533
9.040000000000001 0.6730116670092533
9.05 0.6730116670092533
9.06 0.6730116670092533
9.07 0.6730116670092533
9.08 0.6730116670092533
9.09 0.6730116670092533
9.1 0.6730116670092533
9.11 0.6730116670092533
9.120000000000001 0.6730116670092533
9.13 0.6730116670092533
9.14 0.6730116670092533
9.15 0.6730116670092533
9.16 0.6730116670092533
9.17 0.6730116670092533
9.18 0.6730116670092533
9.19 0.6730116670092533
9.200000000000001 0.6730116670092533
9.21 0.6730116670092533
9.22 0.6730116670092533
9.23 0.6730116670092533
9.24 0.6730116670092533
9.25 0.6730116670092533
9.26 0.6730116670092533
9.27 0.6730116670092533
9.28 0.6730116670092533
9.290000000000001 0.6730116670092533
9.3 0.6730116670092533
9.31 0.6730116670092533
9.32 0.6730116670092533
9.33 0.6730116670092533
9.34 0.6730116670092533
9.35 0.6730116670092533
9.36 0.6730116670092533
9.370000000000001 0.6730116670092533
9.38 0.6730116670092533
9.39 0.6730116670092533
9.4 0.6730116670092533
9.41 0.6730116670092533
9.42 0.6730116670092533
9.43 0.6730116670092533
9.44 0.6730116670092533
9.450000000000001 0.6730116670092533
9.46 0.6730116670092533
9.47 0.6730116670092533
9.48 0.6730116670092533
9.49 0.6730116670092533
9.5 0.6730116670092533
9.51 0.6730116670092533
9.52 0.6730116670092533
9.53 0.6730116670092533
9.540000000000001 0.6730116670092533
9.55 0.6730116670092533
9.56 0.6730116670092533
9.57 0.6730116670092533
9.58 0.6730116670092533
9.59 0.6730116670092533
9.6 0.6730116670092533
9.61 0.6730116670092533
9.620000000000001 0.6730116670092533
9.63 0.6730116670092533
9.64 0.6730116670092533
9.65 0.6730116670092533
9.66 0.6730116670092533
9.67 0.6730116670092533
9.68 0.6730116670092533
9.69 0.6730116670092533
9.700000000000001 0.6730116670092533
9.71 0.6730116670092533
9.72 0.6730116670092533
9.73 0.6730116670092533
9.74 0.6730116670092533
9.75 0.6730116670092533
9.76 0.6730116670092533
9.77 0.6730116670092533
9.78 0.6730116670092533
9.790000000000001 0.6730116670092533
9.8 0.6730116670092533
9.81 0.6730116670092533
9.82 0.6730116670092533
9.83 0.6730116670092533
9.84 0.6730116670092533
9.85 0.6730116670092533
9.86 0.6730116670092533
9.870000000000001 0.6730116670092533
9.88 0.6730116670092533
9.89 0.6730116670092533
9.9 0.6730116670092533
9.91 0.6730116670092533
9.92 0.6730116670092533
9.93 0.6730116670092533
9.94 0.6730116670092533
9.950000000000001 0.6730116670092533
9.96 0.6730116670092533
9.97 0.6730116670092533
9.98 0.6730116670092533
9.99 0.6730116670092533
