0.005 0.0010393502576113056
0.006 0.0010365784895297883
0.007 0.001033329364257554
0.008 0.001030090107442233
0.009000000000000001 0.0010268658022554672
0.01 0.001023647146911972
0.011 0.0010204688187377127
0.012 0.0010173149715701527
0.013000000000000001 0.001014165623750772
0.014000000000000002 0.001011020777564358
0.015 0.0010078804352975574
0.016 0.001004744599244687
0.017 0.001001613271672672
0.018000000000000002 0.0009984864548682516
0.019 0.0009953641511100998
0.02 0.0009922463626728481
0.021 0.0009891330918225388
0.022000000000000002 0.000986024340830698
0.023000000000000003 0.000982920111961328
0.024 0.0009798204074850765
0.025 0.0009767252296535595
0.026000000000000002 0.0009736348705077147
0.027 0.0009705779506146619
0.028 0.0009675486713602587
0.029 0.0009645294907443742
0.030000000000000002 0.000961520384989769
0.031000000000000003 0.0009585213303663806
0.032 0.0009555323031656419
0.033 0.0009525532797042759
0.034 0.0009495842363599868
0.034999999999999996 0.0009466251495114365
0.036 0.0009436759955930292
0.037 0.0009407367510630743
0.038 0.000937807392417836
0.039 0.000934887896180533
0.04 0.0009319782389198203
0.041 0.0009290783972238521
0.041999999999999996 0.0009261883477214911
0.043 0.0009233080670808202
0.044 0.0009204375320011317
0.045 0.0009175767192109874
0.046 0.0009147256054661065
0.047 0.0009118841675727278
0.048 0.0009090523823741719
0.048999999999999995 0.0009062302267209297
0.049999999999999996 0.0009034176775276266
0.051 0.000900614350617577
0.052 0.0008978179055207662
0.053 0.0008950302366444678
0.054 0.0008922518178616078
0.055 0.0008894826274732693
0.056 0.0008867226437899921
0.057 0.0008839718451642194
0.057999999999999996 0.0008812302099678339
0.059 0.0008784977166189462
0.06 0.0008757743435483132
0.061 0.0008730600692328169
0.062 0.0008703548721742158
0.063 0.0008676587308970187
0.064 0.0008649716239691898
0.065 0.0008622935299820195
0.066 0.0008596244275668793
0.067 0.0008569642953776417
0.068 0.0008543131120895098
0.069 0.0008516708564344047
0.07 0.0008490375071568188
0.07100000000000001 0.0008464130430369763
0.07200000000000001 0.0008437974428848981
0.07300000000000001 0.000841190685543373
0.07400000000000001 0.000838592749900726
0.07500000000000001 0.0008360036148377754
0.07600000000000001 0.000833421964339206
0.07700000000000001 0.0008308462586934767
0.078 0.0008282789081861497
0.079 0.0008257199696798932
0.08 0.0008231694236402115
0.081 0.000820627250532372
0.082 0.0008180934308821075
0.083 0.0008155679452093093
0.084 0.000813050774095559
0.085 0.0008105418981283779
0.08600000000000001 0.0008080412979192274
0.08700000000000001 0.0008055489541210147
0.08800000000000001 0.0008030648473995533
0.08900000000000001 0.0008005889584623946
0.09000000000000001 0.0007981212680325304
0.09100000000000001 0.000795661756873783
0.09200000000000001 0.0007932104057533498
0.093 0.0007907671954943363
0.094 0.0007883321069299147
0.095 0.0007859051209232781
0.096 0.0007834862183645745
0.097 0.0007810753801876603
0.098 0.000778672587327384
0.099 0.0007762778207643094
0.1 0.0007738910614973402
0.101 0.0007715122905674332
0.10200000000000001 0.0007691414890249118
0.10300000000000001 0.0007667786379683383
0.10400000000000001 0.0007644237185001539
0.10500000000000001 0.0007620767117749595
0.10600000000000001 0.0007597375989553727
0.10700000000000001 0.0007574063612478752
0.10800000000000001 0.000755082979876134
0.10900000000000001 0.0007527674360987447
0.11 0.000750459711199805
0.111 0.000748159786494552
0.112 0.0007458676433157198
0.113 0.0007435832630477981
0.114 0.0007413066270716389
0.115 0.0007390377168293922
0.116 0.000736776513762833
0.117 0.0007345229993667249
0.11800000000000001 0.0007322771551469391
0.11900000000000001 0.0007300358282000809
0.12000000000000001 0.0007277974955003023
0.12100000000000001 0.0007255664199670544
0.12200000000000001 0.0007233426167079479
0.12300000000000001 0.0007211260688623149
0.12400000000000001 0.0007189167596038902
0.125 0.0007167146721233729
0.126 0.0007145197896373505
0.127 0.0007123320953860843
0.128 0.0007101515726374779
0.129 0.0007079782046727337
0.13 0.0007058119748032823
0.131 0.0007036528663725606
0.132 0.0007015008627290034
0.133 0.0006993559472617121
0.134 0.0006972181033731104
0.135 0.0006950873145043849
0.136 0.000692963564093469
0.137 0.0006908468356293146
0.138 0.0006887371126169851
0.139 0.0006866343785786821
0.14 0.0006845386170678272
0.14100000000000001 0.0006824498116491
0.14200000000000002 0.0006803679459423628
0.14300000000000002 0.0006782930035487096
0.14400000000000002 0.000676224968136371
0.14500000000000002 0.0006741638233614316
0.14600000000000002 0.0006721095529263013
0.14700000000000002 0.0006700621405603235
0.14800000000000002 0.0006680215699925161
0.14900000000000002 0.0006659878250029176
0.15 0.0006639608893880151
0.151 0.000661940746962697
0.152 0.0006599273815685132
0.153 0.0006579207770775545
0.154 0.0006559209173808129
0.155 0.0006539277863997203
0.156 0.0006519413680664433
0.157 0.000649961646360305
0.158 0.0006479886052628398
0.159 0.0006460222288008077
0.16 0.0006440625010041641
0.161 0.0006421094055640981
0.162 0.0006401604496429778
0.163 0.0006382155242741885
0.164 0.000636276858067152
0.165 0.000634344429011915
0.166 0.0006324182151317149
0.167 0.000630498194546887
0.168 0.0006285843454128953
0.169 0.000626676645969381
0.17 0.0006247750745136813
0.171 0.0006228796094184413
0.17200000000000001 0.000620990229093653
0.17300000000000001 0.0006191069120465218
0.17400000000000002 0.0006172296368253659
0.17500000000000002 0.0006153583820531717
0.17600000000000002 0.0006134931264079108
0.17700000000000002 0.0006116338486422305
0.17800000000000002 0.0006097805275681728
0.17900000000000002 0.0006079331420518964
0.18000000000000002 0.0006060916710338957
0.181 0.000604256093519831
0.182 0.0006024263885605941
0.183 0.0006006025352910417
0.184 0.0005987845128952614
0.185 0.0005969723006211321
0.186 0.0005951658777892453
0.187 0.0005933652237621528
0.188 0.0005915703179897786
0.189 0.0005897811399628324
0.19 0.000587997669235202
0.191 0.0005862198854417924
0.192 0.000584447768255399
0.193 0.0005826812974260675
0.194 0.0005809204527488917
0.195 0.0005791652141051496
0.196 0.0005774155614097753
0.197 0.0005756714746502817
0.198 0.0005739329338815863
0.199 0.0005721999192083177
0.2 0.0005704724107944789
0.201 0.0005687503888703946
0.202 0.0005670338337335103
0.203 0.0005653227257166205
0.20400000000000001 0.0005636170452328956
0.20500000000000002 0.000561916772760216
0.20600000000000002 0.0005602218888100306
0.20700000000000002 0.0005585323739713702
0.20800000000000002 0.0005568482088904701
0.20900000000000002 0.0005551693742742254
0.21000000000000002 0.000553495850879298
0.21100000000000002 0.0005518276195280039
0.21200000000000002 0.000550164661097296
0.21300000000000002 0.0005485069565341006
0.214 0.0005468544868191607
0.215 0.0005452072330167209
0.216 0.0005435651762347744
0.217 0.0005419282976444162
0.218 0.00054029657847021
0.219 0.0005386699999948925
0.22 0.0005370485435615843
0.221 0.0005354321905784281
0.222 0.000533820922480694
0.223 0.0005322147208012372
0.224 0.0005306135671006022
0.225 0.0005290174496294068
0.226 0.0005274269669288669
0.227 0.0005258419199430142
0.228 0.0005242618968634312
0.229 0.0005226868802103619
0.23 0.0005211168525518591
0.231 0.00051955179650842
0.232 0.000517991694761755
0.233 0.0005164365300310801
0.234 0.0005148862850924315
0.23500000000000001 0.0005133409427724092
0.23600000000000002 0.0005118004859537961
0.23700000000000002 0.0005102648975557082
0.23800000000000002 0.0005087341605634081
0.23900000000000002 0.0005072082580074215
0.24000000000000002 0.0005056871729542201
0.24100000000000002 0.0005041708885453582
0.24200000000000002 0.0005026593879594329
0.24300000000000002 0.0005011526544131048
0.24400000000000002 0.0004996506712007265
0.245 0.0004981534216382416
0.246 0.0004966608891081379
0.247 0.0004951730570395737
0.248 0.0004936899089087186
0.249 0.0004922114282304327
0.25 0.0004907375985966232
0.251 0.0004892684036115781
0.252 0.0004878038269681074
0.253 0.00048634385236825587
0.254 0.0004848884635933015
0.255 0.0004834376444559749
0.256 0.00048199137882593506
0.257 0.00048054965061415005
0.258 0.0004791124437795957
0.259 0.0004776797423448796
0.26 0.0004762515303579523
0.261 0.0004748277919301619
0.262 0.0004734085112083326
0.263 0.0004719936724025055
0.264 0.0004705832597543471
0.265 0.00046917725756835156
0.266 0.00046777565017775
0.267 0.0004663784219776581
0.268 0.0004649855574038065
0.269 0.0004635970409485869
0.27 0.0004622128571275481
0.271 0.00046083299053027553
0.272 0.00045945742577677986
0.273 0.00045808614753799914
0.274 0.00045671914052688154
0.275 0.0004553563895112364
0.276 0.00045399787930167177
0.277 0.0004526435947429804
0.278 0.0004512935207458778
0.279 0.0004499476422514655
0.28 0.0004486059442554394
0.281 0.00044726841179016063
0.28200000000000003 0.00044593502994336816
0.28300000000000003 0.0004446057838418881
0.28400000000000003 0.0004432806586603541
0.28500000000000003 0.0004419596396125343
0.28600000000000003 0.00044064271196332097
0.28700000000000003 0.00043932986102584933
0.28800000000000003 0.0004380210721514996
0.28900000000000003 0.0004367163517686173
0.29000000000000004 0.00043541628235032
0.29100000000000004 0.0004341205474869166
0.29200000000000004 0.0004328288572956465
0.29300000000000004 0.0004315411978248638
0.294 0.00043025755517401404
0.295 0.0004289779154813646
0.296 0.0004277022649160573
0.297 0.0004264305896993569
0.298 0.00042516287608308344
0.299 0.00042389911037524127
0.3 0.0004226392789000545
0.301 0.00042138336804642727
0.302 0.0004201313642201286
0.303 0.0004188832538900125
0.304 0.00041763902354809905
0.305 0.00041639865973294493
0.306 0.0004151621490228738
0.307 0.0004139294780273842
0.308 0.00041270063341024694
0.309 0.00041147560186478307
0.31 0.0004102543701267964
0.311 0.0004090369249616342
0.312 0.000407823253193508
0.313 0.00040661334166708363
0.314 0.0004054071772764868
0.315 0.0004042047469538659
0.316 0.00040300603765792064
0.317 0.0004018110364048342
0.318 0.00040061973023670775
0.319 0.0003994321062357479
0.32 0.0003982481515333457
0.321 0.00039706785327742335
0.322 0.000395891198672585
0.323 0.0003947181749620527
0.324 0.00039354876940452845
0.325 0.000392382969336237
0.326 0.0003912207620824196
0.327 0.00039006213505135817
0.328 0.00038890707565832056
0.329 0.00038775557137237204
0.33 0.0003866076096899163
0.331 0.0003854631781566508
0.332 0.00038432226433714255
0.333 0.00038318485585370736
0.334 0.0003820509403537967
0.335 0.00038092050552174234
0.336 0.00037979353908837194
0.337 0.00037867002880543406
0.338 0.0003775499624774399
0.339 0.0003764333279321874
0.34 0.0003753201130497451
0.341 0.00037421030572738057
0.342 0.00037310389391790585
0.343 0.00037200086559187437
0.34400000000000003 0.00037090120877393833
0.34500000000000003 0.00036980491151049626
0.34600000000000003 0.00036871196189230694
0.34700000000000003 0.0003676223480466223
0.34800000000000003 0.0003665360581255249
0.34900000000000003 0.0003654530803340526
0.35000000000000003 0.0003643734028973428
0.35100000000000003 0.00036329701408682773
0.35200000000000004 0.0003622239022036782
0.35300000000000004 0.0003611541062600995
0.35400000000000004 0.0003600883024963003
0.35500000000000004 0.0003590260189552785
0.35600000000000004 0.00035796701131418396
0.357 0.0003569112685982138
0.358 0.0003558587798412653
0.359 0.0003548095341265163
0.36 0.0003537635205551178
0.361 0.0003527207282681492
0.362 0.000351681146434805
0.363 0.00035064476425082045
0.364 0.00034961157095638666
0.365 0.00034858155580143123
0.366 0.0003475547080863852
0.367 0.0003465310171291463
0.368 0.0003455104722936579
0.369 0.00034449306295333295
0.37 0.000343478778527803
0.371 0.00034246760846141266
0.372 0.00034145954223319076
0.373 0.0003404545693452614
0.374 0.0003394526793385856
0.375 0.00033845386177281165
0.376 0.00033745810625215785
0.377 0.00033646540239908295
0.378 0.00033547573987498697
0.379 0.00033448910835389117
0.38 0.00033350549756797445
0.381 0.0003325248972550976
0.382 0.000331547297191544
0.383 0.00033057268718415366
0.384 0.0003296010570654008
0.385 0.0003286323967044262
0.386 0.0003276666959908981
0.387 0.00032670394485132486
0.388 0.00032574413323368173
0.389 0.00032478725112201467
0.39 0.00032383328853135814
0.391 0.00032288223549313777
0.392 0.0003219340820838148
0.393 0.000320988818394451
0.394 0.00032004643456166486
0.395 0.0003191069207273296
0.396 0.0003181702670897293
0.397 0.00031723646385231315
0.398 0.0003163055012569096
0.399 0.00031537736958037107
0.4 0.00031445205911355027
0.401 0.00031352956018623247
0.402 0.00031260986315753166
0.403 0.00031169295840476405
0.404 0.0003107788363397151
0.405 0.00030986748740915993
0.406 0.0003089589020703141
0.40700000000000003 0.0003080530708342811
0.40800000000000003 0.00030714998420584887
0.40900000000000003 0.0003062496327520994
0.41000000000000003 0.0003053520070430077
0.41100000000000003 0.0003044570976915748
0.41200000000000003 0.0003035648953313284
0.41300000000000003 0.00030267539062230254
0.41400000000000003 0.0003017885742563356
0.41500000000000004 0.0003009044369492663
0.41600000000000004 0.0003000229694494292
0.41700000000000004 0.0002991442086923903
0.41800000000000004 0.0002982685008969858
0.41900000000000004 0.0002973955473672783
0.42000000000000004 0.00029652525065102176
0.42100000000000004 0.00029565760190688046
0.422 0.0002947925923165985
0.423 0.0002939302130997976
0.424 0.0002930704554829725
0.425 0.00029221331073171265
0.426 0.0002913587701265148
0.427 0.0002905068249811953
0.428 0.00028965746663113864
0.429 0.00028881068643035035
0.43 0.00028796647576948735
0.431 0.00028712482605507014
0.432 0.00028628572871656994
0.433 0.00028544917521777444
0.434 0.0002846151570382785
0.435 0.0002837836656825276
0.436 0.0002829546926858428
0.437 0.0002821282296011778
0.438 0.00028130426800802134
0.439 0.00028048279951214646
0.44 0.00027966381573858306
0.441 0.0002788473083371794
0.442 0.00027803326899415287
0.443 0.0002772216893944955
0.444 0.00027641256127455545
0.445 0.00027560587637482633
0.446 0.0002748016264678485
0.447 0.00027399980335072
0.448 0.00027320039884305236
0.449 0.0002724034047790421
0.45 0.00027160881303586515
0.451 0.00027081661549613984
0.452 0.00027002680407083344
0.453 0.0002692393707052476
0.454 0.0002684543073503731
0.455 0.0002676716059904036
0.456 0.0002668912586348181
0.457 0.00026611325731236093
0.458 0.0002653375940739822
0.459 0.00026456426098972794
0.46 0.00026379325017025475
0.461 0.0002630245537294375
0.462 0.00026225816381093023
0.463 0.00026149407258541514
0.464 0.0002607322722391529
0.465 0.00025997275499050325
0.466 0.0002592155130685497
0.467 0.0002584605387384983
0.468 0.0002577078242718613
0.46900000000000003 0.0002569573619805773
0.47000000000000003 0.0002562091441860425
0.47100000000000003 0.00025546316323884404
0.47200000000000003 0.0002547194115053146
0.47300000000000003 0.0002539778813840563
0.47400000000000003 0.00025323856528521374
0.47500000000000003 0.0002525014556519699
0.47600000000000003 0.00025176654493608264
0.47700000000000004 0.00025103382562621215
0.47800000000000004 0.00025030329021982257
0.47900000000000004 0.00024957493125201595
0.48000000000000004 0.00024884874126027216
0.48100000000000004 0.00024812479983443166
0.48200000000000004 0.0002474035086005974
0.48300000000000004 0.00024668446668795407
0.48400000000000004 0.0002459675931769187
0.485 0.00024525288106902476
0.486 0.00024454032337880855
0.487 0.00024382991314748312
0.488 0.00024312164342592642
0.489 0.00024241550728769167
0.49 0.00024171149783656557
0.491 0.000241009608169953
0.492 0.00024030983143338332
0.493 0.0002396121607724993
0.494 0.0002389165893570257
0.495 0.000238223110380633
0.496 0.00023753171704608912
0.497 0.00023684240258110015
0.498 0.00023615516023721867
0.499 0.0002354699832735974
0.5 0.0002347868649735649
0.501 0.00023410579864312168
0.502 0.00023342677760067795
0.503 0.00023274979518598716
0.504 0.00023207484475605387
0.505 0.00023140191969217463
0.506 0.00023073101338154164
0.507 0.00023006211924615902
0.508 0.00022939523071565358
0.509 0.00022873034123473414
0.51 0.00022806744427835657
0.511 0.00022740653333452144
0.512 0.0002267476019022295
0.513 0.0002260906435103289
0.514 0.00022543565170142797
0.515 0.00022478262003039685
0.516 0.0002241315420800342
0.517 0.00022348241144441562
0.518 0.000222835221736386
0.519 0.00022218996659184882
0.52 0.00022154663965580983
0.521 0.00022090523460039065
0.522 0.00022026574510982148
0.523 0.0002196281648881426
0.524 0.00021899248765649488
0.525 0.0002183587071508998
0.526 0.00021772681713490294
0.527 0.0002170968113776534
0.528 0.0002164686836746201
0.529 0.00021584242783070012
0.53 0.00021521803767935138
0.531 0.0002145955070583052
0.532 0.00021397482983648584
0.533 0.00021335599988929208
0.534 0.00021273901111592316
0.535 0.0002121238574283251
0.536 0.00021151053275842224
0.537 0.00021089903106067252
0.538 0.0002102893462910539
0.539 0.0002096814724407965
0.54 0.00020907540350814205
0.541 0.00020847113350835084
0.542 0.00020786865648064987
0.543 0.00020726796647211755
0.544 0.00020666905755263186
0.545 0.00020607196765713728
0.546 0.00020547681941297677
0.547 0.00020488346095339554
0.548 0.00020429187026552796
0.549 0.00020370204162324234
0.55 0.00020311396931461506
0.551 0.0002025276476452722
0.552 0.0002019430709339118
0.553 0.000201360233522335
0.554 0.0002007791297555402
0.555 0.00020019975400786434
0.556 0.00019962210066355572
0.557 0.0001990461641171547
0.558 0.00019847193878668753
0.559 0.00019789941910694316
0.56 0.0001973285995169615
0.561 0.00019675947448470038
0.562 0.00019619203848746724
0.5630000000000001 0.00019562628601406225
0.5640000000000001 0.00019506221157686125
0.5650000000000001 0.00019449980969915825
0.5660000000000001 0.00019393907492058738
0.5670000000000001 0.00019338000179545245
0.5680000000000001 0.00019282258489281592
0.5690000000000001 0.00019226681879843608
0.5700000000000001 0.00019171269811775612
0.5710000000000001 0.00019116021745477994
0.5720000000000001 0.00019060937145402697
0.5730000000000001 0.00019006015475096945
0.5740000000000001 0.0001895125620137372
0.5750000000000001 0.00018896658791581571
0.5760000000000001 0.0001884222271464997
0.5770000000000001 0.00018787947441917344
0.5780000000000001 0.00018733832444345252
0.5790000000000001 0.0001867987719657077
0.5800000000000001 0.00018626081173633608
0.5810000000000001 0.0001857244385140381
0.582 0.00018518964708542137
0.583 0.00018465643224662982
0.584 0.000184124788804978
0.585 0.00018359471158386272
0.586 0.00018306619543091137
0.587 0.00018253923519249117
0.588 0.0001820138257432004
0.589 0.0001814899619599541
0.59 0.0001809676387507291
0.591 0.00018044685101906727
0.592 0.00017992759369717085
0.593 0.00017940986172665263
0.594 0.00017889365006345539
0.595 0.00017837895367509897
0.596 0.0001778657675490408
0.597 0.00017735408668705525
0.598 0.0001768439060946613
0.599 0.00017633522081056174
0.6 0.00017582802586878473
0.601 0.00017532231632900439
0.602 0.0001748180872600724
0.603 0.00017431533374570764
0.604 0.00017381405088724703
0.605 0.00017331423379963424
0.606 0.0001728158776009664
0.607 0.000172318977438108
0.608 0.0001718235284666626
0.609 0.00017132964477062533
0.61 0.0001708375334763111
0.611 0.0001703468967787475
0.612 0.0001698577125483114
0.613 0.00016936997625482963
0.614 0.000168883683371567
0.615 0.00016839882939246448
0.616 0.00016791540981115597
0.617 0.0001674334201476447
0.618 0.00016695285592707433
0.619 0.0001664737126831898
0.62 0.00016599598596925432
0.621 0.0001655196713442548
0.622 0.00016504476438310354
0.623 0.0001645712606697479
0.624 0.00016409915580311744
0.625 0.00016362844539279168
0.626 0.0001631591250564551
0.627 0.0001626911904324457
0.628 0.00016222463716095693
0.629 0.00016175946090016158
0.63 0.0001612956573167669
0.631 0.00016083322209389653
0.632 0.00016037215092126384
0.633 0.00015991243950043925
0.634 0.0001594540835520833
0.635 0.00015899707879621556
0.636 0.0001585414209737068
0.637 0.00015808710583776304
0.638 0.00015763412914369295
0.639 0.0001571824866692372
0.64 0.000156732174196868
0.641 0.0001562831875208811
0.642 0.00015583552245292055
0.643 0.00015538917480947963
0.644 0.0001549441404182096
0.645 0.00015450041512316768
0.646 0.00015405799477881846
0.647 0.00015361687524577551
0.648 0.00015317705240325773
0.649 0.00015273852213641426
0.65 0.0001523012803420872
0.651 0.00015186532292986375
0.652 0.00015143064582298236
0.653 0.00015099724495138518
0.654 0.00015056511625669274
0.655 0.00015013425569425376
0.656 0.00014970465922959698
0.657 0.00014927632283958642
0.658 0.00014884924250587692
0.659 0.0001484234142342718
0.66 0.00014799883403047233
0.661 0.0001475754979141758
0.662 0.00014715340191845814
0.663 0.00014673254208357592
0.664 0.0001463129144633706
0.665 0.00014589451512214428
0.666 0.00014547734013531377
0.667 0.00014506138558599714
0.668 0.00014464664757324677
0.669 0.00014423312220556903
0.67 0.0001438208055949432
0.671 0.000143409693876234
0.672 0.00014299978318772498
0.673 0.0001425910696751254
0.674 0.00014218354950739991
0.675 0.00014177721884799858
0.676 0.00014137207388534932
0.677 0.00014096811080585556
0.678 0.00014056532581910417
0.679 0.00014016371513467327
0.68 0.00013976327497923933
0.681 0.0001393640015883656
0.682 0.0001389658912021198
0.683 0.0001385689400851414
0.684 0.00013817314449422925
0.685 0.0001377785007145989
0.686 0.0001373850050246769
0.687 0.0001369926537306559
0.6880000000000001 0.00013660144313424203
0.6890000000000001 0.00013621136955699597
0.6900000000000001 0.00013582242932284986
0.6910000000000001 0.0001354346187767106
0.6920000000000001 0.00013504793426311783
0.6930000000000001 0.00013466237214195562
0.6940000000000001 0.0001342779287819442
0.6950000000000001 0.00013389460056491964
0.6960000000000001 0.00013351238387922926
0.6970000000000001 0.00013313127512406335
0.6980000000000001 0.00013275127071094624
0.6990000000000001 0.00013237236705745579
0.7000000000000001 0.0001319945605952681
0.7010000000000001 0.00013161784776543988
0.7020000000000001 0.00013124222501633667
0.7030000000000001 0.00013086768880809198
0.7040000000000001 0.00013049423561060624
0.7050000000000001 0.00013012186190903015
0.7060000000000001 0.0001297505641836048
0.7070000000000001 0.00012938033894374973
0.7080000000000001 0.00012901118269369026
0.709 0.0001286430919530625
0.71 0.00012827606325648802
0.711 0.00012791009313666712
0.712 0.00012754518477270965
0.713 0.00012718164712600445
0.714 0.00012681934375894497
0.715 0.00012645809949014402
0.716 0.00012609791101686954
0.717 0.00012573877504656428
0.718 0.00012538068829065925
0.719 0.00012502364746754395
0.72 0.0001246676493121724
0.721 0.00012431269056360533
0.722 0.00012395876796915698
0.723 0.00012360587828684456
0.724 0.0001232540182811129
0.725 0.0001229031847289266
0.726 0.00012255337441336478
0.727 0.00012220458412428163
0.728 0.0001218568106656475
0.729 0.00012151005084666021
0.73 0.00012116430148211164
0.731 0.00012081955940236155
0.732 0.00012047582144283937
0.733 0.00012013308444577311
0.734 0.00011979134526483889
0.735 0.00011945060076015777
0.736 0.00011911084780406728
0.737 0.00011877208327414681
0.738 0.00011843430405267225
0.739 0.00011809750704180953
0.74 0.00011776168914013649
0.741 0.00011742684726411741
0.742 0.00011709297832930878
0.743 0.00011676007926877653
0.744 0.00011642814701933853
0.745 0.00011609717852653238
0.746 0.00011576717074118377
0.747 0.00011543812063188132
0.748 0.00011511002516571988
0.749 0.0001147828813213034
0.75 0.00011445668608906745
0.751 0.00011413143646247752
0.752 0.00011380712944423914
0.753 0.00011348376205093532
0.754 0.0001131613312960419
0.755 0.00011283983421747512
0.756 0.0001125192678426243
0.757 0.00011219962922214885
0.758 0.00011188091540831722
0.759 0.00011156312345970833
0.76 0.00011124625044893504
0.761 0.00011093029344989974
0.762 0.00011061524955120245
0.763 0.00011030111584482672
0.764 0.00010998788943307595
0.765 0.0001096755674209408
0.766 0.00010936414693362384
0.767 0.00010905362509231351
0.768 0.00010874399903117392
0.769 0.00010843526588840387
0.77 0.00010812742281808717
0.771 0.00010782046697487889
0.772 0.00010751439552467115
0.773 0.0001072092056405211
0.774 0.00010690489450218431
0.775 0.0001066014592991817
0.776 0.00010629889722777143
0.777 0.00010599720549176859
0.778 0.0001056963813034846
0.779 0.00010539642188459013
0.78 0.00010509732445943271
0.781 0.00010479908626540111
0.782 0.00010450170454397945
0.783 0.0001042051765467244
0.784 0.00010390949953340402
0.785 0.00010361467076686263
0.786 0.00010332068752315979
0.787 0.00010302754708429684
0.788 0.00010273524673593351
0.789 0.00010244378377777689
0.79 0.00010215315551149235
0.791 0.00010186335924994698
0.792 0.00010157439231277257
0.793 0.00010128625202540344
0.794 0.00010099893572220546
0.795 0.00010071244074548792
0.796 0.00010042676444682487
0.797 0.00010014190417564602
0.798 9.985785730299563e-05
0.799 9.957462119639346e-05
0.8 9.929219323951041e-05
0.801 9.901057081124283e-05
0.802 9.872975131172501e-05
0.803 9.844973213779419e-05
0.804 9.817051070083906e-05
0.805 9.789208441347699e-05
0.806 9.76144507016386e-05
0.807 9.73376069932794e-05
0.808 9.706155072555973e-05
0.809 9.678627934590743e-05
0.81 9.651179030603769e-05
0.811 9.623808106128741e-05
0.812 9.596514908191885e-05
0.8130000000000001 9.56929918399424e-05
0.8140000000000001 9.542160681535306e-05
0.8150000000000001 9.515099149983275e-05
0.8160000000000001 9.488124239339781e-05
0.8170000000000001 9.46126620634052e-05
0.8180000000000001 9.434489947891104e-05
0.8190000000000001 9.407791083580556e-05
0.8200000000000001 9.38116937428017e-05
0.8210000000000001 9.354624581146785e-05
0.8220000000000001 9.328156467019442e-05
0.8230000000000001 9.301764794244742e-05
0.8240000000000001 9.27544932671638e-05
0.8250000000000001 9.249209828348477e-05
0.8260000000000001 9.223046063991414e-05
0.8270000000000001 9.196957798997566e-05
0.8280000000000001 9.170944799529325e-05
0.8290000000000001 9.145006832284074e-05
0.8300000000000001 9.119143663943471e-05
0.8310000000000001 9.093355063489028e-05
0.8320000000000001 9.067640798489795e-05
0.8330000000000001 9.042000638787996e-05
0.8340000000000001 9.016434353742529e-05
0.8350000000000001 8.990941713988527e-05
0.8360000000000001 8.96552249031865e-05
0.8370000000000001 8.940176454783904e-05
0.838 8.914903379257423e-05
0.839 8.889703036792291e-05
0.84 8.864575200955179e-05
0.841 8.839519645631471e-05
0.842 8.814536145705724e-05
0.843 8.789624476482087e-05
0.844 8.764784413852592e-05
0.845 8.740015734295909e-05
0.846 8.715318215246483e-05
0.847 8.690691634253469e-05
0.848 8.66613576944962e-05
0.849 8.641650400099909e-05
0.85 8.617235305845988e-05
0.851 8.592890266713407e-05
0.852 8.568615063222518e-05
0.853 8.544409477121638e-05
0.854 8.520273290075155e-05
0.855 8.496206284826077e-05
0.856 8.472208244337411e-05
0.857 8.448278952528999e-05
0.858 8.424418193594041e-05
0.859 8.40062575237709e-05
0.86 8.376901414440778e-05
0.861 8.3532449661733e-05
0.862 8.329656193657885e-05
0.863 8.306134884383648e-05
0.864 8.282680826529562e-05
0.865 8.259293808030965e-05
0.866 8.23597361815955e-05
0.867 8.212720046289401e-05
0.868 8.189532882718415e-05
0.869 8.166411918312852e-05
0.87 8.143356943959165e-05
0.871 8.120367751955889e-05
0.872 8.09744413442402e-05
0.873 8.074585884635161e-05
0.874 8.05179279591923e-05
0.875 8.029064662719053e-05
0.876 8.006401279554061e-05
0.877 7.98380244177805e-05
0.878 7.961267945322553e-05
0.879 7.938797586408633e-05
0.88 7.916391162080018e-05
0.881 7.894048470094015e-05
0.882 7.871769308208411e-05
0.883 7.849553475364578e-05
0.884 7.82740077064214e-05
0.885 7.80531099388225e-05
0.886 7.783283945216278e-05
0.887 7.761319425718704e-05
0.888 7.739417236982613e-05
0.889 7.717577180499562e-05
0.89 7.695799059081933e-05
0.891 7.674082675892352e-05
0.892 7.652427834541416e-05
0.893 7.630834339029634e-05
0.894 7.609301994196195e-05
0.895 7.587830605169104e-05
0.896 7.566419978107885e-05
0.897 7.545069918742065e-05
0.898 7.523780234636461e-05
0.899 7.502550732763046e-05
0.9 7.481381221189495e-05
0.901 7.460271508578345e-05
0.902 7.439221403622039e-05
0.903 7.418230716283468e-05
0.904 7.397299256206603e-05
0.905 7.376426834359715e-05
0.906 7.355613262033819e-05
0.907 7.334858350381555e-05
0.908 7.31416191217494e-05
0.909 7.293523759750114e-05
0.91 7.272943706507131e-05
0.911 7.252421566325377e-05
0.912 7.231957153637813e-05
0.913 7.211550282840115e-05
0.914 7.191200769542069e-05
0.915 7.170908429903947e-05
0.916 7.150673079785732e-05
0.917 7.130494536446546e-05
0.918 7.110372617179423e-05
0.919 7.090307192338312e-05
0.92 7.070322235736256e-05
0.921 7.050414196988957e-05
0.922 7.030563217054195e-05
0.923 7.010769123502497e-05
0.924 6.991031743436666e-05
0.925 6.971350905115461e-05
0.926 6.951726436937611e-05
0.927 6.932158167692021e-05
0.928 6.912645926812265e-05
0.929 6.8931895441689e-05
0.93 6.873788849833448e-05
0.931 6.854443674723553e-05
0.932 6.835153849868542e-05
0.933 6.815919206793776e-05
0.934 6.796739577508536e-05
0.935 6.77761479468754e-05
0.936 6.758544691221168e-05
0.937 6.73952910034327e-05
0.9380000000000001 6.720567855903201e-05
0.9390000000000001 6.70166079221412e-05
0.9400000000000001 6.682807743980086e-05
0.9410000000000001 6.664008546160857e-05
0.9420000000000001 6.645263034533167e-05
0.9430000000000001 6.626571044973869e-05
0.9440000000000001 6.607932413943135e-05
0.9450000000000001 6.589346978336087e-05
0.9460000000000001 6.57081457547559e-05
0.9470000000000001 6.55233504311135e-05
0.9480000000000001 6.533908219310721e-05
0.9490000000000001 6.515533942820505e-05
0.9500000000000001 6.497212052623923e-05
0.9510000000000001 6.478942388086253e-05
0.9520000000000001 6.460724789295994e-05
0.9530000000000001 6.442559096395826e-05
0.9540000000000001 6.424445150220536e-05
0.9550000000000001 6.40638279189196e-05
0.9560000000000001 6.388371863095109e-05
0.9570000000000001 6.370412205854032e-05
0.9580000000000001 6.352503662509013e-05
0.9590000000000001 6.334646076007601e-05
0.9600000000000001 6.316839289468187e-05
0.9610000000000001 6.299083146917112e-05
0.9620000000000001 6.281377492383739e-05
0.9630000000000001 6.263722170043014e-05
0.9640000000000001 6.246117025385096e-05
0.965 6.228561903498781e-05
0.966 6.211056650227323e-05
0.967 6.19360111183144e-05
0.968 6.176195134879286e-05
0.969 6.158838566534313e-05
0.97 6.141531254026153e-05
0.971 6.124273045353764e-05
0.972 6.107063788802773e-05
0.973 6.089903333009829e-05
0.974 6.072791527130696e-05
0.975 6.0557282205079485e-05
0.976 6.038713263169914e-05
0.977 6.021746505516252e-05
0.978 6.0048277981351206e-05
0.979 5.9879569919917724e-05
0.98 5.971133938923323e-05
0.981 5.954358490745834e-05
0.982 5.937630499619807e-05
0.983 5.920949818464067e-05
0.984 5.904316300302999e-05
0.985 5.887729798732265e-05
0.986 5.87119016762454e-05
0.987 5.85469726137604e-05
0.988 5.838250934613432e-05
0.989 5.821851042431378e-05
0.99 5.8054974403097336e-05
0.991 5.789189984406181e-05
0.992 5.772928530699408e-05
0.993 5.7567129359788045e-05
0.994 5.740543057376666e-05
0.995 5.7244187524268374e-05
0.996 5.708339878651039e-05
0.997 5.69230629458693e-05
0.998 5.676317858838059e-05
0.999 5.660374430303175e-05
1.0 5.644475868578678e-05
1.001 5.628622033284679e-05
1.002 5.612812784546042e-05
1.003 5.5970479830552036e-05
1.004 5.581327489580204e-05
1.005 5.5656511656885206e-05
1.006 5.550018872860638e-05
1.007 5.53443047346755e-05
1.008 5.5188858294217465e-05
1.009 5.503384804067327e-05
1.01 5.487927260423199e-05
1.011 5.472513062069831e-05
1.012 5.457142073006004e-05
1.013 5.441814157629167e-05
1.014 5.426529180547304e-05
1.015 5.411287006757523e-05
1.016 5.396087502015544e-05
1.017 5.380930531807857e-05
1.018 5.3658159627150806e-05
1.019 5.350743660898793e-05
1.02 5.335713493605579e-05
1.021 5.320725327993774e-05
1.022 5.3057790317976146e-05
1.023 5.2908778601180066e-05
1.024 5.276039586965276e-05
1.025 5.261247114863435e-05
1.026 5.246496726596405e-05
1.027 5.231788295970226e-05
1.028 5.2171216974370083e-05
1.029 5.2024968056290506e-05
1.0299999999999998 5.187913495648605e-05
1.031 5.173371642627787e-05
1.0319999999999998 5.158871122240643e-05
1.033 5.144411810622573e-05
1.0339999999999998 5.129993583811276e-05
1.035 5.115616318583865e-05
1.0359999999999998 5.1012798919201186e-05
1.037 5.086984180780804e-05
1.0379999999999998 5.072729063072834e-05
1.039 5.058514416511526e-05
1.0399999999999998 5.044340119472711e-05
1.041 5.030206050375827e-05
1.0419999999999998 5.0161120879946314e-05
1.043 5.0020581116895285e-05
1.0439999999999998 4.9880440009053305e-05
1.045 4.974069635297051e-05
1.0459999999999998 4.9601348951398635e-05
1.047 4.9462396609137196e-05
1.0479999999999998 4.9323838132492535e-05
1.049 4.918567233150493e-05
1.0499999999999998 4.904789802270146e-05
1.051 4.8910514020641756e-05
1.0519999999999998 4.8773519146359645e-05
1.053 4.86369122218662e-05
1.0539999999999998 4.850069207660221e-05
1.055 4.836485753596276e-05
1.0559999999999998 4.8229407434594264e-05
1.057 4.8094340607304884e-05
1.0579999999999998 4.79596558942682e-05
1.059 4.7825352134488774e-05
1.0599999999999998 4.769142817514656e-05
1.061 4.7557882861950354e-05
1.0619999999999998 4.74247150483497e-05
1.063 4.7291923587587436e-05
1.0639999999999998 4.7159507333896316e-05
1.065 4.7027465150921336e-05
1.0659999999999998 4.68957958994166e-05
1.067 4.6764498447017197e-05
1.0679999999999998 4.663357166097654e-05
1.069 4.650301441443871e-05
1.0699999999999998 4.6372825582760964e-05
1.071 4.624300404411336e-05
1.0719999999999998 4.6113548677191745e-05
1.073 4.5984458370698994e-05
1.0739999999999998 4.5855732006866404e-05
1.075 4.572736847764325e-05
1.0759999999999998 4.559936667686765e-05
1.077 4.547172549998116e-05
1.0779999999999998 4.534444384394226e-05
1.079 4.521752061432463e-05
1.0799999999999998 4.509095471085069e-05
1.081 4.49647450459562e-05
1.0819999999999999 4.4838890527392e-05
1.083 4.4713390069654254e-05
1.0839999999999999 4.458824258859814e-05
1.085 4.4463447004922156e-05
1.0859999999999999 4.4339002238580046e-05
1.087 4.4214907217425194e-05
1.0879999999999999 4.409116086648638e-05
1.089 4.3967762119923574e-05
1.0899999999999999 4.38447099074318e-05
1.091 4.3722003169504744e-05
1.0919999999999999 4.359964084370675e-05
1.093 4.347762187241484e-05
1.0939999999999999 4.335594520157681e-05
1.095 4.3234609777837754e-05
1.0959999999999999 4.311361455424114e-05
1.097 4.2992958481525584e-05
1.0979999999999999 4.287264051951953e-05
1.099 4.2752659624992106e-05
1.0999999999999999 4.2633014760465694e-05
1.101 4.251370489341486e-05
1.1019999999999999 4.239472898775394e-05
1.103 4.2276086016114566e-05
1.1039999999999999 4.2157774951607385e-05
1.105 4.203979477091443e-05
1.1059999999999999 4.1922144451526664e-05
1.107 4.180482297684273e-05
1.1079999999999999 4.1687829328871665e-05
1.109 4.1571162497334665e-05
1.1099999999999999 4.145482147006372e-05
1.111 4.133880524157868e-05
1.1119999999999999 4.122311280615836e-05
1.113 4.1107743162349386e-05
1.1139999999999999 4.0992695309520365e-05
1.115 4.087796825447672e-05
1.1159999999999999 4.076356100001057e-05
1.117 4.064947255801952e-05
1.1179999999999999 4.053570193756541e-05
1.119 4.0422248154511913e-05
1.1199999999999999 4.03091102267875e-05
1.121 4.0196287172101914e-05
1.1219999999999999 4.008377801474425e-05
1.123 3.9971581778877075e-05
1.1239999999999999 3.9859697492032656e-05
1.125 3.9748124185220185e-05
1.126 3.963686089170531e-05
1.127 3.952599313389342e-05
1.128 3.94155479325709e-05
1.129 3.930541547971712e-05
1.13 3.9195594424270514e-05
1.131 3.908608384618017e-05
1.132 3.897688282364826e-05
1.133 3.886799044188813e-05
1.134 3.875940578292229e-05
1.135 3.8651127938134635e-05
1.136 3.8543155993250896e-05
1.137 3.8435489043946744e-05
1.138 3.832812618148966e-05
1.139 3.822106650490598e-05
1.14 3.811430911322344e-05
1.141 3.800785310784144e-05
1.142 3.790169759076808e-05
1.143 3.7795841671424756e-05
1.144 3.769028445682331e-05
1.145 3.758502505582746e-05
1.146 3.7480062585363047e-05
1.147 3.7375396157391804e-05
1.148 3.727102489161389e-05
1.149 3.716694790843777e-05
1.15 3.706316432866263e-05
1.151 3.695967327737663e-05
1.152 3.6856473881362876e-05
1.153 3.675356527176823e-05
1.154 3.6650946577414965e-05
1.155 3.6548616933584286e-05
1.156 3.644657547363973e-05
1.157 3.634482134062618e-05
1.158 3.624335367058754e-05
1.1589999999999998 3.6142171607803855e-05
1.16 3.6041274298447904e-05
1.1609999999999998 3.5940660888227876e-05
1.162 3.584033052630879e-05
1.1629999999999998 3.574028236639013e-05
1.164 3.5640515559664124e-05
1.1649999999999998 3.554102926540217e-05
1.166 3.544182263815506e-05
1.1669999999999998 3.534289484215268e-05
1.168 3.524424503730518e-05
1.1689999999999998 3.5145872390370585e-05
1.17 3.504777606797027e-05
1.1709999999999998 3.494995523938016e-05
1.172 3.485240907555492e-05
1.1729999999999998 3.475513675116455e-05
1.174 3.4658137441474494e-05
1.1749999999999998 3.4561410325548316e-05
1.176 3.4464954582068604e-05
1.1769999999999998 3.436876939375385e-05
1.178 3.427285394574438e-05
1.1789999999999998 3.41772074250189e-05
1.18 3.408182902034248e-05
1.1809999999999998 3.398671792095617e-05
1.182 3.389187332300234e-05
1.1829999999999998 3.379729441812198e-05
1.184 3.3702980407725114e-05
1.1849999999999998 3.360893048853548e-05
1.186 3.351514386226409e-05
1.1869999999999998 3.3421619733770775e-05
1.188 3.332835730951553e-05
1.1889999999999998 3.32353557956082e-05
1.19 3.314261440196585e-05
1.1909999999999998 3.305013234481313e-05
1.192 3.295790883263549e-05
1.1929999999999998 3.286594308565081e-05
1.194 3.277423432194431e-05
1.1949999999999998 3.26827817610015e-05
1.196 3.259158462545035e-05
1.1969999999999998 3.2500642140677936e-05
1.198 3.240995353278586e-05
1.1989999999999998 3.231951803242092e-05
1.2 3.222933486660909e-05
1.2009999999999998 3.2139403272642566e-05
1.202 3.204972248316146e-05
1.2029999999999998 3.196029173429142e-05
1.204 3.1871110267729064e-05
1.2049999999999998 3.1782177322693565e-05
1.206 3.1693492142283316e-05
1.2069999999999999 3.160505397248754e-05
1.208 3.151686206179837e-05
1.2089999999999999 3.142891565485494e-05
1.21 3.134121400868433e-05
1.2109999999999999 3.125375637149467e-05
1.212 3.116654200199966e-05
1.2129999999999999 3.107957015478537e-05
1.214 3.099284009167434e-05
1.2149999999999999 3.0906351072446286e-05
1.216 3.082010235981385e-05
1.2169999999999999 3.073409321992404e-05
1.218 3.064832292055273e-05
1.2189999999999999 3.056279072794866e-05
1.22 3.0477495916033268e-05
1.2209999999999999 3.0392437758057085e-05
1.222 3.030761552747625e-05
1.2229999999999999 3.0223028500966617e-05
1.224 3.0138675959949373e-05
1.2249999999999999 3.0054557182682487e-05
1.226 2.9970671453748897e-05
1.2269999999999999 2.9887018056072866e-05
1.228 2.9803596279464514e-05
1.2289999999999999 2.9720405409363676e-05
1.23 2.9637455565729723e-05
1.2309999999999999 2.9554848463003952e-05
1.232 2.94725034666351e-05
1.2329999999999999 2.9390390576207276e-05
1.234 2.9308509117931252e-05
1.2349999999999999 2.922685841469669e-05
1.236 2.9145437790999687e-05
1.2369999999999999 2.906424657924764e-05
1.238 2.898328410557406e-05
1.2389999999999999 2.8902549702363336e-05
1.24 2.882204270308942e-05
1.2409999999999999 2.8741762443089e-05
1.242 2.8661708257057605e-05
1.2429999999999999 2.8581879485451022e-05
1.244 2.8502275466748464e-05
1.2449999999999999 2.8422895542301242e-05
1.246 2.8343739057316335e-05
1.2469999999999999 2.826480535469728e-05
1.248 2.8186093781902024e-05
1.2489999999999999 2.8107603688175974e-05
1.25 2.80293344207165e-05
1.251 2.7951285333945094e-05
1.252 2.787345578005384e-05
1.253 2.7795845115461137e-05
1.254 2.7718452692885197e-05
1.255 2.7641277875233215e-05
1.256 2.756432002026806e-05
1.257 2.7487578489220417e-05
1.258 2.7411052645104803e-05
1.259 2.733474185459694e-05
1.26 2.7258645481903044e-05
1.261 2.718276289739222e-05
1.262 2.7107093468492118e-05
1.263 2.7031636568473134e-05
1.264 2.695639156913257e-05
1.265 2.6881357846155308e-05
1.266 2.680653477350203e-05
1.267 2.673192173243713e-05
1.268 2.665751809924271e-05
1.269 2.658332325650599e-05
1.27 2.650933658734991e-05
1.271 2.6435557474099872e-05
1.272 2.6361985304178593e-05
1.273 2.6288619464968843e-05
1.274 2.621545934413576e-05
1.275 2.6142504334185133e-05
1.276 2.6069753825186088e-05
1.277 2.5997207213345775e-05
1.278 2.5924863890708096e-05
1.279 2.5852723257756656e-05
1.28 2.578078471018445e-05
1.281 2.570904764945213e-05
1.282 2.5637511476945828e-05
1.283 2.5566175595058207e-05
1.284 2.549503940920987e-05
1.285 2.5424102325370263e-05
1.2859999999999998 2.5353363752257976e-05
1.287 2.5282823096627165e-05
1.2879999999999998 2.5212479772276346e-05
1.289 2.514233318992598e-05
1.2899999999999998 2.5072382764360565e-05
1.291 2.5002627910448844e-05
1.2919999999999998 2.4933068045122298e-05
1.293 2.486370258807938e-05
1.2939999999999998 2.4794530956490275e-05
1.295 2.4725552575647905e-05
1.2959999999999998 2.465676686674474e-05
1.297 2.4588173254306747e-05
1.2979999999999998 2.4519771164485036e-05
1.299 2.4451560024327066e-05
1.2999999999999998 2.4383539264668443e-05
1.301 2.4315708314369743e-05
1.3019999999999998 2.4248066606766014e-05
1.303 2.4180613575014827e-05
1.3039999999999998 2.4113348653027403e-05
1.305 2.404627127925657e-05
1.3059999999999998 2.3979380890622718e-05
1.307 2.391267692691272e-05
1.3079999999999998 2.3846158829666753e-05
1.309 2.377982603996126e-05
1.3099999999999998 2.3713678002765565e-05
1.311 2.364771416435109e-05
1.3119999999999998 2.3581933969471603e-05
1.313 2.3516336867446237e-05
1.3139999999999998 2.3450922309002667e-05
1.315 2.3385689744358726e-05
1.3159999999999998 2.3320638625706886e-05
1.317 2.3255768408407247e-05
1.3179999999999998 2.3191078547901807e-05
1.319 2.312656850063886e-05
1.3199999999999998 2.3062237724108787e-05
1.321 2.299808568137174e-05
1.3219999999999998 2.2934111830283895e-05
1.323 2.2870315636243572e-05
1.3239999999999998 2.2806696561517086e-05
1.325 2.274325407177666e-05
1.3259999999999998 2.2679987636557983e-05
1.327 2.2616896721841165e-05
1.3279999999999998 2.255398079758674e-05
1.329 2.2491239336463055e-05
1.3299999999999998 2.2428671809792935e-05
1.331 2.2366277692894747e-05
1.3319999999999999 2.2304056460059716e-05
1.333 2.224200758823114e-05
1.3339999999999999 2.218014853850922e-05
1.335 2.2118496252076067e-05
1.3359999999999999 2.205701703462111e-05
1.337 2.1995709512133957e-05
1.3379999999999999 2.1934573178489715e-05
1.339 2.1873607526625526e-05
1.3399999999999999 2.1812812051608804e-05
1.341 2.175218624943028e-05
1.3419999999999999 2.1691729617967124e-05
1.343 2.1631441657788036e-05
1.3439999999999999 2.157132186652533e-05
1.345 2.151136974753833e-05
1.3459999999999999 2.145158480363393e-05
1.347 2.139196653833941e-05
1.3479999999999999 2.1332514456971904e-05
1.349 2.1273228066976974e-05
1.3499999999999999 2.1214106875712098e-05
1.351 2.115515039349243e-05
1.3519999999999999 2.10963581294394e-05
1.353 2.103772959684253e-05
1.3539999999999999 2.0979264308099472e-05
1.355 2.0920961777639118e-05
1.3559999999999999 2.086282152134832e-05
1.357 2.0804843056682807e-05
1.3579999999999999 2.0747025900284653e-05
1.359 2.068936957375337e-05
1.3599999999999999 2.0631873595690656e-05
1.361 2.0574537490165816e-05
1.3619999999999999 2.0517360777958178e-05
1.363 2.04603429859345e-05
1.3639999999999999 2.0403483639173724e-05
1.365 2.0346782263177176e-05
1.3659999999999999 2.0290238388987384e-05
1.367 2.023385154320913e-05
1.3679999999999999 2.017762125827557e-05
1.369 2.012154706472349e-05
1.3699999999999999 2.0065628498816855e-05
1.371 2.0009865090070608e-05
1.3719999999999999 1.9954256378864996e-05
1.373 1.989880189976509e-05
1.3739999999999999 1.984350118993172e-05
1.375 1.9788353790473433e-05
1.376 1.9733359241133554e-05
1.377 1.9678517084667995e-05
1.378 1.9623826861522226e-05
1.379 1.9569288118594075e-05
1.38 1.951490039911408e-05
1.381 1.946066325062514e-05
1.382 1.9406576221906897e-05
1.383 1.935263885946724e-05
1.384 1.929885071575203e-05
1.385 1.9245211340464385e-05
1.386 1.919172028599402e-05
1.387 1.9138377108087242e-05
1.388 1.908518136030847e-05
1.389 1.9032132597981664e-05
1.39 1.8979230379999477e-05
1.391 1.8926474263466747e-05
1.392 1.8873863807895906e-05
1.393 1.8821398575512938e-05
1.394 1.876907812741215e-05
1.395 1.8716902026393888e-05
1.396 1.8664869836788938e-05
1.397 1.861298112486412e-05
1.398 1.856123545637876e-05
1.399 1.8509632398880602e-05
1.4 1.845817152236472e-05
1.401 1.8406852395832767e-05
1.402 1.835567459146943e-05
1.403 1.830463768057562e-05
1.404 1.8253741237696988e-05
1.405 1.8202984837058258e-05
1.406 1.8152368053752055e-05
1.407 1.8101890464745195e-05
1.408 1.8051551650602945e-05
1.409 1.8001351186932063e-05
1.41 1.7951288655646896e-05
1.411 1.7901363639493097e-05
1.412 1.7851575718363308e-05
1.4129999999999998 1.780192447851124e-05
1.414 1.7752409502824657e-05
1.4149999999999998 1.7703030378187717e-05
1.416 1.7653786691193446e-05
1.4169999999999998 1.7604678031054746e-05
1.418 1.7555703985303175e-05
1.4189999999999998 1.750686414560937e-05
1.42 1.7458158103489994e-05
1.4209999999999998 1.7409585450084013e-05
1.422 1.7361145781356623e-05
1.4229999999999998 1.7312838689857587e-05
1.424 1.726466377325365e-05
1.4249999999999998 1.7216620626290966e-05
1.426 1.716870885025985e-05
1.4269999999999998 1.712092804064591e-05
1.428 1.7073277801248453e-05
1.4289999999999998 1.7025757730486575e-05
1.43 1.6978367431614928e-05
1.4309999999999998 1.6931106509382102e-05
1.432 1.6883974566776025e-05
1.4329999999999998 1.6836971209638566e-05
1.434 1.6790096045960292e-05
1.4349999999999998 1.674334868216055e-05
1.436 1.669672872677362e-05
1.4369999999999998 1.6650240359880485e-05
1.438 1.6603971650204686e-05
1.4389999999999998 1.6557868484027574e-05
1.44 1.6511894683698565e-05
1.4409999999999998 1.6466049883174287e-05
1.442 1.64203337193157e-05
1.4429999999999998 1.6374745830852776e-05
1.444 1.632928585437136e-05
1.4449999999999998 1.6283953430106268e-05
1.446 1.6238748198021062e-05
1.4469999999999998 1.6193669797843632e-05
1.448 1.6148717873337542e-05
1.4489999999999998 1.6103892065819574e-05
1.45 1.6059192019276595e-05
1.4509999999999998 1.6014617378111683e-05
1.452 1.5970167787989565e-05
1.4529999999999998 1.592584289446369e-05
1.454 1.5881642345236933e-05
1.4549999999999998 1.5837565787568883e-05
1.456 1.579361287129226e-05
1.4569999999999999 1.574978324506945e-05
1.458 1.570607655943895e-05
1.4589999999999999 1.5662492466694953e-05
1.46 1.561903061883265e-05
1.4609999999999999 1.5575690667996915e-05
1.462 1.553247226936816e-05
1.4629999999999999 1.548937507661137e-05
1.464 1.5446398746184465e-05
1.4649999999999999 1.5403542935054e-05
1.466 1.5360807299297387e-05
1.4669999999999999 1.531819149832056e-05
1.468 1.5275695190031587e-05
1.4689999999999999 1.5233318035846832e-05
1.47 1.5191059694683732e-05
1.4709999999999999 1.514891982996201e-05
1.472 1.5106898102895449e-05
1.4729999999999999 1.5064994177641045e-05
1.474 1.5023207717411903e-05
1.4749999999999999 1.4981538386881463e-05
1.476 1.4939985853269027e-05
1.4769999999999999 1.4898549782300396e-05
1.478 1.4857229842054267e-05
1.4789999999999999 1.4816025699180102e-05
1.48 1.4774937024049247e-05
1.4809999999999999 1.4733963487128608e-05
1.482 1.4693104757411294e-05
1.4829999999999999 1.4652360507580266e-05
1.484 1.4611730410013933e-05
1.4849999999999999 1.4571214138237781e-05
1.486 1.4530811365346793e-05
1.4869999999999999 1.4490521765834614e-05
1.488 1.4450345017451677e-05
1.4889999999999999 1.4410280793953477e-05
1.49 1.4370328774924267e-05
1.4909999999999999 1.433048863643763e-05
1.492 1.4290760059370178e-05
1.4929999999999999 1.4251142721314696e-05
1.494 1.4211636304533576e-05
1.4949999999999999 1.4172240488854563e-05
1.496 1.4132954957478872e-05
1.4969999999999999 1.4093779393296696e-05
1.498 1.405471347911216e-05
1.4989999999999999 1.4015756899067516e-05
1.5 1.3976909339881182e-05
1.501 1.393817048706215e-05
1.502 1.3899540027079566e-05
1.503 1.3861017647611022e-05
1.504 1.3822603036457864e-05
1.505 1.3784295885174787e-05
1.506 1.3746095880793743e-05
1.507 1.370800271612346e-05
1.508 1.3670016081545168e-05
1.509 1.3632135669981266e-05
1.51 1.3594361174807424e-05
1.511 1.3556692288387856e-05
1.512 1.3519128708026954e-05
1.513 1.3481670125660563e-05
1.514 1.3444316240980819e-05
1.515 1.3407066748561423e-05
1.516 1.3369921346772876e-05
1.517 1.3332879734606593e-05
1.518 1.329594161104951e-05
1.519 1.3259106675659415e-05
1.52 1.3222374629907291e-05
1.521 1.3185745174809551e-05
1.522 1.314921801269831e-05
1.523 1.3112792847453654e-05
1.524 1.3076469381209132e-05
1.525 1.304024732015934e-05
1.526 1.3004126369380349e-05
1.527 1.2968106233191454e-05
1.528 1.2932186621034214e-05
1.529 1.2896367238365241e-05
1.53 1.28606477950118e-05
1.531 1.2825027998787965e-05
1.532 1.2789507560970953e-05
1.533 1.2754086188940698e-05
1.534 1.2718763598526087e-05
1.535 1.2683539498230422e-05
1.536 1.264841360151618e-05
1.537 1.2613385623729632e-05
1.538 1.2578455276259444e-05
1.539 1.2543622276097565e-05
1.54 1.250888633771278e-05
1.541 1.2474241680666197e-05
1.5419999999999998 1.2439677580152025e-05
1.543 1.2405208158149138e-05
1.5439999999999998 1.2370834084965356e-05
1.545 1.2336555075550052e-05
1.5459999999999998 1.2302370845620834e-05
1.547 1.2268281114643167e-05
1.5479999999999998 1.223428559794097e-05
1.549 1.2200384015653296e-05
1.5499999999999998 1.2166576087601983e-05
1.551 1.2132861533433332e-05
1.5519999999999998 1.2099240073610995e-05
1.553 1.2065711430472947e-05
1.5539999999999998 1.2032275326470072e-05
1.555 1.1998931484194864e-05
1.5559999999999998 1.1965679627911167e-05
1.557 1.1932519481704745e-05
1.5579999999999998 1.1899450772608872e-05
1.559 1.1866473223767814e-05
1.5599999999999998 1.1833586564975168e-05
1.561 1.1800790521371844e-05
1.5619999999999998 1.1768084822372033e-05
1.563 1.1735469197175606e-05
1.5639999999999998 1.170294337419166e-05
1.565 1.1670507085251778e-05
1.5659999999999998 1.1638160060649479e-05
1.567 1.16059020323152e-05
1.5679999999999998 1.1573732732733144e-05
1.569 1.1541651894839793e-05
1.5699999999999998 1.1509659253521143e-05
1.571 1.1477754542819497e-05
1.5719999999999998 1.1445937497861856e-05
1.573 1.1414207854744202e-05
1.5739999999999998 1.1382565350843001e-05
1.575 1.135100972321424e-05
1.5759999999999998 1.1319540710239478e-05
1.577 1.1288158050184222e-05
1.5779999999999998 1.125686148338397e-05
1.579 1.1225650749383032e-05
1.5799999999999998 1.1194525590020204e-05
1.581 1.1163485746199507e-05
1.5819999999999999 1.1132530960616367e-05
1.583 1.1101660976331164e-05
1.5839999999999999 1.1070875536558486e-05
1.585 1.104017438640143e-05
1.5859999999999999 1.1009557270390196e-05
1.587 1.0979023934416351e-05
1.5879999999999999 1.0948574125505937e-05
1.589 1.0918207590305439e-05
1.5899999999999999 1.088792407649214e-05
1.591 1.0857723332620256e-05
1.5919999999999999 1.0827605108370535e-05
1.593 1.0797569152941741e-05
1.5939999999999999 1.0767615217118354e-05
1.595 1.0737743052234928e-05
1.5959999999999999 1.0707952410387787e-05
1.597 1.0678243042707477e-05
1.5979999999999999 1.0648614704655465e-05
1.599 1.0619067147997934e-05
1.5999999999999999 1.0589600128952261e-05
1.601 1.05602134011309e-05
1.6019999999999999 1.0530906721347648e-05
1.603 1.050167984631341e-05
1.6039999999999999 1.0472532532599061e-05
1.605 1.0443464538204885e-05
1.6059999999999999 1.0414475621637532e-05
1.607 1.0385565542095023e-05
1.6079999999999999 1.0356734059741581e-05
1.609 1.032798093422266e-05
1.6099999999999999 1.0299305927299018e-05
1.611 1.0270708800449393e-05
1.6119999999999999 1.0242189315930816e-05
1.613 1.0213747237047758e-05
1.6139999999999999 1.0185382327557043e-05
1.615 1.0157094351365616e-05
1.6159999999999999 1.0128883073752762e-05
1.617 1.0100748260326133e-05
1.6179999999999999 1.0072689677170313e-05
1.619 1.0044707091279465e-05
1.6199999999999999 1.0016800270165323e-05
1.621 9.988968982326695e-06
1.6219999999999999 9.961212995603803e-06
1.623 9.933532080698636e-06
1.6239999999999999 9.905926006274478e-06
1.625 9.878394544289586e-06
1.626 9.850937465601003e-06
1.627 9.823554541442377e-06
1.628 9.796245544966483e-06
1.629 9.76901024989991e-06
1.63 9.74184842934012e-06
1.631 9.714759857765529e-06
1.632 9.687744310346942e-06
1.633 9.66080156266457e-06
1.634 9.63393139048537e-06
1.635 9.607133572600539e-06
1.636 9.580407884434512e-06
1.637 9.553754104825461e-06
1.638 9.52717201245483e-06
1.639 9.500661387041167e-06
1.64 9.47422200845645e-06
1.641 9.447853656342374e-06
1.642 9.421556113076668e-06
1.643 9.395329160021136e-06
1.644 9.369173777603526e-06
1.645 9.343158006466679e-06
1.646 9.317254647843896e-06
1.647 9.291423918724383e-06
1.648 9.265665621640403e-06
1.649 9.239979561451902e-06
1.65 9.21436553879502e-06
1.651 9.188823359952596e-06
1.652 9.163352828315226e-06
1.653 9.137953748548587e-06
1.654 9.112625926589024e-06
1.655 9.087369168462897e-06
1.656 9.062183279146275e-06
1.657 9.0370680672211e-06
1.658 9.012023338127274e-06
1.659 8.987048900379088e-06
1.66 8.962144561742295e-06
1.661 8.937310131211674e-06
1.662 8.912545416881957e-06
1.663 8.887850229169116e-06
1.664 8.863224377418914e-06
1.665 8.838667671109556e-06
1.666 8.81417992290085e-06
1.667 8.789760942501806e-06
1.668 8.765410542254841e-06
1.669 8.741128533941811e-06
1.67 8.716914730110641e-06
1.6709999999999998 8.692768944073787e-06
1.672 8.668690989067526e-06
1.6729999999999998 8.644680678834255e-06
1.674 8.620737827446811e-06
1.6749999999999998 8.596862250797147e-06
1.676 8.573053762759968e-06
1.6769999999999998 8.5493121792585e-06
1.678 8.52563731715482e-06
1.6789999999999998 8.502028991763515e-06
1.68 8.478487020944661e-06
1.6809999999999998 8.45501122218347e-06
1.682 8.431601412299582e-06
1.6829999999999998 8.408257410281185e-06
1.684 8.38497903505705e-06
1.6849999999999998 8.361766103984587e-06
1.686 8.338618439420396e-06
1.6869999999999998 8.315535859054038e-06
1.688 8.292518183926955e-06
1.6889999999999998 8.269565235375584e-06
1.69 8.246676834060568e-06
1.6909999999999998 8.22385280195821e-06
1.692 8.201092960959787e-06
1.6929999999999998 8.178397133253912e-06
1.694 8.155765142930994e-06
1.6949999999999998 8.133196812364471e-06
1.696 8.110691965753023e-06
1.6969999999999998 8.088250426865898e-06
1.698 8.065872021091036e-06
1.6989999999999998 8.0435565724315e-06
1.7 8.021303907794133e-06
1.7009999999999998 7.999113851947236e-06
1.702 7.976986231604375e-06
1.7029999999999998 7.9549208729538e-06
1.704 7.932917604082573e-06
1.7049999999999998 7.91097625235438e-06
1.706 7.889096644962566e-06
1.7069999999999999 7.867278610801872e-06
1.708 7.845521979351598e-06
1.7089999999999999 7.823826578406816e-06
1.71 7.802192238710604e-06
1.7109999999999999 7.780618789737932e-06
1.712 7.759106062353137e-06
1.7129999999999999 7.737653887179856e-06
1.714 7.71626209559423e-06
1.7149999999999999 7.694930518830469e-06
1.716 7.673658989515125e-06
1.7169999999999999 7.652447340154588e-06
1.718 7.631295403084074e-06
1.7189999999999999 7.61020301180202e-06
1.72 7.589170000392616e-06
1.7209999999999999 7.568196202652603e-06
1.722 7.547281453109012e-06
1.7229999999999999 7.52642558651921e-06
1.724 7.505628438618723e-06
1.7249999999999999 7.484889844653043e-06
1.726 7.464209640402863e-06
1.7269999999999999 7.44358766363083e-06
1.728 7.423023750124057e-06
1.7289999999999999 7.402517737531291e-06
1.73 7.382069463493896e-06
1.7309999999999999 7.361678766093149e-06
1.732 7.341345483439876e-06
1.7329999999999999 7.321069455326019e-06
1.734 7.300850520646718e-06
1.7349999999999999 7.280688518028462e-06
1.736 7.2605832888976744e-06
1.7369999999999999 7.240534673239204e-06
1.738 7.2205425114084735e-06
1.7389999999999999 7.200606645368884e-06
1.74 7.180726916123668e-06
1.7409999999999999 7.160903165742127e-06
1.742 7.1411352370434654e-06
1.7429999999999999 7.121422972446778e-06
1.744 7.101766214922922e-06
1.7449999999999999 7.082164808081319e-06
1.746 7.062618596229643e-06
1.7469999999999999 7.043127423462821e-06
1.748 7.023685087079479e-06
1.7489999999999999 7.004271361330334e-06
1.75 6.984908413444146e-06
1.751 6.965598969712146e-06
1.752 6.946342868882726e-06
1.753 6.927139953247928e-06
1.754 6.907990064203953e-06
1.755 6.888893043334353e-06
1.756 6.869848732779259e-06
1.757 6.8508569753917445e-06
1.758 6.831917613948776e-06
1.759 6.813030492543089e-06
1.76 6.79419545499496e-06
1.761 6.775412344536108e-06
1.762 6.756681007303235e-06
1.763 6.7380012877145416e-06
1.764 6.719373031520026e-06
1.765 6.700796084367613e-06
1.766 6.682270293614204e-06
1.767 6.663795504739793e-06
1.768 6.645371565507519e-06
1.769 6.626998324194272e-06
1.77 6.608675627389616e-06
1.771 6.590403324560535e-06
1.772 6.572181264339739e-06
1.773 6.554009295314169e-06
1.774 6.5358872678388125e-06
1.775 6.517815031659248e-06
1.776 6.499792437245719e-06
1.777 6.481819334809178e-06
1.778 6.463895576628003e-06
1.779 6.4460210133295675e-06
1.78 6.428195497515409e-06
1.781 6.410418881005532e-06
1.782 6.392691017232498e-06
1.783 6.375011759013997e-06
1.784 6.357380959749533e-06
1.785 6.339798473791094e-06
1.786 6.322264155154726e-06
1.787 6.3047778586423145e-06
1.788 6.287339439750763e-06
1.789 6.269948753269027e-06
1.79 6.2526056559063735e-06
1.791 6.2353100032265985e-06
1.792 6.218061652315683e-06
1.793 6.200860460043225e-06
1.794 6.183706284304821e-06
1.795 6.166598982367189e-06
1.796 6.149538412478023e-06
1.797 6.132524433387085e-06
1.7979999999999998 6.115556904405427e-06
1.799 6.09863568384781e-06
1.7999999999999998 6.081760632463324e-06
1.801 6.06493161023294e-06
1.8019999999999998 6.048148477224694e-06
1.803 6.031411094357377e-06
1.8039999999999998 6.014719322924829e-06
1.805 5.99807302489387e-06
1.8059999999999998 5.98147206115067e-06
1.807 5.964916295242957e-06
1.8079999999999998 5.94840558991201e-06
1.809 5.931939807344475e-06
1.8099999999999998 5.915518811748944e-06
1.811 5.899142465938809e-06
1.8119999999999998 5.882810635601496e-06
1.813 5.8665231840441684e-06
1.8139999999999998 5.850279977367634e-06
1.815 5.834080879373242e-06
1.8159999999999998 5.817925757134415e-06
1.817 5.8018144759235016e-06
1.8179999999999998 5.785746902379965e-06
1.819 5.769722902906102e-06
1.8199999999999998 5.753742345243698e-06
1.821 5.737805096895276e-06
1.8219999999999998 5.7219110245960465e-06
1.823 5.706059997742397e-06
1.8239999999999998 5.690251884739471e-06
1.825 5.674486553601579e-06
1.8259999999999998 5.658763874732326e-06
1.827 5.643083716945338e-06
1.8279999999999998 5.627445951268901e-06
1.829 5.6118504463497565e-06
1.8299999999999998 5.596297074473077e-06
1.831 5.580785706092277e-06
1.8319999999999999 5.565316212768701e-06
1.833 5.549888465580976e-06
1.8339999999999999 5.5345023379259066e-06
1.835 5.519157700711137e-06
1.8359999999999999 5.503854428184522e-06
1.837 5.488592392826369e-06
1.8379999999999999 5.473371467643567e-06
1.839 5.458191527614351e-06
1.8399999999999999 5.44305244600971e-06
1.841 5.427954097866073e-06
1.8419999999999999 5.412896358054022e-06
1.843 5.39787910163525e-06
1.8439999999999999 5.382902203906262e-06
1.845 5.367965541902678e-06
1.8459999999999999 5.3530689900864744e-06
1.847 5.3382124267516765e-06
1.8479999999999999 5.323395727964587e-06
1.849 5.3086187713926395e-06
1.8499999999999999 5.29388143467965e-06
1.851 5.279183630607253e-06
1.8519999999999999 5.264560376814527e-06
1.853 5.2500084690224005e-06
1.8539999999999999 5.235497428497286e-06
1.855 5.221027144274858e-06
1.8559999999999999 5.206597507635279e-06
1.857 5.1922084086917346e-06
1.8579999999999999 5.177859738111894e-06
1.859 5.163551386369064e-06
1.8599999999999999 5.1492832455206585e-06
1.861 5.135055206732399e-06
1.8619999999999999 5.120867161265179e-06
1.863 5.10671900191712e-06
1.8639999999999999 5.09261062063787e-06
1.865 5.078541909244431e-06
1.8659999999999999 5.0645127614791e-06
1.867 5.050523069951907e-06
1.8679999999999999 5.036572727711837e-06
1.869 5.022661627888883e-06
1.8699999999999999 5.008789665193408e-06
1.871 4.9949567328103714e-06
1.8719999999999999 4.981162725696351e-06
1.873 4.9674075373074854e-06
1.8739999999999999 4.953691063064188e-06
1.875 4.940013197538611e-06
1.876 4.9263738367835626e-06
1.877 4.912772874853413e-06
1.878 4.899210208782408e-06
1.879 4.885685733667438e-06
1.88 4.872199345963062e-06
1.881 4.858750941989015e-06
1.882 4.84534041899078e-06
1.883 4.831967672896674e-06
1.884 4.818632601493726e-06
1.885 4.8053351016073045e-06
1.886 4.792075072126652e-06
1.887 4.778852409649539e-06
1.888 4.765667012272472e-06
1.889 4.752518779557676e-06
1.89 4.7394076087052815e-06
1.891 4.726333399836376e-06
1.892 4.713296050708222e-06
1.893 4.7002954612317415e-06
1.894 4.687331531469799e-06
1.895 4.6744041602990835e-06
1.896 4.661513248114048e-06
1.897 4.648658695406713e-06
1.898 4.6358404021827215e-06
1.899 4.623058269658911e-06
1.9 4.610312198075936e-06
1.901 4.597602089398564e-06
1.902 4.584927845123523e-06
1.903 4.572289365462189e-06
1.904 4.55968655402349e-06
1.905 4.547119312156881e-06
1.906 4.534587542093998e-06
1.907 4.522091146731425e-06
1.908 4.50963002878839e-06
1.909 4.497204090890273e-06
1.91 4.4848132371992944e-06
1.911 4.4724573702911795e-06
1.912 4.46013639443357e-06
1.913 4.447850213345958e-06
1.914 4.435598731612432e-06
1.915 4.423381852847114e-06
1.916 4.411199482806084e-06
1.917 4.39905152503593e-06
1.918 4.386937885917826e-06
1.919 4.374858469957231e-06
1.92 4.3628131824940825e-06
1.921 4.350801930613903e-06
1.922 4.338824618637691e-06
1.923 4.326881153770723e-06
1.924 4.314971442751537e-06
1.9249999999999998 4.303095391105845e-06
1.926 4.29125290664761e-06
1.9269999999999998 4.279443896050162e-06
1.928 4.267668267036502e-06
1.9289999999999998 4.255925926743559e-06
1.93 4.24421678337291e-06
1.9309999999999998 4.2325407445845655e-06
1.932 4.220897718257681e-06
1.9329999999999998 4.2092876137870685e-06
1.934 4.197710339356031e-06
1.9349999999999998 4.1861658036402396e-06
1.936 4.174653915719817e-06
1.9369999999999998 4.163174585217435e-06
1.938 4.151727721497103e-06
1.9389999999999998 4.140313234597466e-06
1.94 4.128931034033532e-06
1.9409999999999998 4.117581029922473e-06
1.942 4.10626313347225e-06
1.9429999999999998 4.094977254310419e-06
1.944 4.083723303906795e-06
1.9449999999999998 4.072501193443168e-06
1.946 4.061310833229318e-06
1.9469999999999998 4.050152135476006e-06
1.948 4.039025012224199e-06
1.9489999999999998 4.027929374211506e-06
1.95 4.0168651348174355e-06
1.9509999999999998 4.005832205575769e-06
1.952 3.994830499490467e-06
1.9529999999999998 3.983859928765605e-06
1.954 3.972920406897799e-06
1.9549999999999998 3.962007060952489e-06
1.956 3.951092505044618e-06
1.9569999999999999 3.940201868698347e-06
1.958 3.92934081670117e-06
1.9589999999999999 3.91850925711937e-06
1.96 3.907707096258139e-06
1.9609999999999999 3.896934243209862e-06
1.962 3.886190604781104e-06
1.9629999999999999 3.8754760891557325e-06
1.964 3.864790605552672e-06
1.9649999999999999 3.854134062357509e-06
1.966 3.843506367738613e-06
1.9669999999999999 3.832907431847185e-06
1.968 3.8223371642682235e-06
1.9689999999999999 3.8117954735057037e-06
1.97 3.8012822710449695e-06
1.9709999999999999 3.7907974660259155e-06
1.972 3.780340968973674e-06
1.9729999999999999 3.7699126914813532e-06
1.974 3.7595125437679824e-06
1.9749999999999999 3.7491404369203593e-06
1.976 3.7387962831674227e-06
1.9769999999999999 3.728479993789966e-06
1.978 3.7181914802992502e-06
1.9789999999999999 3.707930655672745e-06
1.98 3.697697432414461e-06
1.9809999999999999 3.6874917227155833e-06
1.982 3.6773134395020704e-06
1.9829999999999999 3.6671624966324513e-06
1.984 3.657038807187388e-06
1.9849999999999999 3.6469422842212063e-06
1.986 3.636872843374863e-06
1.9869999999999999 3.6268303969906744e-06
1.988 3.616814860893835e-06
1.9889999999999999 3.6068261485510054e-06
1.99 3.5968641762342053e-06
1.9909999999999999 3.5869288575822075e-06
1.992 3.5770201092234213e-06
1.9929999999999999 3.5671378465055414e-06
1.994 3.5572819849635505e-06
1.9949999999999999 3.547452440964685e-06
1.996 3.5376491310484764e-06
1.9969999999999999 3.5278719713438164e-06
1.998 3.5181208788839563e-06
