0.005 0.001039350223385861
0.006 0.001036578182151263
0.007 0.0010333287385655644
0.008 0.0010300903833608383
0.009000000000000001 0.0010268652798485218
0.01 0.00102364888834814
0.011 0.0010204774624382254
0.012 0.001017321013372797
0.013000000000000001 0.0010141690713579
0.014000000000000002 0.0010110216386842712
0.015 0.0010078787176527092
0.016 0.0010047403105363068
0.017 0.0010016064196307322
0.018000000000000002 0.000998477047216451
0.019 0.000995352195573871
0.02 0.0009922318669832728
0.021 0.000989116063715068
0.022000000000000002 0.0009860047880442208
0.023000000000000003 0.000982898042238743
0.024 0.0009797958285703045
0.025 0.0009766981493068557
0.026000000000000002 0.0009736183659709856
0.027 0.0009705777262277355
0.028 0.0009675485182072656
0.029 0.0009645294194073248
0.030000000000000002 0.000961520406019454
0.031000000000000003 0.0009585214542556272
0.032 0.0009555325403566476
0.033 0.0009525536406039113
0.034 0.0009495847313051921
0.034999999999999996 0.0009466257888161847
0.036 0.0009436767895090451
0.037 0.0009407377097926566
0.038 0.0009378085261260035
0.039 0.0009348892149876363
0.04 0.0009319797528802914
0.041 0.0009290801163695744
0.041999999999999996 0.0009261902820261444
0.043 0.0009233102264740876
0.044 0.0009204399263524668
0.045 0.0009175793583675787
0.046 0.000914728499217914
0.047 0.000911887325666134
0.048 0.0009090558145031307
0.048999999999999995 0.0009062338981487753
0.049999999999999996 0.0009034195086188234
0.051 0.000900613382958614
0.052 0.0008978165705720664
0.053 0.0008950290496016438
0.054 0.0008922507982026079
0.055 0.0008894817945880629
0.056 0.0008867220169705772
0.057 0.0008839714436310759
0.057999999999999996 0.0008812300528391725
0.059 0.0008784978229261211
0.06 0.0008757747322512752
0.061 0.0008730607591843667
0.062 0.0008703558821467062
0.063 0.000867660079589127
0.064 0.0008649733299765502
0.065 0.0008622956118334535
0.066 0.000859626903678539
0.067 0.0008569671841008768
0.068 0.0008543164316957447
0.069 0.0008516746250920261
0.07 0.000849041742964219
0.07100000000000001 0.000846417763999576
0.07200000000000001 0.0008438026669356235
0.07300000000000001 0.000841195805459996
0.07400000000000001 0.0008385948534667884
0.07500000000000001 0.0008360020879963302
0.07600000000000001 0.0008334178190365273
0.07700000000000001 0.0008308420268505292
0.078 0.0008282746917258402
0.079 0.0008257157939759201
0.08 0.0008231653139449443
0.081 0.0008206232320004743
0.082 0.0008180895285462854
0.083 0.0008155641839951965
0.084 0.0008130471788106316
0.085 0.0008105384934625325
0.08600000000000001 0.0008080381084624131
0.08700000000000001 0.0008055460043422359
0.08800000000000001 0.0008030621616730276
0.08900000000000001 0.0008005865610266538
0.09000000000000001 0.0007981191830383088
0.09100000000000001 0.0007956600083418756
0.09200000000000001 0.0007932090176171976
0.093 0.0007907661915607564
0.094 0.0007883315109010453
0.095 0.0007859049563995479
0.096 0.0007834865088342313
0.097 0.0007810761490267038
0.098 0.0007786738578068453
0.099 0.0007762796160571245
0.1 0.0007738934046614391
0.101 0.0007715152045519475
0.10200000000000001 0.0007691449966847084
0.10300000000000001 0.0007667827620352943
0.10400000000000001 0.0007644284816209748
0.10500000000000001 0.0007620821364760421
0.10600000000000001 0.0007597437076682248
0.10700000000000001 0.0007574131763021897
0.10800000000000001 0.0007550905234853532
0.10900000000000001 0.0007527757303877625
0.11 0.0007504687781832018
0.111 0.0007481696480840797
0.112 0.0007458783213236068
0.113 0.0007435947791824838
0.114 0.0007413190029473221
0.115 0.0007390509698190636
0.116 0.0007367866688646771
0.117 0.0007345263487826533
0.11800000000000001 0.0007322733966824522
0.11900000000000001 0.0007300277954868487
0.12000000000000001 0.0007277895281525887
0.12100000000000001 0.0007255585776499079
0.12200000000000001 0.0007233349269831796
0.12300000000000001 0.0007211185591684487
0.12400000000000001 0.0007189094572473163
0.125 0.0007167076043045186
0.126 0.000714512983425676
0.127 0.0007123255777162367
0.128 0.0007101453703435026
0.129 0.0007079723444591055
0.13 0.0007058064832471575
0.131 0.0007036477699410137
0.132 0.0007014961877588152
0.133 0.0006993517199803789
0.134 0.0006972143498846188
0.135 0.0006950840607858689
0.136 0.0006929608360178813
0.137 0.0006908446589478315
0.138 0.0006887355129503701
0.139 0.0006866333814476601
0.14 0.0006845382478635638
0.14100000000000001 0.0006824500956589082
0.14200000000000002 0.0006803689083233562
0.14300000000000002 0.0006782946693570631
0.14400000000000002 0.0006762273622984641
0.14500000000000002 0.0006741669707036184
0.14600000000000002 0.0006721134781524287
0.14700000000000002 0.0006700668682565056
0.14800000000000002 0.0006680271246394007
0.14900000000000002 0.0006659942309726
0.15 0.0006639681709236009
0.151 0.0006619489282093113
0.152 0.0006599364865536986
0.153 0.0006579308297155201
0.154 0.00065593194148482
0.155 0.0006539398056568704
0.156 0.0006519544060736997
0.157 0.0006499757265869306
0.158 0.0006480031757841422
0.159 0.0006460336157569904
0.16 0.0006440697983595914
0.161 0.0006421123052671654
0.162 0.0006401611141892614
0.163 0.0006382162028860296
0.164 0.0006362775492054124
0.165 0.0006343451310432618
0.166 0.0006324189263654621
0.167 0.000630498913208709
0.168 0.0006285850696714729
0.169 0.000626677373919596
0.17 0.000624775804177915
0.171 0.0006228803387458333
0.17200000000000001 0.0006209909559760989
0.17300000000000001 0.0006191076342975971
0.17400000000000002 0.000617230352195834
0.17500000000000002 0.0006153590882225248
0.17600000000000002 0.0006134938209938958
0.17700000000000002 0.0006116345291899414
0.17800000000000002 0.0006097811915581486
0.17900000000000002 0.0006079337869042864
0.18000000000000002 0.0006060922941013482
0.181 0.0006042566920778552
0.182 0.0006024269598356281
0.183 0.0006006030764468871
0.184 0.000598785021014266
0.185 0.0005969727727415821
0.186 0.0005951663108724354
0.187 0.0005933656147163076
0.188 0.000591570663656971
0.189 0.0005897814371191754
0.19 0.0005879979146087128
0.191 0.0005862200756802081
0.192 0.0005844478999687017
0.193 0.0005826813671462825
0.194 0.0005809204569562007
0.195 0.0005791651492177874
0.196 0.0005774154237814868
0.197 0.0005756712605982483
0.198 0.0005739326396331166
0.199 0.0005721995409583168
0.2 0.000570471944669573
0.201 0.0005687498309433094
0.202 0.0005670331800146129
0.203 0.0005653219721728934
0.20400000000000001 0.0005636161877639398
0.20500000000000002 0.0005619158072081856
0.20600000000000002 0.0005602208109708238
0.20700000000000002 0.0005585311795861987
0.20800000000000002 0.0005568468936417054
0.20900000000000002 0.0005551679337870883
0.21000000000000002 0.0005534942807355094
0.21100000000000002 0.0005518259152486962
0.21200000000000002 0.0005501628181506792
0.21300000000000002 0.0005485049703372595
0.214 0.0005468523527384114
0.215 0.000545204946368669
0.216 0.000543562732276867
0.217 0.0005419256915935172
0.218 0.0005402938054799225
0.219 0.0005386670551843433
0.22 0.0005370454219887903
0.221 0.0005354292999581433
0.222 0.0005338188799139827
0.223 0.0005322135746111701
0.224 0.0005306133616590483
0.225 0.0005290182233071304
0.226 0.0005274281418703563
0.227 0.0005258430997031898
0.228 0.0005242630792240695
0.229 0.0005226880628916884
0.23 0.0005211180332191757
0.231 0.0005195529727897903
0.232 0.000517992864202218
0.233 0.0005164376901370545
0.234 0.0005148874333206945
0.23500000000000001 0.000513342076514807
0.23600000000000002 0.0005118016025549602
0.23700000000000002 0.0005102659943029491
0.23800000000000002 0.0005087352346962315
0.23900000000000002 0.0005072093067032249
0.24000000000000002 0.0005056881933537671
0.24100000000000002 0.0005041718777277529
0.24200000000000002 0.0005026603429452634
0.24300000000000002 0.0005011535721937296
0.24400000000000002 0.0004996515486901284
0.245 0.0004981542557232597
0.246 0.0004966616766082703
0.247 0.0004951737947338732
0.248 0.0004936905935193076
0.249 0.0004922120564472726
0.25 0.0004907381670340671
0.251 0.0004892689088645691
0.252 0.0004878042655602847
0.253 0.00048634422078850455
0.254 0.00048488875827414556
0.255 0.00048343786179231435
0.256 0.00048199151515472885
0.257 0.0004805497022375886
0.258 0.00047911240695124816
0.259 0.0004776796132598371
0.26 0.00047625130518207147
0.261 0.0004748274667699302
0.262 0.00047340808214179844
0.263 0.0004719931354453599
0.264 0.0004705826108910092
0.265 0.00046917649273013867
0.266 0.00046777476526163825
0.267 0.0004663774128268653
0.268 0.0004649844198293175
0.269 0.00046359577070465355
0.27 0.0004622114499423568
0.271 0.0004608314420735971
0.272 0.00045945573168833524
0.273 0.00045808430341124094
0.274 0.0004567171419155557
0.275 0.0004553542319275941
0.276 0.00045399555820938606
0.277 0.000452641105578569
0.278 0.00045129085890004887
0.279 0.000449944803076336
0.28 0.00044860292305426555
0.281 0.00044726520384322807
0.28200000000000003 0.00044593163047672546
0.28300000000000003 0.00044460223188519713
0.28400000000000003 0.00044327758720784675
0.28500000000000003 0.0004419572844758343
0.28600000000000003 0.000440641108300543
0.28700000000000003 0.0004393290444312389
0.28800000000000003 0.0004380210786652737
0.28900000000000003 0.0004367171968386585
0.29000000000000004 0.00043541738482542143
0.29100000000000004 0.00043412162855085653
0.29200000000000004 0.0004328299139717423
0.29300000000000004 0.0004315422270912237
0.294 0.0004302585539514655
0.295 0.00042897888063955477
0.296 0.0004277031932763578
0.297 0.0004264314780274664
0.298 0.0004251637211084878
0.299 0.00042389990874986273
0.3 0.00042264002725999955
0.301 0.00042138406294860555
0.302 0.00042013200219696275
0.303 0.000418883831406691
0.304 0.000417639537031259
0.305 0.00041639910555623066
0.306 0.00041516252351764715
0.307 0.00041392977747488693
0.308 0.0004127008540408129
0.309 0.00041147573986830146
0.31 0.0004102544216382793
0.311 0.0004090368860861435
0.312 0.0004078231199716577
0.313 0.00040661311010577026
0.314 0.00040540684333327233
0.315 0.0004042043065353869
0.316 0.0004030054866416406
0.317 0.00040181037061406673
0.318 0.00040061894544749513
0.319 0.0003994311981898594
0.32 0.00039824711591624515
0.321 0.0003970666857468256
0.322 0.000395889894839075
0.323 0.0003947167303787108
0.324 0.0003935471796090633
0.325 0.0003923812297977759
0.326 0.00039121886824996426
0.327 0.0003900600823171658
0.328 0.00038890485938357014
0.329 0.00038775318687382177
0.33 0.00038660505224439993
0.331 0.00038546044299801627
0.332 0.0003843193466653579
0.333 0.0003831817508255569
0.334 0.0003820476430873718
0.335 0.0003809170110998314
0.336 0.0003797898425449668
0.337 0.00037866612514729145
0.338 0.0003775458466691132
0.339 0.0003764289949003016
0.34 0.00037531555768250655
0.341 0.00037420552287955965
0.342 0.0003730988783986547
0.343 0.0003719956121846715
0.34400000000000003 0.0003708957122194469
0.34500000000000003 0.00036979916651896374
0.34600000000000003 0.0003687062260785858
0.34700000000000003 0.00036761732735672293
0.34800000000000003 0.00036653182752051394
0.34900000000000003 0.000365449679634324
0.35000000000000003 0.0003643708724374809
0.35100000000000003 0.0003632953946991805
0.35200000000000004 0.0003622232352257242
0.35300000000000004 0.00036115438284626243
0.35400000000000004 0.0003600888264280242
0.35500000000000004 0.0003590265548773047
0.35600000000000004 0.000357967557119446
0.357 0.0003569118221137298
0.358 0.0003558593388620206
0.359 0.00035481009638443385
0.36 0.00035376408373816794
0.361 0.00035272129001701974
0.362 0.0003516817043304357
0.363 0.0003506453158423444
0.364 0.00034961211373087515
0.365 0.00034858208720427305
0.366 0.00034755522551515623
0.367 0.00034653151793402316
0.368 0.0003455109537732873
0.369 0.0003444935223628311
0.37 0.0003434792130829191
0.371 0.00034246801531865055
0.372 0.0003414599185120149
0.373 0.0003404549121165301
0.374 0.00033945298562797747
0.375 0.00033845412856540243
0.376 0.00033745833047975576
0.377 0.00033646558095775736
0.378 0.0003354758696095358
0.379 0.0003344891860737098
0.38 0.0003335055200306186
0.381 0.00033252486117924624
0.382 0.00033154719925270143
0.383 0.00033057252401536713
0.384 0.00032960082525458606
0.385 0.0003286320928043693
0.386 0.0003276663165013864
0.387 0.0003267034862403126
0.388 0.00032574359192713575
0.389 0.00032478662349997716
0.39 0.0003238325709362309
0.391 0.0003228814242273343
0.392 0.00032193317340928796
0.393 0.00032098780853339736
0.394 0.00032004531969252964
0.395 0.0003191056970003825
0.396 0.0003181689306025814
0.397 0.00031723501067325814
0.398 0.0003163039274143868
0.399 0.00031537567105964243
0.4 0.00031445023186821004
0.401 0.00031352760012938864
0.402 0.00031260776616293866
0.403 0.0003116907203124994
0.404 0.0003107764529544998
0.405 0.000309864954492422
0.406 0.0003089562153553109
0.40700000000000003 0.00030805022600568295
0.40800000000000003 0.00030714698208345395
0.40900000000000003 0.0003062467911319918
0.41000000000000003 0.0003053495294048939
0.41100000000000003 0.0003044550029861023
0.41200000000000003 0.00030356320275658547
0.41300000000000003 0.00030267411962936887
0.41400000000000003 0.0003017877445386704
0.41500000000000004 0.00030090406844365044
0.41600000000000004 0.0003000230823355803
0.41700000000000004 0.0002991447772237864
0.41800000000000004 0.0002982691441482731
0.41900000000000004 0.00029739617417473096
0.42000000000000004 0.00029652585839036667
0.42100000000000004 0.00029565818790952076
0.422 0.00029479315387659057
0.423 0.0002939307474539447
0.424 0.00029307095983291506
0.425 0.00029221378223450025
0.426 0.0002913592058922135
0.427 0.00029050722208112087
0.428 0.00028965782208835336
0.429 0.0002888109972316631
0.43 0.0002879667388535065
0.431 0.0002871250383169784
0.432 0.0002862858870199397
0.433 0.00028544927637413713
0.434 0.0002846151978206435
0.435 0.0002837836428265726
0.436 0.00028295460288405244
0.437 0.00028212806950279304
0.438 0.00028130403422620153
0.439 0.00028048248861451476
0.44 0.00027966342426141483
0.441 0.0002788468327782659
0.442 0.0002780327057927442
0.443 0.00027722103497687623
0.444 0.00027641181201320495
0.445 0.00027560502860577915
0.446 0.00027480067649375724
0.447 0.00027399874743193645
0.448 0.0002731992332013495
0.449 0.00027240212560523513
0.45 0.00027160741647751165
0.451 0.0002708150976675495
0.452 0.0002700251610504176
0.453 0.00026923759853030916
0.454 0.00026845240202582834
0.455 0.0002676695634870686
0.456 0.0002668890748863628
0.457 0.0002661109282112691
0.458 0.0002653351154887295
0.459 0.000264561628750658
0.46 0.0002637904600652533
0.461 0.00026302160152125436
0.462 0.00026225504522444434
0.463 0.00026149078331207516
0.464 0.00026072880793996114
0.465 0.00025996911128783147
0.466 0.0002592116855571432
0.467 0.0002584565229748758
0.468 0.0002577036157871017
0.46900000000000003 0.000256952956264803
0.47000000000000003 0.00025620453670611705
0.47100000000000003 0.0002554584468032959
0.47200000000000003 0.00025471506524461844
0.47300000000000003 0.00025397399096523186
0.47400000000000003 0.00025323515504128047
0.47500000000000003 0.0002524985502214731
0.47600000000000003 0.00025176416928479156
0.47700000000000004 0.0002510320050299127
0.47800000000000004 0.000250302050266915
0.47900000000000004 0.00024957429783844875
0.48000000000000004 0.0002488487405943117
0.48100000000000004 0.0002481253714104106
0.48200000000000004 0.00024740418318748645
0.48300000000000004 0.0002466851688324743
0.48400000000000004 0.0002459683212866765
0.485 0.00024525363350254693
0.486 0.00024454109845321257
0.487 0.00024383070913294613
0.488 0.00024312245855390323
0.489 0.0002424163397481297
0.49 0.0002417123457716091
0.491 0.0002410104696927807
0.492 0.0002403107045992621
0.493 0.00023961304360763428
0.494 0.00023891747984409586
0.495 0.00023822400645787854
0.496 0.00023753261661613615
0.497 0.0002368433035035159
0.498 0.00023615606033277104
0.499 0.00023547088032120536
0.5 0.00023478775671672937
0.501 0.00023410668278428935
0.502 0.00023342765180284997
0.503 0.00023275065707458386
0.504 0.0002320756919178395
0.505 0.00023140274967243062
0.506 0.00023073182369760662
0.507 0.00023006290736368292
0.508 0.00022939599407177725
0.509 0.00022873107723115152
0.51 0.000228068150275175
0.511 0.00022740720665130872
0.512 0.0002267482398361366
0.513 0.00022609124331019322
0.514 0.0002254362105802327
0.515 0.00022478313517183476
0.516 0.00022413201062684724
0.517 0.00022348283050918478
0.518 0.00022283558839225688
0.519 0.0002221902778787918
0.52 0.00022154689258010955
0.521 0.00022090542613361806
0.522 0.00022026587218920276
0.523 0.000219628224413788
0.524 0.000218992476500027
0.525 0.00021835862215091205
0.526 0.00021772665509264388
0.527 0.00021709656906272997
0.528 0.0002164683578233838
0.529 0.00021584201515210356
0.53 0.00021521753484102373
0.531 0.00021459491070773717
0.532 0.000213974136575084
0.533 0.000213355206299654
0.534 0.0002127382202993052
0.535 0.0002121231933428005
0.536 0.00021151000230405637
0.537 0.00021089864111270074
0.538 0.000210289103821204
0.539 0.0002096813845161372
0.54 0.0002090754772857229
0.541 0.00020847137624131824
0.542 0.00020786907550737112
0.543 0.000207268569230552
0.544 0.00020666985156475467
0.545 0.00020607291669142816
0.546 0.00020547775879731087
0.547 0.00020488437209513447
0.548 0.00020429275080190469
0.549 0.00020370288916735476
0.55 0.00020311478144192702
0.551 0.00020252842189990688
0.552 0.00020194380483039794
0.553 0.00020136092453999416
0.554 0.00020077977534646343
0.555 0.0002002003515861658
0.556 0.00019962264761778456
0.557 0.00019904665780594294
0.558 0.0001984723765346161
0.559 0.0001978997982034285
0.56 0.00019732891723259368
0.561 0.00019675972805070335
0.562 0.0001961922251096283
0.5630000000000001 0.0001956264028651697
0.5640000000000001 0.00019506225580561218
0.5650000000000001 0.00019449977841727153
0.5660000000000001 0.00019393896521855425
0.5670000000000001 0.00019337981072560515
0.5680000000000001 0.00019282230949128375
0.5690000000000001 0.00019226645606369217
0.5700000000000001 0.0001917122450156813
0.5710000000000001 0.00019115967093975752
0.5720000000000001 0.00019060872843453664
0.5730000000000001 0.00019005941211925007
0.5740000000000001 0.00018951171663079418
0.5750000000000001 0.00018896563661303833
0.5760000000000001 0.0001884211667350484
0.5770000000000001 0.00018787830167113446
0.5780000000000001 0.00018733703611921587
0.5790000000000001 0.00018679736478923386
0.5800000000000001 0.00018625928240444036
0.5810000000000001 0.0001857227837046946
0.582 0.00018518786344535264
0.583 0.00018465451639422585
0.584 0.0001841227373397588
0.585 0.00018359252107978322
0.586 0.00018306386242813357
0.587 0.00018253675621257383
0.588 0.00018201119728159833
0.589 0.00018148718049393813
0.59 0.000180964700718949
0.591 0.0001804437528470457
0.592 0.00017992433178442291
0.593 0.00017940643244402602
0.594 0.00017889004976202915
0.595 0.00017837517868232367
0.596 0.00017786184642785242
0.597 0.00017735034981904615
0.598 0.0001768404541084138
0.599 0.00017633207038435141
0.6 0.00017582519390896357
0.601 0.0001753198199649831
0.602 0.0001748159438421301
0.603 0.00017431356084967066
0.604 0.00017381266629949084
0.605 0.00017331325553016295
0.606 0.00017281532387780003
0.607 0.00017231886669802593
0.608 0.0001718238793650911
0.609 0.00017133035725275041
0.61 0.00017083829575719497
0.611 0.0001703476902862505
0.612 0.0001698585362547263
0.613 0.00016937082909127422
0.614 0.00016888456424279182
0.615 0.00016839973716459977
0.616 0.00016791634331991148
0.617 0.00016743437819195217
0.618 0.00016695383727054395
0.619 0.00016647471606217148
0.62 0.00016599701008041554
0.621 0.0001655207148578296
0.622 0.00016504582593164754
0.623 0.00016457233885572718
0.624 0.0001641002491972566
0.625 0.00016362955252937513
0.626 0.00016316024444550665
0.627 0.00016269232054306264
0.628 0.00016222577644018108
0.629 0.00016176060775721716
0.63 0.0001612968101316266
0.631 0.00016083437921521
0.632 0.00016037331066741733
0.633 0.00015991360016294484
0.634 0.00015945524338185807
0.635 0.00015899823602554317
0.636 0.0001585425738015643
0.637 0.0001580882524279668
0.638 0.0001576352676359275
0.639 0.00015718361517270653
0.64 0.00015673329079108383
0.641 0.00015628429025585217
0.642 0.00015583660935147647
0.643 0.00015539024386156981
0.644 0.0001549451895927641
0.645 0.00015450144235634508
0.646 0.00015405899797668246
0.647 0.00015361785229074792
0.648 0.00015317800114692532
0.649 0.00015273944040326937
0.65 0.00015230216593173086
0.651 0.00015186617361271553
0.652 0.0001514314593426447
0.653 0.00015099801902357366
0.654 0.00015056584857192862
0.655 0.00015013494391912408
0.656 0.00014970530099839136
0.657 0.00014927691576259466
0.658 0.00014884978417340706
0.659 0.00014842390220319771
0.66 0.00014799926583403212
0.661 0.00014757587106171003
0.662 0.0001471537138933283
0.663 0.00014673279034600658
0.664 0.00014631309644621605
0.665 0.00014589462823314043
0.666 0.0001454773817583254
0.667 0.00014506135308217245
0.668 0.00014464653827869666
0.669 0.00014423293342950833
0.67 0.00014382053462789416
0.671 0.00014340933798002238
0.672 0.00014299933960277265
0.673 0.0001425905356212751
0.674 0.0001421829221760658
0.675 0.0001417764954100135
0.676 0.00014137125148827007
0.677 0.00014096718657786067
0.678 0.0001405642968608777
0.679 0.00014016257852581606
0.68 0.00013976202777900632
0.681 0.00013936264083110698
0.682 0.0001389644139040962
0.683 0.0001385673432357974
0.684 0.00013817142506730026
0.685 0.0001377766556585456
0.686 0.0001373830312670986
0.687 0.00013699054817685414
0.6880000000000001 0.00013659920267289558
0.6890000000000001 0.0001362089910506257
0.6900000000000001 0.00013581990961990232
0.6910000000000001 0.0001354319546950994
0.6920000000000001 0.00013504512261151413
0.6930000000000001 0.00013465940970185426
0.6940000000000001 0.00013427481231799695
0.6950000000000001 0.00013389132681977854
0.6960000000000001 0.00013350895349136609
0.6970000000000001 0.0001331279823647504
0.6980000000000001 0.00013274830807907698
0.6990000000000001 0.00013236974556046245
0.7000000000000001 0.0001319922913360587
0.7010000000000001 0.00013161594193631835
0.7020000000000001 0.00013124069390470857
0.7030000000000001 0.00013086654379031813
0.7040000000000001 0.00013049348815964834
0.7050000000000001 0.00013012152357518998
0.7060000000000001 0.00012975064662279555
0.7070000000000001 0.00012938085388718376
0.7080000000000001 0.00012901214196999307
0.709 0.00012864450747526436
0.71 0.00012827794701861345
0.711 0.00012791245723058634
0.712 0.00012754803473955434
0.713 0.00012718467619370164
0.714 0.00012682237824499954
0.715 0.0001264611375552093
0.716 0.00012610095079481552
0.717 0.00012574181464617128
0.718 0.00012538372579578015
0.719 0.00012502668094461618
0.72 0.00012467067679713603
0.721 0.00012431571007288824
0.722 0.0001239617774934458
0.723 0.00012360887579732877
0.724 0.00012325700172207982
0.725 0.0001229061520257816
0.726 0.00012255632346484726
0.727 0.00012220751281046235
0.728 0.00012185971684131114
0.729 0.00012151293234616005
0.73 0.00012116715611868389
0.731 0.000120822384965401
0.732 0.00012047861569994203
0.733 0.00012013584514386429
0.734 0.00011979407012984223
0.735 0.00011945328749890437
0.736 0.00011911349409490862
0.737 0.00011877468678131697
0.738 0.00011843686241947355
0.739 0.00011810001788563351
0.74 0.00011776415006384181
0.741 0.00011742925584382525
0.742 0.00011709533212946842
0.743 0.00011676237582689577
0.744 0.00011643038385352298
0.745 0.00011609935313593525
0.746 0.00011576928060775521
0.747 0.0001154401632152729
0.748 0.0001151119979060857
0.749 0.00011478478164200494
0.75 0.00011445851139263316
0.751 0.00011413318412956239
0.752 0.00011380879684453617
0.753 0.00011348534652559624
0.754 0.00011316283017718874
0.755 0.00011284124481081421
0.756 0.00011252058744070982
0.757 0.00011220085509585658
0.758 0.00011188204481380311
0.759 0.00011156415363323617
0.76 0.00011124717860906284
0.761 0.00011093111679911512
0.762 0.00011061596527195213
0.763 0.00011030172110453901
0.764 0.0001099883813790282
0.765 0.00010967594319033865
0.766 0.00010936440363649277
0.767 0.00010905375982832937
0.768 0.00010874400887992181
0.769 0.00010843514792075575
0.77 0.00010812717407806021
0.771 0.00010782008449498685
0.772 0.00010751387632401619
0.773 0.00010720854671497058
0.774 0.00010690409283808805
0.775 0.00010660051186442326
0.776 0.00010629780097552811
0.777 0.00010599595735903077
0.778 0.00010569497821146896
0.779 0.00010539486073796386
0.78 0.00010509560215157958
0.781 0.00010479719967162081
0.782 0.0001044996505258488
0.783 0.00010420295194861429
0.784 0.00010390710119047753
0.785 0.00010361209549327888
0.786 0.00010331793212326676
0.787 0.00010302460834315425
0.788 0.00010273212143167155
0.789 0.00010244046866774398
0.79 0.00010214964734231676
0.791 0.0001018596547551477
0.792 0.00010157048820865457
0.793 0.00010128214501789458
0.794 0.00010099462250447675
0.795 0.0001007079179924357
0.796 0.0001004220288239169
0.797 0.00010013715330727086
0.798 9.985341657044118e-05
0.799 9.957050560255086e-05
0.8 9.928841375440119e-05
0.801 9.900713849410251e-05
0.802 9.872667728822118e-05
0.803 9.844702761829917e-05
0.804 9.816818696759021e-05
0.805 9.78901528304027e-05
0.806 9.761292270363191e-05
0.807 9.733649409009527e-05
0.808 9.706086450567432e-05
0.809 9.678603146762136e-05
0.81 9.651199250091235e-05
0.811 9.623874513791899e-05
0.812 9.596628691700957e-05
0.8130000000000001 9.569461538274919e-05
0.8140000000000001 9.542372808640293e-05
0.8150000000000001 9.515362259176443e-05
0.8160000000000001 9.488429645781696e-05
0.8170000000000001 9.461574725765876e-05
0.8180000000000001 9.434797257290578e-05
0.8190000000000001 9.408096998343448e-05
0.8200000000000001 9.381473708242409e-05
0.8210000000000001 9.354927147210357e-05
0.8220000000000001 9.328457074846094e-05
0.8230000000000001 9.302063253012345e-05
0.8240000000000001 9.275745442903586e-05
0.8250000000000001 9.249503407126952e-05
0.8260000000000001 9.223336908940629e-05
0.8270000000000001 9.197245711627974e-05
0.8280000000000001 9.171229579525329e-05
0.8290000000000001 9.14528827792501e-05
0.8300000000000001 9.119421572006144e-05
0.8310000000000001 9.09362922835226e-05
0.8320000000000001 9.067911013540006e-05
0.8330000000000001 9.042266695224305e-05
0.8340000000000001 9.016696041536775e-05
0.8350000000000001 8.991198821319635e-05
0.8360000000000001 8.96577480376937e-05
0.8370000000000001 8.940423759175428e-05
0.838 8.915145457873648e-05
0.839 8.889939671482805e-05
0.84 8.864806171553803e-05
0.841 8.839744731082095e-05
0.842 8.814755122840006e-05
0.843 8.789837120679599e-05
0.844 8.764990499156655e-05
0.845 8.740215033143846e-05
0.846 8.715510498341553e-05
0.847 8.690876671086688e-05
0.848 8.666313327925977e-05
0.849 8.641820246744994e-05
0.85 8.617397205385461e-05
0.851 8.593043982412113e-05
0.852 8.568760357574636e-05
0.853 8.544546110425346e-05
0.854 8.520401021705404e-05
0.855 8.496324872407972e-05
0.856 8.472317444178759e-05
0.857 8.448378519734358e-05
0.858 8.424507881421323e-05
0.859 8.400705313431066e-05
0.86 8.37697059938488e-05
0.861 8.35330352432509e-05
0.862 8.3297038734025e-05
0.863 8.30617143249325e-05
0.864 8.282705988461583e-05
0.865 8.259307327843155e-05
0.866 8.23597523890154e-05
0.867 8.21270950971976e-05
0.868 8.189509928867766e-05
0.869 8.16637628633608e-05
0.87 8.143308371703664e-05
0.871 8.120305975905381e-05
0.872 8.097368890012053e-05
0.873 8.074496905952105e-05
0.874 8.051689815809866e-05
0.875 8.028947412759717e-05
0.876 8.00626949032409e-05
0.877 7.983655842601345e-05
0.878 7.961106264211256e-05
0.879 7.938620550386892e-05
0.88 7.916198497040475e-05
0.881 7.8938399004214e-05
0.882 7.871544557774456e-05
0.883 7.849312266274222e-05
0.884 7.827142824233883e-05
0.885 7.805036030392156e-05
0.886 7.782991683760908e-05
0.887 7.761009584272523e-05
0.888 7.739089532084692e-05
0.889 7.717231328514763e-05
0.89 7.695434774623012e-05
0.891 7.673699672580829e-05
0.892 7.652025825187612e-05
0.893 7.630413035227842e-05
0.894 7.60886110663052e-05
0.895 7.58736984355603e-05
0.896 7.565939050880178e-05
0.897 7.544576864156687e-05
0.898 7.523306982219016e-05
0.899 7.502101222984963e-05
0.9 7.480956338460583e-05
0.901 7.45987214392942e-05
0.902 7.43884845510352e-05
0.903 7.417885087703495e-05
0.904 7.396981858471542e-05
0.905 7.376138584389405e-05
0.906 7.355355082805955e-05
0.907 7.334631172016105e-05
0.908 7.313966669942073e-05
0.909 7.293361396146905e-05
0.91 7.272815169603597e-05
0.911 7.252327810301487e-05
0.912 7.231899138610603e-05
0.913 7.21152897556281e-05
0.914 7.191217142205901e-05
0.915 7.170963460591034e-05
0.916 7.150767752784134e-05
0.917 7.13062984155275e-05
0.918 7.110549550350549e-05
0.919 7.090526702462465e-05
0.92 7.070561122407363e-05
0.921 7.050652634566638e-05
0.922 7.030801064166362e-05
0.923 7.011006236735964e-05
0.924 6.99126797816917e-05
0.925 6.971586115056777e-05
0.926 6.951960474613552e-05
0.927 6.932390883549306e-05
0.928 6.912877170420922e-05
0.929 6.893419163321642e-05
0.93 6.874016690910054e-05
0.931 6.854669582683226e-05
0.932 6.835377668085083e-05
0.933 6.816140777370299e-05
0.934 6.796958741303544e-05
0.935 6.77783139079522e-05
0.936 6.758758557375252e-05
0.937 6.7397400731865e-05
0.9380000000000001 6.7207757703427e-05
0.9390000000000001 6.701865482133244e-05
0.9400000000000001 6.683009041401298e-05
0.9410000000000001 6.664206282436244e-05
0.9420000000000001 6.645457039070621e-05
0.9430000000000001 6.626761146271683e-05
0.9440000000000001 6.608118438698286e-05
0.9450000000000001 6.589528752366355e-05
0.9460000000000001 6.570991923296136e-05
0.9470000000000001 6.552507787514308e-05
0.9480000000000001 6.53407618224139e-05
0.9490000000000001 6.515696944895319e-05
0.9500000000000001 6.49736991269959e-05
0.9510000000000001 6.479094924620003e-05
0.9520000000000001 6.460871818589277e-05
0.9530000000000001 6.442700434132985e-05
0.9540000000000001 6.424580610790684e-05
0.9550000000000001 6.406512188033345e-05
0.9560000000000001 6.388495006965259e-05
0.9570000000000001 6.370528907661228e-05
0.9580000000000001 6.352613731891312e-05
0.9590000000000001 6.334749321306075e-05
0.9600000000000001 6.316935517658568e-05
0.9610000000000001 6.299172163875416e-05
0.9620000000000001 6.281459102586311e-05
0.9630000000000001 6.263796177578167e-05
0.9640000000000001 6.246183232299522e-05
0.965 6.228620111290188e-05
0.966 6.211106659053779e-05
0.967 6.193642720506692e-05
0.968 6.176228141697228e-05
0.969 6.158862768145707e-05
0.97 6.141546446288269e-05
0.971 6.124279022998637e-05
0.972 6.107060345240438e-05
0.973 6.08989026096982e-05
0.974 6.072768617979429e-05
0.975 6.0556952648063477e-05
0.976 6.038670050344251e-05
0.977 6.021692823812659e-05
0.978 6.004763434759122e-05
0.979 5.987881733728494e-05
0.98 5.971047570708835e-05
0.981 5.954260797072145e-05
0.982 5.9375212638647426e-05
0.983 5.92082882286672e-05
0.984 5.904183326471389e-05
0.985 5.887584626922426e-05
0.986 5.871032577184778e-05
0.987 5.854527031076378e-05
0.988 5.838067841792881e-05
0.989 5.821654864016013e-05
0.99 5.8052879519138406e-05
0.991 5.78896696068009e-05
0.992 5.7726917457765815e-05
0.993 5.756462162638045e-05
0.994 5.740278067951497e-05
0.995 5.7241393178357036e-05
0.996 5.708045769578102e-05
0.997 5.691999164087117e-05
0.998 5.676018044199099e-05
0.999 5.660087938309295e-05
1.0 5.6442032259606715e-05
1.001 5.628363771058092e-05
1.002 5.6125694374598634e-05
1.003 5.59682008984129e-05
1.004 5.5811155933766535e-05
1.005 5.565455812698233e-05
1.006 5.5498406139087127e-05
1.007 5.5342698628199846e-05
1.008 5.518743425466215e-05
1.009 5.503261168834523e-05
1.01 5.487822959824784e-05
1.011 5.472428665561839e-05
1.012 5.45707815403551e-05
1.013 5.441771292932522e-05
1.014 5.4265079511295066e-05
1.015 5.4112879967743434e-05
1.016 5.396111299262851e-05
1.017 5.380977728115106e-05
1.018 5.3658871528360636e-05
1.019 5.3508394436438565e-05
1.02 5.335834470887306e-05
1.021 5.3208721055935876e-05
1.022 5.305952218509541e-05
1.023 5.291074681439785e-05
1.024 5.276239366051095e-05
1.025 5.261446144379087e-05
1.026 5.246694889086701e-05
1.027 5.231985472949538e-05
1.028 5.2173177690272e-05
1.029 5.2026916509258467e-05
1.0299999999999998 5.1881069923832925e-05
1.031 5.173563667504066e-05
1.0319999999999998 5.1590615509701115e-05
1.033 5.144600517274675e-05
1.0339999999999998 5.130180442048629e-05
1.035 5.115801200389536e-05
1.0359999999999998 5.1014626682401125e-05
1.037 5.0871647217136196e-05
1.0379999999999998 5.0729072373520834e-05
1.039 5.058690091926089e-05
1.0399999999999998 5.0445131625578474e-05
1.041 5.030376326695205e-05
1.0419999999999998 5.0162794620023195e-05
1.043 5.00222244695451e-05
1.0439999999999998 4.988205159654719e-05
1.045 4.974227478951624e-05
1.0459999999999998 4.960289283854939e-05
1.047 4.946390454044488e-05
1.0479999999999998 4.932530868784866e-05
1.049 4.918710408550724e-05
1.0499999999999998 4.9049289536025876e-05
1.051 4.891186384428992e-05
1.0519999999999998 4.877482582318286e-05
1.053 4.8638174283615376e-05
1.0539999999999998 4.850190804350949e-05
1.055 4.8366025921748415e-05
1.0559999999999998 4.823052674119384e-05
1.057 4.809540932849875e-05
1.0579999999999998 4.796067251179662e-05
1.059 4.782631512449529e-05
1.0599999999999998 4.769233599952034e-05
1.061 4.755873397814789e-05
1.0619999999999998 4.742550790105032e-05
1.063 4.729265661213587e-05
1.0639999999999998 4.716017896144364e-05
1.065 4.702807379636893e-05
1.0659999999999998 4.689633997325924e-05
1.067 4.676497635041263e-05
1.0679999999999998 4.663398178455977e-05
1.069 4.6503355142762703e-05
1.0699999999999998 4.6373095289993444e-05
1.071 4.624320109322761e-05
1.0719999999999998 4.611367142869761e-05
1.073 4.5984505171111654e-05
1.0739999999999998 4.5855701195427406e-05
1.075 4.5727258388218405e-05
1.0759999999999998 4.559917563157377e-05
1.077 4.5471451813854266e-05
1.0779999999999998 4.53440858254275e-05
1.079 4.521707655789858e-05
1.0799999999999998 4.509042291343778e-05
1.081 4.496412378613811e-05
1.0819999999999999 4.483817808187501e-05
1.083 4.4712584703893153e-05
1.0839999999999999 4.458734256517173e-05
1.085 4.446245057109773e-05
1.0859999999999999 4.4337907642229536e-05
1.087 4.421371269159322e-05
1.0879999999999999 4.408986464223416e-05
1.089 4.3966362416273064e-05
1.0899999999999999 4.384320494130089e-05
1.091 4.3720391147177387e-05
1.0919999999999999 4.3597919962094496e-05
1.093 4.3475790325526614e-05
1.0939999999999999 4.335400117362801e-05
1.095 4.323255144791703e-05
1.0959999999999999 4.311144009237417e-05
1.097 4.299066736051826e-05
1.0979999999999999 4.287035037549174e-05
1.099 4.2750450179771684e-05
1.0999999999999999 4.2630889544433146e-05
1.101 4.251166746436064e-05
1.1019999999999999 4.239278293396429e-05
1.103 4.2274234952936686e-05
1.1039999999999999 4.2156022520183595e-05
1.105 4.203814464121e-05
1.1059999999999999 4.192060031950364e-05
1.107 4.1803388565132286e-05
1.1079999999999999 4.168650838849347e-05
1.109 4.156995880366192e-05
1.1099999999999999 4.145373882701685e-05
1.111 4.133784747539368e-05
1.1119999999999999 4.1222283771818577e-05
1.113 4.110704674051027e-05
1.1139999999999999 4.0992135406797906e-05
1.115 4.087754879785658e-05
1.1159999999999999 4.0763285948578864e-05
1.117 4.06493458912352e-05
1.1179999999999999 4.0535727662105915e-05
1.119 4.042243029970349e-05
1.1199999999999999 4.030945284622253e-05
1.121 4.019679434659846e-05
1.1219999999999999 4.0084453844182306e-05
1.123 3.997243039078493e-05
1.1239999999999999 3.9860723036203556e-05
1.125 3.9749330835838226e-05
1.126 3.9638252843821484e-05
1.127 3.952748812200151e-05
1.128 3.9417035729546226e-05
1.129 3.930689472963579e-05
1.13 3.919706418988647e-05
1.131 3.908754317879171e-05
1.132 3.897833076786654e-05
1.133 3.8869426028258485e-05
1.134 3.8760828039043374e-05
1.135 3.865253587715744e-05
1.136 3.8544548622905476e-05
1.137 3.843686536023446e-05
1.138 3.832948517386536e-05
1.139 3.822240715465449e-05
1.14 3.8115630389423086e-05
1.141 3.8009153971570284e-05
1.142 3.790297699960153e-05
1.143 3.7797098567100605e-05
1.144 3.769151777692456e-05
1.145 3.7586233729912536e-05
1.146 3.7481245530210274e-05
1.147 3.737655228775486e-05
1.148 3.7272153109034536e-05
1.149 3.71680471066778e-05
1.15 3.7064233395871595e-05
1.151 3.6960711092923746e-05
1.152 3.685747931514114e-05
1.153 3.675453718526266e-05
1.154 3.6651883826470864e-05
1.155 3.654951836369945e-05
1.156 3.6447439926924525e-05
1.157 3.634564764461807e-05
1.158 3.624414065089468e-05
1.1589999999999998 3.614291808077239e-05
1.16 3.6041979070225896e-05
1.1609999999999998 3.594132276198717e-05
1.162 3.5840948293804486e-05
1.1629999999999998 3.574085481406643e-05
1.164 3.564104146608505e-05
1.1649999999999998 3.554150740106769e-05
1.166 3.5442251768505204e-05
1.1669999999999998 3.534327372240565e-05
1.168 3.5244572417831366e-05
1.1689999999999998 3.5146147014034734e-05
1.17 3.5047996670974625e-05
1.1709999999999998 3.495012054818375e-05
1.172 3.485251781251213e-05
1.1729999999999998 3.4755187630663924e-05
1.174 3.465812917398831e-05
1.1749999999999998 3.456134160857821e-05
1.176 3.4464824112033776e-05
1.1769999999999998 3.4368575858639264e-05
1.178 3.4272596026718384e-05
1.1789999999999998 3.4176883796241845e-05
1.18 3.4081438349164626e-05
1.1809999999999998 3.398625886985943e-05
1.182 3.389134454775875e-05
1.1829999999999998 3.379669456799653e-05
1.184 3.370230812316901e-05
1.1849999999999998 3.360818440797617e-05
1.186 3.3514322614939745e-05
1.1869999999999998 3.342072194549407e-05
1.188 3.3327381595354336e-05
1.1889999999999998 3.323430076997965e-05
1.19 3.314147867117519e-05
1.1909999999999998 3.304891450593073e-05
1.192 3.295660748273223e-05
1.1929999999999998 3.28645568127554e-05
1.194 3.2772761706911444e-05
1.1949999999999998 3.2681221382157006e-05
1.196 3.2589935053097894e-05
1.1969999999999998 3.249890194135793e-05
1.198 3.2408178398370436e-05
1.1989999999999998 3.231780396445719e-05
1.2 3.2227686034256125e-05
1.2009999999999998 3.213782241998253e-05
1.202 3.204821237808751e-05
1.2029999999999998 3.1958855169935714e-05
1.204 3.18697500510286e-05
1.2049999999999998 3.17808962861773e-05
1.206 3.169229313882132e-05
1.2069999999999999 3.160393987542078e-05
1.208 3.151583576149521e-05
1.2089999999999999 3.142798006892549e-05
1.21 3.1340372069242876e-05
1.2109999999999999 3.125301103304684e-05
1.212 3.1165896238832935e-05
1.2129999999999999 3.1079026961335066e-05
1.214 3.099240248053028e-05
1.2149999999999999 3.090602207661055e-05
1.216 3.081988503231985e-05
1.2169999999999999 3.0733990632866515e-05
1.218 3.064833816219043e-05
1.2189999999999999 3.056292691159812e-05
1.22 3.0477756167824096e-05
1.2209999999999999 3.0392825225087354e-05
1.222 3.0308133375419753e-05
1.2229999999999999 3.022367991457364e-05
1.224 3.0139464140673704e-05
1.2249999999999999 3.005548535022887e-05
1.226 2.997174284661368e-05
1.2269999999999999 2.9888235931217718e-05
1.228 2.9804963909419975e-05
1.2289999999999999 2.9721926085170134e-05
1.23 2.963912176928029e-05
1.2309999999999999 2.955655026919161e-05
1.232 2.947421089806229e-05
1.2329999999999999 2.9392102967802086e-05
1.234 2.9310225795343572e-05
1.2349999999999999 2.922857869547391e-05
1.236 2.9147160988259027e-05
1.2369999999999999 2.9065971993143203e-05
1.238 2.8985011033799807e-05
1.2389999999999999 2.8904277431989538e-05
1.24 2.882377051604983e-05
1.2409999999999999 2.8743489610005736e-05
1.242 2.866343404661547e-05
1.2429999999999999 2.8583603154109144e-05
1.244 2.85039962666351e-05
1.2449999999999999 2.842461271815853e-05
1.246 2.8345451844391208e-05
1.2469999999999999 2.8266512982936935e-05
1.248 2.818779547502732e-05
1.2489999999999999 2.8109298659862857e-05
1.25 2.803102188188902e-05
1.251 2.7952964485363167e-05
1.252 2.7875125816834073e-05
1.253 2.779750522397663e-05
1.254 2.7720102056878497e-05
1.255 2.7642915667400353e-05
1.256 2.7565945407977373e-05
1.257 2.748919063533188e-05
1.258 2.741265070367242e-05
1.259 2.733632497200916e-05
1.26 2.726021280138457e-05
1.261 2.7184313553379915e-05
1.262 2.7108626589450676e-05
1.263 2.703315127693864e-05
1.264 2.6957886979778687e-05
1.265 2.688283306927977e-05
1.266 2.680798891411848e-05
1.267 2.6733353884495943e-05
1.268 2.6658927356427084e-05
1.269 2.658470870268662e-05
1.27 2.651069730095335e-05
1.271 2.6436892528745178e-05
1.272 2.6363293766420266e-05
1.273 2.6289900395450237e-05
1.274 2.6216711799158146e-05
1.275 2.6143727361341994e-05
1.276 2.6070946468197994e-05
1.277 2.5998368510530997e-05
1.278 2.5925992874013396e-05
1.279 2.5853818953476483e-05
1.28 2.5781846138290224e-05
1.281 2.5710073825652273e-05
1.282 2.563850141100365e-05
1.283 2.5567128291087342e-05
1.284 2.5495953864965437e-05
1.285 2.5424977534966177e-05
1.2859999999999998 2.5354198702407807e-05
1.287 2.5283616771482562e-05
1.2879999999999998 2.521323114800909e-05
1.289 2.5143041239059445e-05
1.2899999999999998 2.507304645285965e-05
1.291 2.50032462009966e-05
1.2919999999999998 2.4933639893472428e-05
1.293 2.4864226945378e-05
1.2939999999999998 2.479500677054895e-05
1.295 2.4725978787272354e-05
1.2959999999999998 2.4657142411224135e-05
1.297 2.4588497064247834e-05
1.2979999999999998 2.452005255130237e-05
1.299 2.4451839845378694e-05
1.2999999999999998 2.4383822185608333e-05
1.301 2.4315994780444112e-05
1.3019999999999998 2.4248357066450974e-05
1.303 2.4180908482269863e-05
1.3039999999999998 2.4113648466978036e-05
1.305 2.404657646375243e-05
1.3059999999999998 2.397969191489672e-05
1.307 2.3912994264573428e-05
1.3079999999999998 2.384648295980004e-05
1.309 2.3780157445926535e-05
1.3099999999999998 2.3714017174620762e-05
1.311 2.3648061592495587e-05
1.3119999999999998 2.3582290155004582e-05
1.313 2.3516702311909146e-05
1.3139999999999998 2.3451297519660512e-05
1.315 2.338607523312272e-05
1.3159999999999998 2.3321034910819785e-05
1.317 2.325617601009406e-05
1.3179999999999998 2.319149799345228e-05
1.319 2.3127000319069167e-05
1.3199999999999998 2.3062682452426802e-05
1.321 2.2998543857420127e-05
1.3219999999999998 2.2934583998912784e-05
1.323 2.287080234637739e-05
1.3239999999999998 2.280719836505566e-05
1.325 2.2743771527679762e-05
1.3259999999999998 2.2680521304096817e-05
1.327 2.2617447167637517e-05
1.3279999999999998 2.255454859312707e-05
1.329 2.249182505437596e-05
1.3299999999999998 2.2429276029713946e-05
1.331 2.2366900997275163e-05
1.3319999999999999 2.2304699435858588e-05
1.333 2.2242670827044685e-05
1.3339999999999999 2.2180814653149824e-05
1.335 2.2119130397739304e-05
1.3359999999999999 2.2057617546591418e-05
1.337 2.1996275584472086e-05
1.3379999999999999 2.1935104001384567e-05
1.339 2.187410228406667e-05
1.3399999999999999 2.1813269926723354e-05
1.341 2.1752606416856e-05
1.3419999999999999 2.1692111250270523e-05
1.343 2.1631783920903418e-05
1.3439999999999999 2.157162392426094e-05
1.345 2.151163075837489e-05
1.3459999999999999 2.1451803920725568e-05
1.347 2.1392142912384876e-05
1.3479999999999999 2.1332647233067206e-05
1.349 2.1273316386489203e-05
1.3499999999999999 2.1214149876233356e-05
1.351 2.1155147207044036e-05
1.3519999999999999 2.1096307885440558e-05
1.353 2.1037631419745898e-05
1.3539999999999999 2.097911731863939e-05
1.355 2.0920765091841718e-05
1.3559999999999999 2.086257425185649e-05
1.357 2.0804544312140363e-05
1.3579999999999999 2.07466747862003e-05
1.359 2.0688965188314356e-05
1.3599999999999999 2.0631415039022775e-05
1.361 2.0574023852547084e-05
1.3619999999999999 2.0516791150192635e-05
1.363 2.0459716453111595e-05
1.3639999999999999 2.0402799281568186e-05
1.365 2.0346039161105536e-05
1.3659999999999999 2.0289435615174586e-05
1.367 2.0232988168392354e-05
1.3679999999999999 2.017669634947469e-05
1.369 2.0120559686280252e-05
1.3699999999999999 2.0064577708528947e-05
1.371 2.0008749946713507e-05
1.3719999999999999 1.9953075933813064e-05
1.373 1.9897555201798892e-05
1.3739999999999999 1.9842187286157686e-05
1.375 1.9786971724278733e-05
1.376 1.9731908050454207e-05
1.377 1.9676995805007778e-05
1.378 1.962223452612194e-05
1.379 1.956762375692216e-05
1.38 1.951316303675155e-05
1.381 1.945885191141748e-05
1.382 1.9404689923137845e-05
1.383 1.9350676620245116e-05
1.384 1.9296811547305234e-05
1.385 1.924309425443814e-05
1.386 1.918952429080165e-05
1.387 1.913610120539129e-05
1.388 1.908282455226506e-05
1.389 1.902969388353342e-05
1.39 1.8976708752888172e-05
1.391 1.8923868717313977e-05
1.392 1.8871173333234738e-05
1.393 1.8818622156620854e-05
1.394 1.8766214748994598e-05
1.395 1.8713950669763097e-05
1.396 1.8661829480502622e-05
1.397 1.860985074365243e-05
1.398 1.8558021720398898e-05
1.399 1.8506423722447485e-05
1.4 1.845499505989969e-05
1.401 1.840371043453946e-05
1.402 1.8352569436733535e-05
1.403 1.8301571656343075e-05
1.404 1.8250716686828597e-05
1.405 1.820000412028835e-05
1.406 1.8149433550649868e-05
1.407 1.8099004572949574e-05
1.408 1.8048716784185487e-05
1.409 1.799856978030959e-05
1.41 1.7948563159413957e-05
1.411 1.789869652149104e-05
1.412 1.78489694648488e-05
1.4129999999999998 1.779938159287607e-05
1.414 1.774993250522221e-05
1.4149999999999998 1.770062180715276e-05
1.416 1.76514491004204e-05
1.4169999999999998 1.760241399156724e-05
1.418 1.755351608568193e-05
1.4189999999999998 1.750475499081673e-05
1.42 1.74561303144446e-05
1.4209999999999998 1.7407641664331062e-05
1.422 1.7359288652465097e-05
1.4229999999999998 1.7311070887601952e-05
1.424 1.7262987982951373e-05
1.4249999999999998 1.7215039551595028e-05
1.426 1.7167225206103427e-05
1.4269999999999998 1.7119544562388184e-05
1.428 1.707199723495774e-05
1.4289999999999998 1.7024582842028084e-05
1.43 1.6977301000001267e-05
1.4309999999999998 1.6930151328057526e-05
1.432 1.6883133445169886e-05
1.4329999999999998 1.683624697341712e-05
1.434 1.6789491532288e-05
1.4349999999999998 1.6742866745634937e-05
1.436 1.669637223600404e-05
1.4369999999999998 1.6650007628733384e-05
1.438 1.6603772548204672e-05
1.4389999999999998 1.655766662079745e-05
1.44 1.6511689474133285e-05
1.4409999999999998 1.6465840735532674e-05
1.442 1.6420120034428352e-05
1.4429999999999998 1.6374527001396308e-05
1.444 1.6329061266997967e-05
1.4449999999999998 1.6283722462105927e-05
1.446 1.6238510221489996e-05
1.4469999999999998 1.6193424177446103e-05
1.448 1.6148463964031357e-05
1.4489999999999998 1.6103629218698254e-05
1.45 1.6058919576617027e-05
1.4509999999999998 1.6014334675190345e-05
1.452 1.5969874153689307e-05
1.4529999999999998 1.5925537650129557e-05
1.454 1.5881324806402287e-05
1.4549999999999998 1.5837235261568355e-05
1.456 1.579326865868307e-05
1.4569999999999999 1.5749424641034505e-05
1.458 1.5705702851424664e-05
1.4589999999999999 1.566210293554701e-05
1.46 1.561862453808497e-05
1.4609999999999999 1.5575267306662562e-05
1.462 1.5532030887542866e-05
1.4629999999999999 1.548891492998855e-05
1.464 1.5445919082806276e-05
1.4649999999999999 1.540304299620451e-05
1.466 1.5360286320747912e-05
1.4669999999999999 1.531764870992004e-05
1.468 1.527512981377161e-05
1.4689999999999999 1.5232729288949306e-05
1.47 1.5190446788543385e-05
1.4709999999999999 1.5148281966962069e-05
1.472 1.5106234482842996e-05
1.4729999999999999 1.5064303991934285e-05
1.474 1.502249015250646e-05
1.4749999999999999 1.4980792624030467e-05
1.476 1.4939211065720173e-05
1.4769999999999999 1.4897745138539932e-05
1.478 1.4856394504827956e-05
1.4789999999999999 1.4815158825305209e-05
1.48 1.4774037764972247e-05
1.4809999999999999 1.4733030987879588e-05
1.482 1.4692138157920304e-05
1.4829999999999999 1.4651358941544421e-05
1.484 1.4610693007094653e-05
1.4849999999999999 1.4570140019128963e-05
1.486 1.452969964855791e-05
1.4869999999999999 1.4489371564340046e-05
1.488 1.444915543593775e-05
1.4889999999999999 1.4409050935052114e-05
1.49 1.4369057733759407e-05
1.4909999999999999 1.432917550379679e-05
1.492 1.4289403919089658e-05
1.4929999999999999 1.4249742655823039e-05
1.494 1.4210191387228763e-05
1.4949999999999999 1.4170749789331732e-05
1.496 1.4131417540669012e-05
1.4969999999999999 1.4092194318345772e-05
1.498 1.4053079962913238e-05
1.4989999999999999 1.401409223685117e-05
1.5 1.3975225557903776e-05
1.501 1.3936467460168468e-05
1.502 1.3897817631949863e-05
1.503 1.3859275762380281e-05
1.504 1.3820841538711042e-05
1.505 1.3782514651707054e-05
1.506 1.3744294791877997e-05
1.507 1.3706181649765944e-05
1.508 1.3668174918393746e-05
1.509 1.3630274289829158e-05
1.51 1.359247945775897e-05
1.511 1.3554790116963517e-05
1.512 1.351720596297863e-05
1.513 1.3479726690696144e-05
1.514 1.344235199746621e-05
1.515 1.3405081580266535e-05
1.516 1.336791513858472e-05
1.517 1.3330852369507671e-05
1.518 1.329389297459174e-05
1.519 1.3257036653359532e-05
1.52 1.322028310707161e-05
1.521 1.3183632038820599e-05
1.522 1.3147083150330505e-05
1.523 1.3110636145240377e-05
1.524 1.3074290727627172e-05
1.525 1.3038046604101701e-05
1.526 1.3001903479434202e-05
1.527 1.2965861059103325e-05
1.528 1.2929919051946828e-05
1.529 1.2894077166097592e-05
1.53 1.2858335108725013e-05
1.531 1.2822692591768723e-05
1.532 1.2787149323290112e-05
1.533 1.2751705015252413e-05
1.534 1.2716359379775081e-05
1.535 1.2681112129229068e-05
1.536 1.2645962975962783e-05
1.537 1.2610911634408955e-05
1.538 1.2575957819885872e-05
1.539 1.2541101247573951e-05
1.54 1.250634163299361e-05
1.541 1.2471678693780658e-05
1.5419999999999998 1.243711214639366e-05
1.543 1.2402641711411149e-05
1.5439999999999998 1.2368267105166697e-05
1.545 1.2333988049222179e-05
1.5459999999999998 1.2299804263890356e-05
1.547 1.2265715469896375e-05
1.5479999999999998 1.2231721389251166e-05
1.549 1.2197821744693889e-05
1.5499999999999998 1.216401625992269e-05
1.551 1.2130304658323858e-05
1.5519999999999998 1.2096686665277472e-05
1.553 1.2063162005790328e-05
1.5539999999999998 1.2029730406746737e-05
1.555 1.1996391594508298e-05
1.5559999999999998 1.1963145296339519e-05
1.557 1.1929991242157829e-05
1.5579999999999998 1.1896929159228136e-05
1.559 1.1863958777556322e-05
1.5599999999999998 1.1831079828265979e-05
1.561 1.1798292041703369e-05
1.5619999999999998 1.1765595150804927e-05
1.563 1.1732988886827929e-05
1.5639999999999998 1.1700472983868656e-05
1.565 1.1668047175110629e-05
1.5659999999999998 1.1635711195433179e-05
1.567 1.1603464780190607e-05
1.5679999999999998 1.1571307665723158e-05
1.569 1.1539239587376206e-05
1.5699999999999998 1.1507260284152176e-05
1.571 1.1475369493104346e-05
1.5719999999999998 1.1443566952405396e-05
1.573 1.1411852402912265e-05
1.5739999999999998 1.1380225582841492e-05
1.575 1.1348686234286376e-05
1.5759999999999998 1.13172340990836e-05
1.577 1.1285868917187412e-05
1.5779999999999998 1.1254590433282728e-05
1.579 1.1223398390369817e-05
1.5799999999999998 1.1192292531774785e-05
1.581 1.1161272602921262e-05
1.5819999999999999 1.11303383489688e-05
1.583 1.1099489516117067e-05
1.5839999999999999 1.1068725851465569e-05
1.585 1.1038047101711617e-05
1.5859999999999999 1.1007453015772117e-05
1.587 1.0976943340928025e-05
1.5879999999999999 1.0946517828152121e-05
1.589 1.0916176226866067e-05
1.5899999999999999 1.0885918288035503e-05
1.591 1.0855743762150039e-05
1.5919999999999999 1.0825652402461909e-05
1.593 1.0795643960277208e-05
1.5939999999999999 1.076571819023139e-05
1.595 1.0735874845063146e-05
1.5959999999999999 1.0706113680970859e-05
1.597 1.0676434451344055e-05
1.5979999999999999 1.064683691328463e-05
1.599 1.0617332545200952e-05
1.5999999999999999 1.0587930221417288e-05
1.601 1.0558610102829037e-05
1.6019999999999999 1.0529371593164586e-05
1.603 1.0500214457267934e-05
1.6039999999999999 1.047113845981803e-05
1.605 1.0442143367652012e-05
1.6059999999999999 1.0413228946578567e-05
1.607 1.0384394964218335e-05
1.6079999999999999 1.0355641187507052e-05
1.609 1.0326967386436208e-05
1.6099999999999999 1.0298373328005702e-05
1.611 1.026985878350282e-05
1.6119999999999999 1.0241423521340749e-05
1.613 1.0213067313046337e-05
1.6139999999999999 1.0184789929474018e-05
1.615 1.0156591143462806e-05
1.6159999999999999 1.0128470725843426e-05
1.617 1.0100428451111739e-05
1.6179999999999999 1.0072464091675073e-05
1.619 1.0044577421790955e-05
1.6199999999999999 1.001676821672549e-05
1.621 9.9890362521159e-06
1.6219999999999999 9.96138130264531e-06
1.623 9.93380314533077e-06
1.6239999999999999 9.906301556758039e-06
1.625 9.878876315574536e-06
1.626 9.85152719874668e-06
1.627 9.824253985560127e-06
1.628 9.797056455129892e-06
1.629 9.769934387116445e-06
1.63 9.742887562744959e-06
1.631 9.715915761273488e-06
1.632 9.689018765852142e-06
1.633 9.662196357894952e-06
1.634 9.635448319804562e-06
1.635 9.608774435658309e-06
1.636 9.58217448753595e-06
1.637 9.555648261314823e-06
1.638 9.529195541387842e-06
1.639 9.502816113301441e-06
1.64 9.476509762352503e-06
1.641 9.450276275083608e-06
1.642 9.424115439677504e-06
1.643 9.39802704254975e-06
1.644 9.3720108719585e-06
1.645 9.346066717648352e-06
1.646 9.320194367922338e-06
1.647 9.294393611797008e-06
1.648 9.26866424146317e-06
1.649 9.243006047017509e-06
1.65 9.217418818909697e-06
1.651 9.191902350151784e-06
1.652 9.16645643287886e-06
1.653 9.14108086056388e-06
1.654 9.115775425266088e-06
1.655 9.090539923452997e-06
1.656 9.06537414772532e-06
1.657 9.04027789401732e-06
1.658 9.015250957865175e-06
1.659 8.990293135066464e-06
1.66 8.965404223878763e-06
1.661 8.940584019492969e-06
1.662 8.915832320774414e-06
1.663 8.891148926267445e-06
1.664 8.86653363474603e-06
1.665 8.841986244227692e-06
1.666 8.817506557209463e-06
1.667 8.793094371376211e-06
1.668 8.768749488938341e-06
1.669 8.744471711421818e-06
1.67 8.720260840790778e-06
1.6709999999999998 8.6961166787634e-06
1.672 8.672039029750354e-06
1.6729999999999998 8.648027695237036e-06
1.674 8.624082481201501e-06
1.6749999999999998 8.6002031906206e-06
1.676 8.576389630026987e-06
1.6769999999999998 8.552641603588503e-06
1.678 8.528958918251099e-06
1.6789999999999998 8.505341379586731e-06
1.68 8.481788796519442e-06
1.6809999999999998 8.458300974259756e-06
1.682 8.434877723118795e-06
1.6829999999999998 8.411518849688074e-06
1.684 8.388224164694973e-06
1.6849999999999998 8.364993476675497e-06
1.686 8.341826595823802e-06
1.6869999999999998 8.318723332777388e-06
1.688 8.295683499581385e-06
1.6889999999999998 8.272706906581365e-06
1.69 8.249793366549536e-06
1.6909999999999998 8.226942690852012e-06
1.692 8.204154694362427e-06
1.6929999999999998 8.18142918938355e-06
1.694 8.158765990280137e-06
1.6949999999999998 8.136164911664507e-06
1.696 8.113625768567316e-06
1.6969999999999998 8.091148376229356e-06
1.698 8.068732551364534e-06
1.6989999999999998 8.046383062606636e-06
1.7 8.02411566140247e-06
1.7009999999999998 8.001912265748395e-06
1.702 7.979770466083446e-06
1.7029999999999998 7.957690087197611e-06
1.704 7.935670951084488e-06
1.7049999999999998 7.913712882534498e-06
1.706 7.891815706645932e-06
1.7069999999999999 7.869979247764257e-06
1.708 7.848203331845803e-06
1.7089999999999999 7.826487785048804e-06
1.71 7.80483243350921e-06
1.7109999999999999 7.783237102946102e-06
1.712 7.761701623030155e-06
1.7129999999999999 7.740225819428348e-06
1.714 7.71880952079387e-06
1.7149999999999999 7.697452556451097e-06
1.716 7.676154754353662e-06
1.7169999999999999 7.654915944558594e-06
1.718 7.63373595693895e-06
1.7189999999999999 7.61261462087985e-06
1.72 7.591551768623663e-06
1.7209999999999999 7.5705472304630155e-06
1.722 7.549600837942757e-06
1.7229999999999999 7.528712423104442e-06
1.724 7.507881818754073e-06
1.7249999999999999 7.487108857783841e-06
1.726 7.46639337235561e-06
1.7269999999999999 7.445735197931245e-06
1.728 7.4251341668892795e-06
1.7289999999999999 7.4045901157103795e-06
1.73 7.384102877217125e-06
1.7309999999999999 7.363672288952846e-06
1.732 7.34329818518976e-06
1.7329999999999999 7.3229804024216215e-06
1.734 7.302718778092157e-06
1.7349999999999999 7.282513148676155e-06
1.736 7.2623633515997915e-06
1.7369999999999999 7.2422692249964075e-06
1.738 7.222230607144632e-06
1.7389999999999999 7.202247336582222e-06
1.74 7.182319252836336e-06
1.7409999999999999 7.162446195514393e-06
1.742 7.14262800360899e-06
1.7429999999999999 7.122864518857892e-06
1.744 7.10315558094593e-06
1.7449999999999999 7.083501031888642e-06
1.746 7.063900712655188e-06
1.7469999999999999 7.044354465631528e-06
1.748 7.024862133481872e-06
1.7489999999999999 7.005423558150543e-06
1.75 6.986038583851288e-06
1.751 6.966707053649065e-06
1.752 6.9474288112920495e-06
1.753 6.928203702263684e-06
1.754 6.9090315703541235e-06
1.755 6.889912261167723e-06
1.756 6.870845620730196e-06
1.757 6.8518314940782805e-06
1.758 6.832869728810743e-06
1.759 6.813960170737184e-06
1.76 6.795102668050884e-06
1.761 6.776297067764116e-06
1.762 6.757543217673719e-06
1.763 6.738840966547726e-06
1.764 6.720190162990904e-06
1.765 6.7015906571751925e-06
1.766 6.683042296621189e-06
1.767 6.664544933331736e-06
1.768 6.646098416591442e-06
1.769 6.627702597168936e-06
1.77 6.6093573265802245e-06
1.771 6.591062456085311e-06
1.772 6.572817838038065e-06
1.773 6.554623323428707e-06
1.774 6.536478766800493e-06
1.775 6.5183840201015925e-06
1.776 6.50033893603756e-06
1.777 6.482343370345148e-06
1.778 6.464397175667341e-06
1.779 6.446500207718498e-06
1.78 6.428652319862183e-06
1.781 6.410853368801362e-06
1.782 6.393103210273356e-06
1.783 6.375401699530909e-06
1.784 6.357748693606667e-06
1.785 6.3401440491790895e-06
1.786 6.32258762335658e-06
1.787 6.305079273819498e-06
1.788 6.287618858861076e-06
1.789 6.270206236378661e-06
1.79 6.252841265124457e-06
1.791 6.235523804274281e-06
1.792 6.218253713548278e-06
1.793 6.201030851890619e-06
1.794 6.183855080269934e-06
1.795 6.166726259442609e-06
1.796 6.149644249457453e-06
1.797 6.132608912446177e-06
1.7979999999999998 6.115620109222908e-06
1.799 6.0986794324097705e-06
1.7999999999999998 6.081806444053807e-06
1.801 6.064986594228252e-06
1.8019999999999998 6.048213528756843e-06
1.803 6.0314871166350605e-06
1.8039999999999998 6.014807227017819e-06
1.805 5.998173728341801e-06
1.8059999999999998 5.9815864912179745e-06
1.807 5.965045384703574e-06
1.8079999999999998 5.948550279459325e-06
1.809 5.932101046195548e-06
1.8099999999999998 5.915697555196427e-06
1.811 5.899339677808979e-06
1.8119999999999998 5.883027285537732e-06
1.813 5.8667602507849275e-06
1.8139999999999998 5.850538444881053e-06
1.815 5.834361740435652e-06
1.8159999999999998 5.818230010256701e-06
1.817 5.802143127180296e-06
1.8179999999999998 5.7861009655345044e-06
1.819 5.770103397886949e-06
1.8199999999999998 5.754150298433585e-06
1.821 5.738241541836566e-06
1.8219999999999998 5.722377002754279e-06
1.823 5.706556555715436e-06
1.8239999999999998 5.690780076395233e-06
1.825 5.6750474398784355e-06
1.8259999999999998 5.659358522300294e-06
1.827 5.6437131999548306e-06
1.8279999999999998 5.628111348625166e-06
1.829 5.612552846534629e-06
1.8299999999999998 5.597037568547127e-06
1.831 5.581565394321964e-06
1.8319999999999999 5.566136200564143e-06
1.833 5.550749864432101e-06
1.8339999999999999 5.535406265775741e-06
1.835 5.520105282379155e-06
1.8359999999999999 5.504846792947864e-06
1.837 5.489630677010416e-06
1.8379999999999999 5.474456813936159e-06
1.839 5.45932508424069e-06
1.8399999999999999 5.4442353665964e-06
1.841 5.429187542851022e-06
1.8419999999999999 5.4141814926233815e-06
1.843 5.399217097275834e-06
1.8439999999999999 5.384294238680143e-06
1.845 5.369412797288781e-06
1.8459999999999999 5.354572656142955e-06
1.847 5.339773696844503e-06
1.8479999999999999 5.325015801738692e-06
1.849 5.310298853533622e-06
1.8499999999999999 5.2956227362691295e-06
1.851 5.2809873320217325e-06
1.8519999999999999 5.2663925251434315e-06
1.853 5.251838199442242e-06
1.8539999999999999 5.2373242391287805e-06
1.855 5.222850528742966e-06
1.8559999999999999 5.208416953265285e-06
1.857 5.194023397097095e-06
1.8579999999999999 5.179669746554479e-06
1.859 5.165355887102461e-06
1.8599999999999999 5.151081704179497e-06
1.861 5.136847084076745e-06
1.8619999999999999 5.122651914381033e-06
1.863 5.108496080489248e-06
1.8639999999999999 5.094379470449942e-06
1.865 5.080301971800757e-06
1.8659999999999999 5.06626347132225e-06
1.867 5.052263857407857e-06
1.8679999999999999 5.038303018594586e-06
1.869 5.024380843072251e-06
1.8699999999999999 5.010497219873676e-06
1.871 4.9966520378593415e-06
1.8719999999999999 4.982845186232478e-06
1.873 4.969076555420362e-06
1.8739999999999999 4.9553460345697564e-06
1.875 4.941653514129555e-06
1.876 4.9279988847294705e-06
1.877 4.914382036983989e-06
1.878 4.90080286191266e-06
1.879 4.8872612508679805e-06
1.88 4.873757095421696e-06
1.881 4.8602902876407685e-06
1.882 4.84686071931941e-06
1.883 4.8334682833996825e-06
1.884 4.820112871858993e-06
1.885 4.806794378041828e-06
1.886 4.793512695383402e-06
1.887 4.780267717127587e-06
1.888 4.767059336843474e-06
1.889 4.753887449167058e-06
1.89 4.740751947949469e-06
1.891 4.727652727795656e-06
1.892 4.71458968406526e-06
1.893 4.70156271087547e-06
1.894 4.688571704784813e-06
1.895 4.675616560646439e-06
1.896 4.662697174727957e-06
1.897 4.649813443379681e-06
1.898 4.636965262401183e-06
1.899 4.624152528139312e-06
1.9 4.6113750218371484e-06
1.901 4.598632670214638e-06
1.902 4.5859254522677336e-06
1.903 4.573253266216071e-06
1.904 4.560616009508094e-06
1.905 4.548013580841916e-06
1.906 4.535445878375703e-06
1.907 4.522912801069279e-06
1.908 4.510414247937896e-06
1.909 4.497950118460489e-06
1.91 4.485520312152169e-06
1.911 4.47312472832495e-06
1.912 4.460763268084503e-06
1.913 4.448435830832915e-06
1.914 4.4361423177744726e-06
1.915 4.423882629297034e-06
1.916 4.411656666729105e-06
1.917 4.399464331532038e-06
1.918 4.387305525213424e-06
1.919 4.375180150209314e-06
1.92 4.363088107065046e-06
1.921 4.351029300020089e-06
1.922 4.339003630975692e-06
1.923 4.327011002358211e-06
1.924 4.315051318097709e-06
1.9249999999999998 4.303124480906555e-06
1.926 4.291230394881264e-06
1.9269999999999998 4.279368963592008e-06
1.928 4.267540091769985e-06
1.9289999999999998 4.25574368306104e-06
1.93 4.24397964246698e-06
1.9309999999999998 4.2322478751042876e-06
1.932 4.22054828551563e-06
1.9329999999999998 4.2088807796534905e-06
1.934 4.197245262859506e-06
1.9349999999999998 4.185641640780348e-06
1.936 4.174069820652216e-06
1.9369999999999998 4.1625297070588635e-06
1.938 4.151021208045568e-06
1.9389999999999998 4.139544230067125e-06
1.94 4.128098679820435e-06
1.9409999999999998 4.116684465304409e-06
1.942 4.10530149340014e-06
1.9429999999999998 4.093949672588724e-06
1.944 4.082628910721707e-06
1.9449999999999998 4.0713391156387425e-06
1.946 4.060080196422967e-06
1.9469999999999998 4.048852061483947e-06
1.948 4.037654620828552e-06
1.9489999999999998 4.026487781860187e-06
1.95 4.015351456061901e-06
1.9509999999999998 4.0042455519644346e-06
1.952 3.993169979743976e-06
1.9529999999999998 3.982124649833336e-06
1.954 3.97110947241765e-06
1.9549999999999998 3.9601243587137464e-06
1.956 3.949169218934498e-06
1.9569999999999999 3.938243964547768e-06
1.958 3.9273485070791065e-06
1.9589999999999999 3.916482757967911e-06
1.96 3.905646629170853e-06
1.9609999999999999 3.894840032663654e-06
1.962 3.884062880832147e-06
1.9629999999999999 3.873315086081021e-06
1.964 3.862596561637503e-06
1.9649999999999999 3.851907220023368e-06
1.966 3.841246974273952e-06
1.9669999999999999 3.830615738837951e-06
1.968 3.820013426359977e-06
1.9689999999999999 3.8094399516336587e-06
1.97 3.7988952279256396e-06
1.9709999999999999 3.7883791706098583e-06
1.972 3.7778916932479817e-06
1.9729999999999999 3.767432711232961e-06
1.974 3.7570021402862234e-06
1.9749999999999999 3.7465998941725517e-06
1.976 3.7362258897594727e-06
1.9769999999999999 3.7258800418733842e-06
1.978 3.7155622670070533e-06
1.9789999999999999 3.705272481540861e-06
1.98 3.6950106010408795e-06
1.9809999999999999 3.684776542956154e-06
1.982 3.674570223726517e-06
1.9829999999999999 3.664391560320719e-06
1.984 3.6542404705774996e-06
1.9849999999999999 3.6441168715717967e-06
1.986 3.634020680840285e-06
1.9869999999999999 3.623951816957983e-06
1.988 3.6139101977244917e-06
1.9889999999999999 3.6038957412882547e-06
1.99 3.5939083669245615e-06
1.9909999999999999 3.583947993183252e-06
1.992 3.574014538598918e-06
1.9929999999999999 3.5641079232407864e-06
1.994 3.554228065730125e-06
1.9949999999999999 3.544374886722899e-06
1.996 3.534548305446609e-06
1.9969999999999999 3.524748242515962e-06
1.998 3.5149746174348853e-06
