0.0 0.000553439092846536
0.01 0.0011656452728562767
0.02 0.0018362068544519772
0.03 0.0025646415491087237
0.04 0.0033504582673577646
0.05 0.004193150136870339
0.06 0.005092215133434026
0.07 0.006047122055383138
0.08 0.007057327927812669
0.09 0.008122302488883295
0.1 0.009241484113872683
0.11 0.010414296744012766
0.12 0.011640159865892069
0.13 0.012918482170273884
0.14 0.014248664569028194
0.15 0.01563009770393991
0.16 0.017062161407455558
0.17 0.018544225635994546
0.18 0.020075654212326693
0.19 0.021655801332438825
0.2 0.023284011149993903
0.21 0.024959618891061228
0.22 0.02668195492030635
0.23 0.028450340718286466
0.24 0.03026408865182675
0.25 0.0321225031547594
0.26 0.03402488507361877
0.27 0.035970527128854
0.28 0.03795871389276264
0.29 0.03998872291189559
0.3 0.04205982830914419
0.31 0.0441712977891376
0.32 0.046322392855004085
0.33 0.0485123695655178
0.34 0.050740478755119424
0.35000000000000003 0.0530059662510197
0.36 0.055308073098217066
0.37 0.057646035975070876
0.38 0.06001908719182753
0.39 0.062426454884647806
0.4 0.06486736327551786
0.41000000000000003 0.06734103287633315
0.42 0.06984668068998862
0.43 0.07238352041242845
0.44 0.07495076279785996
0.45 0.0775476156998547
0.46 0.08017328420709856
0.47000000000000003 0.08282697089579426
0.48 0.0855078760164783
0.49 0.08821519767817514
0.5 0.09094813202928981
0.51 0.09370587329742866
0.52 0.09648761405331184
0.53 0.09929254548404502
0.54 0.10211985748980552
0.55 0.10496873885153693
0.56 0.10783837739665002
0.5700000000000001 0.11072796016284862
0.58 0.11363667360540415
0.59 0.1165637037488194
0.6 0.11950823628483342
0.61 0.12246945676606803
0.62 0.12544655076341266
0.63 0.1284387040223404
0.64 0.13144510261832848
0.65 0.13446493270592197
0.66 0.1374973805047686
0.67 0.14054163335808567
0.68 0.14359687943189436
0.6900000000000001 0.14666230785013756
0.7000000000000001 0.14973710883731514
0.71 0.15282047386131006
0.72 0.15591159560609913
0.73 0.15900966790373278
0.74 0.1621138864531023
0.75 0.16522344871479985
0.76 0.16833755403811287
0.77 0.17145540380259638
0.78 0.174576201561002
0.79 0.17769915292745833
0.8 0.1808234651030907
0.81 0.18394834827861214
0.8200000000000001 0.18707301531711562
0.8300000000000001 0.19019668183739807
0.84 0.19331856635625094
0.85 0.19643789043320908
0.86 0.19955387857382773
0.87 0.202665757351865
0.88 0.20577275728258748
0.89 0.2088741124626904
0.9 0.21196906058212622
0.91 0.21505684306988876
0.92 0.21813670524320045
0.93 0.22120789634918306
0.9400000000000001 0.22426966892377473
0.9500000000000001 0.2273212800964965
0.96 0.23036199151774597
0.97 0.23339106937709111
0.98 0.2364077845635733
0.99 0.23941141283017417
1.0 0.24240123483146656
1.01 0.24537653461721667
1.02 0.2483366018814668
1.03 0.25128073199477385
1.04 0.2542082257747596
1.05 0.2571183896529736
1.06 0.2600105358463134
1.07 0.2628839824919594
1.08 0.2657380527515859
1.09 0.26857207610461215
1.1 0.27138538870532036
1.11 0.2741773332216097
1.12 0.2769472590184821
1.1300000000000001 0.27969452234616393
1.1400000000000001 0.28241848651377904
1.1500000000000001 0.2851185206213355
1.16 0.2877940009138268
1.17 0.29044431169137425
1.18 0.2930688448578093
1.19 0.29566700011247693
1.2 0.2982381851463018
1.21 0.30078181584098
1.22 0.3032973151419287
1.23 0.30578411386153087
1.24 0.30824165218263055
1.25 0.3106693790161275
1.26 0.3130667521959129
1.27 0.31543323867727074
1.28 0.3177683147386126
1.29 0.3200714653948645
1.3 0.32234218454816244
1.31 0.32457997657384846
1.32 0.3267843557864263
1.33 0.32895484663303287
1.34 0.33109098389340347
1.35 0.3331923128819609
1.36 0.3352583886310696
1.37 0.33728877530889
1.3800000000000001 0.33928304921089636
1.3900000000000001 0.34124079766100174
1.4000000000000001 0.34316161915011933
1.41 0.3450451235160757
1.42 0.3468909321241293
1.43 0.34869867761061274
1.44 0.3504680033021198
1.45 0.35219856515775166
1.46 0.3538900312341405
1.47 0.35554208179068275
1.48 0.3571544094515365
1.49 0.35872671936661965
1.5 0.3602587288438152
1.51 0.36175016583835223
1.52 0.36320077217477204
1.53 0.3646103026597102
1.54 0.36597852502656536
1.55 0.36730522005661487
1.56 0.3685901816975726
1.57 0.3698332169712344
1.58 0.3710341449615838
1.59 0.3721927986734195
1.6 0.37330902468480487
1.61 0.3743826830672903
1.62 0.3754136474681755
1.6300000000000001 0.3764018051889327
1.6400000000000001 0.3773470570414338
1.6500000000000001 0.37824931538205325
1.6600000000000001 0.37910850690712383
1.67 0.3799245723039859
1.68 0.3806974658736557
1.69 0.38142715555488177
1.7 0.3821136229435247
1.71 0.3827568632462323
1.72 0.3833568842247322
1.73 0.3839137074177951
1.74 0.3844273681615143
1.75 0.3848979152829409
1.76 0.3853254110754321
1.77 0.3857099312690235
1.78 0.386051564959028
1.79 0.38635041307848844
1.8 0.38660658973069856
1.81 0.38682022257818355
1.82 0.3869914522209609
1.83 0.38712043211603314
1.84 0.38720732849218337
1.85 0.3872523202530708
1.86 0.38725559761828043
1.87 0.3872938323930747
1.8800000000000001 0.38737336425604746
1.8900000000000001 0.3874939661373054
1.9000000000000001 0.38765539908050695
1.9100000000000001 0.3878574123783865
1.92 0.38809974371204214
1.93 0.3883821197221182
1.94 0.3887042560576428
1.95 0.3890658569670748
1.96 0.3894666157845795
1.97 0.38990621509417284
1.98 0.3903843268965242
1.99 0.39090061277836136
2.0 0.3914547250745276
2.0100000000000002 0.3920463074081516
2.02 0.3926749927131101
2.0300000000000002 0.39334040450126057
2.04 0.39404215708258983
2.05 0.3947798557703949
2.06 0.39555309708767866
2.07 0.39636146900454094
2.08 0.39720455118180165
2.09 0.39808191508108765
2.1 0.398993124217629
2.11 0.399937734373088
2.12 0.40091529380629815
2.13 0.4019253434639418
2.14 0.4029674175484963
2.15 0.40404104456161416
2.16 0.4051457457977965
2.17 0.4062810361982582
2.18 0.4074464246491363
2.19 0.40864141420372974
2.2 0.4098655023035178
2.21 0.4111181811654411
2.22 0.4123989386824438
2.23 0.41370725748148246
2.24 0.41504261549112775
2.25 0.41640448625034887
2.2600000000000002 0.4177923391298314
2.27 0.4192056395512025
2.2800000000000002 0.4206438491453627
2.29 0.4221064255597984
2.3000000000000003 0.42359282326381786
2.31 0.42510249363223673
2.32 0.4266348850778752
2.33 0.4281894432510375
2.34 0.4297656112364268
2.35 0.43136282986092556
2.36 0.43298053928420344
2.37 0.43461817743668685
2.38 0.4362751803497727
2.39 0.43795098267951715
2.4 0.4396450179057386
2.41 0.44135671852829433
2.42 0.4430855162220122
2.43 0.44483084106782506
2.44 0.44659212274639465
2.45 0.4483687908563083
2.46 0.45016027478477955
2.47 0.45196600387427915
2.48 0.4537854075864818
2.49 0.45561791567119414
2.5 0.45746295886446997
2.5100000000000002 0.4593199686083461
2.52 0.4611883769573396
2.5300000000000002 0.46306761696864274
2.54 0.46495712285853585
2.5500000000000003 0.466856330156375
2.56 0.4687646758560826
2.57 0.4706815984496844
2.58 0.4726065381296945
2.59 0.47453893704222444
2.6 0.47647823935670963
2.61 0.4784238914046538
2.62 0.4803753418163864
2.63 0.4823320416559044
2.64 0.4842934438800191
2.65 0.48625900344926776
2.66 0.4882281785954954
2.67 0.4902004303254035
2.68 0.4921752225297196
2.69 0.49415202209387626
2.7 0.4961302990073147
2.71 0.4981095268661238
2.72 0.5000891832626434
2.73 0.5020687488388331
2.74 0.5040477078888155
2.75 0.5060255484875555
2.7600000000000002 0.5080017626041551
2.77 0.5099758462142413
2.7800000000000002 0.5119472986990298
2.79 0.5139156217685207
2.8000000000000003 0.5158803223837789
2.81 0.517840911713455
2.82 0.5197969051283423
2.83 0.5217478222838048
2.84 0.5236931872018205
2.85 0.5256325284895409
2.86 0.527565379838533
2.87 0.5294912793264104
2.88 0.5314097697661869
2.89 0.5333203988383163
2.9 0.535222719178587
2.91 0.5371162884660012
2.92 0.5390006692705657
2.93 0.5408754278860676
2.94 0.5427401363948247
2.95 0.5445943722321773
2.96 0.5464377180746813
2.97 0.5482697619107406
2.98 0.5500900971115591
2.99 0.5518983223943515
3.0 0.553694040919913
3.0100000000000002 0.5554768616859177
3.02 0.5572463993903155
3.0300000000000002 0.5590022742999216
3.04 0.5607441123107771
3.0500000000000003 0.5624715450090542
3.06 0.5641842097380894
3.0700000000000003 0.5658817497538661
3.08 0.5675638141795583
3.09 0.5692300580683799
3.1 0.5708801424934695
3.11 0.5725137346136819
3.12 0.5741305077400347
3.13 0.5757301413422536
3.14 0.5773123188101714
3.15 0.5788767296934672
3.16 0.5804230704069175
3.17 0.5819510434361627
3.18 0.5834603573756687
3.19 0.5849507269674176
3.2 0.5864218731434376
3.21 0.5878735235549531
3.22 0.5893054122865392
3.23 0.5907172795774562
3.24 0.592108872118152
3.25 0.5934799431009744
3.2600000000000002 0.5948302522715776
3.27 0.5961595659810134
3.2800000000000002 0.59746765582255
3.29 0.5987542990512605
3.3000000000000003 0.6000192804210444
3.31 0.6012623911617726
3.3200000000000003 0.6024834290074597
3.33 0.6036821982252376
3.34 0.6048585096449594
3.35 0.6060121802333552
3.36 0.6071430329744762
3.37 0.608250897866747
3.38 0.6093356114621016
3.39 0.6103970168806722
3.4 0.6114349638327256
3.41 0.6124493086411252
3.42 0.613439914167782
3.43 0.6144066497284799
3.44 0.6153493914277733
3.45 0.616268022045582
3.46 0.6171624310523568
3.47 0.6180325146312725
3.48 0.6188781757008358
3.49 0.6196993231973503
3.5 0.6204958704302311
3.5100000000000002 0.6212677385827166
3.52 0.6220148554147727
3.5300000000000002 0.6227371551085816
3.54 0.6234345782610327
3.5500000000000003 0.624107071876528
3.56 0.624754589510871
3.5700000000000003 0.6253770918600335
3.58 0.625974545734612
3.59 0.6265469243689428
3.6 0.6270942074977779
3.61 0.6276163813600932
3.62 0.6281134387031208
3.63 0.6285853784711908
3.64 0.6290322036881731
3.65 0.6294539245705562
3.66 0.6298505578502717
3.67 0.6302221263944496
3.68 0.6305686591804155
3.69 0.6308901912708416
3.7 0.6311867637700764
3.71 0.6314584235738485
3.72 0.6317052236294012
3.73 0.6319272228851517
3.74 0.6321244862124721
3.75 0.6322970843785405
3.7600000000000002 0.6324450940192999
3.77 0.6325685975931638
3.7800000000000002 0.6326676828936976
3.79 0.6327424435101585
3.8000000000000003 0.632792978857582
3.81 0.6328193940032695
3.8200000000000003 0.6328217996339415
3.83 0.6328432872448957
3.84 0.6328885462960954
3.85 0.6329574511896277
3.86 0.6330498711671707
3.87 0.6331656696018957
3.88 0.633304704769682
3.89 0.6334668299069012
3.9 0.6336518932681156
3.91 0.6338597381825193
3.92 0.6340902023338598
3.93 0.6343431182054687
3.94 0.6346183138370691
3.95 0.6349156124024977
3.96 0.635234832253336
3.97 0.6355757869624289
3.98 0.6359382853672955
3.99 0.636322132948251
4.0 0.6367271318705892
4.01 0.6371530788418897
4.0200000000000005 0.6375997663661841
4.03 0.6380669828205732
4.04 0.6385545125269823
4.05 0.6390621358238172
4.0600000000000005 0.6395896289041854
4.07 0.640136763730023
4.08 0.6407033087099935
4.09 0.6412890284811832
4.1 0.641893683965868
4.11 0.6425170324359581
4.12 0.6431588275773267
4.13 0.6438188196844482
4.14 0.6444967559339316
4.15 0.6451923799453723
4.16 0.6459054320533703
4.17 0.6466356493913332
4.18 0.6473827659599766
4.19 0.6481465126957138
4.2 0.6489266179036721
4.21 0.6497228084055365
4.22 0.6505348075755859
4.23 0.6513623361164098
4.24 0.6522051122572043
4.25 0.6530628518405726
4.26 0.6539352684092633
4.2700000000000005 0.6548220730018315
4.28 0.6557229727627256
4.29 0.6566376733694468
4.3 0.6575658784865653
4.3100000000000005 0.6585072896198721
4.32 0.6594616061804759
4.33 0.6604285255488447
4.34 0.661407743373577
4.3500000000000005 0.6623989556839511
4.36 0.6634018561573951
4.37 0.6644161366465696
4.38 0.6654414876666442
4.39 0.6664775984880333
4.4 0.667524157229179
4.41 0.6685808508627382
4.42 0.6696473639117848
4.43 0.6707233801713932
4.44 0.6718085827889031
4.45 0.6729026539748807
4.46 0.6740052750769162
4.47 0.6751161266535104
4.48 0.6762348885571473
4.49 0.6773612403351493
4.5 0.6784948609926136
4.51 0.6796354289825598
4.5200000000000005 0.6807826224006616
4.53 0.6819361190646729
4.54 0.6830955965940305
4.55 0.6842607324928153
4.5600000000000005 0.685431204670362
4.57 0.6866066912199268
4.58 0.6877868702224761
4.59 0.6889714200517668
4.6000000000000005 0.6901600194624242
4.61 0.6913523476782968
4.62 0.6925480844811002
4.63 0.6937469091445229
4.64 0.6949485008535707
4.65 0.6961525401962798
4.66 0.6973587083955269
4.67 0.6985666873767827
4.68 0.699776159836209
4.69 0.7009868093090801
4.7 0.7021983210572273
4.71 0.7034103823780034
4.72 0.7046226809872406
4.73 0.705834905957385
4.74 0.7070467478186072
4.75 0.7082578986496841
4.76 0.7094680521693089
4.7700000000000005 0.7106769029791928
4.78 0.7118841457446721
4.79 0.7130894779573927
4.8 0.7142925988350348
4.8100000000000005 0.7154932093334424
4.82 0.7166910122130926
4.83 0.7178857121059808
4.84 0.7190770157125782
4.8500000000000005 0.7202646321518082
4.86 0.7214482724338126
4.87 0.7226276497570739
4.88 0.7238024796073885
4.89 0.7249724798330146
4.9 0.7261373707202625
4.91 0.7272968750424478
4.92 0.728450718032645
4.93 0.729598627639641
4.94 0.7307403345490973
4.95 0.7318755722471619
4.96 0.7330040770969886
4.97 0.7341255884156798
4.98 0.7352398482613502
4.99 0.7363465996174513
5.0 0.7374455892650019
5.01 0.7385365672312519
5.0200000000000005 0.7396192865301399
5.03 0.7406935032140198
5.04 0.7417589764257259
5.05 0.7428154685824254
5.0600000000000005 0.7438627469384469
5.07 0.7449005817195075
5.08 0.7459287463689096
5.09 0.7469470179568499
5.1000000000000005 0.7479551772553943
5.11 0.7489530088137438
5.12 0.7499403009268117
5.13 0.7509168432821806
5.14 0.7518824296332509
5.15 0.7528368581372353
5.16 0.7537799306696981
5.17 0.7547114528669435
5.18 0.755631234168559
5.19 0.7565390878665522
5.2 0.7574348315387597
5.21 0.7583182867650752
5.22 0.7591892790086091
5.23 0.7600476378254658
5.24 0.7608931969138379
5.25 0.7617257941631612
5.26 0.762545271702171
5.2700000000000005 0.7633514753639473
5.28 0.7641442550392091
5.29 0.7649234652312176
5.3 0.7656889647526532
5.3100000000000005 0.7664406167646242
5.32 0.7671782888156092
5.33 0.7679018528803206
5.34 0.7686111846473678
5.3500000000000005 0.7693061635832988
5.36 0.7699866741637383
5.37 0.770652605244359
5.38 0.7713038500807813
5.39 0.771940306350424
5.4 0.772561876174161
5.41 0.7731684663760623
5.42 0.7737599886545552
5.43 0.7743363589991316
5.44 0.7748974980018808
5.45 0.7754433308918444
5.46 0.7759737875618216
5.47 0.7764888025948926
5.48 0.7769883145286096
5.49 0.7774722647059749
5.5 0.7779406001760699
5.51 0.7783932725193498
5.5200000000000005 0.7788302377612949
5.53 0.7792514563690345
5.54 0.779656893247615
5.55 0.7800465179132714
5.5600000000000005 0.7804203049969572
5.57 0.7807782332721661
5.58 0.7811202859905284
5.59 0.7814464509366121
5.6000000000000005 0.7817567204309332
5.61 0.7820510913325682
5.62 0.7823295648398972
5.63 0.7825921455016511
5.64 0.7828388428038026
5.65 0.7830696707340813
5.66 0.7832846476292536
5.67 0.7834837961604099
5.68 0.7836671433178565
5.69 0.7838347202903837
5.7 0.7839865615612446
5.71 0.7841227061154423
5.72 0.7842431972115769
5.73 0.7843480821842824
5.74 0.7844374124144305
5.75 0.7845112432989635
5.76 0.7845696342670515
5.7700000000000005 0.7846126494722749
5.78 0.784640356909123
5.79 0.7846528283979953
5.8 0.7846555170482188
5.8100000000000005 0.7846732860625353
5.82 0.7847060517225031
5.83 0.7847537264485833
5.84 0.7848162208399531
5.8500000000000005 0.7848934417475552
5.86 0.7849852918142404
5.87 0.7850916702274786
5.88 0.7852124727724633
5.89 0.7853475918854492
5.9 0.7854969166987372
5.91 0.7856603320280334
5.92 0.7858377191772076
5.93 0.7860289566343809
5.94 0.7862339195941056
5.95 0.7864524799951528
5.96 0.7866845065584718
5.97 0.786929864825306
5.98 0.787188418263655
5.99 0.787460027968288
6.0 0.7877445514487067
6.01 0.7880418434426525
6.0200000000000005 0.788351755974787
6.03 0.788674138415436
6.04 0.7890088375393843
6.05 0.7893556975199713
6.0600000000000005 0.7897145599716248
6.07 0.7900852641385723
6.08 0.7904676468863054
6.09 0.7908615427581753
6.1000000000000005 0.7912667840327083
6.11 0.7916832007808934
6.12 0.7921106208118157
6.13 0.7925488696161898
6.140000000000001 0.7929977707667923
6.15 0.7934571458208584
6.16 0.7939268143670225
6.17 0.7944065940787656
6.18 0.7948963007677639
6.19 0.7953957488873621
6.2 0.7959047525297409
6.21 0.7964231234541211
6.22 0.7969506719243353
6.23 0.7974872068599878
6.24 0.798032535907804
6.25 0.7985864655128019
6.26 0.7991488006673597
6.2700000000000005 0.7997193437887525
6.28 0.8002978968744624
6.29 0.8008842609091336
6.3 0.8014782357745892
6.3100000000000005 0.8020796203007872
6.32 0.8026882123165819
6.33 0.8033038089012977
6.34 0.8039262077043148
6.3500000000000005 0.8045552051024975
6.36 0.8051905966881163
6.37 0.8058321775416204
6.38 0.8064797422991501
6.390000000000001 0.8071330852198108
6.4 0.80779200019634
6.41 0.8084562801974013
6.42 0.8091257181363283
6.43 0.8098001068495946
6.44 0.8104792390182652
6.45 0.8111629072253602
6.46 0.8118509040129881
6.47 0.8125430219233966
6.48 0.8132390532120694
6.49 0.813938790276492
6.5 0.8146420257440498
6.51 0.8153485524220941
6.5200000000000005 0.8160581633489938
6.53 0.8167706518449682
6.54 0.8174858115803444
6.55 0.8182034376178227
6.5600000000000005 0.8189233256158817
6.57 0.8196452714885752
6.58 0.8203690718706147
6.59 0.8210945241814657
6.6000000000000005 0.8218214266892294
6.61 0.8225495785706425
6.62 0.823278778464149
6.63 0.8240088253561166
6.640000000000001 0.8247395199022198
6.65 0.825470663598932
6.66 0.8262020588209358
6.67 0.8269335088583739
6.68 0.8276648179539525
6.69 0.8283957923032509
6.7 0.8291262400249325
6.71 0.829855969714239
6.72 0.8305847913179188
6.73 0.8313125161927526
6.74 0.8320389571618063
6.75 0.832763928570543
6.76 0.8334872456803425
6.7700000000000005 0.8342087243385796
6.78 0.8349281826735573
6.79 0.8356454403548338
6.8 0.8363603186126153
6.8100000000000005 0.8370726402754922
6.82 0.8377822298080904
6.83 0.8384889133144369
6.84 0.8391925185249406
6.8500000000000005 0.839892874960094
6.86 0.8405898139146687
6.87 0.8412831684902947
6.88 0.8419727736314968
6.890000000000001 0.8426584661616796
6.9 0.8433400848876995
6.91 0.8440174708257543
6.92 0.8446904668706771
6.93 0.8453589179624023
6.94 0.8460226711439974
6.95 0.8466815756007996
6.96 0.8473354826995323
6.97 0.8479842457923876
6.98 0.8486277191364048
6.99 0.8492657597426201
7.0 0.8498982269075812
7.01 0.8505249820819171
7.0200000000000005 0.8511458888926308
7.03 0.8517608131654102
7.04 0.8523696230275164
7.05 0.8529721895878929
7.0600000000000005 0.8535683860447687
7.07 0.854158087872704
7.08 0.8547411729765564
7.09 0.8553175217230552
7.1000000000000005 0.8558870169724068
7.11 0.8564495440251751
7.12 0.8570049893916709
7.13 0.8575532423271511
7.140000000000001 0.8580941948173072
7.15 0.8586277412761749
7.16 0.8591537785608346
7.17 0.8596722059861661
7.18 0.8601829253419487
7.19 0.8606858409812342
7.2 0.8611808597631726
7.21 0.8616678910516754
7.22 0.8621468467565641
7.23 0.8626176413497385
7.24 0.8630801918814117
7.25 0.8635344179964126
7.26 0.8639802419505574
7.2700000000000005 0.8644175886270905
7.28 0.864846385553196
7.29 0.8652665629165828
7.3 0.8656780530841875
7.3100000000000005 0.8660807900019427
7.32 0.8664747111437674
7.33 0.8668597566526668
7.34 0.8672358692935233
7.3500000000000005 0.8676029944627921
7.36 0.8679610801982733
7.37 0.8683100771889609
7.38 0.8686499387849684
7.390000000000001 0.8689806210075339
7.4 0.869302082559101
7.41 0.8696142847473664
7.42 0.869917189612692
7.43 0.870210762368579
7.44 0.8704949714711822
7.45 0.8707697879668372
7.46 0.8710351854948637
7.47 0.8712911402904454
7.48 0.8715376311875878
7.49 0.8717746396221491
7.5 0.8720021496349508
7.51 0.8722201478749625
7.5200000000000005 0.8724286236025605
7.53 0.8726275678522424
7.54 0.8728169727554433
7.55 0.8729968343829078
7.5600000000000005 0.8731671513649814
7.57 0.8733279248245139
7.58 0.873479158373741
7.59 0.8736208581112377
7.6000000000000005 0.8737530326189397
7.61 0.8738756929592354
7.62 0.8739888526721259
7.63 0.8740925277724505
7.640000000000001 0.8741867366212843
7.65 0.8742714978499393
7.66 0.8743468332246022
7.67 0.8744127674890863
7.68 0.8744693277036821
7.69 0.8745165432353086
7.7 0.8745544457477231
7.71 0.8745830691917896
7.72 0.8746024497958065
7.73 0.8746126260558904
7.74 0.8746136387264167
7.75 0.8746217466423167
7.76 0.8746389307983162
7.7700000000000005 0.8746651459641013
7.78 0.8747003434385449
7.79 0.8747444723920329
7.8 0.874797479924693
7.8100000000000005 0.8748593110821841
7.82 0.874929908871441
7.83 0.875009214276373
7.84 0.87509716627352
7.8500000000000005 0.8751937018476653
7.86 0.8752987560074069
7.87 0.8754122619247885
7.88 0.8755341525372139
7.890000000000001 0.8756643582414174
7.9 0.8758028071780908
7.91 0.8759494257009641
7.92 0.8761041383979018
7.930000000000001 0.8762668681119681
7.94 0.8764375359624621
7.95 0.8766160613659286
7.96 0.8768023620571361
7.97 0.8769963541100347
7.98 0.8771979519586861
7.99 0.8774070691063388
8.0 0.8776236183042135
8.01 0.8778475098760808
8.02 0.8780786526582459
8.03 0.8783169540436311
8.040000000000001 0.8785623200072047
8.05 0.8788146551314004
8.06 0.8790738626315251
8.07 0.8793398443811552
8.08 0.8796125009375289
8.09 0.8798917315669283
8.1 0.8801774343639315
8.11 0.8804695072259986
8.120000000000001 0.8807678464117931
8.13 0.8810723468136005
8.14 0.8813829022275325
8.15 0.8816994053823902
8.16 0.8820217479685324
8.17 0.8823498206667515
8.18 0.8826835131771593
8.19 0.8830227142480821
8.2 0.8833673117049683
8.21 0.8837171924793085
8.22 0.8840722430038396
8.23 0.8844323492365885
8.24 0.8847973959302923
8.25 0.8851672670972324
8.26 0.8855418460454368
8.27 0.8859210154099596
8.28 0.8863046571841846
8.290000000000001 0.8866926527511569
8.3 0.8870848829149423
8.31 0.8874812279320164
8.32 0.8878815675426864
8.33 0.8882857810359489
8.34 0.8886937475516757
8.35 0.8891053456704395
8.36 0.8895204535394042
8.370000000000001 0.8899389489669858
8.38 0.8903607094555072
8.39 0.8907856122338927
8.4 0.8912135342904057
8.41 0.8916443524054307
8.42 0.8920779431843003
8.43 0.8925141830901687
8.44 0.8929529484769329
8.45 0.8933941155873266
8.46 0.893837560593998
8.47 0.8942831596924958
8.48 0.8947307890977525
8.49 0.8951803250768822
8.5 0.8956316439822143
8.51 0.8960846222843797
8.52 0.8965391366054541
8.53 0.8969950637521562
8.540000000000001 0.8974522807491034
8.55 0.897910664872125
8.56 0.8983700936290884
8.57 0.8988304444492029
8.58 0.899291595309919
8.59 0.8997534246202668
8.6 0.9002158111819714
8.61 0.9006786342217941
8.620000000000001 0.9011417734239302
8.63 0.9016051089624728
8.64 0.9020685215339317
8.65 0.9025318923898179
8.66 0.9029951033692858
8.67 0.9034580369318388
8.68 0.9039205757315523
8.69 0.9043826028457282
8.700000000000001 0.9048440024466219
8.71 0.9053046594136944
8.72 0.9057644593638153
8.73 0.9062232886819659
8.74 0.9066810345520021
8.75 0.9071375849874751
8.76 0.9075928288625096
8.77 0.9080466559427389
8.78 0.9084989569162979
8.790000000000001 0.9089496232722201
8.8 0.9093985465198441
8.81 0.9098456197028612
8.82 0.910290737002948
8.83 0.9107337936162605
8.84 0.9111746857814875
8.85 0.9116133108079535
8.86 0.9120495671037722
8.870000000000001 0.9124833542040425
8.88 0.9129145727990949
8.89 0.9133431247627799
8.9 0.913768913180764
8.91 0.9141918415356604
8.92 0.9146118142449088
8.93 0.9150287376134605
8.94 0.915442519195475
8.950000000000001 0.9158530678188513
8.96 0.916260293609794
8.97 0.9166641080174109
8.98 0.9170644238383412
8.99 0.9174611552414125
9.0 0.9178542177923253
9.01 0.9182435284783641
9.02 0.9186290054828303
9.03 0.9190105671281383
9.040000000000001 0.919388134002915
9.05 0.919761628313723
9.06 0.9201309737230284
9.07 0.9204960953694693
9.08 0.9208569198881386
9.09 0.9212133754308742
9.1 0.9215653916865627
9.11 0.9219128999014454
9.120000000000001 0.9222558328994331
9.13 0.9225941251004823
9.14 0.9229277114201949
9.15 0.9232565281363018
9.16 0.9235805138568469
9.17 0.9238996087744538
9.18 0.924213754681697
9.19 0.9245228949864688
9.200000000000001 0.9248269747273332
9.21 0.9251259405888707
9.22 0.9254197409170088
9.23 0.9257083257343396
9.24 0.9259916467554176
9.25 0.9262696570755415
9.26 0.9265423100424824
9.27 0.9268095616511036
9.28 0.9270713697273415
9.290000000000001 0.9273276937642458
9.3 0.9275784949320283
9.31 0.9278237360880814
9.32 0.9280633817869709
9.33 0.9282973982903969
9.34 0.9285257535771247
9.35 0.9287484173528827
9.36 0.9289653610532937
9.370000000000001 0.9291765566160112
9.38 0.9293819775825881
9.39 0.9295815999007414
9.4 0.9297754011953349
9.41 0.9299633607729338
9.42 0.9301454596263216
9.43 0.930321680438975
9.44 0.9304920075894999
9.450000000000001 0.9306564271560244
9.46 0.9308149269205493
9.47 0.9309674963732567
9.48 0.9311141263532529
9.49 0.9312548080280628
9.5 0.9313895352010104
9.51 0.9315183034480394
9.52 0.931641109975945
9.53 0.9317579536214595
9.540000000000001 0.931868834850294
9.55 0.9319737557561343
9.56 0.9320727200595905
9.57 0.9321657331071052
9.58 0.9322528018698126
9.59 0.9323339349289217
9.6 0.9324091412994172
9.61 0.9324784315956594
9.620000000000001 0.9325418185794304
9.63 0.9325993165412194
9.64 0.9326509412941879
9.65 0.9326967101680927
9.66 0.9327366420031666
9.67 0.932770757143959
9.68 0.9327990774331345
9.69 0.9328216262052318
9.700000000000001 0.9328384282803832
9.71 0.932849509609329
9.72 0.932854896485588
9.73 0.9328551755101895
9.74 0.9328610904052707
9.75 0.9328726097697326
9.76 0.9328897008424255
9.77 0.9329123295128493
9.78 0.9329404603318857
9.790000000000001 0.9329740565225607
9.8 0.9330130799908386
9.81 0.9330574913364426
9.82 0.9331072498818394
9.83 0.9331623146308329
9.84 0.9332226432446988
9.85 0.9332881917507337
9.86 0.9333589149942795
9.870000000000001 0.933434766653285
9.88 0.933515699252889
9.89 0.9336016641800186
9.9 0.9336926116980077
9.91 0.9337884909612304
9.92 0.9338892500297498
9.93 0.9339948358839809
9.94 0.9341051947166876
9.950000000000001 0.9342202724323946
9.96 0.9343400133329613
9.97 0.9344643607001955
9.98 0.934593256868204
9.99 0.9347266432410412
10.0 0.9348644603103575
10.01 0.9350066476730564
10.02 0.9351531440489471
10.03 0.9353038872984037
10.040000000000001 0.9354588144400201
10.05 0.9356178616854863
10.06 0.9357809650566182
10.07 0.9359480596943216
10.08 0.9361190797629533
10.09 0.9362939587163425
10.1 0.9364726293176263
10.11 0.9366550236590756
10.120000000000001 0.9368410731819112
10.13 0.9370307086961089
10.14 0.9372238604001919
10.15 0.9374204579010114
10.16 0.9376204302335117
10.17 0.9378237060350189
10.18 0.9380302137693015
10.19 0.9382398811036022
10.200000000000001 0.9384526352187222
10.21 0.9386684028512384
10.22 0.938887110314619
10.23 0.9391086835203214
10.24 0.9393330479988684
10.25 0.9395601289209017
10.26 0.9397898511182164
10.27 0.9400221391047698
10.28 0.9402569171054204
10.290000000000001 0.9404941092690556
10.3 0.940733639445996
10.31 0.9409754311948948
10.32 0.9412194078748292
10.33 0.9414654926668573
10.34 0.94171360859555
10.35 0.9419636785504966
10.36 0.942215625307784
10.370000000000001 0.942469371551448
10.38 0.9427248398948994
10.39 0.9429819529023202
10.4 0.9432406331047903
10.41 0.9435008030166383
10.42 0.943762385175617
10.43 0.9440253021552023
10.44 0.9442894765853299
10.450000000000001 0.9445548311735824
10.46 0.9448212887263501
10.47 0.9450887721699619
10.48 0.9453572045717914
10.49 0.9456265091613331
10.5 0.9458966093512525
10.51 0.9461674287472239
10.52 0.946438890962378
10.53 0.9467109199169151
10.540000000000001 0.9469834398523161
10.55 0.9472563752836104
10.56 0.9475296510195256
10.57 0.9478031921826171
10.58 0.9480769242293668
10.59 0.9483507729702612
10.6 0.9486246645898433
10.61 0.9488985256667423
10.620000000000001 0.9491722831936763
10.63 0.9494458644172612
10.64 0.9497191967449955
10.65 0.9499922083226398
10.66 0.950264827774184
10.67 0.9505369842098702
10.68 0.9508086072446973
10.69 0.9510796270169057
10.700000000000001 0.9513499742064427
10.71 0.9516195800534094
10.72 0.9518883763764899
10.73 0.9521562955913614
10.74 0.9524232706912554
10.75 0.9526892347285526
10.76 0.9529541216005286
10.77 0.9532178659977545
10.78 0.9534804032619694
10.790000000000001 0.9537416694024783
10.8 0.9540016011125397
10.81 0.9542601357857369
10.82 0.9545172115323408
10.83 0.9547727671956594
10.84 0.9550267423683783
10.85 0.955279077408889
10.86 0.9555297131132406
10.870000000000001 0.9557785906142963
10.88 0.9560256523080014
10.89 0.9562708413877994
10.9 0.9565141018465886
10.91 0.9567553784906307
10.92 0.9569946169534551
10.93 0.9572317637097567
10.94 0.9574667660892913
10.950000000000001 0.9576995722907664
10.96 0.9579301313957297
10.97 0.9581583933146254
10.98 0.9583843080449299
10.99 0.958607826826949
11.0 0.9588289019894807
11.01 0.9590474867600886
11.02 0.9592635352762594
11.03 0.9594770025965619
11.040000000000001 0.9596878447118066
11.05 0.9598960185562088
11.06 0.9601014820185543
11.07 0.9603041939533669
11.08 0.9605041141920815
11.09 0.9607012030822536
11.1 0.9608954214584777
11.11 0.9610867317082233
11.120000000000001 0.9612750971925986
11.13 0.9614604822458361
11.14 0.9616428521835306
11.15 0.9618221733108844
11.16 0.9619984129309608
11.17 0.9621715393529434
11.18 0.9623415219004057
11.19 0.9625083309195873
11.200000000000001 0.9626719376927579
11.21 0.9628323136031364
11.22 0.9629894314886118
11.23 0.9631432653872654
11.24 0.9632937903405809
11.25 0.9634409823986864
11.26 0.9635848186256023
11.27 0.9637252771045037
11.28 0.9638623369429923
11.290000000000001 0.9639959782783787
11.3 0.9641261822829786
11.31 0.9642529311694183
11.32 0.9643762076546825
11.33 0.964495995042586
11.34 0.9646122782382824
11.35 0.9647250431533713
11.36 0.9648342767037513
11.370000000000001 0.9649399668118877
11.38 0.9650421024090912
11.39 0.9651406734378106
11.4 0.9652356708539384
11.41 0.9653270866291268
11.42 0.9654149137531204
11.43 0.9654991461238969
11.44 0.9655797777468039
11.450000000000001 0.9656568040902811
11.46 0.9657302217673847
11.47 0.9658000283616217
11.48 0.9658662224263305
11.49 0.9659288034840762
11.5 0.9659877720260588
11.51 0.9660431295115336
11.52 0.966094878367245
11.53 0.9661430219868719
11.540000000000001 0.9661875647304866
11.55 0.9662285113856909
11.56 0.9662658673540301
11.57 0.966299639472525
11.58 0.9663298354892875
11.59 0.9663564640589601
11.6 0.9663795347394027
11.61 0.966399057988393
11.620000000000001 0.966415045160336
11.63 0.9664275085029879
11.64 0.9664364611541865
11.65 0.966441917138597
11.66 0.9664438912508817
11.67 0.9664453841085017
11.68 0.9664503277542433
11.69 0.9664587050519812
11.700000000000001 0.9664704980455588
11.71 0.9664856879645585
11.72 0.9665042552300641
11.73 0.9665261794604135
11.74 0.9665514394769421
11.75 0.9665800133097199
11.76 0.966611878203277
11.77 0.9666470106223245
11.78 0.9666853867169083
11.790000000000001 0.9667269820836524
11.8 0.9667717712117889
11.81 0.9668197278763878
11.82 0.9668708251463148
11.83 0.9669250353921435
11.84 0.9669823302940639
11.85 0.9670426808497844
11.86 0.9671060573824292
11.870000000000001 0.9671724295484301
11.88 0.9672417663454137
11.89 0.9673140362153213
11.9 0.9673892075015128
11.91 0.9674672476063586
11.92 0.9675481232602554
11.93 0.9676318006104042
11.94 0.9677182452305155
11.950000000000001 0.9678074221305125
11.96 0.9678992957662341
11.97 0.967993830049133
11.98 0.9680909883559763
11.99 0.9681907335385408
12.0 0.9682930279335394
12.01 0.968397833683287
12.02 0.9685051125292826
12.030000000000001 0.9686148255279962
12.040000000000001 0.9687269332863391
12.05 0.9688413959727656
12.06 0.9689581733283754
12.07 0.9690772246780153
12.08 0.969198508941386
12.09 0.9693219846441494
12.1 0.9694476099290377
12.11 0.9695753425669661
12.120000000000001 0.9697051400248259
12.13 0.9698369596936428
12.14 0.9699707584612424
12.15 0.9701064928712788
12.16 0.9702441191697994
12.17 0.9703835933173209
12.18 0.9705248710009124
12.19 0.970667907646282
12.200000000000001 0.9708126584298683
12.21 0.9709590782909389
12.22 0.9711071219436929
12.23 0.9712567438897871
12.24 0.9714078985427577
12.25 0.9715605401468093
12.26 0.9717146227077968
12.27 0.971870100076275
12.280000000000001 0.9720269259601139
12.290000000000001 0.9721850539371246
12.3 0.9723444374676907
12.31 0.9725050299074073
12.32 0.972666784519728
12.33 0.9728296544886204
12.34 0.9729935929312278
12.35 0.9731585529118237
12.36 0.9733244874584608
12.370000000000001 0.9734913495670319
12.38 0.9736590922171169
12.39 0.9738276683852759
12.4 0.9739970310577793
12.41 0.9741671332433489
12.42 0.974337927985907
12.43 0.9745093683773337
12.44 0.9746814075702338
12.450000000000001 0.9748539987907135
12.46 0.9750270953502659
12.47 0.9752006505556524
12.48 0.9753746178192587
12.49 0.9755489507271838
12.5 0.9757236029950492
12.51 0.975898528480414
12.52 0.9760736811952007
12.530000000000001 0.9762490153181286
12.540000000000001 0.9764244852071581
12.55 0.976600045411942
12.56 0.9767756506862881
12.57 0.9769512560006285
12.58 0.9771268164905835
12.59 0.9773022873113029
12.6 0.9774776240236325
12.61 0.977652782460293
12.620000000000001 0.9778277187170673
12.63 0.9780023891645141
12.64 0.9781767504596878
12.65 0.9783507595578675
12.66 0.9785243737242952
12.67 0.9786975505459197
12.68 0.9788702479431498
12.69 0.9790424241769361
12.700000000000001 0.9792140375615077
12.71 0.9793850467904572
12.72 0.9795554110619413
12.73 0.9797250899440942
12.74 0.9798940433856663
12.75 0.9800622317266712
12.76 0.9802296157090387
12.77 0.980396156487274
12.780000000000001 0.9805618156391229
12.790000000000001 0.9807265551762439
12.8 0.9808903375548848
12.81 0.9810531255573856
12.82 0.9812148820512571
12.83 0.9813755706567671
12.84 0.9815351554838426
12.85 0.9816936011117633
12.86 0.9818508725984205
12.870000000000001 0.9820069354895843
12.88 0.9821617558281702
12.89 0.9823153001635128
12.9 0.9824675355606414
12.91 0.9826184296095585
12.92 0.9827679504236396
12.93 0.982916066203585
12.94 0.9830627457564468
12.950000000000001 0.9832079586127357
12.96 0.9833516748420104
12.97 0.9834938650605
12.98 0.9836345004387278
12.99 0.9837735527091362
13.0 0.9839109941737139
13.01 0.9840467977116211
13.02 0.9841809367868182
13.030000000000001 0.9843133854556924
13.040000000000001 0.9844441181911023
13.05 0.9845731096154994
13.06 0.9847003353194402
13.07 0.9848257715112692
13.08 0.9849493949935524
13.09 0.9850711831688759
13.1 0.985191114045642
13.11 0.985309166243864
13.120000000000001 0.9854253190009583
13.13 0.9855395521775357
13.14 0.9856518462631897
13.15 0.9857621823639444
13.16 0.9858705416866834
13.17 0.9859769061870162
13.18 0.9860812586379399
13.19 0.9861835824331975
13.200000000000001 0.9862838615911376
13.21 0.9863820807585693
13.22 0.9864782252146123
13.23 0.9865722808745463
13.24 0.9866642342936528
13.25 0.9867540726710555
13.26 0.9868417838535541
13.27 0.9869273561225412
13.280000000000001 0.9870107779586073
13.290000000000001 0.9870920388752523
13.3 0.9871711290359696
13.31 0.987248039232554
13.32 0.9873227608869793
13.33 0.9873952860532712
13.34 0.9874656074193725
13.35 0.9875337183090048
13.36 0.9875996126835245
13.370000000000001 0.987663285143773
13.38 0.987724730906954
13.39 0.9877839452885726
13.4 0.9878409243876242
13.41 0.9878956650941544
13.42 0.9879481649102503
13.43 0.9879984219499758
13.44 0.9880464349393028
13.450000000000001 0.9880922032160355
13.46 0.9881357267297293
13.47 0.9881770060416039
13.48 0.9882160423244503
13.49 0.9882528373625321
13.5 0.9882873933299234
13.51 0.9883197126220721
13.52 0.9883497985866856
13.530000000000001 0.9883776551645665
13.540000000000001 0.9884032868719973
13.55 0.9884266987988386
13.56 0.9884478966066191
13.57 0.9884668865266224
13.58 0.9884836753579666
13.59 0.9884982704656797
13.6 0.9885106797787695
13.61 0.9885209117599962
13.620000000000001 0.9885289749565905
13.63 0.9885348786224587
13.64 0.9885386326761146
13.65 0.9885402475589272
13.66 0.9885407608863013
13.67 0.9885433909474894
13.68 0.9885481257539799
13.69 0.9885549528087023
13.700000000000001 0.9885638591096124
13.71 0.9885748311532807
13.72 0.9885878549384853
13.73 0.9886029161638562
13.74 0.9886200003202629
13.75 0.9886390921457714
13.76 0.9886601759132709
13.77 0.9886832354439611
13.780000000000001 0.9887082541123635
13.790000000000001 0.9887352148513405
13.8 0.9887641001571121
13.81 0.9887948920942795
13.82 0.9888275723008476
13.83 0.9888621219932532
13.84 0.9888985219974893
13.85 0.9889367530755027
13.86 0.9889767954558564
13.870000000000001 0.9890186288978967
13.88 0.9890622327872314
13.89 0.9891075861419215
13.9 0.9891546676186789
13.91 0.9892034555190616
13.92 0.9892539277956721
13.93 0.9893060620583535
13.94 0.9893598355803895
13.950000000000001 0.9894152253047025
13.96 0.9894722079859761
13.97 0.989530760222639
13.98 0.9895908581365741
13.99 0.9896524775577606
14.0 0.989715594034704
14.01 0.989780182841523
14.02 0.9898462189850372
14.030000000000001 0.9899136772118527
14.040000000000001 0.9899825320154466
14.05 0.990052757643251
14.06 0.9901243281037357
14.07 0.9901972171905774
14.08 0.990271398656561
14.09 0.9903468459605802
14.1 0.9904235323204528
14.11 0.9905014307623506
14.120000000000001 0.9905805141284786
14.13 0.9906607550847532
14.14 0.9907421261284763
14.15 0.9908245995960101
14.16 0.9909081476704465
14.17 0.9909927423892744
14.18 0.9910783556520462
14.19 0.9911649592818137
14.200000000000001 0.9912525250301439
14.21 0.9913410244763323
14.22 0.9914304290978753
14.23 0.991520710279082
14.24 0.9916118393190425
14.25 0.9917037874395928
14.26 0.9917965257932773
14.27 0.9918900254713069
14.280000000000001 0.991984257511514
14.290000000000001 0.9920791929063043
14.3 0.9921748026119639
14.31 0.992271057567248
14.32 0.9923679286837991
14.33 0.9924653868579418
14.34 0.9925634029810567
14.35 0.9926619479475517
14.36 0.9927609926628275
14.370000000000001 0.9928605080512397
14.38 0.9929604650640583
14.39 0.9930608346874218
14.4 0.9931615879502892
14.41 0.9932626959323867
14.42 0.9933641297305347
14.43 0.993465860477548
14.44 0.993567859419503
14.450000000000001 0.9936700978808124
14.46 0.9937725472717501
14.47 0.9938751790961482
14.48 0.9939779649590917
14.49 0.99408087657461
14.5 0.9941838857733636
14.51 0.9942869645103285
14.52 0.9943900848724764
14.530000000000001 0.9944932190670307
14.540000000000001 0.9945963393060437
14.55 0.994699418028293
14.56 0.9948024278514807
14.57 0.9949053415543604
14.58 0.9950081320839267
14.59 0.9951107725626004
14.6 0.9952132362954107
14.61 0.9953154967771759
14.620000000000001 0.9954175276996797
14.63 0.9955193029588447
14.64 0.9956207966619046
14.65 0.995721982997736
14.66 0.9958228363064672
14.67 0.995923331270745
14.68 0.99602344280007
14.69 0.9961231460371841
14.700000000000001 0.9962224163645373
14.71 0.9963212294107581
14.72 0.996419561057115
14.73 0.9965173874439827
14.74 0.9966146849772998
14.75 0.9967114303350307
14.76 0.9968076004314536
14.77 0.9969031722065289
14.780000000000001 0.9969981230328234
14.790000000000001 0.9970924306044077
14.8 0.9971860729025369
14.81 0.997279028201235
14.82 0.9973712750728758
14.83 0.9974627923937627
14.84 0.9975535593497084
14.85 0.9976435554416135
14.86 0.9977327604910433
14.870000000000001 0.9978211546457721
14.88 0.9979087181676611
14.89 0.9979954315753833
14.9 0.9980812758793858
14.91 0.9981662324192507
14.92 0.9982502828682611
14.93 0.9983334092379671
14.94 0.9984155938827501
14.950000000000001 0.9984968195043895
14.96 0.9985770691566269
14.97 0.9986563262497323
14.98 0.9987345745550691
14.99 0.9988117981467872
15.0 0.9988879811433801
15.01 0.9989631082288258
15.02 0.9990371644893205
15.030000000000001 0.9991101353730913
15.040000000000001 0.9991820066938576
15.05 0.9992527646342915
15.06 0.99932239574948
15.07 0.999390886970388
15.08 0.9994582256073216
15.09 0.9995243993533924
15.1 0.9995893962873929
15.11 0.9996532046079919
15.120000000000001 0.9997158128462917
15.13 0.9997772100877665
15.14 0.9998373857955772
15.15 0.999896329812879
15.16 0.999954032365129
15.17 1.0000104840623967
15.18 1.0000656759016748
15.19 1.0001195992691922
15.200000000000001 1.0001722459427274
15.21 1.0002236080939253
15.22 1.0002736782133037
15.23 1.0003224488506528
15.24 1.0003699131686807
15.25 1.0004160647503166
15.26 1.0004608975606042
15.27 1.0005044059478507
15.280000000000001 1.0005465846447736
15.290000000000001 1.0005874287696517
15.3 1.000626933827476
15.31 1.0006650957111058
15.32 1.0007019107024224
15.33 1.0007373754716888
15.34 1.0007714867967186
15.35 1.000804241818021
15.36 1.0008356382124384
15.370000000000001 1.0008656740293502
15.38 1.0008943476906864
15.39 1.0009216579909432
15.4 1.0009476040971994
15.41 1.000972185549137
15.42 1.000995402259061
15.43 1.001017254511924
15.44 1.0010377429653503
15.450000000000001 1.001056868567807
15.46 1.0010746323357487
15.47 1.0010910358612264
15.48 1.0011060811187025
15.49 1.0011197704338155
15.5 1.0011321064823269
15.51 1.0011430922890658
15.52 1.0011527312268798
15.530000000000001 1.0011610270155837
15.540000000000001 1.0011679837209122
15.55 1.0011736057534737
15.56 1.0011778978645274
15.57 1.0011808648906761
15.58 1.0011825120093922
15.59 1.0011828448506421
15.6 1.0011838203364942
15.610000000000001 1.0011860978807194
15.620000000000001 1.0011896708982537
15.63 1.001194532489728
15.64 1.0012006754434968
15.65 1.001208092237662
15.66 1.001216775042101
15.67 1.001226715720488
15.68 1.0012379059065508
15.69 1.0012503371664323
15.700000000000001 1.0012640006002576
15.71 1.0012788870068483
15.72 1.0012949869062515
15.73 1.0013122905426304
15.74 1.001330787887151
15.75 1.0013504686408705
15.76 1.0013713222376222
15.77 1.0013933378469022
15.780000000000001 1.001416504376752
15.790000000000001 1.0014408104805752
15.8 1.0014662447518026
15.81 1.0014927955146218
15.82 1.0015204507697324
15.83 1.001549198284867
15.84 1.0015790255983994
15.85 1.0016099200229507
15.860000000000001 1.0016418686489947
15.870000000000001 1.0016748583484658
15.88 1.0017088757783617
15.89 1.0017439073843508
15.9 1.0017799394043765
15.91 1.0018169579263305
15.92 1.001854948982399
15.93 1.001893898299126
15.94 1.0019337914103132
15.950000000000001 1.0019746136712808
15.96 1.0020163502630355
15.97 1.0020589861964402
15.98 1.002102506316382
15.99 1.0021468953059434
16.0 1.0021921376905703
16.01 1.0022382178422435
16.02 1.0022851199873661
16.03 1.0023328283332706
16.04 1.002381326926132
16.05 1.0024305996343064
16.06 1.0024806302023153
16.07 1.0025314022554705
16.080000000000002 1.0025828993044987
16.09 1.0026351047501691
16.1 1.0026880018879207
16.11 1.002741573912489
16.12 1.0027958039225353
16.13 1.0028506749252772
16.14 1.0029061698318078
16.15 1.0029622714499786
16.16 1.0030189625268964
16.17 1.0030762257363064
16.18 1.0031340436819423
16.19 1.0031923989020757
16.2 1.0032512738740655
16.21 1.0033106510189085
16.22 1.003370512705791
16.23 1.0034308412566413
16.240000000000002 1.0034916189506846
16.25 1.0035528280370631
16.26 1.0036144509299718
16.27 1.003676469969317
16.28 1.0037388674145857
16.29 1.0038016255188205
16.3 1.003864726533873
16.31 1.0039281527156603
16.32 1.0039918863294206
16.330000000000002 1.0040559096549724
16.34 1.0041202049919726
16.35 1.0041847546651792
16.36 1.0042495410297116
16.37 1.0043145463612133
16.38 1.004379752757602
16.39 1.004445142548887
16.4 1.0045106981080825
16.41 1.0045764018456793
16.42 1.0046422362139515
16.43 1.0047081837112677
16.44 1.0047742268863988
16.45 1.0048403483428314
16.46 1.00490653074308
16.47 1.0049727568130018
16.48 1.0050390093541641
16.490000000000002 1.005105271390681
16.5 1.0051715259795417
16.51 1.0052377562217722
16.52 1.0053039453133439
16.53 1.0053700765500069
16.54 1.0054361333321271
16.55 1.0055020991695263
16.56 1.0055679576863188
16.57 1.0056336926257539
16.580000000000002 1.005699287855057
16.59 1.0057647273702728
16.6 1.0058299951651757
16.61 1.0058950751571618
16.62 1.005959951602712
16.63 1.0060246088943674
16.64 1.006089031557201
16.65 1.0061532042526422
16.66 1.0062171117822996
16.67 1.0062807390917885
16.68 1.0063440712745557
16.69 1.0064070935757086
16.7 1.0064697913958416
16.71 1.0065321502923168
16.72 1.0065941559482852
16.73 1.0066557942267005
16.740000000000002 1.0067170511691106
16.75 1.0067779129892547
16.76 1.0068383660767684
16.77 1.0068983970008936
16.78 1.0069579925141856
16.79 1.0070171395562226
16.8 1.0070758252573138
16.81 1.0071340369422117
16.82 1.0071917621338202
16.830000000000002 1.0072489884458213
16.84 1.0073057035531472
16.85 1.0073618954819028
16.86 1.0074175524602529
16.87 1.0074726629178428
16.88 1.0075272154887527
16.89 1.0075811990144492
16.9 1.0076346025467404
16.91 1.0076874153507271
16.92 1.0077396269077588
16.93 1.0077912269183842
16.94 1.007842205282124
16.95 1.0078925518511916
16.96 1.0079422568131362
16.97 1.0079913106348832
16.98 1.0080397039996087
16.990000000000002 1.008087427808787
17.0 1.0081344731842392
17.01 1.0081808314701803
17.02 1.0082264942352672
17.03 1.008271453274645
17.04 1.008315700611995
17.05 1.0083592285015794
17.06 1.0084020294244824
17.07 1.0084440960903702
17.080000000000002 1.0084854214521708
17.09 1.0085259987009834
17.1 1.0085658212679902
17.11 1.008604882826465
17.12 1.008643177293781
17.13 1.0086806988334174
17.14 1.0087174418569667
17.150000000000002 1.0087534010261388
17.16 1.0087885712547695
17.17 1.0088229476574453
17.18 1.008856525093069
17.19 1.0088892989042644
17.2 1.0089212647703356
17.21 1.008952418599524
17.22 1.008982756529316
17.23 1.0090122749267514
17.240000000000002 1.0090409703887306
17.25 1.0090688397423215
17.26 1.0090958800450651
17.27 1.0091220885852805
17.28 1.0091474628823698
17.29 1.009172000736053
17.3 1.0091957002180865
17.31 1.0092185595839878
17.32 1.0092405773265514
17.330000000000002 1.0092617521767646
17.34 1.0092820831043885
17.35 1.0093015693185325
17.36 1.0093202102682328
17.37 1.0093380056430266
17.38 1.0093549553735266
17.39 1.0093710596319962
17.400000000000002 1.009386318774155
17.41 1.0094007329326151
17.42 1.0094143027093094
17.43 1.0094270290078962
17.44 1.0094389129462187
17.45 1.0094499558553305
17.46 1.0094601592785224
17.47 1.009469524970347
17.48 1.0094780548956437
17.490000000000002 1.0094857512285615
17.5 1.0094926163515832
17.51 1.0094986528545458
17.52 1.009503863548659
17.53 1.0095082514598726
17.54 1.0095118198057391
17.55 1.009514572008723
17.56 1.0095165116953206
17.57 1.0095176426951578
17.580000000000002 1.0095179690400848
17.59 1.009518443116897
17.6 1.009519713181864
17.61 1.0095217746018939
17.62 1.0095246225452927
17.63 1.0095282520277797
17.64 1.009532658166891
17.650000000000002 1.0095378357268634
17.66 1.00954377924693
17.67 1.0095504830918747
17.68 1.0095579414539377
17.69 1.009566148354721
17.7 1.009575097647094
17.71 1.0095847830171014
17.72 1.009595197985868
17.73 1.0096063359115075
17.740000000000002 1.00961818999103
17.75 1.0096307533862707
17.76 1.0096440191564513
17.77 1.0096579801146497
17.78 1.0096726289319018
17.79 1.0096879581397042
17.8 1.00970396013252
17.81 1.009720627170281
17.82 1.0097379513808915
17.830000000000002 1.0097559247627346
17.84 1.0097745391871729
17.85 1.0097937864010564
17.86 1.0098136579836903
17.87 1.0098341451413548
17.88 1.0098552391073465
17.89 1.0098769310204572
17.900000000000002 1.0098992118905878
17.91 1.0099220726003961
17.92 1.009945503906947
17.93 1.0099694964433585
17.94 1.0099940407204537
17.95 1.0100191271284076
17.96 1.0100447459383954
17.97 1.0100708873048427
17.98 1.010097541837255
17.990000000000002 1.0101247001926335
18.0 1.0101523525595422
18.01 1.0101804890646335
18.02 1.0102090997768272
18.03 1.010238174711496
18.04 1.0102677038346461
18.05 1.0102976770670993
18.06 1.0103280842886748
18.07 1.0103589153423695
18.080000000000002 1.0103901600385397
18.09 1.0104218080089107
18.1 1.0104538481542031
18.11 1.0104862697849073
18.12 1.0105190622369702
18.13 1.0105522147864703
18.14 1.0105857166513639
18.150000000000002 1.0106195569932304
18.16 1.0106537249190177
18.17 1.0106882094827878
18.18 1.0107229996874607
18.19 1.01075808448656
18.2 1.010793452787956
18.21 1.0108290939138431
18.22 1.0108649972127823
18.23 1.0109011517445032
18.240000000000002 1.0109375465650563
18.25 1.01097417073047
18.26 1.0110110133004113
18.27 1.0110480633418404
18.28 1.0110853099326687
18.29 1.011122742165414
18.3 1.0111603491508578
18.31 1.0111981200216986
18.32 1.0112360439088521
18.330000000000002 1.011274109863315
18.34 1.0113123070397392
18.35 1.011350624633609
18.36 1.011389051872948
18.37 1.0114275780215876
18.38 1.01146619238243
18.39 1.0115048843007157
18.400000000000002 1.0115436431672864
18.41 1.0115824584218498
18.42 1.0116213195562427
18.43 1.0116602161127524
18.44 1.0116991371771378
18.45 1.011738071874214
18.46 1.0117770096318872
18.47 1.0118159399071958
18.48 1.011854852187539
18.490000000000002 1.011893735991904
18.5 1.011932580872096
18.51 1.011971376413964
18.52 1.0120101122386291
18.53 1.0120487780037115
18.54 1.012087363404556
18.55 1.012125858450794
18.56 1.012164254124744
18.57 1.0122025408072126
18.580000000000002 1.0122407089019358
18.59 1.0122787489241682
18.6 1.0123166515053135
18.61 1.0123544073975554
18.62 1.0123920074784865
18.63 1.0124294427557383
18.64 1.0124667043716102
18.650000000000002 1.012503783607698
18.66 1.0125406718702736
18.67 1.012577359555225
18.68 1.0126138372679725
18.69 1.0126500962347336
18.7 1.0126861277595092
18.71 1.0127219232243447
18.72 1.012757474089587
18.73 1.0127927718941445
18.740000000000002 1.0128278082557465
18.75 1.0128625748712006
18.76 1.0128970635166525
18.77 1.012931266047844
18.78 1.012965174671298
18.79 1.0129987824520026
18.8 1.0130320819654572
18.81 1.0130650658650786
18.82 1.0130977269441732
18.830000000000002 1.0131300581391607
18.84 1.013162052532796
18.85 1.0131937033573934
18.86 1.013225003998047
18.87 1.0132559479958554
18.88 1.0132865290511421
18.89 1.013316741012114
18.900000000000002 1.0133465773172534
18.91 1.013376031648338
18.92 1.0134050980583542
18.93 1.0134337707350796
18.94 1.013462044002217
18.95 1.0134899123205285
18.96 1.0135173702889713
18.97 1.01354441264583
18.98 1.0135710342698534
18.990000000000002 1.0135972301813887
19.0 1.0136229955435154
19.01 1.013648325494486
19.02 1.0136732149075125
19.03 1.0136976591208349
19.04 1.0137216536143059
19.05 1.013745193983413
19.06 1.0137682759387698
19.07 1.0137908953056078
19.080000000000002 1.0138130480232688
19.09 1.0138347301446968
19.1 1.0138559378359313
19.11 1.0138766673755988
19.12 1.013896915194608
19.13 1.013916678961565
19.14 1.0139359562305768
19.150000000000002 1.0139547443289838
19.16 1.0139730407712821
19.17 1.013990843262579
19.18 1.0140081497020523
19.19 1.0140249581864067
19.2 1.0140412670133332
19.21 1.0140570746849669
19.22 1.0140723799113465
19.23 1.0140871816138732
19.240000000000002 1.0141014782163453
19.25 1.014115266902792
19.26 1.0141285462857856
19.27 1.0141413151577954
19.28 1.0141535724157305
19.29 1.0141653170581815
19.3 1.0141765481826612
19.31 1.0141872649828467
19.32 1.0141974667458191
19.330000000000002 1.0142071528493073
19.34 1.0142163227589283
19.35 1.0142249760813118
19.36 1.014233113674179
19.37 1.014240736166789
19.38 1.0142478439628584
19.39 1.014254437618456
19.400000000000002 1.0142605178432604
19.41 1.014266085501821
19.42 1.0142711416148154
19.43 1.0142756873603092
19.44 1.014279724075018
19.45 1.0142832532555646
19.46 1.0142862765597418
19.47 1.0142887954866167
19.48 1.0142908111496294
19.490000000000002 1.0142923253129381
19.5 1.0142933398801415
19.51 1.0142938568717872
19.52 1.0142938784241093
19.53 1.0142943500604544
19.54 1.014295312521651
19.55 1.0142967633319862
19.56 1.0142986999051131
19.57 1.0143011195453129
19.580000000000002 1.0143040194414155
19.59 1.0143073965565388
19.6 1.0143112477863414
19.61 1.0143155699486133
19.62 1.0143203597502524
19.63 1.0143256137881236
19.64 1.0143313285499191
19.650000000000002 1.0143375004150184
19.66 1.0143441256553476
19.67 1.0143512004362398
19.68 1.014358720817294
19.69 1.0143666827532343
19.7 1.0143750821163686
19.71 1.01438391470639
19.72 1.0143931761916514
19.73 1.014402862141126
19.740000000000002 1.0144129680262872
19.75 1.014423489222122
19.76 1.0144344210081426
19.77 1.0144457585693987
19.78 1.0144574969974902
19.79 1.014469631291578
19.8 1.0144821563593969
19.81 1.0144950670560327
19.82 1.0145083586331267
19.830000000000002 1.014522026072675
19.84 1.0145360641768524
19.85 1.0145504676931492
19.86 1.0145652313170026
19.87 1.0145803496944301
19.88 1.0145958174246588
19.89 1.0146116290627587
19.900000000000002 1.0146277791222744
19.91 1.0146442620778569
19.92 1.0146610723678955
19.93 1.0146782039904871
19.94 1.0146956504446367
19.95 1.0147134056844225
19.96 1.014731463597044
19.97 1.0147498179937753
19.98 1.0147684626099687
19.990000000000002 1.0147873911050556
20.0 1.014806597062547
20.01 1.0148260739900372
20.02 1.0148458153192035
20.03 1.0148658144058087
20.04 1.014886064628573
20.05 1.0149065603214993
20.06 1.0149272953082356
20.07 1.0149482631704403
20.080000000000002 1.0149694574807853
20.09 1.0149908718063703
20.1 1.0150124997121406
20.11 1.015034334764305
20.12 1.0150563705337527
20.13 1.0150786005994723
20.14 1.0151010185519669
20.150000000000002 1.0151236179966754
20.16 1.0151463921477888
20.17 1.015169333865947
20.18 1.0151924364645546
20.19 1.015215693243667
20.2 1.0152390974867258
20.21 1.0152626424615572
20.22 1.0152863214213752
20.23 1.015310127605782
20.240000000000002 1.0153340542417708
20.25 1.0153580945447271
20.26 1.0153822417194305
20.27 1.0154064889870789
20.28 1.0154308297835346
20.29 1.0154552574328917
20.3 1.0154797652226109
20.31 1.0155043464490607
20.32 1.0155289944192614
20.330000000000002 1.0155537024526258
20.34 1.015578463882701
20.35 1.0156032720589112
20.36 1.0156281203482995
20.37 1.0156530021372714
20.38 1.015677910833336
20.39 1.0157028400189705
20.400000000000002 1.015727783408584
20.41 1.0157527346046733
20.42 1.0157776872530393
20.43 1.015802635045882
20.44 1.0158275717243666
20.45 1.0158524910811897
20.46 1.015877386963147
20.47 1.0159022532736997
20.48 1.015927083975542
20.490000000000002 1.015951873093169
20.5 1.015976614610671
20.51 1.0160013018313159
20.52 1.0160259285088824
20.53 1.0160504885516655
20.54 1.0160749758937042
20.55 1.0160993844948667
20.56 1.016123708340932
20.57 1.016147941443674
20.580000000000002 1.016172077840945
20.59 1.0161961115967604
20.6 1.0162200368013798
20.61 1.0162438475713933
20.62 1.0162675386134523
20.63 1.0162911049513546
20.64 1.0163145411943444
20.650000000000002 1.0163378420318785
20.66 1.0163610022367164
20.67 1.016384016667805
20.68 1.0164068802731636
20.69 1.016429588092769
20.7 1.0164521352614408
20.71 1.0164745170117266
20.72 1.0164967286767876
20.73 1.0165187655632402
20.740000000000002 1.016540622305637
20.75 1.0165622940766283
20.76 1.0165837762293897
20.77 1.0166050641805964
20.78 1.0166261534106922
20.79 1.0166470394641636
20.8 1.0166677179498091
20.81 1.0166881845410118
20.82 1.0167084349760105
20.830000000000002 1.0167284650581712
20.84 1.0167482706563233
20.85 1.0167678479144107
20.86 1.0167871931147554
20.87 1.0168063024662686
20.88 1.0168251722628172
20.89 1.016843798884456
20.900000000000002 1.01686217879866
20.91 1.0168803085615539
20.92 1.016898184819146
20.93 1.0169158043085593
20.94 1.016933163859263
20.95 1.0169502603943035
20.96 1.0169670908900121
20.97 1.0169836522090434
20.98 1.0169999414353215
20.990000000000002 1.0170159557653151
21.0 1.017031692481082
21.01 1.0170471489507824
21.02 1.0170623226291955
21.03 1.017077211058234
21.04 1.01709181186746
21.05 1.0171061227745986
21.06 1.0171201415860534
21.07 1.0171338661972733
21.080000000000002 1.0171472945383075
21.09 1.0171604246181167
21.1 1.0171732545678471
21.11 1.0171857826053505
21.12 1.0171980070354656
21.13 1.017209926250295
21.14 1.0172215387294836
21.150000000000002 1.0172328430404973
21.16 1.0172438378389015
21.17 1.0172545218686389
21.18 1.017264893962307
21.19 1.0172749530555327
21.2 1.0172846982334434
21.21 1.0172941286325903
21.22 1.017303243476438
21.23 1.017312042082665
21.240000000000002 1.017320523863653
21.25 1.0173286883269739
21.26 1.0173365350758785
21.27 1.0173440638097841
21.28 1.0173512743247615
21.29 1.017358166514023
21.3 1.0173647403662662
21.31 1.0173709956686912
21.32 1.017376932280658
21.330000000000002 1.0173825503078242
21.34 1.0173878499320688
21.35 1.017392831410772
21.36 1.0173974950760925
21.37 1.0174018413342445
21.38 1.0174058706647764
21.39 1.0174095836198473
21.400000000000002 1.017412980823504
21.41 1.0174160629709594
21.42 1.0174188308920284
21.43 1.0174212857191298
21.44 1.0174234284971995
21.45 1.0174252603327574
21.46 1.0174267824165104
21.47 1.0174279960234685
21.48 1.0174289025130587
21.490000000000002 1.0174295033292422
21.5 1.017429800000627
21.51 1.017429805860669
21.52 1.0174301125538892
21.53 1.017430718301088
21.54 1.0174316215388979
21.55 1.0174328206154286
21.56 1.0174343136656783
21.57 1.0174360987615685
21.580000000000002 1.017438173912987
21.59 1.0174405370688282
21.6 1.0174431861180362
21.61 1.0174461188906454
21.62 1.017449333158823
21.63 1.0174528266379101
21.64 1.0174565969874645
21.650000000000002 1.0174606417755845
21.66 1.0174649584035609
21.67 1.017469544300759
21.68 1.0174743968461581
21.69 1.0174795133597518
21.7 1.0174848911031693
21.71 1.0174905272802937
21.72 1.0174964190378801
21.73 1.0175025634661767
21.740000000000002 1.0175089575995426
21.75 1.0175155984170672
21.76 1.017522482843939
21.77 1.0175296077862834
21.78 1.0175369700934396
21.79 1.0175445665490979
21.8 1.0175523938872753
21.81 1.0175604487930645
21.82 1.0175687279033805
21.830000000000002 1.0175772278077095
21.84 1.0175859450488574
21.85 1.017594876123698
21.86 1.0176040174839198
21.87 1.0176133655367767
21.88 1.0176229167280246
21.89 1.017632667674982
21.900000000000002 1.0176426147901894
21.91 1.0176527544461447
21.92 1.0176630829913986
21.93 1.0176735967521422
21.94 1.017684292033797
21.95 1.0176951651226032
21.96 1.0177062122872078
21.97 1.0177174297802547
21.98 1.0177288138399718
21.990000000000002 1.0177403606816875
22.0 1.0177520661856088
22.01 1.0177639262777824
22.02 1.0177759369793238
22.03 1.0177880942824447
22.04 1.0178003941508893
22.05 1.0178128325203664
22.06 1.017825405298986
22.07 1.0178381083676922
22.080000000000002 1.0178509375806974
22.09 1.0178638887659175
22.1 1.0178769577254054
22.11 1.0178901403712441
22.12 1.017903432888881
22.13 1.01791683119876
22.14 1.0179303312042864
22.150000000000002 1.0179439288098795
22.16 1.017957619922646
22.17 1.0179714004540512
22.18 1.01798526632159
22.19 1.0179992134504594
22.2 1.0180132377752298
22.21 1.0180273352415161
22.22 1.0180415017973352
22.23 1.018055733162286
22.240000000000002 1.0180700251297359
22.25 1.0180843735776453
22.26 1.0180987743869756
22.27 1.018113223442522
22.28 1.0181277166337395
22.29 1.0181422498555726
22.3 1.018156819009285
22.31 1.0181714200032874
22.32 1.0181860487539665
22.330000000000002 1.0182007011865137
22.34 1.0182153732757084
22.35 1.0182300610805983
22.36 1.0182447606080915
22.37 1.0182594678802548
22.38 1.0182741789386622
22.39 1.0182888898455507
22.400000000000002 1.0183035966849778
22.41 1.0183182955639767
22.42 1.0183329826137122
22.43 1.0183476539906382
22.44 1.0183623058776519
22.45 1.0183769344822848
22.46 1.0183915359875253
22.47 1.018406106622117
22.48 1.0184206426585234
22.490000000000002 1.018435140397898
22.5 1.01844959617106
22.51 1.0184640063394685
22.52 1.0184783672961961
22.53 1.0184926754669055
22.54 1.018506927310821
22.55 1.0185211193217052
22.56 1.0185352480288328
22.57 1.0185493099637248
22.580000000000002 1.0185633016428104
22.59 1.01857721966937
22.6 1.0185910606829742
22.61 1.0186048213584897
22.62 1.0186184984067992
22.63 1.0186320885755218
22.64 1.0186455886497325
22.650000000000002 1.018658995452683
22.66 1.0186723058465215
22.67 1.0186855167330118
22.68 1.0186986250594894
22.69 1.0187116278883772
22.7 1.0187245222978545
22.71 1.0187373053935316
22.72 1.018749974329079
22.73 1.018762526307193
22.740000000000002 1.0187749585805648
22.75 1.018787268452847
22.76 1.0187994532796212
22.77 1.0188115104693665
22.78 1.0188234374844256
22.79 1.0188352318419736
22.8 1.0188468910243265
22.81 1.0188584124564772
22.82 1.0188697937347748
22.830000000000002 1.0188810325052675
22.84 1.0188921264614303
22.85 1.018903073344523
22.86 1.0189138709439474
22.87 1.018924517097605
22.88 1.0189350096922545
22.89 1.0189453466638696
22.900000000000002 1.018955525997996
22.91 1.0189655457339226
22.92 1.0189754040045922
22.93 1.0189850989761895
22.94 1.0189946288583966
22.95 1.0190039919150733
22.96 1.019013186464759
22.97 1.019022210881173
22.98 1.0190310635937185
22.990000000000002 1.0190397430879807
23.0 1.0190482479062315
23.01 1.0190565766479291
23.02 1.019064727970221
23.03 1.0190727005407094
23.04 1.0190804930373658
23.05 1.0190881042500497
23.06 1.0190955330234304
23.07 1.0191027782564905
23.080000000000002 1.019109838902736
23.09 1.0191167139704052
23.1 1.0191234025226779
23.11 1.0191299036778851
23.12 1.0191362166097178
23.13 1.0191423405474374
23.14 1.019148274771131
23.150000000000002 1.0191540185707948
23.16 1.0191595713132582
23.17 1.019164932428461
23.18 1.019170101399972
23.19 1.0191750777650457
23.2 1.0191798611146794
23.21 1.0191844510936716
23.22 1.0191888474006787
23.23 1.019193049788273
23.240000000000002 1.0191970580629997
23.25 1.0192008720854357
23.26 1.0192044917569953
23.27 1.0192079170227473
23.28 1.0192111478947474
23.29 1.019214184437969
23.3 1.0192170267702085
23.31 1.0192196750620692
23.32 1.0192221295369452
23.330000000000002 1.0192243904710048
23.34 1.0192264581931736
23.35 1.01922833308512
23.36 1.0192300155812362
23.37 1.0192315061550739
23.38 1.0192328052284578
23.39 1.0192339133272268
23.400000000000002 1.0192348310424415
23.41 1.019235559011005
23.42 1.0192360979153006
23.43 1.0192364484828311
23.44 1.019236611485856
23.45 1.0192366352306819
23.46 1.0192368448626699
23.47 1.0192372394774605
23.48 1.0192378181273833
23.490000000000002 1.0192385797946326
23.5 1.0192395234026772
23.51 1.0192406478554619
23.52 1.019241952012418
23.53 1.0192434346886539
23.54 1.0192450946551714
23.55 1.0192469306390934
23.56 1.0192489413238812
23.57 1.0192511253495578
23.580000000000002 1.0192534813129288
23.59 1.0192560077678048
23.6 1.0192587032418359
23.61 1.0192615663271485
23.62 1.0192645955164297
23.63 1.019267789249863
23.64 1.0192711459327861
23.650000000000002 1.019274663936271
23.66 1.0192783415977023
23.67 1.0192821772213554
23.68 1.0192861690789763
23.69 1.01929031541036
23.7 1.0192946144239299
23.71 1.0192990642973152
23.72 1.0193036631723305
23.73 1.0193084091588334
23.740000000000002 1.0193133003416224
23.75 1.019318334776507
23.76 1.0193235104908616
23.77 1.0193288254841775
23.78 1.0193342777286132
23.79 1.01933986516955
23.8 1.0193455857261418
23.81 1.0193514372918673
23.82 1.0193574177350844
23.830000000000002 1.0193635249031292
23.84 1.0193697566385718
23.85 1.0193761107494606
23.86 1.0193825850194764
23.87 1.0193891772112262
23.88 1.0193958850668607
23.89 1.0194027063086923
23.900000000000002 1.0194096386398124
23.91 1.0194166797447093
23.92 1.0194238272898852
23.93 1.0194310789244743
23.94 1.0194384322808852
23.95 1.0194458849932964
23.96 1.0194534346850495
23.97 1.0194610789536882
23.98 1.019468815383992
23.990000000000002 1.0194766415486738
24.0 1.0194845550090756
24.01 1.0194925533158654
24.02 1.019500634009734
24.03 1.0195087946220898
24.04 1.0195170326757579
24.05 1.0195253456856745
24.060000000000002 1.019533731155938
24.07 1.0195421865674221
24.080000000000002 1.019550709405481
24.09 1.0195592971512952
24.1 1.0195679472804968
24.11 1.0195766572638072
24.12 1.0195854245676765
24.13 1.0195942466549228
24.14 1.0196031209853704
24.150000000000002 1.019612045016489
24.16 1.0196210162040327
24.17 1.019630032002822
24.18 1.0196390898954704
24.19 1.0196481873686112
24.2 1.0196573218949507
24.21 1.0196664909509257
24.22 1.0196756920174592
24.23 1.0196849225807174
24.240000000000002 1.019694180132864
24.25 1.0197034621728167
24.26 1.0197127662070034
24.27 1.0197220897501178
24.28 1.019731430325876
24.29 1.019740785458343
24.3 1.0197501526454433
24.310000000000002 1.019759529420401
24.32 1.0197689133298242
24.330000000000002 1.0197783019305404
24.34 1.0197876927902232
24.35 1.0197970834880163
24.36 1.0198064716151614
24.37 1.0198158547756224
24.38 1.0198252305867133
24.39 1.0198345966797215
24.400000000000002 1.0198439507003634
24.41 1.0198532902932465
24.42 1.0198626131183555
24.43 1.0198719168595283
24.44 1.0198811992164707
24.45 1.0198904579053167
24.46 1.0198996906591922
24.47 1.0199088952287758
24.48 1.0199180693828613
24.490000000000002 1.0199272109089208
24.5 1.019936317613665
24.51 1.0199453873236075
24.52 1.0199544178903965
24.53 1.0199634072023616
24.54 1.0199723531583569
24.55 1.0199812536790003
24.560000000000002 1.0199901067086719
24.57 1.0199989102161364
24.580000000000002 1.0200076621951635
24.59 1.0200163606651467
24.6 1.0200250036717242
24.61 1.0200335892874004
24.62 1.0200421156121642
24.63 1.020050580772993
24.64 1.0200589828629578
24.650000000000002 1.0200673200083477
24.66 1.0200755903898848
24.67 1.0200837922143304
24.68 1.0200919237148691
24.69 1.020099983151496
24.7 1.0201079688114003
24.71 1.020115879009353
24.72 1.0201237120880904
24.73 1.020131466418702
24.740000000000002 1.0201391404010138
24.75 1.0201467324648401
24.76 1.0201542410719215
24.77 1.020161664712107
24.78 1.0201690019055234
24.79 1.0201762512031487
24.8 1.0201834111872063
24.810000000000002 1.02019048047156
24.82 1.0201974577021091
24.830000000000002 1.0202043415571835
24.84 1.020211130747939
24.85 1.0202178240187505
24.86 1.0202244201462918
24.87 1.0202309178921174
24.88 1.0202373160591056
24.89 1.0202436135015593
24.900000000000002 1.0202498091055296
24.91 1.0202559017890338
24.92 1.0202618905022731
24.93 1.0202677742278499
24.94 1.020273551980984
24.95 1.0202792228097315
24.96 1.0202847857952018
24.97 1.0202902400517742
24.98 1.0202955847268609
24.990000000000002 1.020300819000502
25.0 1.0203059420875062
25.01 1.0203109532368029
25.02 1.0203158517315931
25.03 1.0203206368895594
25.04 1.0203253080630814
25.05 1.0203298646394474
25.060000000000002 1.0203343060410666
25.07 1.0203386317256835
25.080000000000002 1.0203428411865902
25.09 1.020346933950863
25.1 1.0203509095288161
25.11 1.0203547674780522
25.12 1.0203585074080175
25.13 1.0203621289611728
25.14 1.0203656318130214
25.150000000000002 1.020369015672136
25.16 1.0203722802801871
25.17 1.0203754254119715
25.18 1.020378450875439
25.19 1.020381356511721
25.2 1.0203841421951578
25.21 1.0203868078244076
25.22 1.0203893533136315
25.23 1.0203917786251295
25.240000000000002 1.0203940837539232
25.25 1.020396268726851
25.26 1.02039833360252
25.27 1.0204002784712567
25.28 1.0204021034550588
25.29 1.0204038087075455
25.3 1.020405394413909
25.310000000000002 1.020406860790865
25.32 1.0204082080854633
25.330000000000002 1.0204094365532985
25.34 1.0204105464875837
25.35 1.0204115382186456
25.36 1.020412412106562
25.37 1.0204131685410338
25.38 1.0204138079412584
25.39 1.0204143307558011
25.400000000000002 1.0204147374624695
25.41 1.0204150285681834
25.42 1.0204152046088495
25.43 1.0204152661492325
25.44 1.0204153185294749
25.45 1.0204154842450832
25.46 1.020415762661762
25.47 1.0204161531180536
25.48 1.0204166549264224
25.490000000000002 1.0204172673734915
25.5 1.0204179897202754
25.51 1.0204188212024168
25.52 1.0204197610304195
25.53 1.0204208083898845
25.54 1.0204219624417437
25.55 1.0204232223227483
25.560000000000002 1.0204245871493993
25.57 1.020426056012934
25.580000000000002 1.0204276279800013
25.59 1.0204293020940152
25.6 1.0204310773754033
25.61 1.0204329528218532
25.62 1.0204349274085627
25.63 1.0204370000884861
25.64 1.0204391697925834
25.650000000000002 1.0204414354300684
25.66 1.0204437958886554
25.67 1.0204462500551252
25.68 1.020448796823114
25.69 1.0204514350386922
25.7 1.0204541635293862
25.71 1.0204569811053197
25.72 1.0204598865596033
25.73 1.0204628786687269
25.740000000000002 1.020465956192948
25.75 1.0204691178766847
25.76 1.0204723624489036
25.77 1.0204756886235122
25.78 1.0204790950991849
25.79 1.0204825805533022
25.8 1.020486143652027
25.810000000000002 1.0204897830493262
25.82 1.0204934973856026
25.830000000000002 1.0204972852880616
25.84 1.02050114537108
25.85 1.0205050762365706
25.86 1.0205090764743523
25.87 1.0205131446625149
25.88 1.0205172793677866
25.89 1.0205214791459023
25.900000000000002 1.0205257425497372
25.91 1.0205300681305502
25.92 1.0205344544206545
25.93 1.0205388999436265
25.94 1.0205434032148788
25.95 1.0205479627420764
25.96 1.020552577025554
25.97 1.0205572445587316
25.98 1.0205619638285324
25.990000000000002 1.0205667333157973
26.0 1.020571551495704
26.01 1.0205764168385663
26.02 1.020581327813751
26.03 1.020586282884546
26.04 1.0205912805096313
26.05 1.0205963191443572
26.060000000000002 1.0206013972411732
26.07 1.020606513250058
26.080000000000002 1.0206116656189483
26.09 1.0206168527941686
26.1 1.0206220732208597
26.11 1.020627325343409
26.12 1.0206326076058796
26.13 1.020637918641123
26.14 1.0206432572041053
26.150000000000002 1.0206486218021917
26.16 1.0206540109242783
26.17 1.0206594230425794
26.18 1.0206648566126253
26.19 1.0206703100732641
26.2 1.0206757818466619
26.21 1.0206812703383026
26.22 1.0206867739369878
26.23 1.020692291014838
26.240000000000002 1.0206978199272916
26.25 1.0207033590131056
26.26 1.0207089065943564
26.27 1.0207144609764391
26.28 1.0207200204480678
26.29 1.0207255832812758
26.3 1.0207311477314165
26.310000000000002 1.0207367120371624
26.32 1.0207422744205052
26.330000000000002 1.0207478335746933
26.34 1.020753389476696
26.35 1.0207589407942836
26.36 1.0207644860761305
26.37 1.0207700238744175
26.38 1.0207755527448334
26.39 1.020781071246574
26.400000000000002 1.0207865779423422
26.41 1.020792071398348
26.42 1.0207975501843087
26.43 1.0208030128734482
26.44 1.020808458042497
26.45 1.0208138842716932
26.46 1.0208192901447808
26.47 1.0208246742490108
26.48 1.0208300351751407
26.490000000000002 1.0208353715174336
26.5 1.0208406818736602
26.51 1.0208459648450963
26.52 1.0208512190365238
26.53 1.0208564431417515
26.54 1.0208616365725178
26.55 1.0208667982641308
26.560000000000002 1.020871926995997
26.57 1.020877021558275
26.580000000000002 1.0208820807518755
26.59 1.0208871033884608
26.6 1.0208920882904446
26.61 1.020897034290992
26.62 1.0209019402340196
26.63 1.020906804974194
26.64 1.0209116273769334
26.650000000000002 1.020916406318406
26.66 1.0209211406855305
26.67 1.020925829375976
26.68 1.020930471298161
26.69 1.0209350653712543
26.7 1.0209396105251733
26.71 1.020944105700586
26.72 1.0209485498489084
26.73 1.020952941943127
26.740000000000002 1.020957281504264
26.75 1.020961567913129
26.76 1.0209658002942699
26.77 1.020969977788922
26.78 1.0209740995550074
26.79 1.0209781647671343
26.8 1.020982172616598
26.810000000000002 1.020986122311379
26.82 1.0209900130761442
26.830000000000002 1.0209938441522461
26.84 1.0209976147977227
26.85 1.0210013242872968
26.86 1.0210049719123773
26.87 1.0210085569810563
26.88 1.0210120788181125
26.89 1.0210155367650076
26.900000000000002 1.021018930179888
26.91 1.0210222584375845
26.92 1.0210255209296115
26.93 1.0210287170641668
26.94 1.0210318464079478
26.95 1.0210349086294446
26.96 1.0210379032395813
26.97 1.021040829767142
26.98 1.02104368775997
26.990000000000002 1.0210464767849674
27.0 1.021049196428095
27.01 1.0210518462943725
27.02 1.0210544260078773
27.03 1.0210569352117462
27.04 1.0210593735681734
27.05 1.0210617407584113
27.060000000000002 1.02106403648277
27.07 1.0210662604606184
27.080000000000002 1.021068412430382
27.09 1.0210704921495437
27.1 1.0210724993946452
27.11 1.0210744339612847
27.12 1.0210762956641173
27.13 1.0210780843368559
27.14 1.021079799862368
27.150000000000002 1.0210814422200876
27.16 1.0210830113287939
27.17 1.021084507120025
27.18 1.0210859295453403
27.19 1.0210872785763185
27.2 1.0210885542045594
27.21 1.0210897564416825
27.22 1.021090885319328
27.23 1.0210919408891561
27.240000000000002 1.0210929232228474
27.25 1.0210938324121022
27.26 1.0210946685686415
27.27 1.021095431824206
27.28 1.0210961223305575
27.29 1.0210967402594764
27.3 1.021097285802765
27.310000000000002 1.0210977591722448
27.32 1.0210981605997573
27.330000000000002 1.0210984903371654
27.34 1.0210987486386305
27.35 1.021098935634046
27.36 1.0210990515711997
27.37 1.0210990967495586
27.38 1.0210991220119718
27.39 1.02109921737858
27.400000000000002 1.0210993824942496
27.41 1.0210996169852922
27.42 1.0210999204594635
27.43 1.0211002925059642
27.44 1.0211007326954384
27.45 1.0211012405799753
27.46 1.0211018156931078
27.47 1.0211024575498129
27.48 1.0211031656465115
27.490000000000002 1.0211039394610681
27.5 1.0211047784527914
27.51 1.0211056820624336
27.52 1.0211066497121901
27.53 1.0211076808057
27.54 1.0211087747339183
27.55 1.0211099311447351
27.560000000000002 1.021111149587205
27.57 1.0211124294571803
27.580000000000002 1.0211137701349884
27.59 1.0211151709854307
27.6 1.0211166313577826
27.61 1.0211181505857942
27.62 1.0211197279876891
27.63 1.0211213628661642
27.64 1.0211230545083902
27.650000000000002 1.021124802186012
27.66 1.0211266051551469
27.67 1.021128462656386
27.68 1.0211303739147928
27.69 1.0211323381399047
27.7 1.0211343545257305
27.71 1.0211364222507526
27.72 1.0211385404779252
27.73 1.0211407083546753
27.740000000000002 1.0211429250129016
27.75 1.0211451898358885
27.76 1.0211475023445327
27.77 1.0211498617219517
27.78 1.0211522671381794
27.79 1.0211547177521445
27.8 1.0211572127116688
27.810000000000002 1.0211597511534678
27.82 1.0211623322031513
27.830000000000002 1.0211649549752224
27.84 1.0211676185730771
27.85 1.0211703220890054
27.86 1.0211730646041897
27.87 1.0211758451887059
27.88 1.021178662901522
27.89 1.0211815167904998
27.900000000000002 1.0211844058923927
27.91 1.0211873292328466
27.92 1.0211902858264
27.93 1.0211932746764836
27.94 1.0211962947754194
27.95 1.0211993452653045
27.96 1.0212024256818881
27.97 1.021205535129899
27.98 1.0212086726709417
27.990000000000002 1.021211837360585
28.0 1.0212150282483614
28.01 1.0212182443777673
28.02 1.021221484786263
28.03 1.021224748505272
28.04 1.0212280345601814
28.05 1.0212313419703423
28.060000000000002 1.0212346697490682
28.07 1.0212380169036368
28.080000000000002 1.0212413824352882
28.09 1.0212447653392263
28.1 1.0212481646046176
28.11 1.021251579214592
28.12 1.0212550081462413
28.13 1.0212584503706212
28.14 1.0212619048527496
28.150000000000002 1.0212653706163806
28.16 1.0212688471933826
28.17 1.021272333757473
28.18 1.0212758293654012
28.19 1.021279333073108
28.2 1.0212828439357227
28.21 1.0212863610075646
28.22 1.0212898833421429
28.23 1.021293409992156
28.240000000000002 1.0212969400094922
28.25 1.0213004724452295
28.26 1.021304006349635
28.27 1.021307540772166
28.28 1.0213110747614687
28.29 1.0213146073653794
28.3 1.0213181376309235
28.310000000000002 1.0213216646043166
28.32 1.0213251873309632
28.330000000000002 1.0213287048554576
28.34 1.0213322162215837
28.35 1.0213357204821683
28.36 1.0213392171266253
28.37 1.021342705511608
28.38 1.0213461847827074
28.39 1.0213496540894966
28.400000000000002 1.021353112585531
28.41 1.0213565594283478
28.42 1.0213599937794662
28.43 1.021363414804388
28.44 1.0213668216725968
28.45 1.0213702135575586
28.46 1.0213735896367218
28.47 1.021376949091517
28.48 1.0213802911073575
28.490000000000002 1.0213836148736386
28.5 1.0213869195837382
28.51 1.0213902044350172
28.52 1.0213934686288186
28.53 1.0213967113704687
28.54 1.021399931869276
28.55 1.0214031293385322
28.560000000000002 1.0214063032358076
28.57 1.0214094531542681
28.580000000000002 1.0214125784060317
28.59 1.0214156783095871
28.6 1.0214187521913456
28.61 1.0214217993856378
28.62 1.0214248192347146
28.63 1.021427811088749
28.64 1.0214307743058333
28.650000000000002 1.0214337082519824
28.66 1.0214366123011305
28.67 1.0214394858351343
28.68 1.0214423282437708
28.69 1.0214451389247385
28.7 1.0214479172836572
28.71 1.0214506627340683
28.72 1.021453374697434
28.73 1.021456052603139
28.740000000000002 1.0214586958884893
28.75 1.0214613039987122
28.76 1.0214638764755768
28.77 1.021466413086569
28.78 1.021468913379148
28.79 1.021471376891932
28.8 1.0214738031742143
28.810000000000002 1.0214761917859625
28.82 1.0214785422978168
28.830000000000002 1.021480854291093
28.84 1.02148312735778
28.85 1.0214853611005419
28.86 1.0214875551327165
28.87 1.0214897090783166
28.88 1.021491822572029
28.89 1.0214938952592156
28.900000000000002 1.0214959267959125
28.91 1.0214979168488307
28.92 1.021499865095356
28.93 1.021501771223549
28.94 1.0215036349321454
28.95 1.0215054559305559
28.96 1.0215072339567346
28.97 1.0215089688976102
28.98 1.0215106605551714
28.990000000000002 1.021512308712744
29.0 1.021513913165737
29.01 1.0215154737216419
29.02 1.0215169902000334
29.03 1.0215184624325695
29.04 1.0215198902629912
29.05 1.0215212735471224
29.060000000000002 1.0215226121528707
29.07 1.0215239059602268
29.080000000000002 1.021525154861264
29.09 1.0215263587601402
29.1 1.0215275175730958
29.11 1.0215286312284548
29.12 1.0215296996666243
29.13 1.0215307228400952
29.14 1.0215317007134417
29.150000000000002 1.0215326332633217
29.16 1.021533520478576
29.17 1.0215343623643225
29.18 1.0215351589364545
29.19 1.0215359102209671
29.2 1.0215366162559842
29.21 1.0215372770917595
29.22 1.0215378927906755
29.23 1.0215384634272444
29.240000000000002 1.0215389890881075
29.25 1.0215394698720355
29.26 1.0215399058899286
29.27 1.0215402972648158
29.28 1.021540644131856
29.29 1.021540946638337
29.3 1.0215412049436763
29.310000000000002 1.0215414192194199
29.32 1.0215415896492437
29.330000000000002 1.0215417164289529
29.34 1.0215417997664813
29.35 1.021541839881893
29.36 1.021541842756406
29.37 1.02154188844986
29.38 1.021541976817425
29.39 1.0215421076166875
29.400000000000002 1.021542280593886
29.41 1.0215424954843182
29.42 1.0215427520123406
29.43 1.0215430498913691
29.44 1.0215433888238794
29.45 1.0215437685014062
29.46 1.021544188604543
29.47 1.0215446488029445
29.48 1.0215451487553227
29.490000000000002 1.021545688109451
29.5 1.021546266502161
29.51 1.0215468835593449
29.52 1.0215475388959536
29.53 1.0215482321159988
29.54 1.0215489628125511
29.55 1.0215497305677415
29.560000000000002 1.0215505349527603
29.57 1.0215513755992898
29.580000000000002 1.021552252299544
29.59 1.0215531646537246
29.6 1.0215541122382614
29.61 1.0215550946208283
29.62 1.021556111360343
29.63 1.0215571620069692
29.64 1.021558246102115
29.650000000000002 1.0215593631784332
29.66 1.0215605127598222
29.67 1.021561694361424
29.68 1.0215629074896275
29.69 1.0215641516420655
29.7 1.0215654263076164
29.71 1.0215667309664034
29.72 1.0215680650897956
29.73 1.021569428140407
29.740000000000002 1.0215708195720974
29.75 1.0215722388299717
29.76 1.0215736853503803
29.77 1.021575158598142
29.78 1.0215766583102681
29.79 1.0215781840189506
29.8 1.0215797351890314
29.810000000000002 1.0215813112794596
29.82 1.0215829117432946
29.830000000000002 1.0215845360277043
29.84 1.021586183573966
29.85 1.021587853817466
29.86 1.0215895461876996
29.87 1.021591260108272
29.88 1.021592994996897
29.89 1.021594750265398
29.900000000000002 1.021596525319708
29.91 1.0215983195598688
29.92 1.021600132380033
29.93 1.0216019631684614
29.94 1.0216038113075252
29.95 1.0216056761737045
29.96 1.0216075571375898
29.97 1.0216094535709856
29.98 1.0216113651235739
